3.34307
3.35833
3.36779
3.15926
3.43984
2.90501
3.55919
3.4836
2.98644
3.3569
3.39225
3.49876
3.44873
2.26478
3.41563
3.13251
2.92254
3.35917
3.05059
2.4444
2.12024
3.40717
3.11004
3.10674
3.42631
3.2564
3.45089
3.45677
1.84814
2.73937
3.47707
2.51568
3.20197
2.92542
3.06589
3.07962
2.83389
2.40613
2.44618
2.83711
3.26922
2.84859
2.94229
2.60534
2.55394
2.75451
3.3884
2.88136
1.80299
3.16159
3.15787
3.03801
1.9419
3.39017
3.05485
3.4235
1.77471
3.05018
2.73122
3.45526
3.53237
3.38206
3.04397
3.54717
3.46856
3.1541
2.78421
3.41578
3.13629
3.49612
3.12162
1.96645
3.33972
3.0473
3.24699
2.92817
2.42971
3.13712
3.04624
3.19554
