3.39722
3.49225
3.45282
3.38406
3.47477
3.40254
3.55975
3.137
2.91786
3.11147
3.42518
2.92682
3.48619
3.31391
3.32444
3.30556
3.00497
3.12466
3.13298
2.37642
2.07485
2.94794
2.82122
2.81977
3.40462
2.77329
3.2815
3.4671
1.86398
2.82038
3.43026
2.96044
3.40508
3.46272
3.14627
2.93201
3.00201
2.32961
3.0825
3.36477
3.44305
3.01668
3.07314
3.48505
3.45829
3.07492
3.40824
3.48907
2.77535
3.4
3.12414
3.45413
2.36866
3.40522
3.34572
3.51275
1.76164
3.46668
3.43228
3.47594
3.38046
3.04804
2.90585
3.29652
3.40198
2.97008
2.98315
3.45243
3.41067
3.26722
3.34389
2.89143
3.50357
3.09597
3.44242
3.11131
2.57218
2.60835
3.02995
3.13763
