3.39552
3.48063
3.15851
3.48182
3.39384
2.28846
3.47002
3.27079
3.17851
3.02006
3.16459
3.35732
3.51212
3.35935
3.20935
3.49354
2.79312
2.62679
3.32413
3.3508
2.62672
3.48867
3.42006
2.88673
3.39473
2.83372
3.4619
3.44601
1.85006
2.68793
3.42231
2.50091
3.24906
3.50266
3.42565
3.08989
3.39216
2.25484
3.14051
3.37858
3.48424
3.08978
3.2154
3.0428
2.95386
2.58708
3.44802
3.10634
1.92835
3.39566
2.90591
3.05045
2.48347
3.46052
3.06159
3.43272
1.68024
3.21254
2.70116
3.41518
3.53452
3.43875
3.46472
3.45421
3.40697
3.46687
3.15841
3.45157
3.48938
3.492
3.12753
3.48682
3.07629
3.32785
3.3996
2.77689
2.77459
3.26121
3.1103
3.26643
