3.27974
3.26318
2.99624
3.44125
3.45812
2.96894
3.54973
3.47896
3.11029
3.34738
3.392
3.44971
3.46144
3.32195
3.43788
2.47044
2.83497
3.39523
3.24155
2.86513
2.12909
3.45287
3.06049
3.26033
3.41315
2.94718
3.5153
3.48403
1.48827
2.26202
3.44178
2.02869
3.05899
3.33914
3.08745
3.01331
2.9159
2.2993
2.73153
3.03949
3.26538
2.83251
3.17417
2.95297
3.16512
2.80902
3.37734
3.33299
1.49865
3.29304
2.69654
3.4165
2.54157
3.50473
3.3745
3.02559
2.39964
3.48269
3.0795
3.42489
3.42298
2.55322
3.02867
3.0765
3.38592
3.50774
3.48946
3.43034
2.99752
3.48652
3.01267
2.37871
3.49889
3.25495
3.29285
3.43558
2.88579
2.29092
2.61123
3.41856
