3.21463
3.23193
3.05347
3.12744
3.3898
3.1696
3.13093
3.54219
3.24776
3.15784
2.55497
3.09063
3.26335
2.80166
3.09662
3.19898
2.90166
3.49639
3.41317
3.19153
2.0125
2.78706
3.27549
3.12263
3.3901
3.51689
3.48732
3.47577
2.14466
2.0553
3.36814
2.51756
2.92557
3.45978
2.83247
2.85166
3.08062
2.13722
3.01947
3.11135
3.39066
3.22944
3.35139
3.28624
3.48714
3.29812
3.47284
3.47588
2.63198
3.23212
3.14486
3.26904
2.50743
3.47537
3.39418
3.52536
1.8421
2.81518
3.26594
3.40805
3.41761
3.43212
3.05661
3.30451
3.45037
3.02379
3.35248
3.45158
3.44651
3.30425
2.89402
2.23089
3.40674
2.80844
3.40421
3.31488
2.46494
2.73142
3.46366
3.40871
