3.10577
3.4721
2.74368
3.00896
3.4476
2.71307
3.2844
3.08308
3.18881
3.07773
2.34644
3.06922
3.32807
3.45449
3.03463
3.35365
3.14755
2.92489
2.83275
2.38493
2.36548
3.35189
3.07132
2.7204
3.41716
3.4069
3.5277
3.4047
2.68095
2.77112
3.46638
2.65133
2.53346
3.52923
2.858
3.08586
3.19643
2.82689
2.69864
2.86948
3.48748
3.39679
3.29037
2.74955
3.39736
3.08747
3.47105
3.43753
2.15287
3.27572
2.84512
3.44246
2.1905
3.45825
3.35723
3.51282
1.7936
3.36794
3.43394
3.44233
3.0693
2.76809
3.19155
3.26982
3.4262
3.04967
2.95507
3.37003
3.16431
3.49434
3.30346
2.69613
3.25037
2.58384
3.43157
3.44113
3.093
3.23074
3.44521
3.43223
