3.3225
3.39384
3.12361
3.27422
3.46856
2.91123
3.30921
3.47965
2.87767
3.43958
3.35098
3.50656
3.42945
2.69118
3.26663
3.01226
3.50162
3.48439
3.4809
2.87342
3.12776
2.99165
2.84274
2.64618
3.39802
3.1132
3.11909
3.33715
1.95473
2.03236
3.42502
2.36309
3.41082
3.26463
2.79236
2.7785
2.84666
2.55373
2.7273
3.05489
3.42785
2.13571
2.90341
2.88301
3.15494
2.89753
3.2672
2.90368
1.91933
3.42565
2.92092
3.45753
2.35183
3.43763
2.99721
3.07523
2.08126
2.87937
3.10333
3.40462
3.50643
3.26182
3.4464
3.19409
3.44868
2.95495
3.22568
3.41154
3.50671
3.5085
3.29516
2.54741
3.45657
3.25954
3.47706
3.26558
3.08281
3.49951
3.46662
3.42379
