3.23575
3.46344
2.82157
3.00808
3.46294
2.10625
3.47707
3.32286
3.46576
3.49425
2.99342
3.22364
3.44736
2.58634
3.17107
3.09957
2.42364
3.07604
3.16819
2.51414
3.18724
3.48018
2.84523
2.8948
3.41907
2.5293
3.47218
3.41188
1.73324
2.10554
3.42376
3.28525
3.08345
3.49367
2.54962
2.70916
2.77469
2.76462
2.60677
3.2489
3.40202
2.82913
3.10257
3.02004
3.26854
2.67206
3.41139
3.1143
2.10992
3.43289
3.10127
3.44364
1.99368
3.4759
3.35509
3.49398
1.82362
2.5525
3.27713
3.45233
3.54371
3.43264
2.97715
3.32635
3.40716
3.13432
2.39256
3.45981
3.31962
3.26092
3.50255
2.1755
3.37914
3.49942
3.41878
2.83154
3.24094
3.15901
3.48752
3.47706
