8,-19,50.0
8,-19,50.0
8,-19,50.0
8,-19,50.0
8,-20,50.0
8,-20,50.0
8,-20,50.0
8,-20,50.0
8,-20,50.0
8,-19,114.67790356698171
8,-19,50.0
8,-19,133.00378686986068
8,-19,118.53532576924053
8,-19,50.0
8,-18,183.72557458939653
8,-18,67.26512954976465
8,-18,50.0
8,-18,50.0
8,-18,124.81440524308923
8,-17,50.0
8,-17,50.0
8,-17,50.0
8,-17,278.0759932315687
8,-17,50.0
8,-16,50.0
8,-16,154.26902267425825
8,-16,50.0
8,-16,50.0
8,-16,154.85360340543633
8,-15,241.5271933415131
8,-15,159.65572719637495
8,-15,50.0
8,-15,78.16059864985272
8,-15,101.77026232628018
8,-14,56.46662272535586
8,-14,50.0
8,-14,245.08697877129737
8,-14,50.0
8,-14,50.0
8,-13,50.0
8,-13,50.0
8,-13,50.0
8,-13,213.26310111414637
8,-13,50.0
8,-12,50.0
8,-12,124.93316414246097
8,-12,155.5369054515597
8,-12,111.76314852847739
8,-12,50.0
8,-11,146.12827902139452
8,-11,236.0580268047729
8,-11,177.50593663635505
8,-11,382.1881413225847
8,-11,283.40764239989045
8,-10,66.82480212742004
8,-10,54.073923677672255
8,-10,450.5519001739363
8,-10,200.10059779654785
8,-10,50.0
8,-9,50.0
8,-9,172.94592389747336
8,-9,386.66306538684944
8,-9,298.9828418355337
8,-9,147.8311805763347
8,-8,50.0
8,-8,217.7389790285942
8,-8,184.1973169198945
8,-8,71.83631458657634
8,-8,366.5843580379258
8,-7,165.37441683601375
8,-7,50.0
8,-7,65.61052266649955
8,-7,50.0
8,-7,156.2731994874672
8,-8,170.69659663125535
8,-8,174.36778952439792
8,-8,50.0
8,-8,135.58076397457813
8,-8,50.0
8,-7,50.0
8,-7,299.17722275008117
8,-7,50.0
8,-7,50.0
8,-7,50.0
8,-6,50.0
8,-6,606.1161138131891
8,-6,315.73389765667537
8,-6,186.31874295669243
8,-6,377.62609020770554
8,-5,405.6090514082094
8,-5,191.944483258793
8,-5,92.03763656918443
8,-5,593.8559078090497
8,-5,380.8998911716573
8,-6,71.72034016671333
8,-6,355.01136672182656
8,-6,174.60371832738258
8,-6,50.0
8,-6,50.0
8,-5,328.6615827322506
8,-5,326.2430433126412
8,-5,50.0
8,-5,144.54245440309478
8,-5,638.8602682184624
8,-4,755.8480682626162
8,-4,50.0
8,-4,50.0
8,-4,468.84876762739395
8,-4,373.43200512525175
7,-4,869.6039574375054
7,-4,411.19414130871263
7,-4,378.2269960655922
7,-4,231.7980290482198
7,-4,612.6235179099183
7,-3,270.2459477613579
7,-3,167.76245041290892
7,-3,321.4303908277981
7,-3,232.37806299609392
7,-3,291.6943658509351
6,-3,461.0776617800148
6,-3,258.9144230727141
6,-3,305.3903477605692
6,-3,50.0
6,-3,141.15038479394124
6,-2,348.83161108524416
6,-2,117.35612826183834
6,-2,295.8939227842601
6,-2,391.4359614731455
6,-2,186.09778494489998
6,-1,222.73350384088872
6,-1,426.78632810888973
6,-1,208.47462402429844
6,-1,750.8037683626089
6,-1,440.8659731290596
6,0,508.0524026790526
6,0,365.73132445655784
6,0,356.70150112234325
6,0,301.4258192058458
6,0,444.8395614556959
7,0,446.8981279206103
7,0,50.0
7,0,281.54133120677074
7,0,436.67923789282725
7,0,282.5768699987518
7,-1,431.5902561357911
7,-1,110.81647067966485
7,-1,179.44636534637777
7,-1,226.81138661759326
7,-1,205.26978818758002
6,-1,134.42872924152465
6,-1,50.0
6,-1,454.0446481993639
6,-1,900.0
6,-1,621.0890241368958
6,0,782.2243355485126
6,0,528.8068094181178
6,0,164.28508322050362
6,0,551.2380551559621
6,0,512.0096664254222
6,1,652.6731741944411
6,1,476.5364370136575
6,1,322.2832598623019
6,1,209.08335851436493
6,1,403.07643777333533
5,1,211.1868267775929
5,1,373.93927492014086
5,1,57.97927373842134
5,1,219.98541575635824
5,1,718.9869836925857
5,2,900.0
5,2,470.949137748761
5,2,192.68137362876405
5,2,334.57524195288215
5,2,50.0
4,2,386.9113544431949
4,2,503.6344024274179
4,2,566.2939057590805
4,2,198.5438515081101
4,2,364.71371313273573
3,2,355.5588081331389
3,2,278.4523155398466
3,2,50.0
3,2,340.49292636399224
3,2,200.51027695289707
3,1,296.4359981071924
3,1,50.0
3,1,869.955605539857
3,1,255.45188772429228
3,1,273.0364591768251
3,2,382.81130175858226
3,2,129.9753672151089
3,2,333.5998624928292
3,2,467.8392351451824
3,2,180.67050317449682
4,2,372.4860628697079
4,2,395.36309940867125
4,2,461.185888995329
4,2,457.1582371777387
4,2,136.12715781841683
4,3,325.66281146176857
4,3,541.7574937895166
4,3,455.79082971051133
4,3,50.0
4,3,563.4406830434037
3,3,900.0
3,3,590.3442643329449
3,3,347.51753428770337
3,3,292.28376161015143
3,3,415.61377009670014
2,3,374.9941796178134
2,3,185.5602107169531
2,3,376.1639973256733
2,3,529.0335163805421
2,3,142.377176829513
2,4,791.8817142559644
2,4,639.3522550144874
2,4,581.9247575116498
2,4,50.0
2,4,308.14285632462065
1,4,754.3700840162066
1,4,627.3059801176234
1,4,900.0
1,4,503.8659865400267
1,4,403.418569921306
1,5,174.94900940278828
1,5,456.00430263875353
1,5,378.2690550521431
1,5,479.2080821075335
1,5,241.82964904300354
0,5,460.2781012650363
0,5,186.28458820025594
0,5,50.0
0,5,273.77995991620304
0,5,466.59509051287415
0,6,124.20052836919395
0,6,140.84059015819304
0,6,50.0
0,6,187.34787941864425
0,6,136.21374840685962
0,7,423.9073586055593
0,7,307.24023024295
0,7,129.3662443455613
0,7,550.1158827227584
0,7,186.79502236211007
-1,7,369.80167277303906
-1,7,94.08556298293965
-1,7,521.2155273993591
-1,7,189.34337191922376
-1,7,436.89377554000623
-1,8,80.73783278618544
-1,8,104.59203459656693
-1,8,169.3621166742655
-1,8,372.08358059174583
-1,8,447.1294264973303
-2,8,116.612505667627
-2,8,756.3125325908641
-2,8,50.0
-2,8,399.48825458036697
-2,8,132.35068596828984
-3,8,239.1221809669663
-3,8,277.9461832721283
-3,8,747.5551445387143
-3,8,50.0
-3,8,384.28695709070365
-4,8,134.2727449771373
-4,8,203.34341839874307
-4,8,50.0
-4,8,553.3555075945803
-4,8,131.25711552550086
-4,9,251.52219300969506
-4,9,136.835233375156
-4,9,50.0
-4,9,50.0
-4,9,82.73056630503262
-5,9,249.62834709807245
-5,9,619.8265051835124
-5,9,900.0
-5,9,50.0
-5,9,761.5654821766086
-6,9,157.9576854507423
-6,9,317.6799634878055
-6,9,310.83086371166564
-6,9,50.0
-6,9,535.2906846329662
-6,10,203.19375932186026
-6,10,322.82757690551887
-6,10,50.0
-6,10,50.0
-6,10,50.0
-5,10,50.0
-5,10,229.29554998746315
-5,10,233.81230006872852
-5,10,244.72189829949684
-5,10,213.41247578445746
-6,10,342.60639923595454
-6,10,100.73658379865131
-6,10,50.0
-6,10,251.39663092088358
-6,10,50.0
-7,10,69.19538408061699
-7,10,77.53282782097281
-7,10,108.99608159997112
-7,10,139.09555896161942
-7,10,104.50459846991947
-7,11,50.0
-7,11,241.50358861253702
-7,11,50.0
-7,11,319.12982699739814
-7,11,50.0
-7,10,191.39351000498934
-7,10,144.36207015082067
-7,10,50.0
-7,10,177.88252609906118
-7,10,178.26490489856837
-8,10,143.4807393256968
-8,10,50.0
-8,10,100.16879848322606
-8,10,65.78825623751209
-8,10,211.22073537454986
-9,10,683.2312479470015
-9,10,50.0
-9,10,50.0
-9,10,482.0133884854481
-9,10,212.3154356972104
-10,10,126.5454235648643
-10,10,50.0
-10,10,50.0
-10,10,272.3071409815031
-10,10,426.41006835985763
-10,11,65.73157433479355
-10,11,131.93962953193244
-10,11,87.2864770739184
-10,11,50.0
-10,11,50.0
-11,11,50.0
-11,11,50.0
-11,11,50.0
-11,11,50.0
-11,11,238.5190078522693
-11,12,50.0
-11,12,167.2957946263371
-11,12,50.0
-11,12,247.23575699178673
-11,12,135.05427672620104
-11,13,98.50685487509146
-11,13,224.50604099581116
-11,13,50.0
-11,13,50.0
-11,13,50.0
-12,13,95.45763559514563
-12,13,463.9829488445516
-12,13,50.0
-12,13,50.0
-12,13,82.48632116084761
-13,13,293.7292520975284
-13,13,50.0
-13,13,300.13276017445713
-13,13,274.1126693317577
-13,13,198.67739133024034
-13,14,77.30993205816188
-13,14,50.0
-13,14,50.0
-13,14,204.23564688865943
-13,14,50.0
-14,14,50.0
-14,14,50.0
-14,14,50.0
-14,14,50.0
-14,14,313.5194864754777
-15,14,50.0
-15,14,50.0
-15,14,50.0
-15,14,172.93840359911644
-15,14,50.0
-16,14,50.0
-16,14,273.0898297889607
-16,14,50.0
-16,14,50.0
-16,14,117.61599273854293
-17,14,50.0
-17,14,50.0
-17,14,87.8364337909434
-17,14,50.0
-17,14,50.0
-18,14,50.0
-18,14,50.0
-18,14,290.3819812479651
-18,14,50.0
-18,14,50.0
-18,15,50.0
-18,15,50.0
-18,15,50.0
-18,15,330.4419516407852
-18,15,50.0
-18,16,50.0
-18,16,50.0
-18,16,50.0
-18,16,50.0
-18,16,50.0
-19,16,50.0
-19,16,50.0
-19,16,50.0
-19,16,50.0
-19,16,66.69850887906361
-19,17,50.0
-19,17,50.0
-19,17,50.0
-19,17,50.0
-19,17,50.0
-20,17,50.0
-20,17,50.0
-20,17,50.0
-20,17,50.0
-20,17,50.0
-20,18,50.0
-20,18,160.6199646472788
-20,18,50.0
-20,18,50.0
-20,18,50.0
-20,19,50.0
-20,19,50.0
-20,19,50.0
-20,19,50.0
-20,19,50.0
-20,20,50.0
-20,20,50.0
-20,20,50.0
-20,20,50.0
-20,20,62.116429140106646
-20,19,50.0
-20,19,50.0
-20,19,50.0
-20,19,50.0
-20,19,50.0
-19,19,50.0
-19,19,50.0
-19,19,50.0
-19,19,50.0
-19,19,330.8237693882532
-18,19,50.0
-18,19,50.0
-18,19,50.0
-18,19,50.0
-18,19,50.0
-17,19,276.6398527672142
-17,19,66.70845225115471
-17,19,50.0
-17,19,50.0
-17,19,50.0
-16,19,50.0
-16,19,50.0
-16,19,50.0
-16,19,50.0
-16,19,50.0
-16,18,94.81779033551689
-16,18,50.0
-16,18,50.0
-16,18,50.0
-16,18,50.0
-16,17,50.0
-16,17,50.0
-16,17,50.0
-16,17,50.0
-16,17,246.29145915618608
-16,16,68.07088359882832
-16,16,50.0
-16,16,50.0
-16,16,50.0
-16,16,50.0
-16,15,50.0
-16,15,50.0
-16,15,50.0
-16,15,50.0
-16,15,50.0
-15,15,645.4407391410142
-15,15,50.0
-15,15,50.0
-15,15,50.0
-15,15,203.2862911715227
-15,14,115.57325328092654
-15,14,123.8527929465142
-15,14,50.0
-15,14,50.0
-15,14,88.9297449291925
-15,13,50.0
-15,13,50.0
-15,13,178.02109173204138
-15,13,60.60723941325807
-15,13,124.4634621660808
-15,12,63.736632829749794
-15,12,50.0
-15,12,64.37250703946303
-15,12,50.0
-15,12,211.34601460677771
-15,11,50.0
-15,11,254.4928852942934
-15,11,168.69757639307016
-15,11,50.0
-15,11,64.15354698036069
-15,10,114.41895827956161
-15,10,50.0
-15,10,50.0
-15,10,115.80970014522633
-15,10,372.2468250008918
-14,10,50.0
-14,10,50.0
-14,10,50.0
-14,10,50.0
-14,10,50.0
-14,9,50.0
-14,9,50.0
-14,9,203.50441583990602
-14,9,186.9530216321432
-14,9,50.0
-14,8,50.0
-14,8,164.61862425174672
-14,8,121.31265627843143
-14,8,50.0
-14,8,248.32719191292884
-13,8,156.2063385406426
-13,8,509.9765887257829
-13,8,50.0
-13,8,50.0
-13,8,50.0
-12,8,150.5597638315372
-12,8,233.6406501406729
-12,8,138.80149077205007
-12,8,50.0
-12,8,162.79163488112303
-12,7,134.19685677814118
-12,7,136.03346473994088
-12,7,50.0
-12,7,71.02643823348916
-12,7,95.45595513054406
-12,6,50.0
-12,6,204.633754594652
-12,6,329.2198396398277
-12,6,50.0
-12,6,238.00437741824777
-12,7,50.0
-12,7,50.0
-12,7,50.0
-12,7,341.74535804384186
-12,7,176.52402303099456
-12,8,123.79743680027991
-12,8,339.18250210492454
-12,8,84.48168294822875
-12,8,273.66189758866176
-12,8,78.09039686769876
-11,8,207.58025078308694
-11,8,213.48996481435196
-11,8,378.1374941738968
-11,8,444.4934304345174
-11,8,50.0
-11,9,428.4055009371797
-11,9,599.2574229243168
-11,9,50.0
-11,9,50.0
-11,9,117.42709027902745
-11,8,50.0
-11,8,50.0
-11,8,54.909621205112884
-11,8,359.30705281886685
-11,8,296.8305506037352
-11,7,50.0
-11,7,50.0
-11,7,50.0
-11,7,50.0
-11,7,77.89511315921872
-11,6,50.0
-11,6,413.80265392149147
-11,6,50.0
-11,6,536.5488878151317
-11,6,341.32295076949674
-10,6,77.42038415550233
-10,6,392.2500320778795
-10,6,267.98966290555796
-10,6,148.94779536289244
-10,6,138.58857582779405
-10,5,498.24556486668644
-10,5,386.45642552083416
-10,5,66.76284618587847
-10,5,93.97806014375696
-10,5,50.0
-10,4,429.08165072033717
-10,4,50.0
-10,4,143.9947796300013
-10,4,190.90719246889756
-10,4,267.7332069087802
-9,4,127.49721677791412
-9,4,295.3595009106827
-9,4,270.8841195286222
-9,4,533.189875092117
-9,4,590.7960711812736
-9,3,312.5801413831766
-9,3,50.0
-9,3,434.0778037882529
-9,3,309.01373454815314
-9,3,88.34185303961304
-8,3,497.08348009458007
-8,3,206.18775043603847
-8,3,50.0
-8,3,680.9926034616151
-8,3,306.9394210987221
-8,2,263.35311935329634
-8,2,348.38798291144167
-8,2,240.65371507440688
-8,2,611.571224580998
-8,2,50.0
-8,1,644.3070620195747
-8,1,102.77979645248499
-8,1,50.0
-8,1,128.9606601458763
-8,1,303.4128087345829
-8,0,160.93268982795132
-8,0,289.383163219801
-8,0,242.22490664059112
-8,0,103.31698239207513
-8,0,273.37985190074573
-8,-1,745.865462125822
-8,-1,555.3184864088057
-8,-1,50.0
-8,-1,501.4616702841362
-8,-1,372.6764763427518
-7,-1,832.237252532182
-7,-1,333.2655360094279
-7,-1,195.61738118925743
-7,-1,175.81052423858165
-7,-1,538.2986829280787
-7,-2,379.6910860318112
-7,-2,648.3856347799351
-7,-2,348.38911883188445
-7,-2,189.92999148092457
-7,-2,332.2517023055106
-7,-3,565.2560366622897
-7,-3,522.8465657787492
-7,-3,663.9150306019249
-7,-3,514.9032071213003
-7,-3,547.0109866491239
-8,-3,607.002460123588
-8,-3,108.50628576520975
-8,-3,50.0
-8,-3,385.35764940818024
-8,-3,423.01237822908354
-8,-4,647.8841597934618
-8,-4,50.0
-8,-4,50.0
-8,-4,185.21646845550305
-8,-4,221.69626506169243
-8,-3,269.69220666818734
-8,-3,720.3943867615168
-8,-3,50.0
-8,-3,351.85615640919093
-8,-3,231.15739596088912
-9,-3,358.00542994046106
-9,-3,50.0
-9,-3,50.0
-9,-3,50.0
-9,-3,146.74393893666473
-9,-2,220.64493561219422
-9,-2,267.8437971178903
-9,-2,431.96138510421906
-9,-2,451.6311820713711
-9,-2,231.75983662131
-8,-2,575.9818843431021
-8,-2,239.327715109415
-8,-2,823.1915486309282
-8,-2,50.694816910703395
-8,-2,50.0
-8,-3,50.0
-8,-3,226.4111320670325
-8,-3,412.16084471716647
-8,-3,50.0
-8,-3,494.75082746971106
-8,-4,554.5354111677351
-8,-4,360.968795501685
-8,-4,110.9561085762497
-8,-4,523.7250667315886
-8,-4,158.50990456249878
-8,-3,293.25950559736185
-8,-3,316.9069019371621
-8,-3,101.75161431664644
-8,-3,251.06379275229148
-8,-3,50.0
-8,-4,483.04575292854474
-8,-4,353.82193140397084
-8,-4,377.5124226717688
-8,-4,50.0
-8,-4,190.052976422948
-8,-5,294.7766250783949
-8,-5,310.4508977704285
-8,-5,227.61098427041247
-8,-5,50.0
-8,-5,50.0
-8,-6,359.20120813472033
-8,-6,178.62865448758768
-8,-6,214.6459368711676
-8,-6,196.66902524171462
-8,-6,50.0
-8,-7,141.30241883885134
-8,-7,604.5970455296526
-8,-7,50.0
-8,-7,237.4527243258224
-8,-7,452.2653511153735
-8,-6,193.51858819820416
-8,-6,290.09230667711375
-8,-6,226.64196191381072
-8,-6,50.0
-8,-6,50.0
-7,-6,638.1433429902338
-7,-6,253.3965502646902
-7,-6,356.2263615548953
-7,-6,597.950648861489
-7,-6,133.22397897316233
-6,-6,50.0
-6,-6,289.730134609635
-6,-6,685.1905172346362
-6,-6,290.6596598277161
-6,-6,383.84984159713593
-6,-7,80.37072370172461
-6,-7,248.61096181705574
-6,-7,307.7251300413873
-6,-7,210.6233858773279
-6,-7,460.1235846777897
-5,-7,198.41079390391457
-5,-7,128.64462438016892
-5,-7,461.57206030535485
-5,-7,259.151020660781
-5,-7,244.89964562471135
-5,-6,50.0
-5,-6,374.4209855141409
-5,-6,50.0
-5,-6,367.0456038687935
-5,-6,251.16824359705637
-5,-7,198.16453266561163
-5,-7,50.0
-5,-7,298.79911086483946
-5,-7,404.1678003447381
-5,-7,99.76251192207192
-5,-8,630.2618905389133
-5,-8,63.947595842948004
-5,-8,235.49473338618924
-5,-8,50.0
-5,-8,50.0
-4,-8,405.78145065903186
-4,-8,357.1581300486786
-4,-8,703.1068717864193
-4,-8,605.8985247050364
-4,-8,140.3308002865855
-4,-9,127.69553895675372
-4,-9,119.70247294337162
-4,-9,403.924007219978
-4,-9,50.0
-4,-9,50.0
-3,-9,50.0
-3,-9,464.87176420557887
-3,-9,440.7631812645973
-3,-9,900.0
-3,-9,543.9244180556193
-3,-8,50.0
-3,-8,219.78794414689293
-3,-8,50.0
-3,-8,272.15474942447196
-3,-8,725.7348380684209
-3,-7,271.1736157797143
-3,-7,843.7912752492082
-3,-7,594.7873586127243
-3,-7,647.890384678577
-3,-7,283.5932339267752
-2,-7,187.12452103531018
-2,-7,296.0359375012343
-2,-7,64.50117651246384
-2,-7,620.8946469804824
-2,-7,461.8631465476693
-1,-7,50.0
-1,-7,189.65519319051742
-1,-7,287.8905815992155
-1,-7,515.4102277778237
-1,-7,235.31096598183677
-1,-6,744.5304045972234
-1,-6,487.30630559921144
-1,-6,545.9795600295104
-1,-6,416.1230901847493
-1,-6,424.46363341726374
0,-6,503.2187223135672
0,-6,683.9009895810357
0,-6,586.7181844011141
0,-6,143.9788440003474
0,-6,167.85979598603453
0,-5,199.42554898209636
0,-5,459.5142376510282
0,-5,858.3864581615777
0,-5,306.28911913719725
0,-5,334.33591704738615
0,-4,197.10648473648004
0,-4,598.0952066943631
0,-4,800.1594593426953
0,-4,420.4247822254845
0,-4,223.1047525273297
0,-3,215.61424267066684
0,-3,307.4193201357377
0,-3,469.5259468745398
0,-3,581.8991089039482
0,-3,417.35684866605266
0,-2,666.108692045224
0,-2,366.8479134096356
0,-2,463.15763805982033
0,-2,268.78853177032624
0,-2,289.7267271581218
1,-2,194.43429756565428
1,-2,526.1039233921998
1,-2,606.5178924146296
1,-2,503.31790315467157
1,-2,466.358935869114
1,-1,761.7869967032614
1,-1,508.7398480291345
1,-1,215.70963962983487
1,-1,557.6710316139178
1,-1,353.2929649053756
2,-1,538.3646319430181
2,-1,470.74015276646105
2,-1,280.67700035851647
2,-1,50.0
2,-1,380.05845760721115
2,0,260.22840140103096
2,0,50.0
2,0,203.76853952544542
2,0,399.33069511707305
2,0,900.0
2,1,313.0782086973317
2,1,264.1772195873274
2,1,358.4360508031323
2,1,594.942966665751
2,1,236.9258013190707
2,2,359.0967868434262
2,2,291.20133885840875
2,2,535.2554845784622
2,2,463.1942492857871
2,2,896.5447337039874
3,2,304.32769088252076
3,2,473.8759908456679
3,2,197.30996573051436
3,2,331.37638457992
3,2,50.0
4,2,240.0426233670358
4,2,277.3236989554406
4,2,363.8158992675682
4,2,823.245684870193
4,2,196.8423855940105
3,2,900.0
3,2,50.0
3,2,406.98522559504835
3,2,219.6572230697825
3,2,214.11916990610172
3,3,900.0
3,3,290.4999101156011
3,3,238.06630700485098
3,3,287.17105626790146
3,3,207.19556480586155
3,4,772.806532568091
3,4,127.23713059750304
3,4,158.06264726956456
3,4,332.39684487636384
3,4,67.3919928965689
3,5,772.9782729992098
3,5,97.61878964722945
3,5,253.9224802986121
3,5,608.4923852878227
3,5,721.9066884642053
4,5,50.045257348540076
4,5,250.08524976271246
4,5,339.93790801532316
4,5,171.30900400498203
4,5,153.55403605240804
4,6,697.8504953599889
4,6,809.6357597533635
4,6,68.65718764842791
4,6,50.0
4,6,508.748951313578
5,6,295.86926609722497
5,6,456.25189747961446
5,6,193.2591370363357
5,6,261.8089429758686
5,6,494.01249832482046
6,6,807.6137922077623
6,6,697.8323422243058
6,6,409.9851818060157
6,6,153.73130021734715
6,6,88.81815541686015
6,7,144.91272679763986
6,7,79.56954781684169
6,7,50.0
6,7,277.4777166037099
6,7,425.2784232454977
6,8,414.0009103322668
6,8,50.0
6,8,297.6538431796187
6,8,178.24003984424496
6,8,241.75997165734037
7,8,50.0
7,8,50.0
7,8,50.0
7,8,141.6993001472662
7,8,50.0
7,9,607.13236438639
7,9,53.53708385476139
7,9,505.55036008487303
7,9,137.09911482126586
7,9,386.26674473034456
8,9,397.75633614197807
8,9,50.0
8,9,50.0
8,9,234.0307226883591
8,9,480.87535611803537
8,10,137.34295776198093
8,10,73.12656363360745
8,10,238.37017354123265
8,10,247.50445200009122
8,10,431.83047508195426
9,10,178.25920440077164
9,10,424.0776621717111
9,10,50.0
9,10,50.0
9,10,74.82979006658172
9,11,50.0
9,11,226.4963603813736
9,11,185.34970253625835
9,11,83.81328318766006
9,11,50.0
10,11,89.38265352604603
10,11,75.49416711235511
10,11,55.01188920456262
10,11,50.0
10,11,147.20379030056114
9,11,133.72892975068763
9,11,50.0
9,11,213.64403541702083
9,11,50.0
9,11,100.79862568767906
10,11,50.0
10,11,621.353138241574
10,11,275.3542413662
10,11,455.9344845275557
10,11,488.88707487366634
11,11,50.0
11,11,56.596852262960866
11,11,129.4061645240949
11,11,50.0
11,11,50.0
11,12,134.37541720800834
11,12,254.69793831229754
11,12,50.0
11,12,155.71611602187437
11,12,50.0
12,12,50.0
12,12,214.03677655462306
12,12,50.0
12,12,50.0
12,12,50.0
12,11,108.69290151103458
12,11,50.0
12,11,388.59706654502963
12,11,50.0
12,11,377.93751724134
12,12,50.0
12,12,50.0
12,12,277.6103770975742
12,12,636.3132925462453
12,12,50.0
13,12,50.0
13,12,114.03254909368056
13,12,50.0
13,12,60.80565211562117
13,12,50.0
14,12,104.79064271642216
14,12,123.50729844133386
14,12,50.0
14,12,50.0
14,12,50.0
14,11,50.0
14,11,307.1760267114627
14,11,171.6455432112781
14,11,50.0
14,11,50.0
15,11,190.19754530706768
15,11,52.832886437734146
15,11,50.0
15,11,98.00849349450573
15,11,50.0
15,12,50.0
15,12,151.3621838468666
15,12,50.0
15,12,50.0
15,12,50.0
15,11,87.31026785038846
15,11,50.0
15,11,457.92561747475105
15,11,121.55785745549962
15,11,284.0454967525434
15,12,50.0
