8,-19,200.0
8,-20,200.0
8,-20,200.0
8,-19,200.0
8,-19,200.0
8,-18,200.0
8,-18,200.0
8,-17,200.0
8,-17,1590.1550739339025
8,-16,253.9743323500179
8,-16,200.0
8,-15,2133.5931345123954
8,-15,429.79066563750996
8,-14,1793.9260629612018
8,-14,553.2898002127242
8,-13,200.0
8,-13,480.2386160883371
8,-12,544.9865698397679
8,-12,367.3892885576724
8,-11,540.1040659728702
8,-11,843.532040644842
8,-10,363.4159706155514
8,-10,495.58040438190505
8,-9,952.92704099512
8,-9,200.0
8,-8,2022.170063926728
8,-8,648.7270114752016
8,-7,200.0
8,-7,1308.903713197285
8,-8,342.67723015210555
8,-8,1806.5090825825841
8,-7,816.4938462267339
8,-7,200.0
8,-6,1496.402157946748
8,-6,200.0
8,-5,1573.8723815381672
8,-5,519.609986596112
8,-6,1950.2858853614161
8,-6,1478.7077518866845
8,-5,2269.780505751901
8,-5,1184.3119786949867
8,-4,1004.6019159245589
8,-4,533.7862410521366
7,-4,1073.9482957071023
7,-4,1260.9690439405756
7,-3,1407.5431006339115
7,-3,2058.6695438398565
6,-3,458.0335415290858
6,-3,1200.5900240614953
6,-2,670.5700858444476
6,-2,1346.866228220756
6,-1,1262.751079865062
6,-1,1619.3818923819235
6,0,338.82331494425773
6,0,1144.4670405194138
7,0,940.8070284712959
7,0,929.1628258430815
7,-1,454.80244292247016
7,-1,1619.8996609931926
6,-1,2146.0016152010626
6,-1,546.8237310560633
6,0,382.54656495031725
6,0,1413.8224367523696
6,1,925.5026976189878
6,1,1369.5858415232467
5,1,605.2283451831929
5,1,1716.0111803157242
5,2,2411.9640670796384
5,2,1158.3618593522692
4,2,920.2638268677041
4,2,285.98966251640866
3,2,2955.450535528221
3,2,1305.6424558277658
3,1,1629.599555274042
3,1,844.5472772412113
3,2,410.37857792028194
3,2,2860.8890188960017
4,2,345.68581288094504
4,2,592.1347232588384
4,3,1678.4846903978018
4,3,807.6991240086322
3,3,1802.677331177357
3,3,1326.9092979269092
2,3,387.9156586897378
2,3,1354.295648981094
2,4,1009.1682888123412
2,4,549.564260115802
1,4,751.9480679252395
1,4,2756.0907299502646
1,5,1344.5295983605022
1,5,200.0
0,5,2071.138814140896
0,5,1123.125588361158
0,6,1296.5933328908066
0,6,1266.1086766873468
0,7,1492.9775009665577
0,7,1234.3769713759032
-1,7,1538.4688003930837
-1,7,1336.2521146336287
-1,8,1641.6655209664436
-1,8,500.5917311446733
-2,8,1671.3894738270228
-2,8,2615.9253445443655
-3,8,976.6151823103764
-3,8,1165.568141665709
-4,8,1788.4170109052734
-4,8,1037.1703499883704
-4,9,1496.6056053632483
-4,9,2471.9119092450474
-5,9,200.0
-5,9,1394.1718804878979
-6,9,691.7726318121177
-6,9,520.8755212672074
-6,10,2865.083346601921
-6,10,201.80417996038534
-5,10,200.0
-5,10,1786.4521605146028
-6,10,231.0347957737897
-6,10,1064.3352414975957
-7,10,1168.4427492109996
-7,10,625.9068907253202
-7,11,1482.4163598963191
-7,11,395.6448148521236
-7,10,474.1570826837194
-7,10,301.4453088136289
-8,10,258.0055724437117
-8,10,284.85757849777747
-9,10,679.3879869617106
-9,10,607.8135554699708
-10,10,3533.7139831702843
-10,10,320.6072254603068
-10,11,320.78013282015104
-10,11,1294.7819819568572
-11,11,200.0
-11,11,200.0
-11,12,1673.0231459128102
-11,12,1092.749967860082
-11,13,332.2305182220223
-11,13,565.2514208747069
-12,13,847.1637231002852
-12,13,991.7895719111453
-13,13,200.0
-13,13,200.0
-13,14,551.066186774026
-13,14,394.4938967640645
-14,14,200.0
-14,14,200.0
-15,14,200.0
-15,14,200.0
-16,14,200.0
-16,14,328.558586900077
-17,14,200.0
-17,14,200.0
-18,14,200.0
-18,14,200.0
-18,15,200.0
-18,15,340.3575071890748
-18,16,200.0
-18,16,200.0
-19,16,200.0
-19,16,200.0
-19,17,318.2116689314545
-19,17,200.0
-20,17,200.0
-20,17,200.0
-20,18,200.0
-20,18,200.0
-20,19,200.0
-20,19,200.0
-20,20,200.0
-20,20,200.0
-20,19,200.0
-20,19,200.0
-19,19,726.2643634574049
-19,19,200.0
-18,19,200.0
-18,19,492.430921198184
-17,19,1025.3586096915078
-17,19,200.0
-16,19,200.0
-16,19,423.5129470964499
-16,18,200.0
-16,18,200.0
-16,17,244.37955109486808
-16,17,200.0
-16,16,200.0
-16,16,869.1330957173664
-16,15,657.0933664811984
-16,15,926.8053408945
-15,15,200.0
-15,15,740.5169874692607
-15,14,464.7882274347449
-15,14,200.0
-15,13,345.0460687343274
-15,13,407.4849052063506
-15,12,400.6077317214165
-15,12,615.2333440398533
-15,11,238.3739202544262
-15,11,675.1959573197602
-15,10,948.002640178422
-15,10,268.78834267031397
-14,10,627.7609881492833
-14,10,1014.165797073652
-14,9,544.0749078449492
-14,9,200.0
-14,8,1108.470604416401
-14,8,771.9727512128443
-13,8,200.0
-13,8,888.6952654318409
-12,8,798.5075701192036
-12,8,807.3881829187296
-12,7,416.4439782738742
-12,7,542.625168328246
-12,6,385.6128467333833
-12,6,200.0
-12,7,331.2988072645592
-12,7,1154.2314278837425
-12,8,200.0
-12,8,742.0717903489535
-11,8,229.30287066124436
-11,8,3388.897698463952
-11,9,1553.4190945129499
-11,9,200.0
-11,8,1121.0665967891425
-11,8,930.9726692024392
-11,7,200.0
-11,7,200.0
-11,6,200.0
-11,6,441.84942958631376
-10,6,303.44152788423446
-10,6,570.1601344988785
-10,5,425.4913915175453
-10,5,576.6222524379581
-10,4,916.6732354019296
-10,4,200.0
-9,4,1085.8279830521528
-9,4,1046.927952592821
-9,3,1728.4653657016286
-9,3,2156.958835809703
-8,3,1358.8344649155183
-8,3,1111.076140688578
-8,2,1562.7946411545356
-8,2,738.6886258998856
-8,1,2378.84695270634
-8,1,1308.9908021008287
-8,0,388.4607450856322
-8,0,200.0
-8,-1,1907.6551327386323
-8,-1,1644.046186986011
-7,-1,869.4327885000608
