8,-19,200.0
8,-20,200.0
8,-20,593.1169288408222
8,-19,227.81558165403095
8,-19,636.7882376845962
8,-18,249.2828834104655
8,-18,1255.519345711946
8,-17,200.0
8,-17,328.9701175559011
8,-16,453.61582469831353
8,-16,590.3209941780123
8,-15,620.3380338482993
8,-15,866.577819070782
8,-14,200.0
8,-14,627.6328833720977
8,-13,315.9677935934069
8,-13,580.856671787432
8,-12,266.72202379294333
8,-12,200.0
8,-11,976.8524648081234
8,-11,1257.6116467781603
8,-10,1140.3350197357074
8,-10,1502.9820370274629
8,-9,1219.3577321961507
8,-9,200.0
8,-8,1360.46882396532
8,-8,909.2363868958727
8,-7,1061.9221884568376
8,-7,1743.7506942425491
8,-8,200.0
8,-8,1715.7020834101609
8,-7,200.0
8,-7,1104.7610777391621
8,-6,1450.0891415637677
8,-6,1407.095211586453
8,-5,640.2692920173299
8,-5,1431.7508536974117
8,-6,389.959945689648
8,-6,801.267542064999
8,-5,517.4267265170066
8,-5,918.7177198309171
8,-4,1179.8553273558994
8,-4,1800.1321884486783
7,-4,460.9701506748543
7,-4,1830.5030472757362
7,-3,1196.0392690019817
7,-3,930.1094547952925
6,-3,1295.2641205419263
6,-3,1926.0275677977922
6,-2,1966.8783209605103
6,-2,1067.6524205177748
6,-1,924.2243453381982
6,-1,200.0
6,0,679.1580177850266
6,0,861.5142035724402
7,0,1033.1967798325293
7,0,1357.9930050886408
7,-1,1656.0940534361707
7,-1,841.2003074942681
6,-1,987.3792746714873
6,-1,982.2592591111838
6,0,1405.9419089332177
6,0,1266.251438070123
6,1,1638.5138606255296
6,1,464.86622317471813
5,1,2054.02839303693
5,1,200.0
5,2,1783.9000778229843
5,2,1108.573412101978
4,2,1938.9003954043158
4,2,200.0
3,2,1592.6012164745462
3,2,1409.4852932147444
3,1,2799.090520568381
3,1,1900.1598026624365
3,2,1552.7847569664689
3,2,1656.683486164729
4,2,699.4873582641176
4,2,2282.223643241963
4,3,1120.999016531096
4,3,2608.3770468482285
3,3,1448.1065408591994
3,3,1491.5771812381313
2,3,2612.34020709956
2,3,1519.7282422064907
2,4,1649.9130721209822
2,4,2352.0824843318933
1,4,742.4321580634232
1,4,1581.3442908787567
1,5,797.9798107770775
1,5,1476.5567953401305
0,5,1368.278890359922
0,5,1776.8176161757806
0,6,1564.9016039771686
0,6,1461.3299969596599
0,7,889.1865016648661
0,7,1628.5933069886526
-1,7,723.3965263601119
-1,7,1266.969813723188
-1,8,1015.7538735766186
-1,8,757.0101086401996
-2,8,1248.3636278731387
-2,8,1600.4512067176893
-3,8,685.891764253729
-3,8,2349.9562936399475
-4,8,327.0616996333297
-4,8,1833.784146688488
-4,9,1192.4039427158687
-4,9,1897.621420343084
-5,9,200.0
-5,9,980.18593428154
-6,9,1352.2777634550544
-6,9,1831.1621946053124
-6,10,1563.857580262448
-6,10,200.0
-5,10,1506.6976600854252
-5,10,1206.4646441669424
-6,10,654.8534612668186
-6,10,1111.6358030726963
-7,10,253.77944368783966
-7,10,1214.120646066219
-7,11,200.0
-7,11,702.9948430015929
-7,10,279.7657095400362
-7,10,603.2529622745468
-8,10,1249.6033384150953
-8,10,469.44538236883477
-9,10,323.3022020672596
-9,10,939.2444936470964
-10,10,283.51402241823945
-10,10,1655.8450717749179
-10,11,1002.6491175303329
-10,11,1570.2181764457173
-11,11,496.8453246722854
-11,11,200.0
-11,12,1076.454162517342
-11,12,200.0
-11,13,492.09463636677174
-11,13,200.0
-12,13,200.0
-12,13,200.0
-13,13,200.0
-13,13,200.0
-13,14,200.0
-13,14,524.4047978931962
-14,14,200.0
-14,14,200.0
-15,14,200.0
-15,14,200.0
-16,14,200.0
-16,14,453.98502882225773
-17,14,200.0
-17,14,200.0
-18,14,649.8361609035591
-18,14,200.0
-18,15,200.0
-18,15,336.7235176488158
-18,16,200.0
-18,16,200.0
-19,16,200.0
-19,16,200.0
-19,17,200.0
-19,17,200.0
-20,17,200.0
-20,17,200.0
-20,18,200.0
-20,18,200.0
-20,19,200.0
-20,19,200.0
-20,20,200.0
-20,20,543.080844164665
-20,19,200.0
-20,19,200.0
-19,19,200.0
-19,19,304.64530377812196
-18,19,200.0
-18,19,200.0
-17,19,200.0
-17,19,200.0
-16,19,200.0
-16,19,200.0
-16,18,200.0
-16,18,200.0
-16,17,393.4235360806581
-16,17,200.0
-16,16,518.7072460802497
-16,16,200.0
-16,15,200.0
-16,15,1120.5131036106138
-15,15,200.0
-15,15,638.0027744264878
-15,14,200.0
-15,14,200.0
-15,13,200.0
-15,13,983.4155395113544
-15,12,200.0
-15,12,200.0
-15,11,200.0
-15,11,805.3673216022785
-15,10,646.9649155157117
-15,10,1175.291894427035
-14,10,324.1854819112136
-14,10,1267.3192897456715
-14,9,200.0
-14,9,200.0
-14,8,328.5108913774544
-14,8,200.0
-13,8,914.1686498557406
-13,8,200.0
-12,8,200.0
-12,8,200.0
-12,7,345.00580096259637
-12,7,2235.5112712438454
-12,6,200.0
-12,6,200.0
-12,7,298.4481735434315
-12,7,426.0204769544977
-12,8,200.0
-12,8,1071.7024010569644
-11,8,1744.1903836662536
-11,8,200.0
-11,9,1186.3275974986045
-11,9,344.89112591559035
-11,8,1764.121450767082
-11,8,1523.0421789121158
-11,7,644.8906058049291
-11,7,2482.4143340422033
-11,6,1350.4336275181533
-11,6,796.1916020825988
-10,6,1070.6694782340387
-10,6,200.0
-10,5,837.1109914876849
-10,5,1247.0767653376868
-10,4,200.0
-10,4,2180.630112910647
-9,4,2112.3475483013663
-9,4,1483.0629419547301
-9,3,1040.198775049109
-9,3,465.6960710326754
-8,3,1136.0412868600458
-8,3,200.0
-8,2,1130.468054062944
-8,2,2036.9307022393384
-8,1,1217.9373564517198
-8,1,284.46840238744153
-8,0,986.0890509245069
-8,0,1001.6373239724679
-8,-1,1379.714010483136
-8,-1,1156.5060806312965
-7,-1,207.00142155538288
