8,-19,210.4556759723472
8,-20,200.0
8,-20,200.0
8,-19,200.0
8,-19,630.5974484387625
8,-18,200.0
8,-18,926.5617050437754
8,-17,1338.191707266917
8,-17,663.1575477982709
8,-16,816.33854716433
8,-16,455.32643077265493
8,-15,625.0077233184293
8,-15,644.5549170922463
8,-14,200.0
8,-14,327.2990826700327
8,-13,473.7394812315192
8,-13,3030.663634290013
8,-12,200.0
8,-12,200.0
8,-11,348.8976639082472
8,-11,838.4885491273951
8,-10,200.0
8,-10,254.26641276775183
8,-9,492.03472431219086
8,-9,502.0490036761236
8,-8,461.64947802808456
8,-8,449.4820812930224
8,-7,2132.6133446736076
8,-7,1627.017920789378
8,-8,1206.3698638534202
8,-8,914.5123257275698
8,-7,1304.2882055694995
8,-7,576.5636110521866
8,-6,315.27569349769186
8,-6,747.3763242059977
8,-5,581.1352227200488
8,-5,601.5538910352664
8,-6,1215.699581247505
8,-6,1266.3348654038973
8,-5,1016.6827925030982
8,-5,1025.729503110562
8,-4,1094.5537201753373
8,-4,1104.3593987291667
7,-4,1081.7575678103433
7,-4,892.57815581647
7,-3,532.9695871078312
7,-3,423.099223922888
6,-3,961.1059876128953
6,-3,793.0976988807511
6,-2,1307.1806021893758
6,-2,433.59154351823963
6,-1,1113.4699534667088
6,-1,200.0
6,0,1837.8222611060191
6,0,1347.6525328213722
7,0,1378.8889298950035
7,0,2290.6082406578516
7,-1,1265.2271591792155
7,-1,1183.4356195859814
6,-1,1207.1485756804286
6,-1,1302.5610291140074
6,0,1166.2345632572865
6,0,2068.0525767682025
6,1,2405.153644283531
6,1,706.3098260132823
5,1,890.7110012483068
5,1,835.6099386997264
5,2,393.859757051654
5,2,1072.0767454933948
4,2,2708.2684938668717
4,2,1310.344106188445
3,2,1458.8043845913767
3,2,228.59255289520343
3,1,1672.9613485240932
3,1,462.8841631134296
3,2,1301.8646924181394
3,2,1844.4619133458705
4,2,1601.5703043786311
4,2,3262.694795258919
4,3,626.0127729077786
4,3,2010.88088143763
3,3,1261.2669928538053
3,3,962.3068133228846
2,3,2596.150397273724
2,3,3151.9995691434274
2,4,946.0595099262295
2,4,1957.087060818068
1,4,1820.0982562833738
1,4,1782.5228831142415
1,5,1226.5156791676977
1,5,1008.8878382067384
0,5,824.9341752785921
0,5,2456.3066957714345
0,6,1343.828440543099
0,6,1490.8831343685215
0,7,485.889522893204
0,7,329.908135681947
-1,7,444.8986595044173
-1,7,2082.6046936432267
-1,8,1739.9188486266405
-1,8,2267.740456106958
-2,8,645.3197721698988
-2,8,1241.8141262507158
-3,8,953.4253170521105
-3,8,839.4911973540538
-4,8,1039.2807646565618
-4,8,1734.9217041780057
-4,9,1291.1814436304028
-4,9,1137.4310916729366
-5,9,877.3787903629031
-5,9,1124.1206204748978
-6,9,200.0
-6,9,647.9256524631538
-6,10,869.8830144662171
-6,10,896.4561927721718
-5,10,1902.7764129552431
-5,10,920.7585467387673
-6,10,200.0
-6,10,1560.3819359792876
-7,10,200.0
-7,10,1234.1112682004255
-7,11,200.0
-7,11,1156.8911445317665
-7,10,920.7557882383588
-7,10,1028.1918369162815
-8,10,337.13984812771787
-8,10,1398.716191179941
-9,10,1382.4508927242066
-9,10,200.0
-10,10,1578.4370965279977
-10,10,300.5696227280045
-10,11,1522.9151602220127
-10,11,200.0
-11,11,645.5849459978211
-11,11,200.0
-11,12,445.6165918874366
-11,12,200.0
-11,13,200.0
-11,13,945.2511148644548
-12,13,1085.3190493434547
-12,13,447.32085794118694
-13,13,200.0
-13,13,200.0
-13,14,200.0
-13,14,200.0
-14,14,735.5174452809697
-14,14,200.0
-15,14,200.0
-15,14,759.2608323834819
-16,14,200.0
-16,14,200.0
-17,14,231.24426673426657
-17,14,200.0
-18,14,359.68594614594394
-18,14,349.05571065972725
-18,15,200.0
-18,15,636.1769203492082
-18,16,640.3493943429439
-18,16,200.0
-19,16,200.0
-19,16,200.0
-19,17,200.0
-19,17,200.0
-20,17,213.55374512719834
-20,17,200.0
-20,18,200.0
-20,18,200.0
-20,19,200.0
-20,19,208.39794780018042
-20,20,200.0
-20,20,200.0
-20,19,200.0
-20,19,553.0352517982471
-19,19,200.0
-19,19,200.0
-18,19,200.0
-18,19,200.0
-17,19,200.0
-17,19,200.0
-16,19,200.0
-16,19,200.0
-16,18,200.0
-16,18,200.0
-16,17,200.0
-16,17,200.0
-16,16,200.0
-16,16,200.0
-16,15,200.0
-16,15,200.0
-15,15,384.870801540589
-15,15,237.80908481884092
-15,14,200.0
-15,14,400.88376650838705
-15,13,296.023147456131
-15,13,200.0
-15,12,494.28294474011193
-15,12,200.0
-15,11,200.0
-15,11,432.41399727054875
-15,10,1139.1335482150648
-15,10,1405.9270694855563
-14,10,200.0
-14,10,200.0
-14,9,493.29572802518265
-14,9,788.5378045662285
-14,8,200.0
-14,8,429.8356139310912
-13,8,200.0
-13,8,200.0
-12,8,626.6856973272954
-12,8,200.0
-12,7,1028.5669560945269
-12,7,394.41590595117543
-12,6,200.0
-12,6,1694.277984691828
-12,7,695.4875178563126
-12,7,200.0
-12,8,200.0
-12,8,200.0
-11,8,1098.6930085873776
-11,8,614.9126347429831
-11,9,264.86996315250525
-11,9,200.0
-11,8,222.44380122772952
-11,8,1295.1094278933338
-11,7,200.0
-11,7,2068.392969671966
-11,6,1451.5441376885724
-11,6,607.0708909716809
-10,6,1100.5091274049325
-10,6,1472.7381889359676
-10,5,1298.6501925004036
-10,5,823.1236808448574
-10,4,564.9102352303006
-10,4,1051.6533756772328
-9,4,2239.526907002147
-9,4,1087.8532800015237
-9,3,1203.7907101480191
-9,3,1947.660656401991
-8,3,1127.3637525567042
-8,3,1038.2493526712365
-8,2,2251.7106140012743
-8,2,577.5796195047137
-8,1,2446.3243128386457
-8,1,849.4836453094711
-8,0,1257.8653712582623
-8,0,1219.0308479717169
-8,-1,1572.4086950509986
-8,-1,732.4273085088654
-7,-1,2326.558383005175
