-12,15,1354.8171993293267
-12,15,614.4775838443907
-11,15,100.0
-11,15,100.0
-11,15,790.7829965539503
-11,14,245.2760910893679
-11,14,1085.1233122743336
-11,14,555.4739702702437
-11,15,100.0
-11,15,464.33942055978093
-11,15,100.0
-11,14,208.05160004952347
-11,14,675.4657709836886
-11,14,225.72338710342774
-11,13,596.6660133970179
-11,13,328.75048867749035
-11,13,403.21599383183207
-10,13,100.0
-10,13,100.0
-10,13,450.8983775263365
-10,12,400.44827288416866
-10,12,100.0
-10,12,749.1234067019354
-9,12,487.4919058255156
-9,12,1595.0262731188413
-9,12,686.395374416888
-9,13,100.0
-9,13,455.2217017218963
-9,13,174.58014510162906
-9,12,730.4085651521289
-9,12,236.2365903956229
-9,12,100.0
-9,11,549.540439183158
-9,11,369.4786221109525
-9,11,403.40927598817234
-9,10,457.82113587548605
-9,10,434.0507910693738
-9,10,823.6237512786695
-9,9,1712.8937535867508
-9,9,161.32020841053927
-9,9,100.0
-9,10,338.07018075043516
-9,10,714.3825363069027
-9,10,735.8687703232541
-9,9,110.04137975985321
-9,9,100.0
-9,9,327.53170032593914
-9,8,642.7201733957095
-9,8,350.9224611061164
-9,8,664.4625053250423
-9,7,736.5597244148773
-9,7,376.1009741911294
-9,7,840.1260221869413
-9,6,349.11021095593094
-9,6,465.2438621423853
-9,6,517.1816669600861
-9,7,244.96118107589135
-9,7,441.71879659535705
-9,7,757.7586447493827
-9,6,1060.7551925081318
-9,6,285.2461826576656
-9,6,647.7611325839055
-9,5,520.1292682051883
-9,5,100.0
-9,5,521.449820904975
-9,4,819.4561518267642
-9,4,645.3634486553287
-9,4,112.04066932736526
-9,3,830.2260242894328
-9,3,554.920903449649
-9,3,239.66414385806658
-8,3,1006.4913593893452
-8,3,1022.5312092942261
-8,3,673.6290981751553
-8,2,343.2706076625807
-8,2,758.14126566079
-8,2,1008.6672030555533
-8,3,515.6829123047876
-8,3,612.361899223994
-8,3,1297.6131601218722
-8,2,517.5614716671207
-8,2,239.15389172769767
-8,2,602.494197804279
-8,1,808.8431406056576
-8,1,1266.174029200393
-8,1,429.2112336460217
-8,0,731.8393968552037
-8,0,980.9968202842709
-8,0,211.02217518587668
-8,1,684.3471989429939
-8,1,398.91882029456093
-8,1,782.417334425061
-8,2,696.9844620145714
-8,2,573.2218138128926
-8,2,1188.8277783480362
-8,3,503.3672351936219
-8,3,560.0909707336692
-8,3,100.0
-8,4,100.0
-8,4,486.18776569862393
-8,4,494.0195849281748
-8,5,941.5864454495209
-8,5,333.2615537335824
-8,5,465.5770430521376
-9,5,100.0
-9,5,136.4540734892123
-9,5,873.320855556883
-9,6,535.2528563399444
-9,6,600.9556857430323
-9,6,1214.5390152803438
-9,7,264.73869039493155
-9,7,952.3957732482886
-9,7,636.7707071846093
-9,8,575.095176906958
-9,8,100.0
-9,8,100.0
-10,8,679.846812889991
-10,8,161.84196841583685
-10,8,261.7180753458039
-10,9,1390.5240456341558
-10,9,100.0
-10,9,1022.8413781881719
-9,9,536.8350372750857
-9,9,480.02455703004597
-9,9,165.70122014221465
-10,9,388.1049255625809
-10,9,100.0
-10,9,357.56952336507624
-11,9,100.0
-11,9,100.0
-11,9,100.0
-12,9,100.0
-12,9,102.48862979049689
-12,9,629.4610858366327
-13,9,100.0
-13,9,100.0
-13,9,740.4782381051677
-12,9,612.8353475412825
-12,9,481.4931407316267
-12,9,385.9151059109204
-12,10,840.8919456706351
-12,10,911.9012241052088
-12,10,100.0
-12,11,100.0
-12,11,880.6724815656277
-12,11,513.2548149436191
-12,12,325.9453751167486
-12,12,288.59083890242005
-12,12,100.0
-13,12,100.0
-13,12,449.8830055873566
-13,12,100.0
-13,13,576.3651101210924
-13,13,100.0
-13,13,215.62196864489118
-14,13,100.0
-14,13,100.0
-14,13,100.0
-15,13,100.0
-15,13,132.36932286989776
-15,13,344.0304723221842
-15,14,149.83264819510703
-15,14,100.0
-15,14,100.0
-15,13,379.75773121458565
-15,13,100.0
-15,13,298.12762119955096
-16,13,100.0
-16,13,100.0
-16,13,323.09318421445835
-16,14,282.4675005894773
-16,14,100.0
-16,14,199.26824440134914
-17,14,685.6971768574371
-17,14,100.0
-17,14,100.0
-17,15,100.0
-17,15,730.0381953769853
-17,15,311.0024122270921
-18,15,239.9458589569246
-18,15,251.26851194499318
-18,15,100.0
-18,14,561.7040139844589
-18,14,100.0
-18,14,100.0
-19,14,100.0
-19,14,186.14283543612908
-19,14,336.32458403518467
-19,13,565.018318279468
-19,13,100.0
-19,13,349.0932178554563
-20,13,100.0
-20,13,100.0
-20,13,100.0
-20,14,105.20393788441493
-20,14,100.0
-20,14,100.0
-20,15,100.0
-20,15,128.6464228474538
-20,15,100.0
-20,16,100.0
-20,16,100.0
-20,16,100.0
-20,17,100.0
-20,17,100.0
-20,17,100.0
-20,18,100.0
-20,18,100.0
-20,18,100.0
-20,19,100.0
-20,19,161.79269079751077
-20,19,100.0
-20,20,517.8287181126655
-20,20,100.0
-20,20,100.0
-19,20,586.1490864195493
-19,20,100.0
-19,20,100.0
-18,20,100.0
-18,20,100.0
-18,20,100.0
-17,20,100.0
-17,20,100.0
-17,20,100.0
-17,19,100.0
-17,19,100.0
-17,19,268.70559820491604
-17,18,178.9897074786823
-17,18,100.0
-17,18,100.0
-16,18,482.69918899271863
-16,18,100.0
-16,18,100.0
-15,18,100.0
-15,18,100.0
-15,18,100.0
-14,18,100.0
-14,18,100.0
-14,18,277.8695161276978
-15,18,100.0
-15,18,170.47470368668093
-15,18,387.64929673345017
-14,18,134.75233565662398
-14,18,100.0
-14,18,452.73662702659675
-13,18,100.0
-13,18,100.0
-13,18,100.0
-12,18,100.0
-12,18,177.4860594150974
-12,18,100.0
-13,18,100.0
-13,18,391.03209977809377
-13,18,100.0
-12,18,100.0
-12,18,273.47744760725095
-12,18,150.98349408040548
-11,18,527.0431649210257
-11,18,626.5845388920454
-11,18,137.95380462807674
-11,17,100.0
-11,17,100.0
-11,17,222.84742526959246
-10,17,651.226984944945
-10,17,329.46593899661633
-10,17,100.0
-9,17,100.0
-9,17,614.3049109067736
-9,17,100.0
-8,17,256.7656521240486
-8,17,804.0045401332555
-8,17,111.35075947375664
-7,17,593.0340287314335
-7,17,100.0
-7,17,100.0
-6,17,100.0
-6,17,755.9603431277885
-6,17,650.085881672109
-5,17,100.0
-5,17,100.0
-5,17,292.2678207465934
-4,17,100.0
-4,17,100.0
-4,17,100.0
-3,17,345.0439297715902
-3,17,100.0
-3,17,100.0
-2,17,955.9376884192039
-2,17,100.0
-2,17,993.4053433534322
-1,17,587.2417095513163
-1,17,146.99920388335502
-1,17,140.70026622543077
0,17,654.9625426297678
0,17,482.46829452666844
0,17,620.8644065650957
1,17,1024.4833342000302
1,17,100.0
1,17,100.0
2,17,100.0
2,17,201.33764682481836
2,17,389.15893133051964
3,17,100.0
3,17,100.0
3,17,515.1654729054209
2,17,603.710809078975
2,17,100.0
2,17,343.78955931246423
1,17,439.5653437665776
1,17,100.0
1,17,279.383680938385
2,17,398.99962424729233
2,17,100.0
2,17,100.0
1,17,322.0598170749279
1,17,194.8287155480511
1,17,163.49284179896995
2,17,885.0858115648973
2,17,162.86500836928798
2,17,867.7441023667359
3,17,100.0
3,17,103.31091330582694
3,17,361.8646269340019
4,17,514.8368291768787
4,17,100.0
4,17,100.0
3,17,100.0
3,17,445.2828931149878
3,17,100.0
4,17,100.0
4,17,100.0
4,17,596.5733389351341
5,17,390.160506019249
5,17,100.0
5,17,116.54449689990474
6,17,175.70070580992714
6,17,100.0
6,17,446.64079607989765
7,17,439.45710752885793
7,17,100.0
7,17,100.0
7,16,593.4079870605003
7,16,425.433643302554
7,16,278.13286536386687
8,16,100.0
8,16,562.2016406572042
8,16,327.26108818014393
7,16,101.71452657794893
7,16,363.8328966310328
7,16,100.0
6,16,449.36024158665384
6,16,100.0
6,16,442.4059252539465
7,16,621.0034078213165
7,16,100.0
7,16,324.67624930019724
6,16,723.2060293516341
6,16,586.5318770369438
6,16,291.5435082764956
7,16,823.847394796431
7,16,100.0
7,16,148.50253516862085
6,16,320.4469000061416
6,16,100.0
6,16,477.8198197124679
7,16,652.5513244617381
7,16,100.0
7,16,100.0
8,16,258.89046454831964
8,16,389.33900931451404
8,16,100.0
9,16,145.42503389489136
9,16,388.0667518932707
9,16,100.0
8,16,722.8617275702397
8,16,100.0
8,16,100.0
9,16,352.37480565594484
9,16,100.0
9,16,319.4745962702812
10,16,177.83241337840371
10,16,100.0
10,16,100.0
11,16,626.8885349152571
11,16,541.0409341131679
11,16,225.94976885923091
10,16,100.0
10,16,100.0
10,16,100.0
11,16,642.2086068764746
11,16,100.0
11,16,244.4642317364025
12,16,305.871708244629
12,16,100.0
12,16,100.0
11,16,100.0
11,16,100.0
11,16,171.28484990102766
10,16,281.3891235285475
10,16,100.0
10,16,173.6639183070066
9,16,100.0
9,16,100.0
9,16,263.701888446985
8,16,100.0
8,16,100.0
8,16,100.0
7,16,112.26065397864019
7,16,208.61353665519107
7,16,100.0
7,15,914.1167508406678
7,15,183.71615123270215
7,15,1019.7266080917294
6,15,356.31475516028763
6,15,1097.0399389524782
6,15,1008.901134354176
6,14,100.0
6,14,317.8715887324561
6,14,100.0
6,13,1283.2758070113453
6,13,653.6944764174582
6,13,130.87120323279657
5,13,393.61723182109307
5,13,581.6857743065941
5,13,1540.2652868457094
5,12,317.44742518818106
5,12,919.2342727124897
5,12,100.0
4,12,647.9036897275396
4,12,558.085863368306
4,12,1187.0093076754483
3,12,353.2057702183901
3,12,998.9064042827445
3,12,279.79751526694366
4,12,100.0
4,12,926.6711473354751
4,12,551.9900608763837
4,13,705.6551211062639
4,13,675.8082312557592
4,13,100.0
3,13,287.76639964276796
3,13,237.42328639720918
3,13,130.49442949037638
3,12,651.6737919897877
3,12,821.1821822580864
3,12,704.9605991253716
2,12,631.450887073983
2,12,907.9040939932147
2,12,213.81828807688106
2,11,100.0
2,11,375.36079763553926
2,11,591.4265736352577
1,11,650.3926858010376
1,11,560.7002770507795
1,11,442.6039405589999
0,11,100.0
0,11,888.9643638084431
0,11,671.880008583805
-1,11,261.2104375112784
-1,11,477.79081731455364
-1,11,1155.9296826208547
0,11,189.90958602520368
0,11,115.10475929740244
0,11,380.71080047747705
0,10,384.9283017603012
0,10,610.097085685859
0,10,800.961739841282
1,10,1306.5162468062326
1,10,332.80751703308795
1,10,303.56678438452514
1,9,611.7636929995642
1,9,593.1598361393048
1,9,100.0
1,8,507.46253764752583
1,8,691.0619839648543
1,8,324.1574705685592
1,7,1800.0
1,7,957.5773629548416
1,7,661.5569107401866
1,6,938.1079952647053
1,6,1570.8449991057887
1,6,1168.2532635861567
0,6,1366.8517273675398
0,6,846.5481888987064
0,6,100.0
-1,6,334.08953316477346
-1,6,1240.1700631661743
-1,6,1116.995945714456
-2,6,396.57153596313077
-2,6,870.6280258408782
-2,6,899.5485606851901
-3,6,864.6442504310032
-3,6,729.5297084104704
-3,6,388.29253732873804
-4,6,807.0572257998138
-4,6,100.0
-4,6,578.3189219170226
-5,6,437.449494777129
-5,6,242.70562945773582
-5,6,459.83411057607333
