-12,15,100.0
-12,15,550.778524290808
-11,15,264.14925130507515
-11,15,271.7829410849621
-11,15,148.12225606921209
-11,14,672.0765326073156
-11,14,272.0326435612823
-11,14,433.84113819466995
-11,15,720.2786711848127
-11,15,392.42204862954685
-11,15,839.444571048939
-11,14,183.36834519351277
-11,14,100.0
-11,14,100.0
-11,13,671.1587815518351
-11,13,100.0
-11,13,502.62369925551894
-10,13,100.0
-10,13,1483.8234127459718
-10,13,190.8976408166901
-10,12,307.79356644569975
-10,12,454.0933481295232
-10,12,100.0
-9,12,613.4264426037925
-9,12,1031.0778981034928
-9,12,397.3321456425284
-9,13,426.0405074780915
-9,13,385.97543881757537
-9,13,385.8151802411433
-9,12,116.43729000623021
-9,12,271.0944574521893
-9,12,407.18618991094263
-9,11,531.9385625926482
-9,11,254.2095468261384
-9,11,258.5900120403754
-9,10,433.16550246317416
-9,10,762.7105483465889
-9,10,116.1229431926439
-9,9,100.0
-9,9,624.6136853846486
-9,9,100.0
-9,10,306.561840748231
-9,10,100.0
-9,10,842.4155767105356
-9,9,211.65825576245174
-9,9,142.569053097057
-9,9,710.2124242052453
-9,8,628.1554480326514
-9,8,252.25666813714435
-9,8,880.6278100063918
-9,7,354.1561827533478
-9,7,839.0241176966022
-9,7,701.5236297112874
-9,6,429.71680978395483
-9,6,1033.2352430290857
-9,6,838.717138862972
-9,7,100.0
-9,7,100.0
-9,7,422.3708243872055
-9,6,236.33465017284988
-9,6,486.39898070438323
-9,6,327.3560455055604
-9,5,839.6447561772519
-9,5,983.1985648245479
-9,5,826.8085946293008
-9,4,268.79572863114464
-9,4,246.58417356362426
-9,4,624.721475879763
-9,3,648.1969464026099
-9,3,1303.1876175907535
-9,3,437.22461950180866
-8,3,1676.3390101126315
-8,3,1078.8607127315497
-8,3,939.2270912464261
-8,2,570.8666905033238
-8,2,101.15823585050805
-8,2,165.82001494962208
-8,3,100.0
-8,3,1691.8164137239382
-8,3,1335.118852510574
-8,2,262.09366607118307
-8,2,227.59760747303648
-8,2,661.1522245159741
-8,1,506.76513229186736
-8,1,1205.1745269942157
-8,1,697.9129668679916
-8,0,257.7325180130922
-8,0,801.1781911216763
-8,0,859.1062585833663
-8,1,1014.6403255382272
-8,1,100.0
-8,1,1178.0210452358706
-8,2,175.0311651086642
-8,2,1292.922836563731
-8,2,298.0045604016041
-8,3,1210.7961056757833
-8,3,522.5085066022948
-8,3,1376.0013575999067
-8,4,716.1403735672673
-8,4,120.06845973723921
-8,4,564.3768311052378
-8,5,744.5601717199306
-8,5,662.8383919519996
-8,5,446.9743935014112
-9,5,691.8058556340092
-9,5,351.8105037194638
-9,5,397.7747762552086
-9,6,914.8539077550286
-9,6,639.7459753838756
-9,6,331.18827998204927
-9,7,100.0
-9,7,834.5291564263013
-9,7,355.35189072864705
-9,8,1055.5459229208184
-9,8,599.8460737961886
-9,8,879.6925749058903
-10,8,393.4916628882477
-10,8,583.0019355425097
-10,8,1304.6054611829568
-10,9,861.5213499170205
-10,9,486.65285366492435
-10,9,100.0
-9,9,316.52578635855434
-9,9,532.5181059182014
-9,9,100.0
-10,9,163.38471613435024
-10,9,230.481043321602
-10,9,921.1502033783149
-11,9,382.9101957399019
-11,9,565.6220699912891
-11,9,799.7644289212524
-12,9,518.3793347359393
-12,9,686.500352943099
-12,9,100.0
-13,9,100.0
-13,9,680.8238315236906
-13,9,176.26792030788508
-12,9,669.6268658562215
-12,9,724.505182046948
-12,9,100.0
-12,10,100.0
-12,10,100.0
-12,10,100.0
-12,11,100.0
-12,11,679.3298671560817
-12,11,100.0
-12,12,100.0
-12,12,943.7943131902423
-12,12,100.0
-13,12,204.31439604003387
-13,12,797.6087827499357
-13,12,150.85850082078136
-13,13,881.8735014004469
-13,13,100.0
-13,13,229.36320703193664
-14,13,131.39906382247574
-14,13,100.0
-14,13,100.0
-15,13,100.0
-15,13,100.0
-15,13,100.0
-15,14,100.0
-15,14,100.0
-15,14,100.0
-15,13,100.0
-15,13,599.7521734366076
-15,13,100.0
-16,13,100.0
-16,13,277.9787508522664
-16,13,713.9117225075703
-16,14,100.0
-16,14,100.0
-16,14,100.0
-17,14,100.0
-17,14,100.0
-17,14,100.0
-17,15,112.35771696752492
-17,15,570.8192442386974
-17,15,693.8892708849611
-18,15,406.9578859389952
-18,15,350.0602713722943
-18,15,108.67743236894106
-18,14,100.0
-18,14,100.0
-18,14,100.0
-19,14,100.0
-19,14,273.7343560097705
-19,14,100.0
-19,13,100.0
-19,13,279.59143350456225
-19,13,329.9722774891086
-20,13,214.91742328569876
-20,13,100.0
-20,13,324.00634889988964
-20,14,175.0388686602511
-20,14,422.3449699381678
-20,14,160.19016725786184
-20,15,100.0
-20,15,104.82402733973926
-20,15,100.0
-20,16,100.0
-20,16,100.0
-20,16,100.0
-20,17,100.0
-20,17,100.0
-20,17,100.0
-20,18,100.0
-20,18,100.0
-20,18,100.0
-20,19,100.0
-20,19,784.6520643939143
-20,19,100.0
-20,20,100.0
-20,20,100.0
-20,20,100.0
-19,20,128.45080733401693
-19,20,100.0
-19,20,100.0
-18,20,100.0
-18,20,100.0
-18,20,647.4276703052534
-17,20,100.0
-17,20,100.0
-17,20,398.1342271052047
-17,19,100.0
-17,19,260.18814894884986
-17,19,100.0
-17,18,300.6525621051697
-17,18,146.67548228052704
-17,18,100.0
-16,18,100.0
-16,18,100.0
-16,18,676.2986724733294
-15,18,100.0
-15,18,272.22154523119764
-15,18,100.0
-14,18,100.0
-14,18,100.0
-14,18,104.38082940515939
-15,18,291.4638174213188
-15,18,100.0
-15,18,100.0
-14,18,100.0
-14,18,100.0
-14,18,419.28263597329664
-13,18,421.56180314789924
-13,18,752.0284521848089
-13,18,100.0
-12,18,191.28629289731572
-12,18,100.0
-12,18,100.0
-13,18,322.8062689682253
-13,18,100.0
-13,18,235.08085687954286
-12,18,100.0
-12,18,197.1186665543235
-12,18,100.0
-11,18,408.9662211625565
-11,18,100.0
-11,18,100.0
-11,17,100.0
-11,17,263.0037737896905
-11,17,100.0
-10,17,172.8360786019502
-10,17,402.94851416124305
-10,17,133.7009880242109
-9,17,100.0
-9,17,520.8413029899796
-9,17,1035.3587553832044
-8,17,133.14950956147177
-8,17,204.80946838445746
-8,17,100.0
-7,17,142.24796723085984
-7,17,100.0
-7,17,100.0
-6,17,100.0
-6,17,100.0
-6,17,100.0
-5,17,100.0
-5,17,100.0
-5,17,260.6042392380015
-4,17,264.62375882353297
-4,17,100.0
-4,17,662.5124442293644
-3,17,212.69101330906818
-3,17,100.0
-3,17,100.0
-2,17,171.25881503363198
-2,17,196.35405747559463
-2,17,471.93338536677624
-1,17,132.80583671253322
-1,17,100.0
-1,17,100.0
0,17,100.0
0,17,100.0
0,17,290.2546276741991
1,17,100.0
1,17,223.08868558330408
1,17,766.3152006706389
2,17,320.3390740893642
2,17,151.0567540695379
2,17,395.8722742684389
3,17,244.4325071539226
3,17,848.8989247310346
3,17,177.60041517332408
2,17,380.35238772181333
2,17,100.0
2,17,100.0
1,17,188.61993705063355
1,17,1213.1116115878185
1,17,421.7477982177491
2,17,100.0
2,17,100.0
2,17,427.6554232666866
1,17,100.0
1,17,649.6254411151581
1,17,694.5353066951111
2,17,100.0
2,17,480.7175471534314
2,17,1024.3217908696301
3,17,302.36428598076736
3,17,100.0
3,17,100.0
4,17,119.80885467244104
4,17,100.0
4,17,100.0
3,17,100.0
3,17,350.47500321132685
3,17,100.0
4,17,115.91409027842025
4,17,343.20805564690517
4,17,100.0
5,17,525.0152908307189
5,17,100.0
5,17,100.0
6,17,817.8780123478622
6,17,376.77537470410954
6,17,100.0
7,17,100.0
7,17,932.7189915970927
7,17,100.0
7,16,147.7894188770839
7,16,462.4688076479914
7,16,495.9425575529814
8,16,100.0
8,16,100.0
8,16,100.0
7,16,166.29618131033698
7,16,808.904251737704
7,16,100.0
6,16,356.86523374226647
6,16,307.76122571714257
6,16,225.25947399099334
7,16,100.0
7,16,100.0
7,16,100.0
6,16,100.0
6,16,100.0
6,16,174.1616448482063
7,16,100.0
7,16,100.0
7,16,265.3913792822907
6,16,198.1206741647646
6,16,100.0
6,16,100.0
7,16,396.8219235047028
7,16,100.0
7,16,251.02677398738624
8,16,100.0
8,16,804.0184156132732
8,16,633.1561034281447
9,16,734.7247638178331
9,16,318.0274000188922
9,16,224.09719207857304
8,16,100.0
8,16,275.58239851399924
8,16,1089.7830651298482
9,16,662.6598582177965
9,16,100.0
9,16,100.0
10,16,126.42725899387193
10,16,958.6929365100049
10,16,347.60234669328395
11,16,484.21978898213445
11,16,879.6467740311815
11,16,100.0
10,16,100.0
10,16,640.093296899888
10,16,496.2913048763675
11,16,211.6755737123552
11,16,100.0
11,16,100.0
12,16,147.47138196906468
12,16,100.0
12,16,100.0
11,16,783.145256453164
11,16,100.0
11,16,488.53305386069957
10,16,114.0147212465227
10,16,100.0
10,16,100.0
9,16,100.0
9,16,571.5243725257942
9,16,592.0478648115276
8,16,166.56089904217532
8,16,100.0
8,16,157.65730831818428
7,16,439.9180938220717
7,16,270.7110978239112
7,16,460.01169922603566
7,15,135.06873026775227
7,15,144.860769524451
7,15,216.15956332258747
6,15,510.7866339374478
6,15,730.9557711647276
6,15,473.3879961776399
6,14,719.4444207953641
6,14,696.1239122964209
6,14,229.60788509979247
6,13,775.2371918778667
6,13,603.1218776598182
6,13,563.5778156748482
5,13,100.0
5,13,272.4737464444064
5,13,100.0
5,12,100.0
5,12,597.5502019086872
5,12,172.95129359576129
4,12,566.8813866238595
4,12,1328.8789591688678
4,12,652.7264991316554
3,12,829.4982500154799
3,12,100.0
3,12,850.5056905708484
4,12,100.0
4,12,584.9363088400421
4,12,546.8555604549548
4,13,981.6646266106594
4,13,100.0
4,13,182.2152640448081
3,13,700.744337812363
3,13,395.46625241212257
3,13,101.52874565227307
3,12,101.25015298998602
3,12,277.82902158590707
3,12,129.77792273034794
2,12,1268.874773409651
2,12,100.0
2,12,404.3488647895525
2,11,281.35860167236
2,11,922.0998890417015
2,11,230.46915753177797
1,11,489.73322715923894
1,11,195.7683722827466
1,11,630.1051101399544
0,11,297.24316915987623
0,11,902.3942777131458
0,11,311.9834105602322
-1,11,565.6457840039219
-1,11,449.50935786632016
-1,11,100.0
0,11,318.0281839584166
0,11,1067.2932114791552
0,11,651.339193068438
0,10,899.6667287166117
0,10,322.534610470609
0,10,568.0424354756108
1,10,821.6374551509166
1,10,108.71561571758059
1,10,570.5296706003711
1,9,764.3780797704368
1,9,1298.824177339589
1,9,278.5672598898395
1,8,355.57220233765867
1,8,772.1756695560572
1,8,784.2306319417601
1,7,334.24985082906846
1,7,727.3714275450152
1,7,100.0
1,6,744.030965491643
1,6,585.7877550971606
1,6,1352.6735206231558
0,6,190.26350576281573
0,6,741.3290508323774
0,6,595.1398835045567
-1,6,306.5538676478445
-1,6,1086.3433423581253
-1,6,1161.401039821952
-2,6,594.6808497860849
-2,6,771.1368418990002
-2,6,1800.0
-3,6,698.4784046308763
-3,6,954.2326903434538
-3,6,463.3379452618334
-4,6,360.415108723281
-4,6,840.757691348968
-4,6,1052.1075133586128
-5,6,950.0890228795056
-5,6,722.9018986906425
-5,6,783.3607092424971
