-12,15,100.0
-12,15,100.0
-11,15,100.0
-11,15,100.0
-11,15,100.0
-11,14,710.4283440373271
-11,14,100.0
-11,14,100.0
-11,15,218.23749262454493
-11,15,620.4340556439945
-11,15,326.1653622550508
-11,14,100.0
-11,14,312.2787153948737
-11,14,554.7155063213816
-11,13,357.58589399657455
-11,13,315.2733545294066
-11,13,133.79160314617482
-10,13,625.0936155360835
-10,13,100.0
-10,13,100.0
-10,12,852.7065926505386
-10,12,211.6895983171888
-10,12,281.05465444714685
-9,12,823.9095362325372
-9,12,100.0
-9,12,100.0
-9,13,597.2765111009637
-9,13,100.0
-9,13,285.6656872733748
-9,12,295.80410947260236
-9,12,203.51823025442064
-9,12,728.5908870938515
-9,11,282.1079076820449
-9,11,116.16578273172513
-9,11,362.0268439471958
-9,10,717.5452624788647
-9,10,250.60165599681062
-9,10,396.2542935080472
-9,9,214.6495047641979
-9,9,930.8665604539474
-9,9,268.45933358212193
-9,10,997.3262557827745
-9,10,369.85507822156427
-9,10,452.80940575219904
-9,9,795.9319550209977
-9,9,656.1447397824594
-9,9,236.01645205679938
-9,8,594.7459223680237
-9,8,325.13289309139617
-9,8,1051.8823568718722
-9,7,983.4937251120521
-9,7,711.4490809902551
-9,7,872.6194753177197
-9,6,455.6423564976924
-9,6,985.7907259200207
-9,6,188.41892535614232
-9,7,100.0
-9,7,229.9248512193758
-9,7,1175.7064663493597
-9,6,452.87494204904897
-9,6,401.1243337650104
-9,6,811.4194997195693
-9,5,100.0
-9,5,987.0050832960828
-9,5,810.5420485459974
-9,4,100.0
-9,4,100.0
-9,4,100.0
-9,3,1024.8449282804406
-9,3,784.9006238394662
-9,3,826.503045887251
-8,3,100.0
-8,3,226.81476313667974
-8,3,937.2485809613158
-8,2,283.99576551947405
-8,2,560.55300951017
-8,2,732.4428032620467
-8,3,498.31197788376477
-8,3,773.0207090850643
-8,3,553.4167543083761
-8,2,100.0
-8,2,507.5938547247213
-8,2,608.0123609480967
-8,1,644.788105237207
-8,1,638.2644033547847
-8,1,739.0862778607669
-8,0,462.2221916244208
-8,0,380.3154369761235
-8,0,169.8520911054242
-8,1,760.4706001441982
-8,1,537.9456792719288
-8,1,340.5344556000231
-8,2,591.1717177689461
-8,2,912.7519694111282
-8,2,121.51680460243429
-8,3,173.7738353307409
-8,3,711.2184979928134
-8,3,649.7156145281984
-8,4,499.1578852799008
-8,4,537.2769505027745
-8,4,254.5394319131948
-8,5,100.0
-8,5,919.6026589802896
-8,5,923.3984579922328
-9,5,508.4666231461861
-9,5,1276.0747872732682
-9,5,315.7009696178022
-9,6,772.7284689812475
-9,6,180.61666516005425
-9,6,1302.2412199813275
-9,7,421.921648983355
-9,7,100.0
-9,7,426.1389489463254
-9,8,115.17305476859968
-9,8,549.3959216552929
-9,8,513.6587202454659
-10,8,985.3457405570741
-10,8,364.58679444251345
-10,8,459.2907042096553
-10,9,100.0
-10,9,642.6585872777039
-10,9,100.0
-9,9,369.4587656798181
-9,9,523.550269225274
-9,9,525.579028959511
-10,9,285.93622442618096
-10,9,402.2903904641977
-10,9,100.0
-11,9,412.36782429090385
-11,9,153.73907856940014
-11,9,240.49789791577714
-12,9,100.0
-12,9,100.0
-12,9,653.8239252942356
-13,9,100.0
-13,9,322.0010975937227
-13,9,156.93872647589546
-12,9,524.2077271520944
-12,9,259.7169853285002
-12,9,319.1540030345145
-12,10,100.0
-12,10,776.7268452262185
-12,10,272.32603909332556
-12,11,360.2747692275624
-12,11,332.21784891800905
-12,11,407.50362104705135
-12,12,100.0
-12,12,100.0
-12,12,100.0
-13,12,690.3869497856891
-13,12,100.0
-13,12,476.7582842018068
-13,13,332.38871934162296
-13,13,538.3967609851024
-13,13,720.9668773525142
-14,13,100.0
-14,13,100.0
-14,13,100.0
-15,13,100.0
-15,13,357.4039154805622
-15,13,545.9597864666486
-15,14,100.0
-15,14,644.2916490546345
-15,14,943.5398046332449
-15,13,100.0
-15,13,100.0
-15,13,167.82693336402258
-16,13,100.0
-16,13,100.0
-16,13,100.0
-16,14,157.700260234864
-16,14,100.0
-16,14,100.0
-17,14,100.0
-17,14,100.0
-17,14,100.0
-17,15,100.0
-17,15,100.0
-17,15,100.0
-18,15,100.0
-18,15,105.40473379704615
-18,15,100.0
-18,14,100.0
-18,14,100.0
-18,14,255.19696381176743
-19,14,100.0
-19,14,146.6442095395087
-19,14,100.0
-19,13,100.0
-19,13,100.0
-19,13,100.0
-20,13,100.0
-20,13,335.23010834948127
-20,13,100.0
-20,14,100.0
-20,14,100.0
-20,14,100.0
-20,15,100.0
-20,15,723.2450373621799
-20,15,100.0
-20,16,215.3499043644257
-20,16,149.16685397651563
-20,16,467.0534712508579
-20,17,100.0
-20,17,100.0
-20,17,100.0
-20,18,100.0
-20,18,100.0
-20,18,163.6865331563764
-20,19,100.0
-20,19,100.0
-20,19,100.0
-20,20,100.0
-20,20,100.0
-20,20,257.735690934694
-19,20,100.0
-19,20,100.0
-19,20,100.0
-18,20,100.0
-18,20,100.0
-18,20,100.0
-17,20,100.0
-17,20,100.0
-17,20,376.29434249565634
-17,19,100.0
-17,19,100.0
-17,19,100.0
-17,18,168.4061872657724
-17,18,100.0
-17,18,100.0
-16,18,100.0
-16,18,100.0
-16,18,248.09782796749002
-15,18,147.43881302615526
-15,18,100.0
-15,18,100.0
-14,18,100.0
-14,18,100.0
-14,18,646.2268917943976
-15,18,459.89876866980916
-15,18,241.86654982633323
-15,18,137.54317108533218
-14,18,508.6307417071315
-14,18,344.30266337883813
-14,18,100.0
-13,18,100.0
-13,18,100.0
-13,18,100.0
-12,18,100.0
-12,18,100.0
-12,18,558.496422443014
-13,18,100.0
-13,18,100.0
-13,18,100.0
-12,18,100.0
-12,18,100.0
-12,18,100.0
-11,18,466.02120082108365
-11,18,575.9816377057148
-11,18,100.0
-11,17,100.0
-11,17,100.0
-11,17,296.3665328514353
-10,17,100.0
-10,17,559.3156178939861
-10,17,100.0
-9,17,154.64017460720498
-9,17,100.0
-9,17,100.0
-8,17,1076.1417243966544
-8,17,474.6454808667113
-8,17,513.3333904083597
-7,17,100.0
-7,17,288.63751282737115
-7,17,100.0
-6,17,192.14507998292083
-6,17,544.1191409800931
-6,17,100.0
-5,17,606.2612776525432
-5,17,100.0
-5,17,558.46937411137
-4,17,421.0604147322778
-4,17,100.0
-4,17,100.0
-3,17,391.8991801989333
-3,17,100.0
-3,17,100.0
-2,17,250.83554043826453
-2,17,100.0
-2,17,100.0
-1,17,194.23952554285432
-1,17,100.0
-1,17,556.2808154759912
0,17,100.0
0,17,691.6446152718978
0,17,293.5771651465705
1,17,336.2862014078355
1,17,100.0
1,17,741.7369266257435
2,17,153.176217276665
2,17,100.0
2,17,100.0
3,17,600.9796500473392
3,17,296.75823925235426
3,17,451.00952575919695
2,17,100.0
2,17,488.50343824730794
2,17,100.0
1,17,687.7529472513318
1,17,100.0
1,17,686.3103343048747
2,17,805.0078549850591
2,17,884.6930649750167
2,17,100.0
1,17,419.8493403716898
1,17,487.95280232149673
1,17,261.8878918909078
2,17,940.1774130519507
2,17,677.2110131643927
2,17,100.0
3,17,100.0
3,17,526.0516097990626
3,17,204.56640707815745
4,17,100.0
4,17,100.0
4,17,100.0
3,17,100.0
3,17,932.0853674095945
3,17,703.9330646297933
4,17,100.0
4,17,220.47796129784462
4,17,405.80323772892575
5,17,560.3028561796721
5,17,100.0
5,17,202.720151051811
6,17,118.94431927504647
6,17,100.0
6,17,100.0
7,17,859.2356782672962
7,17,594.4741902737662
7,17,100.0
7,16,100.0
7,16,141.28247437517433
7,16,100.0
8,16,730.6630837146097
8,16,100.0
8,16,100.0
7,16,351.74485439892203
7,16,384.66300212420845
7,16,682.6658725623665
6,16,508.38208377093827
6,16,522.4663453168491
6,16,700.1249454695619
7,16,100.0
7,16,356.86522628830835
7,16,171.50984253910508
6,16,100.0
6,16,330.96452364934834
6,16,405.508425012632
7,16,100.0
7,16,122.04331256609399
7,16,180.9845174241521
6,16,100.0
6,16,566.8689109112765
6,16,165.77880827479984
7,16,230.27632404896622
7,16,100.0
7,16,100.0
8,16,134.24216276505172
8,16,100.0
8,16,100.90007983377976
9,16,100.0
9,16,100.0
9,16,680.4047219013435
8,16,207.26494784967255
8,16,100.0
8,16,665.280768184357
9,16,481.063821397628
9,16,481.29125988344424
9,16,100.0
10,16,603.6794417540019
10,16,100.0
10,16,231.19363124027703
11,16,100.0
11,16,104.61753000853287
11,16,100.0
10,16,100.0
10,16,100.0
10,16,100.0
11,16,468.11608737290356
11,16,100.0
11,16,628.2613186483732
12,16,100.0
12,16,100.0
12,16,100.0
11,16,100.0
11,16,100.0
11,16,100.0
10,16,770.3047678766246
10,16,265.17778505917204
10,16,100.0
9,16,100.0
9,16,436.0755896774198
9,16,256.93667554463804
8,16,100.0
8,16,100.0
8,16,230.7130240603208
7,16,509.9969559170933
7,16,393.53548971822323
7,16,571.6003077066496
7,15,100.0
7,15,785.0539019319082
7,15,841.5889235992224
6,15,100.0
6,15,100.0
6,15,431.46881943354816
6,14,100.0
6,14,831.612429058197
6,14,746.2292651272736
6,13,982.1828351486316
6,13,100.0
6,13,573.8634852126652
5,13,100.0
5,13,447.56817364010067
5,13,522.2983335775108
5,12,1233.3213688935143
5,12,156.5578116647279
5,12,374.19680997386854
4,12,1112.5321184904467
4,12,265.47150307133506
4,12,439.7377603736758
3,12,262.22517210189983
3,12,911.663018612657
3,12,905.2671888327252
4,12,910.8044791854306
4,12,1063.1108310676846
4,12,733.2563476632504
4,13,861.5849640632628
4,13,693.38743261465
4,13,595.7977907380329
3,13,577.2191297955759
3,13,367.2183319303739
3,13,750.7021726879544
3,12,982.4932101009292
3,12,875.8414163114155
3,12,100.0
2,12,748.912163731645
2,12,220.0101382420727
2,12,100.0
2,11,1126.450919876262
2,11,1075.4942778440266
2,11,502.865536252899
1,11,1173.3557476560688
1,11,586.7179231234817
1,11,804.7923290981039
0,11,826.9674522583183
0,11,258.52709563278097
0,11,952.3173489818943
-1,11,640.7815289898454
-1,11,414.2497106650561
-1,11,100.0
0,11,1324.9409671491344
0,11,213.411311852834
0,11,100.0
0,10,848.9043993205916
0,10,333.9445716512501
0,10,321.36893412462
1,10,563.759519698015
1,10,1017.1160053041756
1,10,298.9724099560345
1,9,100.0
1,9,209.8896700544438
1,9,826.5872588175902
1,8,280.4813814210311
1,8,394.4138078707447
1,8,100.0
1,7,1661.2861229638227
1,7,707.8731130297984
1,7,1324.251065949209
1,6,874.514738317369
1,6,731.5321499461804
1,6,1275.3539371816853
0,6,398.386294029243
0,6,1141.7647924038997
0,6,1105.514974978773
-1,6,778.90142147551
-1,6,703.3345069653951
-1,6,625.0146541565637
-2,6,846.634497069477
-2,6,1075.681731323235
-2,6,333.91026083777007
-3,6,879.9003629083124
-3,6,902.3663262912112
-3,6,979.3829479573338
-4,6,870.9082811822377
-4,6,232.41413858709828
-4,6,822.3264915015374
-5,6,1126.8691681796572
-5,6,589.6917134040875
-5,6,675.9658803183282
