-12,15,200.0
-11,15,200.0
-11,15,212.2559624969224
-11,14,200.0
-11,14,200.0
-11,15,200.0
-11,15,200.0
-11,14,200.0
-11,14,200.0
-11,13,1711.0938854054284
-11,13,200.0
-10,13,200.0
-10,13,200.0
-10,12,200.0
-10,12,200.0
-9,12,1329.6489138357604
-9,12,1877.927820927996
-9,13,711.6247511919013
-9,13,1571.9279333274628
-9,12,200.0
-9,12,361.9318847433975
-9,11,671.4217807235633
-9,11,2450.52714178335
-9,10,200.0
-9,10,200.0
-9,9,200.0
-9,9,344.0510732907178
-9,10,361.0233333975325
-9,10,200.0
-9,9,2218.8294247099693
-9,9,503.1610181322591
-9,8,1913.3427223265367
-9,8,1365.1078068181498
-9,7,1779.3819238109666
-9,7,200.0
-9,6,312.05383081007597
-9,6,971.6582973911667
-9,7,200.0
-9,7,2039.2301006386538
-9,6,1170.8414976418237
-9,6,635.9426178389505
-9,5,2077.1568178077446
-9,5,310.9869327863763
-9,4,2531.0967829686547
-9,4,200.0
-9,3,989.2683367984007
-9,3,1915.7653338756913
-8,3,200.0
-8,3,2141.418451481046
-8,2,1733.489295723558
-8,2,200.0
-8,3,200.0
-8,3,1614.8353618465321
-8,2,2595.9708865199295
-8,2,200.0
-8,1,903.6227437073741
-8,1,1961.0172839713423
-8,0,758.8132104650398
-8,0,1916.1320265782092
-8,1,1333.32485819167
-8,1,1524.7128622857547
-8,2,814.4125915595889
-8,2,999.9403717425065
-8,3,1037.3667801837084
-8,3,1675.076899690383
-8,4,200.0
-8,4,1899.372523789781
-8,5,1602.322510646728
-8,5,2536.3872388503714
-9,5,944.2674381380675
-9,5,713.2004098624666
-9,6,2362.1045038309585
-9,6,510.1669396150195
-9,7,200.0
-9,7,572.0901521017057
-9,8,1159.8433310708863
-9,8,1474.3437119815435
-10,8,200.0
-10,8,200.0
-10,9,200.0
-10,9,200.0
-9,9,2474.9994747542496
-9,9,200.0
-10,9,628.5959419721518
-10,9,200.0
-11,9,200.0
-11,9,396.70874832370924
-12,9,200.0
-12,9,200.0
-13,9,200.0
-13,9,200.0
-12,9,524.8433844750066
-12,9,328.1036908713004
-12,10,336.5147156599944
-12,10,674.2592639856296
-12,11,200.0
-12,11,748.3174341220621
-12,12,875.5822486347672
-12,12,1067.2167416630928
-13,12,200.0
-13,12,583.4988508111769
-13,13,200.0
-13,13,200.0
-14,13,682.6937882000556
-14,13,200.0
-15,13,200.0
-15,13,200.0
-15,14,200.0
-15,14,200.0
-15,13,200.0
-15,13,220.36673137051423
-16,13,1098.4713996335818
-16,13,510.39986079370124
-16,14,200.0
-16,14,200.0
-17,14,200.0
-17,14,200.0
-17,15,200.0
-17,15,1562.2248002959068
-18,15,200.0
-18,15,200.0
-18,14,200.0
-18,14,200.0
-19,14,200.0
-19,14,200.0
-19,13,200.0
-19,13,200.0
-20,13,200.0
-20,13,200.0
-20,14,200.0
-20,14,200.0
-20,15,200.0
-20,15,200.0
-20,16,200.0
-20,16,200.0
-20,17,200.0
-20,17,200.0
-20,18,200.0
-20,18,200.0
-20,19,200.0
-20,19,200.0
-20,20,200.0
-20,20,200.0
-19,20,200.0
-19,20,326.41476077250854
-18,20,200.0
-18,20,200.0
-17,20,200.0
-17,20,200.0
-17,19,200.0
-17,19,200.0
-17,18,200.0
-17,18,200.0
-16,18,200.0
-16,18,200.0
-15,18,200.0
-15,18,200.0
-14,18,989.3262213675375
-14,18,200.0
-15,18,796.2561482551932
-15,18,200.0
-14,18,200.0
-14,18,200.0
-13,18,343.39552553722547
-13,18,200.0
-12,18,200.0
-12,18,200.0
-13,18,200.0
-13,18,200.0
-12,18,200.0
-12,18,200.0
-11,18,200.0
-11,18,200.0
-11,17,1313.943930616199
-11,17,1429.321422680259
-10,17,200.0
-10,17,200.0
-9,17,200.0
-9,17,200.0
-8,17,200.0
-8,17,200.0
-7,17,200.0
-7,17,200.0
-6,17,200.0
-6,17,200.0
-5,17,905.7119750887821
-5,17,200.0
-4,17,200.0
-4,17,2446.766857957791
-3,17,200.0
-3,17,200.0
-2,17,200.0
-2,17,200.0
-1,17,200.0
-1,17,1766.4090653920778
0,17,281.4671941542698
0,17,2118.7536527266284
1,17,2178.812277721986
1,17,200.0
2,17,200.0
2,17,369.68801350981823
3,17,200.0
3,17,200.0
2,17,200.0
2,17,200.0
1,17,200.0
1,17,200.0
2,17,200.0
2,17,200.0
1,17,200.0
1,17,200.0
2,17,200.0
2,17,200.0
3,17,200.0
3,17,200.0
4,17,200.0
4,17,200.0
3,17,200.0
3,17,200.0
4,17,200.0
4,17,1292.5495799435853
5,17,200.0
5,17,200.0
6,17,411.6458668745794
6,17,709.1487496358517
7,17,200.0
7,17,200.0
7,16,200.0
7,16,200.0
8,16,200.0
8,16,200.0
7,16,200.0
7,16,200.0
6,16,399.7767137564283
6,16,200.0
7,16,200.0
7,16,1950.7429242787666
6,16,1096.5482599476882
6,16,200.0
7,16,545.8989676965327
7,16,200.0
6,16,868.1482032283845
6,16,200.0
7,16,200.0
7,16,200.0
8,16,213.4539912920702
8,16,200.0
9,16,200.0
9,16,200.0
8,16,200.0
