-12,15,1656.6267910015956
-11,15,200.0
-11,15,629.5110753992146
-11,14,200.0
-11,14,200.0
-11,15,200.0
-11,15,200.0
-11,14,200.0
-11,14,700.4456905871925
-11,13,200.0
-11,13,1652.1371823611478
-10,13,395.0112748514294
-10,13,200.0
-10,12,200.0
-10,12,200.0
-9,12,1239.9852644828488
-9,12,200.0
-9,13,200.0
-9,13,1103.9406053339958
-9,12,372.87841351537554
-9,12,200.0
-9,11,200.0
-9,11,200.0
-9,10,200.0
-9,10,1501.8302688340868
-9,9,226.1996166422834
-9,9,1019.8760704226838
-9,10,200.0
-9,10,200.0
-9,9,1157.7823202273948
-9,9,200.0
-9,8,200.0
-9,8,1716.4231142933477
-9,7,200.0
-9,7,471.0051501434417
-9,6,415.3333375699737
-9,6,200.0
-9,7,489.02751731340425
-9,7,200.0
-9,6,763.7271872003989
-9,6,1214.4089847408459
-9,5,1448.0762461136808
-9,5,2322.893554595996
-9,4,1736.8767180359039
-9,4,200.0
-9,3,553.8150262465734
-9,3,857.4668467508662
-8,3,234.752600816067
-8,3,200.0
-8,2,1659.4603756838073
-8,2,1107.0838383629075
-8,3,200.0
-8,3,1097.4424973677612
-8,2,200.0
-8,2,1122.5965205982368
-8,1,323.8533828930314
-8,1,609.7817083801606
-8,0,200.0
-8,0,1398.3531608178296
-8,1,1028.421238946281
-8,1,2686.41678523772
-8,2,1927.6418776477929
-8,2,1547.0987568776877
-8,3,477.6486011110286
-8,3,200.0
-8,4,2639.421913973123
-8,4,1406.625251413582
-8,5,200.0
-8,5,343.050722177515
-9,5,443.510994401615
-9,5,200.0
-9,6,384.15754932477887
-9,6,1263.955407973147
-9,7,626.4880941216844
-9,7,784.3240049618295
-9,8,200.0
-9,8,200.0
-10,8,1155.42956920581
-10,8,807.6247177005955
-10,9,200.0
-10,9,200.0
-9,9,200.0
-9,9,262.7164655919454
-10,9,200.0
-10,9,1699.8589509107712
-11,9,244.25389796469187
-11,9,200.0
-12,9,200.0
-12,9,200.0
-13,9,200.0
-13,9,460.40519992395576
-12,9,1764.984250760682
-12,9,1197.8188545080393
-12,10,270.3814718268593
-12,10,1469.460118755526
-12,11,236.41934791991173
-12,11,200.0
-12,12,200.0
-12,12,200.0
-13,12,200.0
-13,12,200.0
-13,13,200.0
-13,13,200.0
-14,13,200.0
-14,13,698.7034150041502
-15,13,200.0
-15,13,200.0
-15,14,200.0
-15,14,200.0
-15,13,200.0
-15,13,886.9942026905632
-16,13,200.0
-16,13,200.0
-16,14,200.0
-16,14,447.12780203174316
-17,14,200.0
-17,14,200.0
-17,15,200.0
-17,15,200.0
-18,15,200.0
-18,15,200.0
-18,14,200.0
-18,14,200.0
-19,14,200.0
-19,14,1601.8334728377768
-19,13,200.0
-19,13,200.0
-20,13,200.0
-20,13,200.0
-20,14,200.0
-20,14,200.0
-20,15,200.0
-20,15,200.0
-20,16,200.0
-20,16,464.67192501569787
-20,17,200.0
-20,17,200.0
-20,18,200.0
-20,18,1450.5133646351146
-20,19,200.0
-20,19,200.0
-20,20,200.0
-20,20,200.0
-19,20,224.177290713724
-19,20,200.0
-18,20,200.0
-18,20,200.0
-17,20,200.0
-17,20,200.0
-17,19,200.0
-17,19,200.0
-17,18,200.0
-17,18,200.0
-16,18,200.0
-16,18,200.0
-15,18,632.8141000813835
-15,18,200.0
-14,18,200.0
-14,18,200.0
-15,18,200.0
-15,18,677.2244793682112
-14,18,200.0
-14,18,200.0
-13,18,888.0936198804671
-13,18,200.0
-12,18,200.0
-12,18,200.0
-13,18,200.0
-13,18,200.0
-12,18,200.0
-12,18,200.0
-11,18,200.0
-11,18,1424.707986864225
-11,17,200.0
-11,17,200.0
-10,17,200.0
-10,17,200.0
-9,17,745.2636076027882
-9,17,1348.8815361373272
-8,17,1922.6005703958112
-8,17,200.0
-7,17,200.0
-7,17,200.0
-6,17,657.0074496347953
-6,17,200.0
-5,17,210.74372017799476
-5,17,200.0
-4,17,200.0
-4,17,200.0
-3,17,200.0
-3,17,200.0
-2,17,200.0
-2,17,200.0
-1,17,200.0
-1,17,1042.8425021517924
0,17,243.00788060897827
0,17,348.9708824718678
1,17,200.0
1,17,200.0
2,17,200.0
2,17,1097.5517044035876
3,17,200.0
3,17,200.0
2,17,200.0
2,17,1803.0161111613145
1,17,200.0
1,17,284.98124861719674
2,17,362.35370713790877
2,17,200.0
1,17,200.0
1,17,343.1685561614029
2,17,200.0
2,17,200.0
3,17,929.8592855185648
3,17,200.0
4,17,549.5381396252789
4,17,200.0
3,17,200.0
3,17,200.0
4,17,297.20980333386353
4,17,684.9369596100187
5,17,1826.7691596466311
5,17,1629.6259502199184
6,17,200.0
6,17,233.25497173915198
7,17,200.0
7,17,200.0
7,16,1143.9791447903206
7,16,200.0
8,16,200.0
8,16,200.0
7,16,200.0
7,16,262.30446195288056
6,16,286.77821561280484
6,16,200.0
7,16,200.0
7,16,200.0
6,16,1939.7548881759703
6,16,200.0
7,16,200.0
7,16,200.0
6,16,200.0
6,16,1054.4441883778636
7,16,457.4095735833848
7,16,495.565787358673
8,16,200.0
8,16,1082.6711553513223
9,16,200.0
9,16,200.0
8,16,723.1616834695309
