-12,15,1954.8696721306628
-11,15,205.44599652252236
-11,15,200.0
-11,14,200.0
-11,14,200.0
-11,15,200.0
-11,15,200.0
-11,14,200.0
-11,14,200.0
-11,13,200.0
-11,13,200.0
-10,13,200.0
-10,13,200.0
-10,12,345.6408964774342
-10,12,924.3770947635821
-9,12,497.20559799590967
-9,12,1752.9250406050007
-9,13,264.2001672878716
-9,13,200.0
-9,12,200.0
-9,12,200.0
-9,11,572.8591941086538
-9,11,200.0
-9,10,299.7163850508512
-9,10,3011.2284464996574
-9,9,1558.8760105075266
-9,9,200.0
-9,10,876.9448033367291
-9,10,2911.660489693066
-9,9,960.3005437646366
-9,9,200.0
-9,8,585.6156500530057
-9,8,1679.4434216216048
-9,7,2528.403164101451
-9,7,894.8619364859079
-9,6,775.6164725705663
-9,6,200.0
-9,7,3071.212683773667
-9,7,200.0
-9,6,200.0
-9,6,454.24518249914865
-9,5,480.86415128511567
-9,5,245.70445616461018
-9,4,200.0
-9,4,200.0
-9,3,1325.1516188369158
-9,3,1008.6545537813861
-8,3,789.7023936042228
-8,3,200.0
-8,2,825.5457148244675
-8,2,1226.6222056535878
-8,3,1691.3983403439686
-8,3,1123.273855845446
-8,2,915.5680304531899
-8,2,200.0
-8,1,722.4405963734655
-8,1,424.30866234293467
-8,0,1125.067337085626
-8,0,200.0
-8,1,200.0
-8,1,3338.454039094606
-8,2,485.4970901835484
-8,2,2570.576307673213
-8,3,604.4852680904717
-8,3,3600.0
-8,4,612.6018139808914
-8,4,1467.6671021351365
-8,5,1814.4172930046573
-8,5,656.3213705923922
-9,5,1252.8256280200276
-9,5,2501.7640337893836
-9,6,578.3631885268194
-9,6,1034.5814030709823
-9,7,548.3008326265996
-9,7,735.1807488576791
-9,8,1643.1336600340205
-9,8,430.72111833217593
-10,8,200.0
-10,8,200.0
-10,9,963.5981932052965
-10,9,200.0
-9,9,1243.3248004366947
-9,9,1661.388118591569
-10,9,1486.868733557173
-10,9,200.0
-11,9,200.0
-11,9,849.5543427875805
-12,9,200.0
-12,9,200.0
-13,9,200.0
-13,9,200.0
-12,9,443.6328653778053
-12,9,596.5650945807504
-12,10,1444.6079095893667
-12,10,200.0
-12,11,200.0
-12,11,200.0
-12,12,1279.674269035175
-12,12,248.85602171445396
-13,12,1149.3584684700743
-13,12,554.2068225291299
-13,13,200.0
-13,13,200.0
-14,13,200.0
-14,13,200.0
-15,13,200.0
-15,13,200.0
-15,14,200.0
-15,14,436.3397635250453
-15,13,200.0
-15,13,200.0
-16,13,508.2254574864828
-16,13,1102.7666976109401
-16,14,200.0
-16,14,303.54983055826654
-17,14,200.0
-17,14,200.0
-17,15,200.0
-17,15,766.4986555400114
-18,15,851.1037174223907
-18,15,200.0
-18,14,200.0
-18,14,200.0
-19,14,408.43640979196095
-19,14,200.0
-19,13,200.0
-19,13,336.43330595507007
-20,13,200.0
-20,13,200.0
-20,14,200.0
-20,14,200.0
-20,15,200.0
-20,15,200.0
-20,16,200.0
-20,16,200.0
-20,17,200.0
-20,17,682.0822240136731
-20,18,200.0
-20,18,200.0
-20,19,200.0
-20,19,200.0
-20,20,200.0
-20,20,200.0
-19,20,200.0
-19,20,200.0
-18,20,200.0
-18,20,200.0
-17,20,200.0
-17,20,200.0
-17,19,200.0
-17,19,200.0
-17,18,210.4189640021582
-17,18,200.0
-16,18,200.0
-16,18,200.0
-15,18,200.0
-15,18,200.0
-14,18,200.0
-14,18,200.0
-15,18,200.0
-15,18,200.0
-14,18,200.0
-14,18,200.0
-13,18,200.0
-13,18,200.0
-12,18,200.0
-12,18,200.0
-13,18,200.0
-13,18,200.0
-12,18,200.0
-12,18,200.0
-11,18,200.0
-11,18,200.0
-11,17,292.5446799010215
-11,17,200.0
-10,17,200.0
-10,17,200.0
-9,17,200.0
-9,17,200.0
-8,17,1281.5917349831573
-8,17,200.0
-7,17,531.8234726341208
-7,17,200.0
-6,17,200.0
-6,17,1643.3941184602481
-5,17,200.0
-5,17,200.0
-4,17,830.809965749929
-4,17,746.3138899111318
-3,17,719.319035110375
-3,17,1233.7332357664197
-2,17,325.1607697251692
-2,17,200.0
-1,17,200.0
-1,17,200.0
0,17,200.0
0,17,200.0
1,17,200.0
1,17,1228.075448161484
2,17,200.0
2,17,2049.2982183624413
3,17,1625.1826734032334
3,17,200.0
2,17,200.0
2,17,200.0
1,17,500.66617633906463
1,17,200.0
2,17,200.0
2,17,200.0
1,17,200.0
1,17,866.506615229876
2,17,891.0130448268449
2,17,200.0
3,17,384.1314181001678
3,17,200.0
4,17,200.0
4,17,200.0
3,17,200.0
3,17,200.0
4,17,647.999359453172
4,17,200.0
5,17,200.0
5,17,200.0
6,17,200.0
6,17,983.9569518442192
7,17,200.0
7,17,200.0
7,16,200.0
7,16,880.5224553280316
8,16,206.05984583399265
8,16,200.0
7,16,200.0
7,16,821.7750031454456
6,16,200.0
6,16,200.0
7,16,1122.3154276328396
7,16,386.5038487886314
6,16,200.0
6,16,200.0
7,16,200.0
7,16,921.2376833842688
6,16,200.0
6,16,200.0
7,16,200.0
7,16,200.0
8,16,1930.2650390229965
8,16,200.0
9,16,200.0
9,16,200.0
8,16,960.3845218396259
