-12,15,996.6795952077462
-12,15,275.0512426972596
-11,15,100.0
-11,15,758.9221681290229
-11,15,100.0
-11,14,491.2332693805401
-11,14,364.93104811728506
-11,14,100.0
-11,15,380.3489790377252
-11,15,414.5115500713718
-11,15,111.76667682470435
-11,14,100.0
-11,14,271.1942392760657
-11,14,124.418306038877
-11,13,453.30830891346324
-11,13,100.0
-11,13,100.0
-10,13,377.55642589066696
-10,13,100.0
-10,13,1151.476808696661
-10,12,100.0
-10,12,440.34147678488165
-10,12,643.1405399264349
-9,12,100.0
-9,12,772.9723417565606
-9,12,674.1511375079294
-9,13,246.43801567270808
-9,13,100.0
-9,13,100.0
-9,12,100.0
-9,12,100.0
-9,12,775.5903728738358
-9,11,423.78724854876276
-9,11,795.3475324204969
-9,11,617.0816085057078
-9,10,614.3649749467071
-9,10,677.2053719608047
-9,10,650.1668178336902
-9,9,876.4330821351579
-9,9,685.4894818391595
-9,9,602.1928229704702
-9,10,1091.580948313444
-9,10,100.0
-9,10,843.5960424721457
-9,9,323.9342727926298
-9,9,390.0697018881806
-9,9,100.0
-9,8,100.0
-9,8,100.0
-9,8,379.92208273228124
-9,7,723.6812293695085
-9,7,613.6503282996911
-9,7,309.9455859036271
-9,6,557.1088387384054
-9,6,597.6727337783493
-9,6,100.0
-9,7,205.181314521319
-9,7,811.7265122796036
-9,7,652.776682621277
-9,6,901.7895131416228
-9,6,337.96931141137054
-9,6,462.9530623390331
-9,5,264.1101888949831
-9,5,340.2835759973335
-9,5,898.7622942979417
-9,4,679.1468306036477
-9,4,233.65294576311004
-9,4,982.5933489628859
-9,3,728.3294236115302
-9,3,840.0693338886704
-9,3,736.7661475123066
-8,3,1255.6712639951238
-8,3,234.95968399282822
-8,3,791.8212650968621
-8,2,636.1695998120613
-8,2,385.3292762868701
-8,2,625.0629577239063
-8,3,649.6929602504637
-8,3,290.2967131286814
-8,3,1093.613259993501
-8,2,683.2981009825237
-8,2,913.8466069694803
-8,2,952.7772895856995
-8,1,632.2314901863189
-8,1,327.2618255393326
-8,1,207.92292034208464
-8,0,1210.8006145434927
-8,0,880.9880466057596
-8,0,831.8323180354926
-8,1,100.0
-8,1,147.3203470500415
-8,1,618.3007373937717
-8,2,446.05614206722447
-8,2,687.0503092295277
-8,2,1287.532811972871
-8,3,341.60511158587
-8,3,544.1019050733298
-8,3,269.27830574999996
-8,4,266.6738194310219
-8,4,366.90960817607487
-8,4,602.7942277991183
-8,5,384.7986808728243
-8,5,550.1057828233002
-8,5,549.0096673457307
-9,5,379.66150508003716
-9,5,775.2100264991034
-9,5,621.5022000597854
-9,6,100.0
-9,6,445.59056357371213
-9,6,315.7782475001721
-9,7,310.621807247611
-9,7,603.8082295956747
-9,7,100.0
-9,8,482.293899687271
-9,8,100.0
-9,8,974.940285859741
-10,8,1034.186199641836
-10,8,100.0
-10,8,210.0133675999279
-10,9,401.72440233223625
-10,9,185.52575210340711
-10,9,100.0
-9,9,622.1622110180681
-9,9,100.0
-9,9,638.1626553205332
-10,9,457.1206434097725
-10,9,1110.1966630494064
-10,9,100.0
-11,9,416.36620150317316
-11,9,391.62889022958757
-11,9,100.0
-12,9,186.54514306765327
-12,9,525.9643452856228
-12,9,416.934044044006
-13,9,100.0
-13,9,421.78361466128
-13,9,679.71735056167
-12,9,543.9579998138843
-12,9,534.4095847306894
-12,9,270.67919314393214
-12,10,1269.5282912595485
-12,10,601.4530610092884
-12,10,100.0
-12,11,145.8657754142978
-12,11,191.02235654040157
-12,11,100.0
-12,12,100.0
-12,12,100.0
-12,12,451.78596952511185
-13,12,254.42703974516954
-13,12,100.0
-13,12,199.27541071799598
-13,13,641.548007769703
-13,13,100.0
-13,13,100.0
-14,13,416.5772322713622
-14,13,704.0840712967081
-14,13,154.79477349473441
-15,13,100.0
-15,13,100.0
-15,13,707.2179371080188
-15,14,100.0
-15,14,130.21185938210044
-15,14,100.0
-15,13,100.0
-15,13,451.7654451213866
-15,13,100.0
-16,13,482.69944624888467
-16,13,306.794216124232
-16,13,162.30370447858257
-16,14,159.60336829222206
-16,14,215.909822659496
-16,14,388.2067512591424
-17,14,100.0
-17,14,100.0
-17,14,100.0
-17,15,100.0
-17,15,548.8300629354173
-17,15,100.0
-18,15,100.0
-18,15,689.0996800998901
-18,15,100.0
-18,14,100.0
-18,14,101.85924816331843
-18,14,437.96165967223186
-19,14,100.0
-19,14,343.35354801380197
-19,14,171.90383019759685
-19,13,498.28990554543446
-19,13,100.0
-19,13,100.0
-20,13,187.80658361144233
-20,13,100.0
-20,13,100.0
-20,14,136.1852601109344
-20,14,367.5525840269922
-20,14,100.0
-20,15,100.0
-20,15,452.65329250482364
-20,15,100.0
-20,16,429.3378270904067
-20,16,100.0
-20,16,100.0
-20,17,100.0
-20,17,319.97120784468353
-20,17,100.0
-20,18,100.0
-20,18,100.0
-20,18,100.0
-20,19,131.26526496772362
-20,19,100.0
-20,19,100.0
-20,20,352.05703730715595
-20,20,100.0
-20,20,100.0
-19,20,100.0
-19,20,100.0
-19,20,100.0
-18,20,100.0
-18,20,100.0
-18,20,100.0
-17,20,100.0
-17,20,568.5289030782649
-17,20,100.0
-17,19,100.0
-17,19,100.0
-17,19,100.0
-17,18,100.0
-17,18,349.724181663125
-17,18,100.0
-16,18,100.0
-16,18,100.0
-16,18,584.9806052185974
-15,18,100.0
-15,18,100.0
-15,18,100.0
-14,18,100.0
-14,18,143.29690198453153
-14,18,169.26474482688755
-15,18,100.0
-15,18,100.0
-15,18,100.0
-14,18,100.0
-14,18,271.61029207335355
-14,18,100.0
-13,18,100.0
-13,18,100.0
-13,18,100.0
-12,18,1032.8146454288521
-12,18,100.0
-12,18,100.0
-13,18,100.0
-13,18,100.0
-13,18,392.6170090626998
-12,18,100.0
-12,18,289.49195535659317
-12,18,100.0
-11,18,252.9522616413719
-11,18,100.0
-11,18,274.76504190499986
-11,17,172.16838485869826
-11,17,100.0
-11,17,100.0
-10,17,353.3991630547542
-10,17,100.0
-10,17,268.47236802856935
-9,17,100.0
-9,17,113.66440769081818
-9,17,680.0508076972462
-8,17,176.62757485118868
-8,17,100.0
-8,17,100.0
-7,17,100.0
-7,17,100.0
-7,17,145.92459009292259
-6,17,344.0124068247862
-6,17,327.9404517034228
-6,17,618.7435245789283
-5,17,290.7675383545151
-5,17,264.27950976712657
-5,17,416.98286122363083
-4,17,397.7093597925876
-4,17,100.0
-4,17,100.0
-3,17,100.0
-3,17,548.1086138817329
-3,17,100.0
-2,17,100.0
-2,17,100.0
-2,17,713.3549613861422
-1,17,100.0
-1,17,435.95271497468167
-1,17,161.82429207187306
0,17,194.91520568088816
0,17,196.9000668103368
0,17,166.78611596232832
1,17,405.8301891867883
1,17,847.9109639462678
1,17,100.0
2,17,100.0
2,17,318.08670132299045
2,17,343.96786128353824
3,17,440.3384458357332
3,17,100.0
3,17,100.0
2,17,194.69981573408148
2,17,550.0289364245012
2,17,279.8115650110147
1,17,616.2770493372253
1,17,255.3768890039811
1,17,100.0
2,17,407.3542066756856
2,17,264.8096238112481
2,17,428.2707300558314
1,17,154.99479029770583
1,17,175.26936034731813
1,17,100.0
2,17,435.5376095413724
2,17,169.56435598269434
2,17,870.9409977557323
3,17,477.23268823111835
3,17,258.2560185961095
3,17,248.28041106031614
4,17,482.6337700563072
4,17,100.0
4,17,110.35267162148662
3,17,100.0
3,17,995.0422670414687
3,17,100.0
4,17,922.5423579770726
4,17,100.0
4,17,1118.2668701610066
5,17,556.3811565410365
5,17,863.8383020714443
5,17,477.9268116214466
6,17,798.9015798920165
6,17,354.59149786172895
6,17,100.0
7,17,247.04129569422878
7,17,100.0
7,17,709.2712394283039
7,16,100.0
7,16,257.37241723507043
7,16,348.6061056994779
8,16,643.613703187378
8,16,184.199541823766
8,16,251.2179104520492
7,16,540.4173368660436
7,16,209.08644824960083
7,16,441.64324452060305
6,16,100.0
6,16,540.5769256662513
6,16,372.8203379853583
7,16,352.4387235763987
7,16,100.0
7,16,578.9856495730676
6,16,240.04430689223005
6,16,100.0
6,16,100.0
7,16,100.0
7,16,344.748306628021
7,16,149.0692911843001
6,16,420.1294253372592
6,16,616.2143842139219
6,16,141.22376004240877
7,16,581.3251258194981
7,16,100.0
7,16,100.0
8,16,100.0
8,16,100.0
8,16,100.0
9,16,100.0
9,16,617.4582134569371
9,16,1033.7491935597225
8,16,100.0
8,16,586.1397973513438
8,16,839.4261440436557
9,16,100.0
9,16,695.5622799920454
9,16,329.6313641186478
10,16,324.71872759045505
10,16,125.6118741765184
10,16,100.0
11,16,873.861275500967
11,16,100.0
11,16,100.0
10,16,654.8567638116051
10,16,163.84398356662012
10,16,100.0
11,16,100.0
11,16,100.0
11,16,100.0
12,16,100.0
12,16,100.0
12,16,100.0
11,16,158.71100561247522
11,16,100.0
11,16,482.60785274347006
10,16,224.40272692048114
10,16,196.50628584982545
10,16,410.1172117162623
9,16,547.1551133571002
9,16,222.6324568807948
9,16,100.0
8,16,100.0
8,16,756.7232563611253
8,16,835.7432434593532
7,16,100.0
7,16,100.0
7,16,129.35712730141623
7,15,202.55673334496788
7,15,100.0
7,15,100.0
6,15,219.19170553366203
6,15,186.66265627198888
6,15,100.0
6,14,186.7380640251308
6,14,1024.2634203759078
6,14,626.5872917072893
6,13,100.0
6,13,177.4822449792625
6,13,190.98436244523393
5,13,281.5865488617781
5,13,354.63204512801786
5,13,100.0
5,12,100.0
5,12,100.0
5,12,632.0422682021663
4,12,427.2867281847928
4,12,277.6466149972936
4,12,1012.1901490341871
3,12,489.42663178721614
3,12,251.67424435751317
3,12,541.4713046625657
4,12,864.0707355976873
4,12,1156.2427651680212
4,12,100.0
4,13,100.0
4,13,162.80675117910528
4,13,334.7953467146615
3,13,100.0
3,13,100.0
3,13,100.0
3,12,139.0481244885658
3,12,913.3788641879039
3,12,520.5187634588517
2,12,507.3321783281755
2,12,191.2297334968493
2,12,868.4394310182972
2,11,775.8653478433
2,11,100.0
2,11,636.7960763240404
1,11,1302.3832667815607
1,11,1291.2169516438562
1,11,580.0258233995452
0,11,524.832369318954
0,11,1050.0178057659418
0,11,100.0
-1,11,386.15645270902377
-1,11,769.087008946449
-1,11,353.4335360056461
0,11,837.4899727747294
0,11,746.7133353403106
0,11,1372.863303550069
0,10,709.2778643092759
0,10,985.3810308618312
0,10,475.81034802896465
1,10,326.25332452978614
1,10,591.8125800482688
1,10,816.0804278244951
1,9,495.3225717549683
1,9,959.2098778878351
1,9,684.6089333457003
1,8,1121.0317198940684
1,8,263.91479976602756
1,8,428.4980491742783
1,7,281.56901570399276
1,7,393.56358739257377
1,7,589.711595408647
1,6,736.9822644040547
1,6,493.86181628610586
1,6,668.472078570346
0,6,619.5572370149415
0,6,380.8301411232357
0,6,747.1165747659145
-1,6,936.1170017786133
-1,6,498.58680403352867
-1,6,1105.701335233283
-2,6,774.3443087037867
-2,6,100.0
-2,6,933.6547139152624
-3,6,678.9611308879461
-3,6,633.2030820356807
-3,6,472.7255432482873
-4,6,669.8481353605063
-4,6,100.0
-4,6,815.6628923871822
-5,6,324.2339097300938
-5,6,671.255512970047
-5,6,983.0169620566685
