-12,15,200.0
-11,15,200.0
-11,15,200.0
-11,14,200.0
-11,14,200.0
-11,15,200.0
-11,15,1241.2097932438796
-11,14,200.0
-11,14,200.0
-11,13,200.0
-11,13,200.0
-10,13,200.0
-10,13,541.4879985332492
-10,12,200.0
-10,12,200.0
-9,12,2233.027517651668
-9,12,1884.7035337685738
-9,13,1497.0705903099224
-9,13,341.1443021460654
-9,12,1411.650781716401
-9,12,2245.6353132462846
-9,11,200.0
-9,11,200.0
-9,10,740.3880969730276
-9,10,923.9072006592324
-9,9,200.0
-9,9,1730.0806343296292
-9,10,1310.1111695376528
-9,10,604.0885787181786
-9,9,200.0
-9,9,200.0
-9,8,2533.89179109985
-9,8,393.67607940318277
-9,7,862.2235318307748
-9,7,867.7368834881735
-9,6,693.1497602333657
-9,6,200.0
-9,7,218.1510949774878
-9,7,200.0
-9,6,1264.5043798373229
-9,6,2361.579736490746
-9,5,2022.5867524375628
-9,5,614.4220475787091
-9,4,2027.8409783586526
-9,4,1854.5085989990203
-9,3,2768.285709125227
-9,3,788.2523384408735
-8,3,2151.247356814204
-8,3,1811.172686028825
-8,2,411.65728149427775
-8,2,200.0
-8,3,1599.8470904691724
-8,3,2655.154307562667
-8,2,720.0202238143215
-8,2,2266.2743205945235
-8,1,200.0
-8,1,2697.2460791682843
-8,0,200.0
-8,0,2976.4210587337716
-8,1,1273.3810497339114
-8,1,1519.4947076498104
-8,2,200.0
-8,2,3065.870744035305
-8,3,200.0
-8,3,2683.9164730460147
-8,4,200.0
-8,4,1278.0231686309507
-8,5,2969.7341666285183
-8,5,200.0
-9,5,200.0
-9,5,200.0
-9,6,590.4160882931249
-9,6,2370.637560859759
-9,7,1191.6586411324001
-9,7,1506.6723749029914
-9,8,200.0
-9,8,1056.7341236654806
-10,8,200.0
-10,8,800.5324679487262
-10,9,643.9079855836349
-10,9,1873.6726981576044
-9,9,200.0
-9,9,200.0
-10,9,523.1231233937277
-10,9,1063.7115726763782
-11,9,1319.2832785159517
-11,9,200.0
-12,9,200.0
-12,9,1285.4455173711574
-13,9,897.3998359856732
-13,9,200.0
-12,9,864.8432217601043
-12,9,1595.011927046871
-12,10,1038.3889207490824
-12,10,863.0866363616798
-12,11,1548.7407040323355
-12,11,200.0
-12,12,554.0398806701135
-12,12,200.0
-13,12,840.7253603516657
-13,12,530.4213787605964
-13,13,200.0
-13,13,200.0
-14,13,2140.950598028627
-14,13,802.2226057571166
-15,13,200.0
-15,13,200.0
-15,14,200.0
-15,14,200.0
-15,13,950.6072064938573
-15,13,200.0
-16,13,200.0
-16,13,200.0
-16,14,861.9026743186639
-16,14,200.0
-17,14,200.0
-17,14,200.0
-17,15,200.0
-17,15,200.0
-18,15,200.0
-18,15,200.0
-18,14,200.0
-18,14,200.0
-19,14,200.0
-19,14,200.0
-19,13,2197.5825138153823
-19,13,200.0
-20,13,200.0
-20,13,200.0
-20,14,200.0
-20,14,200.0
-20,15,200.0
-20,15,200.0
-20,16,200.0
-20,16,584.3533134950826
-20,17,200.0
-20,17,200.0
-20,18,200.0
-20,18,200.0
-20,19,200.0
-20,19,382.0420907096145
-20,20,200.0
-20,20,200.0
-19,20,200.0
-19,20,200.0
-18,20,303.0075589152543
-18,20,200.0
-17,20,200.0
-17,20,200.0
-17,19,200.0
-17,19,200.0
-17,18,200.0
-17,18,200.0
-16,18,200.0
-16,18,200.0
-15,18,1257.6458518329387
-15,18,200.0
-14,18,200.0
-14,18,200.0
-15,18,200.0
-15,18,222.01502454958654
-14,18,1103.4477750352266
-14,18,200.0
-13,18,200.0
-13,18,200.0
-12,18,200.0
-12,18,200.0
-13,18,200.0
-13,18,766.7273349184534
-12,18,200.0
-12,18,200.0
-11,18,1644.9913255650508
-11,18,200.0
-11,17,200.0
-11,17,1562.809629624434
-10,17,582.7346423412927
-10,17,973.8590892592738
-9,17,612.3757439218609
-9,17,1128.6098877563388
-8,17,200.0
-8,17,200.0
-7,17,1155.454619475743
-7,17,561.008613320966
-6,17,1898.0139506486655
-6,17,1057.9437528910994
-5,17,200.0
-5,17,201.647941487612
-4,17,200.0
-4,17,200.0
-3,17,200.0
-3,17,200.0
-2,17,1264.6005630539912
-2,17,882.5997324808294
-1,17,200.0
-1,17,526.0292255778587
0,17,200.0
0,17,1069.4468834484646
1,17,206.5629614201318
1,17,384.2726763299705
2,17,200.0
2,17,200.0
3,17,1339.798523152043
3,17,1762.308555321827
2,17,200.0
2,17,200.0
1,17,200.0
1,17,200.0
2,17,200.0
2,17,1137.915013462549
1,17,1310.9908687454126
1,17,276.58731892354496
2,17,524.4532877804725
2,17,200.0
3,17,747.9822072802789
3,17,200.0
4,17,200.0
4,17,200.0
3,17,948.9472607018548
3,17,200.0
4,17,217.08499097811455
4,17,816.491670306444
5,17,200.0
5,17,200.0
6,17,1242.08104088233
6,17,200.0
7,17,200.0
7,17,200.0
7,16,200.0
7,16,200.0
8,16,200.0
8,16,966.5006738225356
7,16,337.7301969529573
7,16,200.0
6,16,200.0
6,16,200.0
7,16,200.0
7,16,1689.3520717210686
6,16,1458.168761853916
6,16,200.0
7,16,200.0
7,16,564.1730929217968
6,16,2241.7746167214345
6,16,507.67859312311975
7,16,200.0
7,16,633.5104325175142
8,16,200.0
8,16,200.0
9,16,200.0
9,16,429.3701356457244
8,16,200.0
