8,-19,146.67406083979557
8,-19,50.0
8,-19,50.0
8,-19,50.0
8,-20,156.67998203960937
8,-20,50.0
8,-20,50.0
8,-20,50.0
8,-20,162.02930894782756
8,-19,50.0
8,-19,50.0
8,-19,50.0
8,-19,50.0
8,-19,284.26484592447287
8,-18,50.0
8,-18,50.0
8,-18,50.0
8,-18,50.0
8,-18,50.0
8,-17,50.0
8,-17,50.0
8,-17,50.0
8,-17,278.0380370043437
8,-17,235.3945366736703
8,-16,50.0
8,-16,50.0
8,-16,50.0
8,-16,120.88910156425051
8,-16,421.1116177285627
8,-15,283.6604410303064
8,-15,171.47852938048396
8,-15,50.0
8,-15,74.4391004960561
8,-15,90.85826145647617
8,-14,67.71214603951276
8,-14,277.84861437598215
8,-14,50.0
8,-14,50.0
8,-14,50.0
8,-13,400.6754533538866
8,-13,50.0
8,-13,50.0
8,-13,277.7928409086115
8,-13,319.4714595513343
8,-12,98.59350212024746
8,-12,220.85111993120927
8,-12,50.0
8,-12,50.0
8,-12,473.76978793124664
8,-11,157.11162513831283
8,-11,258.7582486910612
8,-11,435.11139043219885
8,-11,252.49229200136972
8,-11,298.27225274895125
8,-10,200.98347973054376
8,-10,539.0572606278856
8,-10,225.72278911647993
8,-10,50.0
8,-10,236.28701961404198
8,-9,50.0
8,-9,50.0
8,-9,484.4395806773937
8,-9,119.14410986140743
8,-9,110.54660840379385
8,-8,110.68093620439473
8,-8,50.0
8,-8,289.36612412748826
8,-8,162.24488669235927
8,-8,97.54646338883971
8,-7,254.23358604447165
8,-7,50.0
8,-7,50.0
8,-7,267.42679182494766
8,-7,395.69863882172933
8,-8,158.08170601773105
8,-8,317.8835464614761
8,-8,196.5778783724156
8,-8,239.84348747123752
8,-8,206.5119838387336
8,-7,420.28134809085725
8,-7,584.5420394831206
8,-7,136.3606858444839
8,-7,229.32442062509577
8,-7,102.02648857783875
8,-6,405.26712861206795
8,-6,93.32412109469979
8,-6,227.63608878144703
8,-6,50.0
8,-6,167.79399997647167
8,-5,236.42394807853697
8,-5,301.0352282056225
8,-5,50.0
8,-5,157.50042155002953
8,-5,50.0
8,-6,344.9843661054464
8,-6,50.0
8,-6,50.0
8,-6,61.252357373721935
8,-6,137.05404331744617
8,-5,50.0
8,-5,50.0
8,-5,270.15956217949184
8,-5,50.0
8,-5,430.7670941563869
8,-4,214.04109911114384
8,-4,50.0
8,-4,538.8440901066256
8,-4,112.80573822542272
8,-4,627.0666673039455
7,-4,50.0
7,-4,50.0
7,-4,512.6533938167036
7,-4,197.467619098584
7,-4,472.87508112602785
7,-3,517.2907067273309
7,-3,689.0344314244298
7,-3,284.8364761213036
7,-3,164.1412192326859
7,-3,300.9523546253199
6,-3,268.9805951691342
6,-3,50.0
6,-3,426.0377747540189
6,-3,279.7658688529771
6,-3,233.3784888794524
6,-2,522.856962957874
6,-2,294.65778747121567
6,-2,231.52816378551364
6,-2,227.84687815735867
6,-2,285.7766257962008
6,-1,420.83426891609196
6,-1,50.0
6,-1,433.69396240902154
6,-1,364.6549409070496
6,-1,50.0
6,0,752.556881343178
6,0,195.99856777165223
6,0,644.7117688834624
6,0,508.9945339756226
6,0,319.6723538316824
7,0,448.69179384589853
7,0,144.28032690362085
7,0,476.8591353182986
7,0,900.0
7,0,436.3931611638383
7,-1,348.61560916751944
7,-1,325.3413309765478
7,-1,344.3865013647732
7,-1,680.2412337985089
7,-1,615.7716111147411
6,-1,197.55461425204274
6,-1,184.61701785515083
6,-1,443.338113327536
6,-1,104.14831816313779
6,-1,808.4439942752513
6,0,839.2959958310155
6,0,252.80443501735874
6,0,50.0
6,0,343.98428634124116
6,0,210.36082118377539
6,1,598.5371072633682
6,1,213.6428601775831
6,1,50.0
6,1,383.9573475842773
6,1,900.0
5,1,898.688107300135
5,1,682.1530654387941
5,1,89.76525687108884
5,1,486.30332308834215
5,1,468.72574479709556
5,2,258.16817453785507
5,2,449.49125303692915
5,2,330.8191441889487
5,2,214.3730609298779
5,2,405.36610587061375
4,2,291.88721820591616
4,2,256.5133495233765
4,2,274.192082487996
4,2,398.3539217046683
4,2,134.70329559543637
3,2,467.3157108357234
3,2,749.7687772180369
3,2,295.05848625533974
3,2,173.95196192568025
3,2,883.8414969905838
3,1,637.1958725267998
3,1,340.04135874536036
3,1,464.8895064411628
3,1,130.33442886129922
3,1,654.5132522950253
3,2,299.35502426431054
3,2,202.77161435616875
3,2,393.32741317185213
3,2,373.77397058695993
3,2,352.26625948950107
4,2,381.78234662876366
4,2,900.0
4,2,345.13106224660396
4,2,559.9644522459299
4,2,900.0
4,3,411.9382008810548
4,3,364.8087967810123
4,3,311.75263642589573
4,3,266.51099501864684
4,3,376.88648778448555
3,3,160.68181362533713
3,3,154.72119708899578
3,3,166.18968567723562
3,3,365.5379959540921
3,3,498.23886747743836
2,3,900.0
2,3,436.4063522080752
2,3,50.0
2,3,609.2688079156532
2,3,365.6575334097166
2,4,613.3254651056461
2,4,285.1421569172458
2,4,347.0210819413568
2,4,517.8623255777248
2,4,375.41114519036546
1,4,728.3183868136872
1,4,110.30071930531611
1,4,696.5841616927005
1,4,584.71068893422
1,4,585.2837608174648
1,5,800.1162252641952
1,5,304.6569207182023
1,5,693.3223836289109
1,5,314.2891702525046
1,5,319.62550374158747
0,5,623.934109048539
0,5,147.8380623933371
0,5,396.1659398734183
0,5,275.8980940891074
0,5,139.80863389190404
0,6,50.0
0,6,524.2759579182241
0,6,95.16110115491028
0,6,766.4805674125628
0,6,381.36905014221236
0,7,158.6657726550887
0,7,488.52800701224504
0,7,427.6258232540131
0,7,50.0
0,7,615.9067816999648
-1,7,157.8866876855416
-1,7,292.1550332775374
-1,7,434.8475100826717
-1,7,549.3601027703965
-1,7,269.5170560001654
-1,8,897.5902500862339
-1,8,121.05036850880718
-1,8,293.9325304111991
-1,8,50.0
-1,8,146.8694385970266
-2,8,239.30312979764798
-2,8,334.2750046185522
-2,8,455.5543804036762
-2,8,122.35235090962965
-2,8,169.13731381347566
-3,8,274.7764338329632
-3,8,401.6573830808636
-3,8,683.7176643747849
-3,8,189.34182081012324
-3,8,576.225098301974
-4,8,84.2319892383523
-4,8,50.0
-4,8,237.9320485493188
-4,8,630.0663497607159
-4,8,374.6397313745621
-4,9,168.81863513201185
-4,9,110.97509520372512
-4,9,50.0
-4,9,310.8638944171551
-4,9,123.85839269605805
-5,9,320.87554761228836
-5,9,64.5106576621124
-5,9,50.0
-5,9,50.0
-5,9,252.11776016694643
-6,9,81.86373753914128
-6,9,234.65202079291817
-6,9,50.0
-6,9,770.8676773166464
-6,9,362.1841916140796
-6,10,50.0
-6,10,85.34932914971708
-6,10,323.60802619371424
-6,10,241.5541975368564
-6,10,280.7790460082788
-5,10,339.91654187350434
-5,10,50.0
-5,10,54.387204578599835
-5,10,618.4872476948664
-5,10,70.56456632078297
-6,10,337.4950602229627
-6,10,50.0
-6,10,50.0
-6,10,50.0
-6,10,50.0
-7,10,103.14947078346228
-7,10,350.9536915294098
-7,10,50.0
-7,10,373.626940334716
-7,10,75.39313781208278
-7,11,50.0
-7,11,70.71047636680184
-7,11,120.6941085480843
-7,11,50.0
-7,11,172.37747999805032
-7,10,360.4080293996487
-7,10,379.23608300658464
-7,10,67.48850636738992
-7,10,151.25480707742156
-7,10,268.07345945797067
-8,10,429.4027427714716
-8,10,96.16479557629481
-8,10,138.91346291205127
-8,10,747.6372903175071
-8,10,203.30278512401983
-9,10,50.0
-9,10,319.2560215172455
-9,10,50.0
-9,10,56.88033061317927
-9,10,232.8599400200061
-10,10,50.0
-10,10,50.0
-10,10,77.3470410262
-10,10,50.0
-10,10,543.9768064372677
-10,11,70.77253468010903
-10,11,492.84130529898476
-10,11,50.0
-10,11,542.9521879013425
-10,11,153.4662946334241
-11,11,131.40762741109398
-11,11,50.0
-11,11,280.1354500995644
-11,11,93.05995660536136
-11,11,183.62372392939486
-11,12,50.0
-11,12,248.71750320325472
-11,12,61.55244815593109
-11,12,305.48381043842016
-11,12,259.77036298838254
-11,13,50.0
-11,13,50.0
-11,13,50.0
-11,13,50.0
-11,13,50.0
-12,13,50.0
-12,13,270.26148570071723
-12,13,50.0
-12,13,335.43006421287873
-12,13,50.0
-13,13,50.0
-13,13,233.55652352470807
-13,13,50.0
-13,13,113.49999383362578
-13,13,50.0
-13,14,50.0
-13,14,227.9173161708333
-13,14,50.0
-13,14,132.35435849114972
-13,14,50.0
-14,14,385.7787150233443
-14,14,50.0
-14,14,50.0
-14,14,154.39862934295002
-14,14,57.456678237983
-15,14,50.0
-15,14,50.0
-15,14,50.0
-15,14,50.0
-15,14,465.0465571994723
-16,14,50.0
-16,14,153.73225320200652
-16,14,210.36983495284687
-16,14,61.329612304247945
-16,14,50.0
-17,14,254.89692355669735
-17,14,50.0
-17,14,50.0
-17,14,71.89222516880434
-17,14,50.0
-18,14,50.0
-18,14,50.0
-18,14,50.0
-18,14,50.0
-18,14,104.78623596391756
-18,15,50.0
-18,15,50.0
-18,15,50.0
-18,15,50.0
-18,15,50.0
-18,16,50.0
-18,16,216.55775457886182
-18,16,50.0
-18,16,50.0
-18,16,50.0
-19,16,50.0
-19,16,50.0
-19,16,229.8370119999026
-19,16,50.0
-19,16,50.0
-19,17,50.0
-19,17,149.95177275261204
-19,17,50.0
-19,17,50.0
-19,17,92.364403437785
-20,17,50.0
-20,17,50.0
-20,17,50.0
-20,17,50.0
-20,17,50.0
-20,18,50.0
-20,18,50.0
-20,18,50.0
-20,18,50.0
-20,18,51.79730737719893
-20,19,50.0
-20,19,50.0
-20,19,50.0
-20,19,50.0
-20,19,50.0
-20,20,50.0
-20,20,50.0
-20,20,50.0
-20,20,50.0
-20,20,50.0
-20,19,50.0
-20,19,50.0
-20,19,50.0
-20,19,50.0
-20,19,51.38305650131275
-19,19,50.0
-19,19,50.0
-19,19,50.0
-19,19,50.0
-19,19,50.0
-18,19,50.0
-18,19,50.0
-18,19,50.0
-18,19,50.0
-18,19,50.0
-17,19,50.0
-17,19,50.0
-17,19,50.0
-17,19,50.0
-17,19,50.0
-16,19,50.0
-16,19,50.0
-16,19,50.0
-16,19,50.0
-16,19,50.0
-16,18,50.0
-16,18,50.0
-16,18,50.0
-16,18,50.0
-16,18,50.0
-16,17,50.0
-16,17,50.0
-16,17,59.519450574513314
-16,17,50.0
-16,17,50.0
-16,16,50.0
-16,16,50.0
-16,16,50.0
-16,16,50.0
-16,16,50.0
-16,15,50.0
-16,15,50.0
-16,15,50.0
-16,15,50.0
-16,15,50.0
-15,15,50.0
-15,15,50.0
-15,15,254.62072732746626
-15,15,50.0
-15,15,50.0
-15,14,65.2504622021778
-15,14,50.0
-15,14,50.0
-15,14,50.0
-15,14,50.0
-15,13,50.0
-15,13,50.0
-15,13,50.0
-15,13,50.0
-15,13,50.0
-15,12,50.0
-15,12,50.0
-15,12,50.0
-15,12,50.0
-15,12,50.0
-15,11,50.0
-15,11,50.0
-15,11,50.0
-15,11,117.71425130766838
-15,11,323.49238834806715
-15,10,227.88114168407424
-15,10,203.86623098412358
-15,10,50.0
-15,10,50.0
-15,10,50.0
-14,10,50.0
-14,10,50.0
-14,10,303.38659006908586
-14,10,89.42576547487616
-14,10,50.0
-14,9,50.0
-14,9,166.30631522335563
-14,9,78.40384845421522
-14,9,50.0
-14,9,50.0
-14,8,50.0
-14,8,358.05087272471263
-14,8,125.30203546201707
-14,8,105.31381271578368
-14,8,50.0
-13,8,50.0
-13,8,50.0
-13,8,297.4785993898397
-13,8,50.0
-13,8,50.0
-12,8,304.2965424529373
-12,8,200.87431639119288
-12,8,396.32898105982775
-12,8,307.41586993114356
-12,8,50.0
-12,7,462.7261249546107
-12,7,50.0
-12,7,50.0
-12,7,441.09785864760784
-12,7,50.0
-12,6,242.41060585888926
-12,6,50.0
-12,6,50.0
-12,6,203.18078349223418
-12,6,487.9341253182456
-12,7,537.7544309352902
-12,7,50.0
-12,7,50.0
-12,7,89.14394137947704
-12,7,50.0
-12,8,50.0
-12,8,92.91126510625715
-12,8,50.0
-12,8,50.0
-12,8,50.0
-11,8,50.0
-11,8,50.0
-11,8,50.0
-11,8,178.95285065278483
-11,8,50.0
-11,9,50.0
-11,9,50.0
-11,9,50.0
-11,9,50.0
-11,9,50.0
-11,8,93.78988115086975
-11,8,50.0
-11,8,150.41539344491474
-11,8,50.0
-11,8,76.9550702206785
-11,7,103.17729163409507
-11,7,299.94678854339094
-11,7,160.93545132183772
-11,7,50.0
-11,7,245.66785482956826
-11,6,275.0082476364558
-11,6,127.56542498035287
-11,6,151.2067637043503
-11,6,300.8794285196838
-11,6,50.0
-10,6,152.51109856679167
-10,6,304.8047674435435
-10,6,83.20018529831611
-10,6,52.94528160924334
-10,6,288.44982078097235
-10,5,123.54625902100878
-10,5,356.36947546916366
-10,5,132.40357706695
-10,5,111.30226387075932
-10,5,263.47939606797786
-10,4,585.5255823313943
-10,4,50.0
-10,4,50.0
-10,4,84.61076609153714
-10,4,411.10242494755323
-9,4,670.0829347081421
-9,4,237.50072016046133
-9,4,120.29066233875855
-9,4,804.0234226629957
-9,4,212.41784052892078
-9,3,438.3155501269175
-9,3,50.0
-9,3,50.0
-9,3,50.0
-9,3,516.4986058668585
-8,3,307.8709082329765
-8,3,50.0
-8,3,203.40106546183193
-8,3,250.15750555292001
-8,3,378.40557062126237
-8,2,309.05668293960537
-8,2,212.85049675566898
-8,2,632.1769333258892
-8,2,363.7808519685858
-8,2,502.2192054287116
-8,1,141.7438202242795
-8,1,50.0
-8,1,288.03207681073377
-8,1,129.64118266119357
-8,1,229.32800269924152
-8,0,50.0
-8,0,50.0
-8,0,218.9646762583976
-8,0,187.86201634314105
-8,0,50.0
-8,-1,505.3692422031236
-8,-1,317.0398904097893
-8,-1,137.22426971201065
-8,-1,240.98082343451554
-8,-1,515.8939607969262
-7,-1,249.32915209112346
-7,-1,768.8189991566633
-7,-1,50.0
-7,-1,82.75550398430516
-7,-1,691.7242365451697
-7,-2,791.6491097585954
-7,-2,389.2162846899444
-7,-2,430.3776267731349
-7,-2,541.6331305458452
-7,-2,533.3250541420246
-7,-3,438.59797270769116
-7,-3,484.8698631891837
-7,-3,207.56075065804026
-7,-3,536.1639974155612
-7,-3,245.13239928607322
-8,-3,510.0353522544582
-8,-3,83.39151415334027
-8,-3,50.0
-8,-3,283.2832330870023
-8,-3,368.1709243307413
-8,-4,364.5347033707933
-8,-4,50.0
-8,-4,114.3151196755932
-8,-4,294.2782339103687
-8,-4,306.3086735003536
-8,-3,251.11714217359926
-8,-3,423.09408098934136
-8,-3,699.9873686611791
-8,-3,50.0
-8,-3,114.22491561904363
-9,-3,50.0
-9,-3,53.248178607533674
-9,-3,175.43228721590197
-9,-3,50.0
-9,-3,206.641289966331
-9,-2,423.6993134338098
-9,-2,242.4089792183438
-9,-2,65.88213283281476
-9,-2,92.01855123591292
-9,-2,122.42962531379585
-8,-2,50.0
-8,-2,686.810715114926
-8,-2,70.13361485303813
-8,-2,429.7898918396214
-8,-2,234.86327353324586
-8,-3,655.6177304630812
-8,-3,477.8571795101518
-8,-3,289.3944513848097
-8,-3,642.0427873828668
-8,-3,192.85982322445383
-8,-4,362.9087243110481
-8,-4,269.36306222427623
-8,-4,61.650167734776886
-8,-4,229.10267859814863
-8,-4,300.68475397811727
-8,-3,616.2964416672328
-8,-3,311.21026173788965
-8,-3,50.0
-8,-3,145.23198206781916
-8,-3,354.1908191383071
-8,-4,107.98659376437443
-8,-4,362.2672536385289
-8,-4,210.92694183944516
-8,-4,226.79132349720263
-8,-4,208.19011944018786
-8,-5,767.5130653650102
-8,-5,241.78248818345762
-8,-5,617.828843004001
-8,-5,414.5266869836254
-8,-5,50.0
-8,-6,289.33092581626227
-8,-6,90.49929430488174
-8,-6,318.14510290887915
-8,-6,511.47121541376504
-8,-6,354.0760249023241
-8,-7,244.8550878068673
-8,-7,50.0
-8,-7,331.03513525764527
-8,-7,636.4726375762776
-8,-7,134.3258923265209
-8,-6,900.0
-8,-6,644.8381877168847
-8,-6,406.23906995934897
-8,-6,126.59182237830032
-8,-6,237.15290475311102
-7,-6,291.83793573992585
-7,-6,434.9384615764642
-7,-6,242.70886771486147
-7,-6,286.03698878251095
-7,-6,230.71451347609457
-6,-6,306.3461805143055
-6,-6,50.0
-6,-6,557.33783298858
-6,-6,50.0
-6,-6,434.73423309739854
-6,-7,246.47818443959196
-6,-7,50.0
-6,-7,50.0
-6,-7,121.55855836353058
-6,-7,68.13534530857402
-5,-7,243.99569345194533
-5,-7,58.381323353788844
-5,-7,353.38932238724044
-5,-7,50.0
-5,-7,516.3173194656356
-5,-6,304.77603744885454
-5,-6,206.6965429594806
-5,-6,402.4789931350354
-5,-6,357.04509264736873
-5,-6,487.1747356108194
-5,-7,305.53114168855853
-5,-7,205.57969690020343
-5,-7,369.2044548923275
-5,-7,345.83425953916844
-5,-7,50.0
-5,-8,381.5843596387682
-5,-8,373.10350782229244
-5,-8,592.3248195701824
-5,-8,158.64169546280328
-5,-8,206.10222012306497
-4,-8,457.33293107412317
-4,-8,63.297464687091576
-4,-8,380.456980547286
-4,-8,290.5444568645934
-4,-8,164.47160708755177
-4,-9,278.4698227089334
-4,-9,185.5972940845602
-4,-9,395.48691050770844
-4,-9,71.78518318804484
-4,-9,207.34780597090054
-3,-9,113.22064571837629
-3,-9,221.7692635361031
-3,-9,50.0
-3,-9,630.9337752382473
-3,-9,320.54902937681095
-3,-8,63.64646439444439
-3,-8,314.1799902284188
-3,-8,353.0703736368011
-3,-8,446.76113913875395
-3,-8,366.37022372773095
-3,-7,315.0998695919155
-3,-7,215.96749705024794
-3,-7,96.98526397583866
-3,-7,50.0
-3,-7,50.0
-2,-7,173.5828252658805
-2,-7,145.50552880098581
-2,-7,514.733840408483
-2,-7,50.0
-2,-7,345.21480093705384
-1,-7,516.1952779069637
-1,-7,252.45482189714878
-1,-7,344.2847931992017
-1,-7,391.989059036054
-1,-7,272.959476827959
-1,-6,222.7527610810721
-1,-6,116.02215505069833
-1,-6,275.54033722754684
-1,-6,341.576524827952
-1,-6,365.54828822820156
0,-6,286.94340748815335
0,-6,704.8521439295525
0,-6,254.3761310055606
0,-6,610.4677355810413
0,-6,487.3202648003047
0,-5,50.0
0,-5,50.0
0,-5,141.4811830223013
0,-5,148.94867300312586
0,-5,50.0
0,-4,456.2753109856475
0,-4,137.84363411611167
0,-4,379.1366103022766
0,-4,425.73474654055735
0,-4,848.6700704574122
0,-3,654.2991240616618
0,-3,513.1948963504356
0,-3,602.2943420359757
0,-3,238.56380514405765
0,-3,50.0
0,-2,356.18285622649194
0,-2,512.478805848634
0,-2,512.6393936663815
0,-2,843.7110714829073
0,-2,422.6787313010849
1,-2,310.4999166687962
1,-2,900.0
1,-2,228.42140255514
1,-2,409.345417981879
1,-2,644.1879596633464
1,-1,649.3789178926424
1,-1,652.1165640133727
1,-1,240.3794494027942
1,-1,269.67142287120487
1,-1,115.13417139323673
2,-1,408.245797292803
2,-1,896.3388696605381
2,-1,708.8283539864575
2,-1,493.8776807606221
2,-1,702.3620594196913
2,0,383.64875799530625
2,0,718.7183653260882
2,0,425.00234709171934
2,0,50.0
2,0,449.50734874583884
2,1,50.0
2,1,374.9093741889566
2,1,563.6678145915705
2,1,232.598880675197
2,1,332.9968413317595
2,2,525.8961369058734
2,2,495.0564981913774
2,2,70.58887066542582
2,2,305.0184096900866
2,2,601.8247798110436
3,2,492.8543120870705
3,2,50.0
3,2,729.9577873007022
3,2,542.2891019957373
3,2,333.6438018497018
4,2,191.69970672946113
4,2,532.3239278272608
4,2,358.3495768215042
4,2,730.8845641694741
4,2,787.3128875225681
3,2,438.3979417597741
3,2,661.356226282809
3,2,540.6658227287253
3,2,180.18205695878623
3,2,322.17598515921145
3,3,99.99808992012376
3,3,50.0
3,3,723.4960877535475
3,3,720.5285072608399
3,3,388.06515370424256
3,4,236.97428518178253
3,4,50.0
3,4,731.1442615461556
3,4,643.3918038604705
3,4,99.09277506494388
3,5,213.9268074361782
3,5,256.118030058322
3,5,338.16315881806673
3,5,143.13429493954612
3,5,177.75924044508992
4,5,330.96740459892385
4,5,510.08019384795097
4,5,402.3977944882921
4,5,440.05396269595343
4,5,887.3469010259093
4,6,173.85366512467925
4,6,394.88802600683516
4,6,448.943569318274
4,6,195.4915697948464
4,6,162.97148139788803
5,6,89.62020411396144
5,6,50.0
5,6,495.4462873903315
5,6,268.9135380217265
5,6,179.22231295991241
6,6,638.7022042496658
6,6,222.46562629752117
6,6,264.9550203329325
6,6,196.0682480385254
6,6,269.7590503948054
6,7,50.0
6,7,50.0
6,7,54.81083027252771
6,7,269.98518343504594
6,7,151.75307779447235
6,8,50.0
6,8,210.11379864785317
6,8,124.90759590122701
6,8,168.62454477327137
6,8,304.3994619959201
7,8,455.13903050067387
7,8,669.1425760721842
7,8,288.8444189479535
7,8,228.11437181228862
7,8,150.72589964363493
7,9,50.0
7,9,50.0
7,9,50.0
7,9,284.6264291933792
7,9,312.9815951050028
8,9,50.0
8,9,103.572550330394
8,9,213.73712637127048
8,9,894.1264281800384
8,9,50.0
8,10,249.94377232168333
8,10,65.20482503921215
8,10,50.0
8,10,50.0
8,10,88.4722497340106
9,10,275.80764829375437
9,10,50.0
9,10,92.0815279011675
9,10,168.2942543676966
9,10,77.36339057713042
9,11,468.92972624802917
9,11,50.0
9,11,112.85713373279475
9,11,407.08776057340907
9,11,470.29031258941194
10,11,50.0
10,11,50.0
10,11,50.0
10,11,84.24356276376416
10,11,87.52962710106308
9,11,50.0
9,11,731.3686582276937
9,11,483.73332447074745
9,11,137.20897565603892
9,11,296.9935458048235
10,11,236.6258643603002
10,11,220.6183788008696
10,11,143.29108856381993
10,11,50.0
10,11,50.0
11,11,96.07971492174048
11,11,50.0
11,11,91.0245499687527
11,11,50.0
11,11,50.0
11,12,310.5504371486869
11,12,307.17506526297456
11,12,80.38943770207025
11,12,50.0
11,12,345.95588097958466
12,12,76.28287643264073
12,12,278.7943102193228
12,12,208.45732200151926
12,12,50.0
12,12,50.0
12,11,50.0
12,11,136.71334628678983
12,11,644.4811317127509
12,11,318.79771081901583
12,11,50.0
12,12,111.54850725215269
12,12,186.8225948038228
12,12,50.0
12,12,50.0
12,12,226.52415669741094
13,12,50.0
13,12,69.12362170269022
13,12,50.0
13,12,103.89995466673167
13,12,50.0
14,12,50.0
14,12,50.0
14,12,50.0
14,12,50.0
14,12,50.0
14,11,398.28437090191125
14,11,50.0
14,11,50.0
14,11,101.66393084812997
14,11,50.0
15,11,50.0
15,11,93.57133909816005
15,11,50.0
15,11,78.81712826361048
15,11,50.0
15,12,134.30360875618985
15,12,50.0
15,12,50.0
15,12,79.05257698525627
15,12,50.0
15,11,95.84587331037841
15,11,50.0
15,11,50.0
15,11,50.0
15,11,173.06378730176723
15,12,50.0
