8,-19,101.79784267715237
8,-19,50.0
8,-19,50.0
8,-19,50.0
8,-20,50.0
8,-20,50.0
8,-20,50.0
8,-20,58.151632267907324
8,-20,50.0
8,-19,50.0
8,-19,50.0
8,-19,50.0
8,-19,50.0
8,-19,196.73820122731343
8,-18,50.0
8,-18,155.32610198615583
8,-18,50.0
8,-18,78.30773469957268
8,-18,50.0
8,-17,523.2792611841086
8,-17,50.0
8,-17,50.0
8,-17,50.0
8,-17,50.0
8,-16,50.0
8,-16,50.0
8,-16,50.0
8,-16,50.0
8,-16,558.8303140951933
8,-15,112.90926237852514
8,-15,50.0
8,-15,184.56884981869513
8,-15,50.0
8,-15,267.32225828338295
8,-14,50.0
8,-14,93.2192579973953
8,-14,248.1377024763731
8,-14,50.0
8,-14,296.73638039296316
8,-13,50.0
8,-13,254.48864647487957
8,-13,225.390705059404
8,-13,50.0
8,-13,284.34922178792203
8,-12,264.090096752783
8,-12,50.0
8,-12,235.50568348489878
8,-12,207.7938269570912
8,-12,67.74032389079429
8,-11,360.645784502906
8,-11,180.04579757603577
8,-11,237.5863177995478
8,-11,348.7857717525801
8,-11,158.4360308839768
8,-10,620.7596264068835
8,-10,50.0
8,-10,50.0
8,-10,155.80495898007456
8,-10,684.49958383736
8,-9,258.1336616124225
8,-9,214.01727148021592
8,-9,227.19931075304234
8,-9,275.50631051262684
8,-9,244.25109263008903
8,-8,354.3619657870553
8,-8,50.0
8,-8,241.61585356548147
8,-8,323.73834089237016
8,-8,92.76093544456275
8,-7,494.9966155015447
8,-7,229.3631796497988
8,-7,97.87820290479208
8,-7,187.44258583038126
8,-7,398.25299721990143
8,-8,431.55945718538703
8,-8,50.0
8,-8,330.2194198934749
8,-8,493.427516727531
8,-8,50.0
8,-7,285.75467979892574
8,-7,351.4990255494138
8,-7,138.9841213142895
8,-7,50.0
8,-7,50.0
8,-6,260.9796456418768
8,-6,245.96625852386853
8,-6,756.1624467140736
8,-6,50.0
8,-6,326.68427461083644
8,-5,50.0
8,-5,50.0
8,-5,142.87800052965846
8,-5,58.65360124906181
8,-5,319.9018621284679
8,-6,148.95467112826586
8,-6,50.0
8,-6,560.7858740264857
8,-6,105.23778949637375
8,-6,266.3472885133895
8,-5,50.0
8,-5,286.9198712429306
8,-5,50.0
8,-5,276.6489699144292
8,-5,50.0
8,-4,393.4690062243982
8,-4,225.44141763835574
8,-4,445.90223206622073
8,-4,50.0
8,-4,376.5404435770583
7,-4,283.64898150765816
7,-4,315.15292884301874
7,-4,900.0
7,-4,404.2347712521639
7,-4,434.8606074800174
7,-3,262.99090411977954
7,-3,636.3712219933097
7,-3,260.51085149875473
7,-3,186.19230986980205
7,-3,158.5321255817674
6,-3,214.91541797668432
6,-3,492.1802395018819
6,-3,392.75267057184703
6,-3,60.76501284824383
6,-3,244.7262810888067
6,-2,156.60646450221088
6,-2,592.2064744586366
6,-2,154.43489132530127
6,-2,831.2565047416854
6,-2,455.02003636536966
6,-1,224.83210566592248
6,-1,358.7086051992836
6,-1,50.0
6,-1,304.80334784016395
6,-1,395.0947969326714
6,0,562.2479322735893
6,0,391.3219788236713
6,0,900.0
6,0,424.36733806263055
6,0,50.0
7,0,607.8455643741803
7,0,727.3277068450803
7,0,451.24563501052864
7,0,576.0029543362488
7,0,349.9330169106988
7,-1,311.2733070275925
7,-1,108.79702985334222
7,-1,259.4379486757781
7,-1,281.2055489972833
7,-1,313.4674985429825
6,-1,198.427812892556
6,-1,50.0
6,-1,447.36744962553286
6,-1,328.70243073406186
6,-1,511.8731483935104
6,0,237.5227340302545
6,0,786.2843240458772
6,0,344.6350097927193
6,0,900.0
6,0,726.2934426929355
6,1,110.27534724294533
6,1,743.1315001765084
6,1,270.192024964693
6,1,443.0906836749507
6,1,631.2574603394146
5,1,269.20078317433536
5,1,292.09976746626637
5,1,647.281716336116
5,1,173.6968542547218
5,1,390.95699618277524
5,2,121.41979270696021
5,2,437.6452168997911
5,2,633.5397612824174
5,2,308.5675538648208
5,2,65.97440502102876
4,2,442.5371819724736
4,2,340.1186218861969
4,2,353.028125163487
4,2,837.495624728639
4,2,91.54438794792725
3,2,414.512377261943
3,2,900.0
3,2,330.9102899670591
3,2,200.6238536541906
3,2,291.61506538061616
3,1,641.2940945849463
3,1,50.0
3,1,245.85752406562887
3,1,417.01076175507285
3,1,683.3094569431588
3,2,462.28663827866444
3,2,351.1976936553394
3,2,186.00542491586447
3,2,139.50665807588553
3,2,810.7661889022565
4,2,598.2439989828549
4,2,499.27912220126984
4,2,862.5295235504991
4,2,466.3016008986323
4,2,230.0015257183474
4,3,126.37606993056318
4,3,91.83905789235365
4,3,689.4222385759718
4,3,765.8019607149129
4,3,317.93555673247437
3,3,566.0322875466679
3,3,866.1851579737881
3,3,143.41381540618937
3,3,362.7563710652354
3,3,319.64933683772705
2,3,119.4856343695069
2,3,245.91652214201773
2,3,378.35153522292177
2,3,503.7041089757946
2,3,844.8603765708999
2,4,448.7092530080256
2,4,339.46839726292757
2,4,320.56425759594936
2,4,755.0841890790311
2,4,346.1635993888319
1,4,253.8396198054336
1,4,240.02129803124808
1,4,620.9235138324091
1,4,407.94011088855626
1,4,206.71072391271235
1,5,408.35569606150705
1,5,712.3776166232423
1,5,251.59910003081362
1,5,232.4428463172908
1,5,119.65630867150932
0,5,313.28874802808144
0,5,141.19159571359563
0,5,391.8589457299553
0,5,94.86666072042831
0,5,122.68652063568973
0,6,116.2390208714985
0,6,407.44688344060785
0,6,577.8948807524201
0,6,369.4749566183756
0,6,167.77400740394236
0,7,88.59990818675897
0,7,416.57921010492555
0,7,311.6078255007233
0,7,461.6831398660826
0,7,271.4786251259948
-1,7,221.73905252070816
-1,7,283.5062452375291
-1,7,569.7952080739811
-1,7,388.7714893621343
-1,7,469.97099913522834
-1,8,571.0010035421178
-1,8,84.95889059872013
-1,8,50.0
-1,8,107.64817990167109
-1,8,224.12321669897563
-2,8,633.1191715558581
-2,8,180.8224565662947
-2,8,57.84176676225769
-2,8,50.0
-2,8,548.7040539929018
-3,8,266.8526194356574
-3,8,384.7930206479796
-3,8,295.19787428854323
-3,8,124.32264628370328
-3,8,170.53248783649977
-4,8,435.570356034149
-4,8,344.22018744426373
-4,8,311.6763918932965
-4,8,265.771981024159
-4,8,261.31169125142895
-4,9,50.0
-4,9,50.0
-4,9,50.0
-4,9,162.821653466079
-4,9,275.4569977827966
-5,9,456.2352387436029
-5,9,143.18522304693806
-5,9,50.0
-5,9,237.63159947993063
-5,9,900.0
-6,9,50.0
-6,9,192.48096722724136
-6,9,154.77813821618787
-6,9,373.72605791924445
-6,9,105.05441169649053
-6,10,50.0
-6,10,75.5885548269633
-6,10,180.11999644907183
-6,10,283.92413329447646
-6,10,116.1584782035952
-5,10,50.0
-5,10,605.485125013651
-5,10,164.63551344949832
-5,10,414.4298683540242
-5,10,56.34516693339218
-6,10,55.425464257441575
-6,10,319.2525217933681
-6,10,237.2377954298044
-6,10,109.18365800440816
-6,10,142.2501671476698
-7,10,239.20660825435868
-7,10,149.43474718208802
-7,10,50.0
-7,10,129.41991064567608
-7,10,191.25867304172777
-7,11,405.9997553428578
-7,11,73.9831506075553
-7,11,393.90961337790986
-7,11,50.0
-7,11,200.70817542033836
-7,10,72.63088381648453
-7,10,183.58729919862802
-7,10,50.0
-7,10,50.0
-7,10,337.5377557077163
-8,10,169.59790369523353
-8,10,265.27787700300917
-8,10,135.06270621589766
-8,10,132.0352653807374
-8,10,277.1995565085135
-9,10,50.0
-9,10,50.0
-9,10,50.0
-9,10,275.9589057071638
-9,10,297.47110404604916
-10,10,240.73495532944554
-10,10,98.19656214680948
-10,10,371.3184384535732
-10,10,90.62477968177217
-10,10,50.0
-10,11,50.0
-10,11,50.0
-10,11,50.0
-10,11,50.0
-10,11,535.4555206360883
-11,11,305.85825299433145
-11,11,50.0
-11,11,50.0
-11,11,226.86958016962524
-11,11,461.3146832240534
-11,12,226.525800933978
-11,12,50.0
-11,12,50.0
-11,12,50.0
-11,12,199.9629641699509
-11,13,251.58516833687193
-11,13,50.0
-11,13,50.0
-11,13,150.6581157473567
-11,13,50.0
-12,13,90.68993126172145
-12,13,225.48528333045283
-12,13,50.0
-12,13,50.493514078388344
-12,13,278.08497840917056
-13,13,338.7013192351045
-13,13,271.5559720584794
-13,13,344.3992790323595
-13,13,170.06262547455714
-13,13,50.0
-13,14,233.9055573640881
-13,14,73.04551374574996
-13,14,50.0
-13,14,181.80034380561227
-13,14,50.0
-14,14,50.0
-14,14,50.0
-14,14,50.0
-14,14,50.0
-14,14,50.0
-15,14,68.8891612346658
-15,14,50.0
-15,14,126.95383182763359
-15,14,50.0
-15,14,50.0
-16,14,316.23757008642394
-16,14,50.0
-16,14,50.0
-16,14,50.0
-16,14,169.27191617956203
-17,14,70.28928076586615
-17,14,50.0
-17,14,50.0
-17,14,50.0
-17,14,50.0
-18,14,50.0
-18,14,50.0
-18,14,50.0
-18,14,50.0
-18,14,50.0
-18,15,50.0
-18,15,50.0
-18,15,50.0
-18,15,50.0
-18,15,50.0
-18,16,50.0
-18,16,50.0
-18,16,50.0
-18,16,50.0
-18,16,50.0
-19,16,50.0
-19,16,50.0
-19,16,50.0
-19,16,50.0
-19,16,50.0
-19,17,50.0
-19,17,50.0
-19,17,50.0
-19,17,50.0
-19,17,50.0
-20,17,50.0
-20,17,50.0
-20,17,50.0
-20,17,50.0
-20,17,50.0
-20,18,50.0
-20,18,50.0
-20,18,50.0
-20,18,50.0
-20,18,50.0
-20,19,50.0
-20,19,50.0
-20,19,50.0
-20,19,50.0
-20,19,50.0
-20,20,50.0
-20,20,50.0
-20,20,50.0
-20,20,50.0
-20,20,50.0
-20,19,50.0
-20,19,50.0
-20,19,50.0
-20,19,50.0
-20,19,50.0
-19,19,50.0
-19,19,50.0
-19,19,50.0
-19,19,50.0
-19,19,50.0
-18,19,50.0
-18,19,169.19925330561597
-18,19,50.0
-18,19,50.0
-18,19,270.70029053383723
-17,19,50.0
-17,19,231.15809267470428
-17,19,50.0
-17,19,441.7560264183707
-17,19,50.0
-16,19,174.60878221953107
-16,19,76.62131415014747
-16,19,50.0
-16,19,50.0
-16,19,50.0
-16,18,50.0
-16,18,50.0
-16,18,50.0
-16,18,50.0
-16,18,50.0
-16,17,50.0
-16,17,50.0
-16,17,50.0
-16,17,50.0
-16,17,50.0
-16,16,50.0
-16,16,50.0
-16,16,50.0
-16,16,50.0
-16,16,50.0
-16,15,50.0
-16,15,50.0
-16,15,70.17069093626299
-16,15,50.0
-16,15,50.0
-15,15,50.0
-15,15,85.87399319652599
-15,15,50.0
-15,15,50.0
-15,15,50.0
-15,14,84.41784125435345
-15,14,148.1798930434439
-15,14,244.9382789477155
-15,14,50.0
-15,14,50.0
-15,13,591.2670323086492
-15,13,50.0
-15,13,50.0
-15,13,50.0
-15,13,50.0
-15,12,166.05817681515475
-15,12,50.0
-15,12,50.0
-15,12,50.0
-15,12,78.13928802417567
-15,11,50.0
-15,11,50.0
-15,11,103.96782464763658
-15,11,50.0
-15,11,102.3647255676303
-15,10,117.29763589559957
-15,10,85.8408073871011
-15,10,50.0
-15,10,50.0
-15,10,188.49591042407357
-14,10,333.3718648806636
-14,10,50.0
-14,10,50.0
-14,10,50.0
-14,10,50.0
-14,9,50.0
-14,9,50.0
-14,9,112.5997720808195
-14,9,124.07330950372747
-14,9,50.0
-14,8,89.30229009534952
-14,8,50.0
-14,8,226.93541742241266
-14,8,93.424315271504
-14,8,123.66835618318244
-13,8,248.4600660303304
-13,8,318.1373566676906
-13,8,50.0
-13,8,50.0
-13,8,154.31676302205517
-12,8,310.24966660899696
-12,8,267.6573984788653
-12,8,50.0
-12,8,213.2363260744452
-12,8,113.26375657376063
-12,7,67.57293544948855
-12,7,73.82280826752334
-12,7,123.355982172568
-12,7,50.0
-12,7,50.0
-12,6,176.9106135701511
-12,6,56.070569060514536
-12,6,50.0
-12,6,175.04640792018543
-12,6,173.6588057722555
-12,7,84.85920545760627
-12,7,618.2916689691549
-12,7,50.0
-12,7,50.0
-12,7,187.8453687548253
-12,8,50.0
-12,8,139.0921269021142
-12,8,50.0
-12,8,408.3311527165945
-12,8,143.96085969612898
-11,8,50.0
-11,8,239.37158211233844
-11,8,140.11095791340244
-11,8,103.5228740550136
-11,8,50.0
-11,9,166.12069751386053
-11,9,667.7893304631036
-11,9,121.11843377570145
-11,9,50.0
-11,9,104.1771485320539
-11,8,50.0
-11,8,401.55248961268165
-11,8,50.0
-11,8,136.55205999981908
-11,8,50.0
-11,7,270.90676547278775
-11,7,161.423814436526
-11,7,50.0
-11,7,218.45559051500084
-11,7,303.92706020337437
-11,6,344.1493905160059
-11,6,50.0
-11,6,95.43507879690725
-11,6,50.0
-11,6,55.208056889930134
-10,6,50.0
-10,6,229.15966803719647
-10,6,433.0075778023149
-10,6,50.0
-10,6,50.0
-10,5,420.88565588645383
-10,5,156.16651461670835
-10,5,50.0
-10,5,50.0
-10,5,50.0
-10,4,253.10867187445245
-10,4,463.2145399385034
-10,4,107.28701784392034
-10,4,50.0
-10,4,188.72598080858825
-9,4,50.0
-9,4,219.30284306508022
-9,4,216.0458363477467
-9,4,488.1294327503721
-9,4,590.9575972144194
-9,3,187.36976803611196
-9,3,844.1043618422638
-9,3,236.961026286956
-9,3,400.33759102293317
-9,3,279.238999716817
-8,3,50.0
-8,3,900.0
-8,3,165.2410866407833
-8,3,101.12643602201655
-8,3,361.8332540714536
-8,2,332.6602710440319
-8,2,483.579775164713
-8,2,190.29893013616984
-8,2,112.45914653907404
-8,2,50.0
-8,1,426.2569714571754
-8,1,216.24894352061597
-8,1,50.0
-8,1,420.0130637892707
-8,1,503.6275067448935
-8,0,164.23697975941653
-8,0,290.08401246112874
-8,0,92.18878735646949
-8,0,347.4926548718986
-8,0,612.64390366621
-8,-1,849.7019302259137
-8,-1,250.5214394703737
-8,-1,409.17259500282023
-8,-1,250.61606484298835
-8,-1,86.55312613207195
-7,-1,605.7543692401315
-7,-1,158.9751479975268
-7,-1,465.646563802719
-7,-1,787.0550732517793
-7,-1,490.0339186818465
-7,-2,50.0
-7,-2,400.36244745114544
-7,-2,50.0
-7,-2,282.93302090250427
-7,-2,851.8723981264377
-7,-3,307.7499275775064
-7,-3,50.0
-7,-3,377.7242643278835
-7,-3,324.11688636297436
-7,-3,355.62167124956557
-8,-3,50.0
-8,-3,302.3964328046769
-8,-3,106.46512520568605
-8,-3,50.0
-8,-3,166.10610451965448
-8,-4,180.27099671996783
-8,-4,540.4399258607046
-8,-4,385.46128308423897
-8,-4,50.0
-8,-4,50.0
-8,-3,343.5082185827815
-8,-3,326.0633456240216
-8,-3,183.23827031965448
-8,-3,324.6269945791206
-8,-3,440.6790815384377
-9,-3,362.1976654273117
-9,-3,50.0
-9,-3,549.2884776363129
-9,-3,188.84163589841256
-9,-3,411.7854129834335
-9,-2,865.647422492533
-9,-2,50.0
-9,-2,481.60844396766095
-9,-2,900.0
-9,-2,738.0997256935389
-8,-2,98.57652852453097
-8,-2,456.8724456127418
-8,-2,576.843199502553
-8,-2,470.1221202816716
-8,-2,50.0
-8,-3,300.8443461649339
-8,-3,318.2348965230234
-8,-3,412.77276059888436
-8,-3,731.9476067573723
-8,-3,556.2755906599533
-8,-4,175.01352836771582
-8,-4,195.85737100742926
-8,-4,210.07433494117265
-8,-4,375.8135137419522
-8,-4,379.69685547390475
-8,-3,290.40838225404764
-8,-3,149.04699253340618
-8,-3,227.14478713163197
-8,-3,386.82048809250716
-8,-3,268.34928524730424
-8,-4,808.6537724739405
-8,-4,122.92223048433007
-8,-4,300.2458230416036
-8,-4,489.10930462718
-8,-4,56.65676402838943
-8,-5,50.0
-8,-5,79.04162948507843
-8,-5,278.4658045835725
-8,-5,103.09131554565815
-8,-5,517.9672636134196
-8,-6,489.14396293100515
-8,-6,54.81496716619242
-8,-6,416.7507034412745
-8,-6,813.6518507157396
-8,-6,50.0
-8,-7,323.57424487194396
-8,-7,230.76329673634288
-8,-7,188.6839807638583
-8,-7,183.77281695554078
-8,-7,337.85340917055504
-8,-6,239.09032044121312
-8,-6,271.3544358387418
-8,-6,614.2129147318103
-8,-6,144.57541280380644
-8,-6,50.0
-7,-6,196.94713751807183
-7,-6,118.37409154070357
-7,-6,147.8435372712001
-7,-6,148.5546910802988
-7,-6,312.0466866543331
-6,-6,240.4511057811758
-6,-6,165.62976006681748
-6,-6,50.0
-6,-6,50.0
-6,-6,433.25356941965595
-6,-7,50.0
-6,-7,50.0
-6,-7,80.11447308011373
-6,-7,50.0
-6,-7,50.0
-5,-7,382.5847292390252
-5,-7,603.2738108216724
-5,-7,257.0704119821985
-5,-7,695.6430543302415
-5,-7,410.2983387494031
-5,-6,140.8884168354807
-5,-6,691.2535524544659
-5,-6,156.63098006324273
-5,-6,427.1047906539444
-5,-6,125.77876394422856
-5,-7,130.7446364892054
-5,-7,213.80105869421092
-5,-7,50.0
-5,-7,220.09354566554472
-5,-7,201.99504535418552
-5,-8,176.82881162040866
-5,-8,141.35351917621563
-5,-8,261.4022518358587
-5,-8,114.05288138045697
-5,-8,50.0
-4,-8,152.2075915687788
-4,-8,76.0466924509862
-4,-8,50.0
-4,-8,141.2467946548892
-4,-8,138.82213227741659
-4,-9,70.30429228332599
-4,-9,373.0184828478066
-4,-9,328.16185064112983
-4,-9,900.0
-4,-9,342.2057859280391
-3,-9,96.44636955384381
-3,-9,133.0930733495012
-3,-9,271.257921164207
-3,-9,265.3031477473365
-3,-9,285.479571183818
-3,-8,134.6184266876429
-3,-8,587.6170336776761
-3,-8,179.96967208742078
-3,-8,309.90880522223324
-3,-8,187.41951214244995
-3,-7,495.4632052905009
-3,-7,281.6291968220506
-3,-7,176.85326767734438
-3,-7,60.075548244750394
-3,-7,146.28113444579807
-2,-7,320.8090138359896
-2,-7,101.79375762352296
-2,-7,328.91852111337164
-2,-7,439.7585765954723
-2,-7,396.1317530088592
-1,-7,708.5402937902062
-1,-7,50.0
-1,-7,426.6250403092448
-1,-7,50.0
-1,-7,250.24352581019696
-1,-6,77.50736229937837
-1,-6,204.13938923665853
-1,-6,713.0015735807101
-1,-6,74.6354931997374
-1,-6,482.9244558163385
0,-6,231.22073984242792
0,-6,275.2655044304617
0,-6,134.28284693947657
0,-6,183.03683912144092
0,-6,524.5541719983836
0,-5,167.26797822238422
0,-5,834.7293152187694
0,-5,691.4793854350653
0,-5,206.22364501847542
0,-5,206.6332085426173
0,-4,306.164476603298
0,-4,595.9919131592794
0,-4,112.47643131477304
0,-4,442.1023175564626
0,-4,278.2855911080235
0,-3,873.2967952932534
0,-3,445.681678032181
0,-3,720.1299702742837
0,-3,806.6354644414175
0,-3,835.1478452458834
0,-2,717.6782556005727
0,-2,708.3727802821882
0,-2,331.17400648938576
0,-2,453.732247464375
0,-2,199.50848209891484
1,-2,763.8985657595157
1,-2,532.5411884948142
1,-2,334.2015117118382
1,-2,554.9626441618166
1,-2,618.762235240898
1,-1,847.2067376751988
1,-1,900.0
1,-1,705.8150620384743
1,-1,461.7105327547091
1,-1,241.79726856241024
2,-1,883.9346890486329
2,-1,819.3567017002201
2,-1,179.9839014053082
2,-1,560.7839644791649
2,-1,864.3135280319486
2,0,345.84915246162126
2,0,709.9133521430704
2,0,628.5960197584784
2,0,278.6521797213522
2,0,723.6630713288316
2,1,252.50610019187943
2,1,900.0
2,1,170.73563381716133
2,1,268.84078628332463
2,1,329.4934434315866
2,2,336.20665967613587
2,2,175.27075778577904
2,2,695.8053912669944
2,2,351.47498684991376
2,2,316.23195437447094
3,2,590.8577340344274
3,2,266.9807243270266
3,2,55.14731394836582
3,2,900.0
3,2,143.4209394456612
4,2,50.0
4,2,762.0853009638718
4,2,350.3808969738446
4,2,50.0
4,2,732.0223660217018
3,2,146.00507133448718
3,2,623.6078848630757
3,2,757.5307919267194
3,2,825.3401935623981
3,2,297.34720389030457
3,3,336.304889659812
3,3,118.16598314192706
3,3,317.68032680821557
3,3,900.0
3,3,479.4972809866528
3,4,405.75706568875466
3,4,381.78824300542476
3,4,312.79819207306036
3,4,900.0
3,4,50.0
3,5,97.0997457079315
3,5,302.2703738836416
3,5,303.02674219987233
3,5,338.6207647570383
3,5,325.6478730579347
4,5,291.5974548192811
4,5,719.2395166461056
4,5,110.0739078668835
4,5,296.76872478287004
4,5,186.60085477214335
4,6,141.3070925492159
4,6,553.5772471492896
4,6,50.0
4,6,279.75759761263726
4,6,50.44763870144746
5,6,207.26645038644452
5,6,465.73361448195516
5,6,50.0
5,6,201.9090892633466
5,6,50.0
6,6,291.8118722089917
6,6,100.34203810433587
6,6,702.0189272036102
6,6,289.3276843434194
6,6,62.17047628413167
6,7,90.7717220111376
6,7,535.922329287938
6,7,264.3877713695478
6,7,322.81042919271306
6,7,278.4599325026712
6,8,50.0
6,8,807.9463446472103
6,8,181.81424189911888
6,8,106.39640630624258
6,8,313.3284612338208
7,8,237.73830743426208
7,8,50.0
7,8,63.172635526243496
7,8,148.55254358289324
7,8,50.0
7,9,549.7603378468664
7,9,496.4544065660862
7,9,60.059835485239645
7,9,422.37559627787596
7,9,152.12967760722705
8,9,50.0
8,9,394.4498420779495
8,9,111.68130986281375
8,9,180.6825777537061
8,9,621.4507487408268
8,10,505.775494755466
8,10,153.10986780401146
8,10,434.1013508380702
8,10,222.14688039413437
8,10,462.7070124772053
9,10,236.4831565885018
9,10,514.8867840188301
9,10,181.54731824387508
9,10,156.0687310150513
9,10,156.69351473901128
9,11,91.30156916498163
9,11,515.7132821632147
9,11,50.0
9,11,50.0
9,11,143.14297279148616
10,11,50.0
10,11,116.95610043250409
10,11,142.9441177667991
10,11,319.30948269796994
10,11,50.0
9,11,50.0
9,11,627.6558959857216
9,11,50.0
9,11,63.11356076549653
9,11,211.63893369811439
10,11,94.67239537326955
10,11,50.0
10,11,191.27974821034175
10,11,93.29925349746335
10,11,50.0
11,11,50.0
11,11,310.72213377471996
11,11,233.32073857692438
11,11,159.68759296033437
11,11,50.0
11,12,50.0
11,12,50.0
11,12,50.0
11,12,124.51251696411356
11,12,50.0
12,12,197.54735528564404
12,12,50.0
12,12,50.0
12,12,118.24339657542353
12,12,50.0
12,11,359.9800263808501
12,11,102.05340263639685
12,11,50.0
12,11,50.0
12,11,293.7715887553699
12,12,216.6951207002603
12,12,50.0
12,12,132.10998114748347
12,12,50.0
12,12,89.43292308444593
13,12,50.0
13,12,50.0
13,12,403.80253617861626
13,12,50.0
13,12,50.0
14,12,84.63633380501034
14,12,50.0
14,12,50.0
14,12,50.0
14,12,50.0
14,11,54.52891290841745
14,11,50.0
14,11,50.0
14,11,50.0
14,11,256.18627775209836
15,11,174.39471855570753
15,11,421.69690446745653
15,11,50.0
15,11,50.0
15,11,125.39779096293063
15,12,196.47357638172733
15,12,50.0
15,12,50.0
15,12,164.06347171924847
15,12,50.0
15,11,50.0
15,11,50.0
15,11,545.0993177037534
15,11,50.0
15,11,50.0
15,12,50.0
