8,-19,200.0
8,-20,200.0
8,-20,200.0
8,-19,752.309116395441
8,-19,200.0
8,-18,746.2008306658331
8,-18,484.97315572804337
8,-17,728.9821794786058
8,-17,200.0
8,-16,1733.6996224055981
8,-16,200.0
8,-15,611.9439642075688
8,-15,1137.1389935947664
8,-14,715.2795645267304
8,-14,1265.518971228263
8,-13,200.0
8,-13,200.0
8,-12,200.0
8,-12,839.0499272720076
8,-11,825.8798294198983
8,-11,1132.7325401524247
8,-10,1288.419372617632
8,-10,315.10580619514883
8,-9,1692.8036521472568
8,-9,200.0
8,-8,871.2645217169921
8,-8,1159.0145135127161
8,-7,687.3657308883517
8,-7,200.0
8,-8,576.6110848167849
8,-8,1260.0566781768669
8,-7,1026.9470300614041
8,-7,900.2632322199978
8,-6,1915.925687693028
8,-6,867.5163882670531
8,-5,782.1716836849959
8,-5,666.470189350325
8,-6,312.28986409604363
8,-6,460.8395079019564
8,-5,200.0
8,-5,607.3430732227687
8,-4,1251.9408056319824
8,-4,965.334065371569
7,-4,1211.2408141410517
7,-4,1195.9973387604794
7,-3,1621.9230887747672
7,-3,1181.0336609702676
6,-3,743.8843197356666
6,-3,586.6155080757347
6,-2,428.2163517552493
6,-2,200.0
6,-1,793.5547956473839
6,-1,1217.8081222744956
6,0,1669.5402272682345
6,0,1161.7814522652568
7,0,1468.2463833067834
7,0,469.14556767815066
7,-1,1660.1810311241625
7,-1,1682.2422014618116
6,-1,3358.7109835373712
6,-1,1177.2237968650466
6,0,350.3080741277381
6,0,283.34447482413077
6,1,960.1773338293671
6,1,2410.3268507363073
5,1,1144.6115511107644
5,1,567.158023865529
5,2,1982.1050432658913
5,2,2478.827654885925
4,2,2306.388781193078
4,2,1159.6542537150722
3,2,3243.922926075814
3,2,785.4563532864375
3,1,2022.5268262811505
3,1,1854.7379890482441
3,2,1744.2348947485693
3,2,1394.1513095975754
4,2,3126.685584318198
4,2,1683.297778029317
4,3,890.2868063820868
4,3,2025.1124850333558
3,3,1521.9251661209744
3,3,1585.1980208231216
2,3,1019.4098669326236
2,3,1564.7482598364513
2,4,1798.2023179243536
2,4,1974.5723586193917
1,4,1813.9043914832514
1,4,1195.540915368269
1,5,2228.148505475761
1,5,200.0
0,5,1796.3230728833842
0,5,2450.917422870675
0,6,1037.3554583328255
0,6,1297.0151682071948
0,7,1905.5372729534133
0,7,907.3288117019532
-1,7,995.1580778998504
-1,7,2413.545622482349
-1,8,612.5161161830376
-1,8,200.0
-2,8,1333.9061393869715
-2,8,1468.0778561880652
-3,8,1381.3806414639596
-3,8,1818.1243283417703
-4,8,871.6338080896332
-4,8,985.8956580588388
-4,9,853.7348183636336
-4,9,850.7732791950239
-5,9,1188.01536883914
-5,9,200.0
-6,9,1594.9876278183556
-6,9,1445.822242428584
-6,10,1687.442638182241
-6,10,200.0
-5,10,336.66517849826334
-5,10,1560.745342885922
-6,10,851.0399148590857
-6,10,200.0
-7,10,200.0
-7,10,200.0
-7,11,584.8550496144279
-7,11,851.5280122544129
-7,10,556.2252923452287
-7,10,200.0
-8,10,1049.1142322447977
-8,10,200.0
-9,10,677.0948993747506
-9,10,712.1008017425316
-10,10,518.5502629528193
-10,10,590.770877198867
-10,11,1347.4088976136347
-10,11,200.0
-11,11,376.82169362545784
-11,11,200.0
-11,12,1007.5077291675107
-11,12,764.8403894294185
-11,13,200.0
-11,13,408.8942786973061
-12,13,414.44502581497557
-12,13,451.0605748192593
-13,13,628.6289217478165
-13,13,200.0
-13,14,200.0
-13,14,200.0
-14,14,2126.5046169638235
-14,14,200.0
-15,14,200.0
-15,14,200.0
-16,14,392.6167196199803
-16,14,922.8523569707884
-17,14,1731.4913762981712
-17,14,200.0
-18,14,200.0
-18,14,200.0
-18,15,314.925466577135
-18,15,200.0
-18,16,200.0
-18,16,200.0
-19,16,200.0
-19,16,200.0
-19,17,200.0
-19,17,200.0
-20,17,200.0
-20,17,200.0
-20,18,200.0
-20,18,200.0
-20,19,200.0
-20,19,200.0
-20,20,200.0
-20,20,200.0
-20,19,200.0
-20,19,200.0
-19,19,200.0
-19,19,608.4975274949087
-18,19,200.0
-18,19,200.0
-17,19,200.0
-17,19,859.0915709525534
-16,19,200.0
-16,19,200.0
-16,18,200.0
-16,18,200.0
-16,17,200.0
-16,17,200.0
-16,16,200.0
-16,16,281.8288789003081
-16,15,200.0
-16,15,725.651814950828
-15,15,736.0716730021518
-15,15,918.1148868992141
-15,14,567.0049389618003
-15,14,200.0
-15,13,950.0574637687728
-15,13,469.0672334466293
-15,12,200.0
-15,12,200.0
-15,11,200.0
-15,11,200.0
-15,10,200.0
-15,10,273.2986497838747
-14,10,200.0
-14,10,312.63675606058814
-14,9,200.0
-14,9,200.0
-14,8,838.6092142359146
-14,8,1164.203073694699
-13,8,200.0
-13,8,200.0
-12,8,200.0
-12,8,993.2264158335054
-12,7,200.0
-12,7,623.0680316689215
-12,6,1586.2000727856248
-12,6,734.1101978192879
-12,7,200.0
-12,7,444.90799696340025
-12,8,200.0
-12,8,731.6129370933016
-11,8,200.0
-11,8,1830.9561894458184
-11,9,200.0
-11,9,1146.6652916012395
-11,8,200.0
-11,8,200.04098903539153
-11,7,817.7562200815859
-11,7,858.7911133475311
-11,6,1226.4140034227426
-11,6,1119.3880721140554
-10,6,322.41234956133206
-10,6,1356.2483398693957
-10,5,285.10583570712777
-10,5,200.0
-10,4,268.10249411827556
-10,4,932.2572932465354
-9,4,1196.513199259012
-9,4,701.5815864095791
-9,3,761.3310589633302
-9,3,977.2617689367676
-8,3,1588.8431904465542
-8,3,1625.1550349471138
-8,2,355.28464167373613
-8,2,1476.0938689923385
-8,1,1725.043149244879
-8,1,1140.349537998221
-8,0,220.63354354817614
-8,0,979.2833576081094
-8,-1,2520.472513734653
-8,-1,1575.169803304042
-7,-1,856.5185591906826
