-12,15,200.0
-11,15,312.1459929998862
-11,15,200.0
-11,14,200.0
-11,14,1320.0695967371557
-11,15,200.0
-11,15,200.0
-11,14,1441.065753556775
-11,14,412.40730500957807
-11,13,200.0
-11,13,841.5424455322633
-10,13,200.0
-10,13,431.7307181450666
-10,12,1328.404314480559
-10,12,1127.5530334265288
-9,12,718.7566316016781
-9,12,662.0796000579094
-9,13,200.0
-9,13,1911.5306843136862
-9,12,200.0
-9,12,200.0
-9,11,673.0599330467736
-9,11,1200.542567294192
-9,10,200.0
-9,10,342.86484333096206
-9,9,200.0
-9,9,200.0
-9,10,1336.4481245876748
-9,10,1774.723901442613
-9,9,1130.8493029316207
-9,9,200.0
-9,8,200.0
-9,8,200.0
-9,7,2024.8274047512964
-9,7,200.0
-9,6,200.0
-9,6,200.0
-9,7,1318.8117527542838
-9,7,1130.9368382932596
-9,6,1041.7646444140664
-9,6,1366.9507874211492
-9,5,200.0
-9,5,318.45263023108
-9,4,200.0
-9,4,692.6298403315272
-9,3,1170.8780655406374
-9,3,372.8892286291059
-8,3,2456.2030605993596
-8,3,977.7445785969009
-8,2,1106.153912985874
-8,2,1164.0389489188897
-8,3,691.4547101819196
-8,3,590.0145328858888
-8,2,344.34797801698994
-8,2,878.5766057209577
-8,1,2642.9481717649564
-8,1,650.521916721709
-8,0,200.0
-8,0,2160.9488540445313
-8,1,2304.403611648884
-8,1,1991.4560667266169
-8,2,1659.629272068948
-8,2,672.943263902484
-8,3,200.0
-8,3,1149.4853724745974
-8,4,200.0
-8,4,200.0
-8,5,3196.225541126052
-8,5,200.0
-9,5,200.0
-9,5,814.3618672251963
-9,6,1983.7049864052606
-9,6,717.9628982834417
-9,7,1114.5306889173992
-9,7,790.1469443658706
-9,8,200.0
-9,8,200.0
-10,8,200.0
-10,8,1340.3612615117622
-10,9,200.0
-10,9,200.0
-9,9,200.0
-9,9,1180.4402248683868
-10,9,2082.277216589248
-10,9,2333.3107547629043
-11,9,414.11611774063005
-11,9,200.0
-12,9,2316.231188400483
-12,9,200.0
-13,9,767.3962093761936
-13,9,200.0
-12,9,1675.5369617296083
-12,9,200.0
-12,10,1299.6452722035922
-12,10,1118.6617790880646
-12,11,200.0
-12,11,542.6928919558111
-12,12,200.0
-12,12,200.0
-13,12,200.0
-13,12,200.0
-13,13,271.3539644365322
-13,13,200.0
-14,13,200.0
-14,13,1099.283282750411
-15,13,227.33303592975875
-15,13,724.520909235498
-15,14,200.0
-15,14,200.0
-15,13,200.0
-15,13,200.0
-16,13,846.0669949768546
-16,13,200.0
-16,14,200.0
-16,14,200.0
-17,14,200.0
-17,14,200.0
-17,15,200.0
-17,15,200.0
-18,15,200.0
-18,15,200.0
-18,14,200.0
-18,14,200.0
-19,14,200.0
-19,14,1224.8730037054224
-19,13,321.7179619797975
-19,13,200.0
-20,13,200.0
-20,13,200.0
-20,14,200.0
-20,14,200.0
-20,15,200.0
-20,15,200.0
-20,16,200.0
-20,16,200.0
-20,17,200.0
-20,17,200.0
-20,18,200.0
-20,18,200.0
-20,19,200.0
-20,19,200.0
-20,20,200.0
-20,20,200.0
-19,20,200.0
-19,20,200.0
-18,20,200.0
-18,20,581.508573997181
-17,20,200.0
-17,20,411.0085950227053
-17,19,200.0
-17,19,200.56336496867243
-17,18,200.0
-17,18,200.0
-16,18,200.0
-16,18,718.0929468817849
-15,18,200.0
-15,18,200.0
-14,18,200.0
-14,18,200.0
-15,18,200.0
-15,18,200.0
-14,18,200.0
-14,18,200.0
-13,18,200.0
-13,18,200.0
-12,18,200.0
-12,18,1461.7641244461906
-13,18,200.0
-13,18,200.0
-12,18,200.0
-12,18,200.0
-11,18,200.0
-11,18,865.8110815640944
-11,17,227.6760334830666
-11,17,368.1721878252847
-10,17,1025.9918348146448
-10,17,505.8388943441822
-9,17,200.0
-9,17,1723.7783235803859
-8,17,200.0
-8,17,200.0
-7,17,1539.6278940975792
-7,17,1288.860839902273
-6,17,200.0
-6,17,283.77698182041644
-5,17,200.0
-5,17,200.0
-4,17,1212.7950972572662
-4,17,2231.3390492043754
-3,17,200.0
-3,17,200.0
-2,17,200.0
-2,17,200.0
-1,17,953.4829214919594
-1,17,200.0
0,17,200.0
0,17,200.0
1,17,200.0
1,17,200.0
2,17,574.3461396105329
2,17,758.6275257057293
3,17,200.0
3,17,200.0
2,17,1184.714877608762
2,17,200.0
1,17,200.0
1,17,1140.071702416008
2,17,200.0
2,17,200.0
1,17,735.3179185125158
1,17,837.5172213786591
2,17,200.0
2,17,200.0
3,17,200.0
3,17,200.0
4,17,200.0
4,17,548.7361622193445
3,17,200.0
3,17,218.56511757125418
4,17,1423.2821993450293
4,17,200.0
5,17,200.0
5,17,1912.814334037284
6,17,259.1125654544593
6,17,200.0
7,17,801.8767407358752
7,17,1041.656688973744
7,16,1729.0379263415275
7,16,1748.7431733355945
8,16,200.0
8,16,200.0
7,16,1265.9555884064334
7,16,200.0
6,16,200.0
6,16,200.0
7,16,434.6619255760735
7,16,200.0
6,16,1794.3844574801035
6,16,200.0
7,16,200.0
7,16,200.0
6,16,200.0
6,16,200.0
7,16,200.0
7,16,200.0
8,16,200.0
8,16,200.0
9,16,497.1345249475513
9,16,1017.155044292389
8,16,651.8564196842347
