3.6626
2.90015
3.43449
3.2736
2.90607
2.90485
2.8016
2.77987
2.68707
2.58903
2.64395
2.47075
2.41104
2.64821
2.71315
2.47526
2.63968
2.67378
2.68585
2.98879
3.08153
3.07412
3.14513
3.04276
3.18915
3.3257
2.91867
2.79307
2.98441
2.84983
2.78714
3.03662
2.86138
3.43358
3.36262
2.86929
3.18803
3.19745
3.32749
3.31468
3.19571
2.85974
3.03159
2.84316
2.84691
2.90324
2.92753
2.87531
2.88748
3.42285
3.38105
2.9125
3.48704
3.48171
2.97289
2.99436
2.99951
2.86628
2.83695
2.75466
2.79898
2.90994
2.80604
3.15852
3.07784
3.17374
3.02677
2.70921
2.89674
2.9646
2.70518
2.75501
2.765
2.7514
2.73953
2.79076
2.97335
3.02407
2.92618
2.8896
