3.68979
2.93041
3.6512
3.26485
2.76148
2.79045
2.79391
2.66114
2.66593
2.65227
2.60135
2.70722
2.54751
2.68639
2.31227
2.65989
2.53254
2.8183
2.65245
3.0636
2.93704
2.63103
2.863
3.17478
2.68374
3.30153
2.8165
2.81623
2.86591
2.95333
2.9591
2.98481
2.76155
3.55132
3.45127
2.87103
2.80643
3.35714
2.90627
3.27722
2.87901
2.85725
2.81406
2.90575
2.84174
2.9021
2.88665
2.90938
2.83448
3.01039
3.27495
2.85868
3.49879
3.63475
2.99684
2.9648
2.90929
2.97394
2.91764
2.79624
2.86381
2.75557
2.6046
2.87685
3.14222
3.17792
2.71333
2.95684
2.74349
2.73229
2.86931
2.83683
3.07913
3.14919
2.83163
2.81788
3.01137
2.89567
3.16085
2.87631
