13,8,50.0
13,8,50.0
13,9,50.0
13,9,50.0
13,9,50.0
13,8,50.0
13,8,50.0
13,8,50.0
13,9,50.0
13,9,50.0
13,9,50.0
13,10,50.0
13,10,50.0
13,10,50.0
14,10,50.0
14,10,50.0
14,10,50.0
14,11,50.0
14,11,50.0
14,11,50.0
14,12,50.0
14,12,50.0
14,12,50.0
14,13,50.0
14,13,50.0
14,13,50.0
14,14,50.0
14,14,50.0
14,14,50.0
14,15,50.0
14,15,50.0
14,15,50.0
14,16,50.0
14,16,50.0
14,16,50.0
14,17,50.0
14,17,50.0
14,17,50.0
14,18,50.0
14,18,50.0
14,18,50.0
14,19,50.0
14,19,50.0
14,19,50.0
14,20,50.0
14,20,50.0
14,20,50.0
15,20,50.0
15,20,50.0
15,20,50.0
16,20,50.0
16,20,50.0
16,20,50.0
16,19,50.0
16,19,50.0
16,19,50.0
16,18,50.0
16,18,50.0
16,18,50.0
17,18,50.0
17,18,50.0
17,18,50.0
18,18,50.0
18,18,50.0
18,18,50.0
18,17,50.0
18,17,50.0
18,17,50.0
17,17,50.0
17,17,50.0
17,17,50.0
17,16,50.0
17,16,50.0
17,16,50.0
16,16,50.0
16,16,50.0
16,16,50.0
15,16,50.0
15,16,50.0
15,16,50.0
15,15,50.0
15,15,50.0
15,15,50.0
14,15,50.0
14,15,54.248264167062416
14,15,50.0
13,15,50.0
13,15,50.0
13,15,50.0
13,14,50.0
13,14,50.0
13,14,50.0
12,14,50.0
12,14,101.7405159228842
12,14,50.0
11,14,50.0
11,14,50.0
11,14,50.0
10,14,50.0
10,14,50.0
10,14,50.0
10,13,50.0
10,13,50.0
10,13,50.0
10,12,50.0
10,12,50.0
10,12,59.473586009616724
10,11,50.0
10,11,50.0
10,11,86.00361590598628
10,10,52.58601469425755
10,10,50.0
10,10,50.0
9,10,50.0
9,10,50.0
9,10,50.0
8,10,94.82646581150787
8,10,50.0
8,10,50.0
8,9,50.0
8,9,50.0
8,9,58.1016019916223
8,8,61.24574241951822
8,8,50.0
8,8,50.0
9,8,65.890862736263
9,8,50.0
9,8,50.0
9,7,50.0
9,7,50.0
9,7,50.0
9,6,50.0
9,6,50.0
9,6,72.3940782249801
10,6,50.0
10,6,50.60602914469684
10,6,50.0
9,6,50.0
9,6,50.0
9,6,50.0
8,6,50.0
8,6,50.0
8,6,50.0
7,6,68.77254342789934
7,6,50.0
7,6,50.0
6,6,92.21713546908671
6,6,50.0
6,6,70.5930664281904
5,6,50.0
5,6,50.0
5,6,74.48575830962996
4,6,50.0
4,6,50.0
4,6,50.0
3,6,50.0
3,6,68.49000128563983
3,6,50.0
3,5,50.0
3,5,50.0
3,5,107.2746205200088
4,5,50.0
4,5,50.0
4,5,50.0
4,6,50.0
4,6,85.46614987484071
4,6,50.0
3,6,68.49467193665352
3,6,50.0
3,6,94.27948289784483
3,5,50.0
3,5,166.27075302219612
3,5,50.0
2,5,50.0
2,5,50.0
2,5,50.0
2,4,50.0
2,4,65.36923345636126
2,4,73.96154102902578
1,4,56.40656008561674
1,4,50.0
1,4,50.0
1,3,71.03000511498281
1,3,156.0456186296356
1,3,50.0
2,3,98.03927220879865
2,3,50.0
2,3,50.0
1,3,83.769254746624
1,3,149.9493553522698
1,3,147.01708911814632
1,4,103.17805491396942
1,4,50.0
1,4,113.58908262456046
1,3,123.37622135225223
1,3,119.29386486884854
1,3,120.2096159720243
1,2,58.59976201105826
1,2,50.0
1,2,50.0
2,2,50.0
2,2,50.0
2,2,96.57568143819893
2,1,50.0
2,1,50.0
2,1,155.63528515138347
3,1,221.8197296058091
3,1,50.0
3,1,50.0
2,1,50.0
2,1,159.46727365085476
2,1,77.78695380563325
1,1,142.0599469634069
1,1,82.88324992442223
1,1,120.82626160720696
0,1,119.17955816891964
0,1,117.62237570844421
0,1,92.55079078784092
-1,1,92.5391627627863
-1,1,55.1251290265151
-1,1,89.77547023690839
-2,1,50.0
-2,1,80.34845170518942
-2,1,88.61567163965901
-3,1,50.0
-3,1,57.90544547023646
-3,1,79.76526342648751
-3,2,50.0
-3,2,50.0
-3,2,50.0
-3,3,150.67699158374398
-3,3,114.02675372483105
-3,3,84.7683042032038
-4,3,69.82244302468555
-4,3,50.0
-4,3,73.18393818782668
-4,2,74.00637265651272
-4,2,65.97733807006989
-4,2,77.32858265173174
-3,2,124.3236530868106
-3,2,173.80123245033013
-3,2,107.12516042029935
-4,2,50.0
-4,2,72.3501889895153
-4,2,50.0
-5,2,50.0
-5,2,50.0
-5,2,50.0
-6,2,50.0
-6,2,50.0
-6,2,50.0
-6,1,128.3332443999958
-6,1,163.70978296422348
-6,1,50.0
-7,1,50.0
-7,1,50.0
-7,1,50.0
-8,1,80.33350176076556
-8,1,50.0
-8,1,60.98925802844432
-8,0,50.0
-8,0,50.0
-8,0,50.0
-9,0,115.30018825555143
-9,0,103.90021786292971
-9,0,50.0
-9,1,50.0
-9,1,50.0
-9,1,50.0
-9,2,50.0
-9,2,85.04539166282107
-9,2,57.429268102201334
-9,1,71.84496106868599
-9,1,61.0626541926443
-9,1,50.0
-9,0,107.74499158263993
-9,0,50.0
-9,0,137.70066653347033
-9,-1,50.0
-9,-1,50.0
-9,-1,50.0
-10,-1,50.0
-10,-1,105.40015321967458
-10,-1,53.10039677437692
-11,-1,50.0
-11,-1,50.0
-11,-1,50.0
-11,-2,50.0
-11,-2,50.0
-11,-2,50.0
-11,-3,51.85840345842744
-11,-3,51.94149086167461
-11,-3,50.0
-11,-4,50.0
-11,-4,50.0
-11,-4,50.0
-12,-4,50.0
-12,-4,50.0
-12,-4,50.0
-11,-4,50.0
-11,-4,50.0
-11,-4,50.0
-11,-3,50.0
-11,-3,50.0
-11,-3,50.0
-10,-3,110.479452658239
-10,-3,77.97799684019094
-10,-3,50.0
-9,-3,50.0
-9,-3,65.3395745425722
-9,-3,50.0
-10,-3,50.0
-10,-3,50.0
-10,-3,74.58873484762202
-10,-2,72.50345049924368
-10,-2,50.0
-10,-2,50.0
-9,-2,50.0
-9,-2,51.49226042814682
-9,-2,50.0
-8,-2,50.0
-8,-2,50.0
-8,-2,76.71393073737279
-7,-2,50.0
-7,-2,50.0
-7,-2,100.27974015236914
-7,-1,140.78779659656192
-7,-1,50.0
-7,-1,50.0
-6,-1,111.54793870613153
-6,-1,50.0
-6,-1,50.0
-5,-1,50.0
-5,-1,50.0
-5,-1,50.0
-5,0,179.3364740946318
-5,0,50.0
-5,0,70.96479433251258
-5,1,130.7304257390345
-5,1,65.71205828539746
-5,1,75.45077987832566
-4,1,123.2360604498602
-4,1,50.0
-4,1,50.0
-5,1,126.39965671381745
-5,1,50.0
-5,1,87.93784517017079
-4,1,86.01941417669211
-4,1,50.0
-4,1,71.10134970154763
-4,0,107.9222467052972
-4,0,50.01590182095606
-4,0,50.0
-4,1,124.26046289796277
-4,1,50.0
-4,1,50.0
-3,1,50.0
-3,1,50.0
-3,1,60.07528783764325
-2,1,50.0
-2,1,157.44721435345147
-2,1,110.18017491279186
-1,1,95.6595359180251
-1,1,50.190824227194625
-1,1,109.85069677603374
0,1,111.0170862302756
0,1,50.0
0,1,133.18215815937174
0,0,50.0
0,0,86.25221157472751
0,0,80.4676638469748
0,1,82.62916870206475
0,1,119.61750636023734
0,1,121.4257783815435
1,1,139.85829482818207
1,1,50.0
1,1,50.0
1,2,50.0
1,2,191.09178332238275
1,2,79.06522521781667
1,3,50.0
1,3,50.0
1,3,55.75801736761381
2,3,113.56866821324944
2,3,50.0
2,3,88.73385740098945
2,4,65.83541953336368
2,4,50.0
2,4,50.0
3,4,50.0
3,4,55.773135073411396
3,4,122.27945352721241
4,4,50.0
4,4,89.06714703644381
4,4,66.93404663125143
3,4,50.0
3,4,107.61702473693973
3,4,79.68144688043313
4,4,85.46702762599278
4,4,50.0
4,4,62.53110952829283
4,3,50.0
4,3,50.0
4,3,50.0
4,2,50.0
4,2,95.76360542240226
4,2,50.0
4,3,145.84859628318782
4,3,50.0
4,3,50.0
4,4,50.0
4,4,50.0
4,4,50.0
4,5,50.0
4,5,50.0
4,5,50.0
5,5,50.0
5,5,50.0
5,5,50.0
5,6,50.0
5,6,50.0
5,6,100.11263394316342
6,6,50.0
6,6,50.0
6,6,63.42430340189544
7,6,52.42488196441319
7,6,50.0
7,6,50.0
8,6,50.0
8,6,50.0
8,6,50.0
8,7,50.0
8,7,103.88077787358948
8,7,57.07987782601491
9,7,50.0
9,7,59.6401559632126
9,7,55.26380278544362
10,7,50.0
10,7,50.0
10,7,50.0
11,7,50.0
11,7,50.0
11,7,50.0
11,8,50.0
11,8,50.0
11,8,50.0
11,9,50.0
11,9,50.0
11,9,50.0
11,10,50.0
11,10,50.0
11,10,50.0
12,10,50.0
12,10,50.0
12,10,50.0
13,10,50.0
13,10,50.0
13,10,58.63426896712117
14,10,50.0
14,10,50.0
14,10,50.0
13,10,50.0
13,10,50.0
13,10,50.0
14,10,50.0
14,10,50.0
14,10,50.0
14,11,50.0
14,11,50.0
14,11,50.0
14,12,50.0
14,12,50.0
14,12,50.0
14,13,50.0
14,13,50.0
14,13,50.0
15,13,50.0
15,13,50.0
15,13,50.0
16,13,50.0
16,13,50.0
16,13,50.0
17,13,50.0
17,13,50.0
17,13,50.0
18,13,50.0
18,13,50.0
18,13,50.0
19,13,50.0
19,13,50.0
19,13,50.0
19,14,50.0
19,14,50.0
19,14,50.0
19,15,50.0
19,15,50.0
19,15,50.0
20,15,50.0
20,15,50.0
20,15,50.0
20,16,50.0
20,16,50.0
20,16,50.0
19,16,50.0
19,16,50.0
19,16,50.0
18,16,50.0
18,16,50.0
18,16,50.0
17,16,50.0
17,16,50.0
17,16,50.0
18,16,50.0
18,16,50.0
18,16,50.0
18,15,50.0
18,15,50.0
18,15,50.0
17,15,50.0
17,15,50.0
17,15,50.0
17,14,50.0
17,14,50.0
17,14,50.0
16,14,50.0
16,14,50.0
16,14,50.0
15,14,50.0
15,14,50.0
15,14,50.0
14,14,50.0
14,14,50.0
14,14,50.0
15,14,50.0
15,14,50.0
15,14,50.0
15,13,50.0
15,13,50.0
15,13,50.0
15,12,50.0
15,12,50.0
15,12,50.0
14,12,50.0
14,12,50.0
14,12,50.0
13,12,50.0
13,12,50.0
13,12,50.0
13,11,50.0
13,11,50.0
13,11,50.0
12,11,50.0
12,11,50.0
12,11,50.0
12,10,50.0
12,10,50.0
12,10,108.58083305405839
12,9,50.0
12,9,50.0
12,9,50.0
12,10,50.0
12,10,50.0
12,10,50.91508093366123
12,9,50.0
12,9,50.0
12,9,50.0
12,8,50.0
12,8,50.0
12,8,50.0
11,8,50.0
11,8,50.0
11,8,50.0
11,7,57.35305016642038
11,7,50.0
11,7,50.0
10,7,50.0
10,7,61.76471644215034
10,7,50.0
10,6,61.416643519886776
10,6,50.0
10,6,78.53400733458074
10,7,50.0
10,7,50.0
10,7,50.0
11,7,50.0
11,7,50.0
11,7,50.0
10,7,50.0
10,7,91.34723206902424
10,7,50.0
10,6,99.58791805392339
10,6,50.0
10,6,50.0
9,6,50.0
9,6,50.0
9,6,58.6615609972231
8,6,50.0
8,6,50.0
8,6,67.39970037123072
8,5,68.35830438392958
8,5,50.0
8,5,50.0
9,5,50.0
9,5,97.27275062244904
9,5,113.58805088654188
10,5,66.25817290184574
10,5,50.0
10,5,50.0
9,5,91.48730563382202
9,5,50.0
9,5,50.0
8,5,50.0
8,5,50.0
8,5,50.0
8,4,72.55817215606635
8,4,59.74037024307056
8,4,93.29115949098107
7,4,50.0
7,4,76.53760352209514
7,4,50.0
7,3,76.7572487596182
7,3,54.12071930380233
7,3,50.0
6,3,50.0
6,3,58.245567554356484
6,3,50.0
7,3,67.13271776021404
7,3,50.0
7,3,67.26632185916925
7,4,50.0
7,4,63.12494256075348
7,4,93.59254331034111
7,3,50.0
7,3,50.0
7,3,50.0
6,3,50.0
6,3,50.0
6,3,50.0
5,3,75.8200658997668
5,3,50.0
5,3,50.0
4,3,50.0
4,3,57.193586371844226
4,3,50.0
3,3,50.0
3,3,119.03503411595682
3,3,104.59778151355178
3,2,63.17688789107949
3,2,89.26448575596848
3,2,110.68049900992614
3,1,96.9344871756492
3,1,50.0
3,1,70.54306282659333
3,0,50.0
3,0,50.0
3,0,120.11789405577889
3,1,50.0
3,1,103.62641697608922
3,1,135.16310917824802
2,1,153.5005233008771
2,1,50.0
2,1,123.33119037024883
2,0,50.0
2,0,91.7342638261307
2,0,156.09780086068506
1,0,50.0
1,0,50.0
1,0,50.0
1,1,50.0
1,1,50.0
1,1,136.09492927317402
1,2,63.50270928506762
1,2,57.15633052867187
1,2,50.0
1,3,50.0
1,3,50.0
1,3,50.0
0,3,50.0
0,3,144.9529201618423
0,3,113.51706402198501
-1,3,53.24424914497051
-1,3,149.5110481007125
-1,3,107.31267032091777
-2,3,50.0
-2,3,99.75355268362722
-2,3,109.07435393438874
-2,2,50.0
-2,2,50.0
-2,2,50.0
-2,1,74.402531363142
-2,1,98.37148641993176
-2,1,50.0
-2,2,120.8304075152978
-2,2,54.023824677863644
-2,2,83.01961568150128
-2,1,90.365447786297
-2,1,131.62342490707076
-2,1,50.0
-2,0,61.532208693162104
-2,0,50.0
-2,0,194.6121129063984
-3,0,50.0
-3,0,74.25874378837214
-3,0,61.83193538872602
-3,-1,152.97453668061863
-3,-1,65.66492311375963
-3,-1,85.14251050516006
-4,-1,168.82616493589177
-4,-1,80.5252819369825
-4,-1,50.0
-4,-2,91.2928767561664
-4,-2,50.0
-4,-2,50.0
-4,-3,50.0
-4,-3,56.194930737629974
-4,-3,50.0
-4,-4,50.0
-4,-4,73.92503329553092
-4,-4,101.09636683688429
-5,-4,50.0
-5,-4,78.51606607269389
-5,-4,76.39178322110587
-4,-4,50.0
-4,-4,50.0
-4,-4,50.0
-5,-4,122.70657035830769
-5,-4,50.0
-5,-4,78.51583843595168
-5,-5,55.83296124838645
-5,-5,50.0
-5,-5,68.46877810318927
-5,-4,71.12934894806196
-5,-4,50.0
-5,-4,50.0
-5,-5,111.25784655415217
-5,-5,67.85860529526768
-5,-5,67.05050350411082
-5,-6,50.0
-5,-6,50.0
-5,-6,50.0
-6,-6,79.39146339513157
-6,-6,63.879359073750585
-6,-6,145.87456049160957
-7,-6,50.0
-7,-6,106.37402421891375
-7,-6,50.0
-7,-5,50.0
-7,-5,50.0
-7,-5,50.0
-8,-5,50.0
-8,-5,87.82197975981862
-8,-5,85.9485732066941
-8,-4,74.6127743677836
-8,-4,50.0
-8,-4,50.0
-8,-5,56.49556786791306
-8,-5,101.81112163298795
-8,-5,50.0
-8,-6,50.0
-8,-6,90.80055371846004
-8,-6,62.87560926963459
-8,-7,50.0
-8,-7,50.0
-8,-7,50.0
-8,-8,50.0
-8,-8,50.0
-8,-8,50.0
-7,-8,50.0
-7,-8,50.0
-7,-8,50.0
-7,-9,50.0
-7,-9,62.98391595167099
-7,-9,50.0
-8,-9,50.0
-8,-9,105.78071677792472
-8,-9,50.0
-8,-10,50.0
-8,-10,50.0
-8,-10,50.0
-8,-11,68.2062770321362
-8,-11,50.0
-8,-11,88.88217308837162
-8,-12,50.0
-8,-12,50.0
-8,-12,50.0
-9,-12,50.0
-9,-12,50.0
-9,-12,50.0
-9,-13,50.0
-9,-13,50.0
-9,-13,50.0
-10,-13,50.0
-10,-13,50.0
-10,-13,50.0
-11,-13,50.0
-11,-13,50.0
-11,-13,50.0
-10,-13,50.0
-10,-13,50.0
-10,-13,50.0
-10,-12,50.0
-10,-12,50.0
-10,-12,50.0
-10,-13,50.0
-10,-13,50.0
-10,-13,50.0
-10,-14,98.1303919644585
-10,-14,50.0
-10,-14,50.0
-10,-15,50.0
-10,-15,50.0
-10,-15,50.0
-11,-15,63.047670808415205
-11,-15,50.0
-11,-15,50.0
-11,-16,50.0
-11,-16,50.0
-11,-16,50.0
-10,-16,50.0
-10,-16,50.0
-10,-16,50.0
-11,-16,50.0
-11,-16,50.0
-11,-16,50.0
-12,-16,50.0
-12,-16,50.0
-12,-16,50.0
-12,-15,50.0
-12,-15,50.0
-12,-15,50.0
-12,-16,50.0
-12,-16,50.0
-12,-16,50.0
-11,-16,50.0
-11,-16,50.0
-11,-16,50.0
-11,-15,50.0
-11,-15,50.0
-11,-15,50.0
-11,-14,50.0
-11,-14,50.0
-11,-14,50.0
-11,-13,50.0
-11,-13,50.0
-11,-13,50.0
-11,-12,50.0
-11,-12,50.0
-11,-12,50.0
-10,-12,50.0
-10,-12,50.0
-10,-12,50.0
-10,-13,50.0
-10,-13,50.0
-10,-13,50.0
-10,-12,50.0
-10,-12,50.0
-10,-12,50.0
-9,-12,126.17899857045245
-9,-12,50.0
-9,-12,66.29742906728657
-10,-12,50.0
-10,-12,50.0
-10,-12,89.50359604122087
-9,-12,82.63985895285883
-9,-12,50.0
-9,-12,50.0
-9,-11,71.09494336855927
-9,-11,50.0
-9,-11,50.0
-9,-10,50.0
-9,-10,50.0
-9,-10,50.0
-9,-9,50.0
-9,-9,50.0
-9,-9,50.0
-8,-9,51.234850164635304
-8,-9,86.87600752516195
-8,-9,50.0
-8,-8,50.0
-8,-8,50.0
-8,-8,80.26027930975371
-8,-7,50.0
-8,-7,51.196508656309845
-8,-7,50.0
-8,-6,50.0
-8,-6,50.0
-8,-6,50.0
-7,-6,50.0
-7,-6,50.0
-7,-6,50.0
-7,-5,50.0
-7,-5,50.0
-7,-5,51.30664035744678
-7,-4,50.0
-7,-4,114.84010540337896
-7,-4,64.90747912590916
-7,-3,50.0
-7,-3,50.0
-7,-3,77.08355739646035
-7,-2,50.0
-7,-2,50.0
-7,-2,76.9915880402656
-6,-2,113.75460451211268
-6,-2,50.0
-6,-2,50.0
-6,-1,50.0
-6,-1,84.82917469342489
-6,-1,54.794034253261955
-6,0,153.86823889050203
-6,0,79.60573268609248
-6,0,51.36730987000321
-7,0,50.0
-7,0,50.0
-7,0,81.27386819658386
-7,1,50.0
-7,1,50.0
-7,1,62.044529819523106
-7,2,50.0
-7,2,50.0
-7,2,115.67686072035974
-7,3,70.8417815964596
-7,3,50.0
-7,3,50.0
-7,4,85.42786981378705
-7,4,50.0
-7,4,90.3185799996851
-7,5,50.0
-7,5,77.87667108350033
-7,5,50.0
-7,6,50.0
-7,6,107.412420504083
-7,6,124.21128768388655
-7,5,69.76222339538447
-7,5,71.74791804554997
-7,5,50.0
-7,4,91.69880304590123
-7,4,50.0
-7,4,50.0
-6,4,110.59369141376449
-6,4,50.0
-6,4,122.74809283435484
-6,5,50.0
-6,5,50.0
-6,5,50.0
-5,5,113.16265975006857
-5,5,124.29462920400704
-5,5,50.0
-4,5,77.67606517081356
-4,5,50.0
-4,5,69.15411797286299
-4,6,50.0
-4,6,50.96380939881752
-4,6,69.92055188400926
-4,7,50.0
-4,7,50.0
-4,7,59.781875200163256
-4,8,50.0
-4,8,50.0
-4,8,68.63525286098798
-4,7,50.0
-4,7,50.0
-4,7,50.0
-4,8,50.0
-4,8,50.0
-4,8,50.0
-4,9,50.0
-4,9,50.0
-4,9,50.0
-4,10,50.0
-4,10,50.0
-4,10,50.0
-4,11,50.0
-4,11,50.0
-4,11,50.0
-4,12,50.0
-4,12,50.0
-4,12,50.0
-5,12,50.0
-5,12,50.0
-5,12,50.0
-6,12,50.0
-6,12,50.0
-6,12,73.37966136815939
-6,11,50.0
-6,11,50.0
-6,11,50.0
-7,11,89.50676129010799
-7,11,64.43310181008601
-7,11,50.0
-8,11,50.0
-8,11,66.91531583862044
-8,11,50.0
-9,11,50.0
-9,11,50.0
-9,11,50.0
-10,11,50.0
-10,11,50.0
-10,11,50.0
-9,11,50.0
-9,11,50.0
