13,8,50.0
13,8,50.0
13,9,50.0
13,9,50.0
13,9,50.0
13,8,50.0
13,8,50.0
13,8,50.0
13,9,50.0
13,9,50.0
13,9,50.0
13,10,50.0
13,10,50.0
13,10,50.0
14,10,50.0
14,10,50.0
14,10,50.0
14,11,50.0
14,11,50.0
14,11,50.0
14,12,50.0
14,12,50.0
14,12,50.0
14,13,50.0
14,13,50.0
14,13,50.0
14,14,50.0
14,14,50.0
14,14,50.0
14,15,50.0
14,15,50.0
14,15,50.0
14,16,50.0
14,16,50.0
14,16,50.0
14,17,50.0
14,17,50.0
14,17,50.0
14,18,50.0
14,18,50.0
14,18,50.0
14,19,50.0
14,19,50.0
14,19,50.0
14,20,50.0
14,20,50.0
14,20,50.0
15,20,50.0
15,20,50.0
15,20,50.0
16,20,50.0
16,20,50.0
16,20,50.0
16,19,50.0
16,19,50.0
16,19,50.0
16,18,50.0
16,18,50.0
16,18,50.0
17,18,50.0
17,18,50.0
17,18,50.0
18,18,50.0
18,18,50.0
18,18,50.0
18,17,50.0
18,17,50.0
18,17,50.0
17,17,50.0
17,17,50.0
17,17,50.0
17,16,50.0
17,16,50.0
17,16,50.0
16,16,50.0
16,16,50.0
16,16,50.0
15,16,50.0
15,16,50.0
15,16,50.0
15,15,50.0
15,15,50.0
15,15,50.0
14,15,50.0
14,15,50.0
14,15,50.0
13,15,50.0
13,15,50.0
13,15,50.0
13,14,50.0
13,14,50.0
13,14,50.0
12,14,50.0
12,14,50.0
12,14,50.0
11,14,50.0
11,14,50.0
11,14,50.0
10,14,83.32829040381986
10,14,50.0
10,14,50.0
10,13,50.0
10,13,50.0
10,13,50.0
10,12,50.0
10,12,50.0
10,12,50.0
10,11,50.0
10,11,50.0
10,11,50.0
10,10,50.0
10,10,77.26153304203164
10,10,50.0
9,10,50.0
9,10,52.412011061540575
9,10,50.0
8,10,50.0
8,10,50.0
8,10,55.8875217390194
8,9,50.0
8,9,50.0
8,9,50.0
8,8,50.0
8,8,50.0
8,8,50.0
9,8,50.0
9,8,124.05621767294764
9,8,83.03450441981751
9,7,50.0
9,7,50.0
9,7,50.0
9,6,50.0
9,6,50.0
9,6,50.0
10,6,57.999516302136456
10,6,82.72520756150995
10,6,50.0
9,6,50.0
9,6,50.0
9,6,50.0
8,6,51.729756624783334
8,6,50.0
8,6,107.81039027260988
7,6,50.0
7,6,50.0
7,6,50.0
6,6,50.0
6,6,50.0
6,6,50.0
5,6,190.11889088945506
5,6,50.0
5,6,50.0
4,6,50.0
4,6,50.0
4,6,50.0
3,6,50.0
3,6,85.7085026717132
3,6,99.10946204703885
3,5,50.0
3,5,93.27382510043155
3,5,50.0
4,5,50.0
4,5,50.0
4,5,56.340201059558254
4,6,50.0
4,6,50.0
4,6,90.57265540871093
3,6,50.0
3,6,50.0
3,6,60.03922123751902
3,5,50.0
3,5,50.0
3,5,54.89620993987019
2,5,54.295915799539316
2,5,50.0
2,5,50.0
2,4,68.8027353446351
2,4,78.05261583716901
2,4,50.0
1,4,85.14191364619
1,4,50.0
1,4,65.15198650677402
1,3,50.0
1,3,50.0
1,3,50.0
2,3,124.33966590035726
2,3,100.68939566130211
2,3,50.0
1,3,50.0
1,3,50.0
1,3,50.0
1,4,50.0
1,4,50.0
1,4,50.0
1,3,50.0
1,3,50.0
1,3,100.76265142494682
1,2,103.79844538290799
1,2,50.0
1,2,89.83010238183046
2,2,50.0
2,2,72.30357057282224
2,2,50.0
2,1,192.27268629475307
2,1,50.0
2,1,52.38181702387786
3,1,50.0
3,1,50.0
3,1,97.12122261804168
2,1,50.0
2,1,50.0
2,1,76.34035095878906
1,1,135.6524841112121
1,1,50.0
1,1,50.0
0,1,50.0
0,1,50.0
0,1,75.15890789083414
-1,1,135.50191605539808
-1,1,147.7344159291468
-1,1,50.0
-2,1,57.81084026769092
-2,1,50.0
-2,1,50.0
-3,1,113.67060567169469
-3,1,60.15213168379575
-3,1,145.96948890856538
-3,2,50.0
-3,2,117.23003136301412
-3,2,50.0
-3,3,69.61047217595441
-3,3,54.83485677259192
-3,3,50.0
-4,3,50.0
-4,3,98.75377602663835
-4,3,133.9789697251535
-4,2,107.68454186739714
-4,2,50.0
-4,2,50.0
-3,2,50.0
-3,2,50.0
-3,2,50.0
-4,2,50.0
-4,2,50.0
-4,2,56.22465728778333
-5,2,50.0
-5,2,50.0
-5,2,84.27258493683853
-6,2,50.0
-6,2,174.6179277439902
-6,2,50.0
-6,1,64.68281191426104
-6,1,64.43390052114404
-6,1,89.19315698874311
-7,1,50.0
-7,1,85.51767071460498
-7,1,66.22165705672688
-8,1,50.0
-8,1,50.0
-8,1,133.6138277535881
-8,0,50.0
-8,0,50.0
-8,0,50.0
-9,0,61.49773851806287
-9,0,50.0
-9,0,82.85325816808734
-9,1,69.85354929271716
-9,1,50.0
-9,1,50.0
-9,2,107.94644009973291
-9,2,93.25172982112912
-9,2,50.0
-9,1,93.6052701141403
-9,1,50.0
-9,1,50.0
-9,0,100.33113485269308
-9,0,50.0
-9,0,50.0
-9,-1,119.82468079761367
-9,-1,50.0
-9,-1,50.0
-10,-1,90.65649639845967
-10,-1,50.0
-10,-1,67.42685302492626
-11,-1,87.28591681352515
-11,-1,50.0
-11,-1,50.0
-11,-2,50.0
-11,-2,60.46849877806939
-11,-2,50.0
-11,-3,50.0
-11,-3,50.0
-11,-3,50.0
-11,-4,50.0
-11,-4,50.0
-11,-4,50.0
-12,-4,50.0
-12,-4,50.0
-12,-4,75.14850479281176
-11,-4,87.78454499019965
-11,-4,53.37518523849686
-11,-4,50.0
-11,-3,50.0
-11,-3,50.0
-11,-3,50.0
-10,-3,50.0
-10,-3,50.0
-10,-3,79.94227165253099
-9,-3,50.0
-9,-3,50.0
-9,-3,50.0
-10,-3,78.74840650305379
-10,-3,50.0
-10,-3,50.0
-10,-2,50.0
-10,-2,50.0
-10,-2,50.0
-9,-2,124.25790208583032
-9,-2,50.0
-9,-2,119.87109984471428
-8,-2,100.70086646410195
-8,-2,90.81745562238854
-8,-2,50.0
-7,-2,145.68370317223807
-7,-2,50.0
-7,-2,50.0
-7,-1,140.07877432902416
-7,-1,50.0
-7,-1,158.9663410914707
-6,-1,66.48838677535201
-6,-1,50.0
-6,-1,50.0
-5,-1,57.889731768040676
-5,-1,50.0
-5,-1,50.0
-5,0,50.0
-5,0,62.20577581927487
-5,0,50.0
-5,1,50.0
-5,1,92.26336145945452
-5,1,50.0
-4,1,61.4883275176485
-4,1,50.0
-4,1,50.0
-5,1,50.0
-5,1,99.46639411481291
-5,1,50.0
-4,1,50.0
-4,1,50.0
-4,1,126.42412622755023
-4,0,50.0
-4,0,50.0
-4,0,50.0
-4,1,50.0
-4,1,72.8005070252718
-4,1,50.0
-3,1,51.832703330455956
-3,1,52.62061197863045
-3,1,81.65970060467032
-2,1,52.86710574085999
-2,1,102.69256911182188
-2,1,101.48835440697572
-1,1,167.19812053430823
-1,1,60.45519421939172
-1,1,50.0
0,1,169.37015687062188
0,1,104.44310778847884
0,1,50.0
0,0,162.208237403474
0,0,65.77694417745467
0,0,93.77363621713951
0,1,82.16084053639574
0,1,50.0
0,1,50.0
1,1,50.0
1,1,148.24684224931553
1,1,57.44749055537267
1,2,146.74087222316294
1,2,50.0
1,2,77.64376388340624
1,3,50.0
1,3,78.48348664550261
1,3,128.04389220933126
2,3,50.0
2,3,50.0
2,3,50.0
2,4,66.03385963548116
2,4,84.30220668995275
2,4,64.773716804146
3,4,97.9553739568482
3,4,89.12796052989147
3,4,50.0
4,4,91.73529151156173
4,4,50.0
4,4,69.0323937013937
3,4,68.62931142350135
3,4,66.93189250958667
3,4,66.34718546703553
4,4,50.0
4,4,50.0
4,4,50.0
4,3,76.05521424111635
4,3,50.0
4,3,70.08458598875288
4,2,89.4353844003611
4,2,67.26880466836751
4,2,50.0
4,3,110.52977621255641
4,3,50.0
4,3,105.94343466236177
4,4,74.4100916869395
4,4,50.0
4,4,112.35764666688993
4,5,50.0
4,5,79.20175670631944
4,5,50.0
5,5,50.0
5,5,55.83961902054188
5,5,74.0880736869533
5,6,50.0
5,6,50.0
5,6,50.0
6,6,50.0
6,6,50.0
6,6,50.0
7,6,50.0
7,6,62.26951950571428
7,6,50.0
8,6,50.0
8,6,50.0
8,6,50.0
8,7,84.83791481051837
8,7,50.0
8,7,50.0
9,7,50.0
9,7,50.0
9,7,50.0
10,7,50.0
10,7,60.799734432171356
10,7,50.0
11,7,50.0
11,7,50.0
11,7,50.0
11,8,50.0
11,8,70.78556714301317
11,8,50.0
11,9,50.0
11,9,92.25331130073623
11,9,50.0
11,10,50.0
11,10,50.0
11,10,50.0
12,10,50.0
12,10,50.0
12,10,50.0
13,10,50.0
13,10,50.0
13,10,73.84145553872382
14,10,50.0
14,10,50.0
14,10,50.0
13,10,50.0
13,10,50.0
13,10,50.0
14,10,50.0
14,10,50.0
14,10,50.0
14,11,50.0
14,11,50.0
14,11,50.0
14,12,50.0
14,12,50.0
14,12,50.0
14,13,50.0
14,13,50.0
14,13,50.0
15,13,50.0
15,13,50.0
15,13,50.0
16,13,50.0
16,13,50.0
16,13,50.0
17,13,50.0
17,13,50.0
17,13,50.0
18,13,50.0
18,13,50.0
18,13,50.0
19,13,50.0
19,13,50.0
19,13,50.0
19,14,50.0
19,14,50.0
19,14,50.0
19,15,50.0
19,15,50.0
19,15,50.0
20,15,50.0
20,15,50.0
20,15,50.0
20,16,50.0
20,16,50.0
20,16,50.0
19,16,50.0
19,16,50.0
19,16,50.0
18,16,50.0
18,16,50.0
18,16,50.0
17,16,50.0
17,16,50.0
17,16,50.0
18,16,50.0
18,16,50.0
18,16,50.0
18,15,50.0
18,15,50.0
18,15,50.0
17,15,50.0
17,15,50.0
17,15,50.0
17,14,50.0
17,14,50.0
17,14,50.0
16,14,50.0
16,14,50.0
16,14,50.0
15,14,50.0
15,14,50.0
15,14,50.0
14,14,50.0
14,14,50.0
14,14,50.0
15,14,73.04366262701471
15,14,50.0
15,14,50.0
15,13,50.0
15,13,50.0
15,13,50.0
15,12,50.0
15,12,50.0
15,12,50.0
14,12,51.22130660528961
14,12,50.0
14,12,50.0
13,12,50.0
13,12,50.0
13,12,50.0
13,11,50.0
13,11,50.0
13,11,50.0
12,11,50.0
12,11,50.0
12,11,50.0
12,10,50.0
12,10,50.0
12,10,50.0
12,9,50.0
12,9,50.0
12,9,50.0
12,10,50.0
12,10,50.0
12,10,50.0
12,9,50.0
12,9,80.72475235521523
12,9,50.0
12,8,50.0
12,8,50.0
12,8,50.0
11,8,50.0
11,8,50.0
11,8,50.0
11,7,50.0
11,7,81.52199869955315
11,7,50.0
10,7,50.0
10,7,106.63343097519427
10,7,50.0
10,6,50.0
10,6,50.0
10,6,50.0
10,7,50.0
10,7,50.0
10,7,50.0
11,7,50.0
11,7,50.0
11,7,50.0
10,7,115.63050962244152
10,7,50.0
10,7,50.0
10,6,65.66173065011674
10,6,50.0
10,6,50.0
9,6,50.0
9,6,50.0
9,6,50.0
8,6,50.0
8,6,79.6151444407923
8,6,50.0
8,5,50.0
8,5,50.0
8,5,50.39406149032065
9,5,50.0
9,5,50.0
9,5,50.0
10,5,59.374084367411875
10,5,112.69912139247897
10,5,54.39173422319826
9,5,50.0
9,5,50.0
9,5,50.0
8,5,125.77732669843185
8,5,50.0
8,5,50.0
8,4,84.12483945351428
8,4,50.0
8,4,92.74383391977518
7,4,50.0
7,4,50.0
7,4,141.2896266662184
7,3,50.0
7,3,67.71259108930295
7,3,63.011293038391734
6,3,50.0
6,3,92.98898672270391
6,3,50.0
7,3,50.0
7,3,50.0
7,3,89.16993401598056
7,4,50.0
7,4,50.0
7,4,50.0
7,3,50.0
7,3,74.60490960366437
7,3,83.90670910594693
6,3,50.0
6,3,143.8377449812097
6,3,104.05478083027924
5,3,50.0
5,3,50.0
5,3,72.81235124045274
4,3,103.16049225629958
4,3,107.68188159298302
4,3,60.59947647302034
3,3,69.79678180775998
3,3,80.7351774069129
3,3,115.10934060376383
3,2,50.0
3,2,50.0
3,2,180.09085539466895
3,1,74.83415993008758
3,1,50.0
3,1,133.02597801201884
3,0,58.57502410441503
3,0,56.742095349763964
3,0,50.0
3,1,50.0
3,1,89.89945566794742
3,1,113.6401751506541
2,1,50.0
2,1,50.0
2,1,50.0
2,0,50.0
2,0,57.10627067241471
2,0,50.0
1,0,50.0
1,0,123.176550141599
1,0,91.01131195734136
1,1,50.0
1,1,69.60038185073505
1,1,147.07256608153602
1,2,75.61843417061525
1,2,65.29187820460466
1,2,50.0
1,3,53.87923605810343
1,3,65.33788129592287
1,3,74.8251530617426
0,3,59.63541330685551
0,3,103.62590252784852
0,3,142.52469265758415
-1,3,89.54307344461215
-1,3,50.0
-1,3,50.0
-2,3,50.0
-2,3,50.0
-2,3,50.0
-2,2,50.0
-2,2,103.54147104277504
-2,2,85.61948702372838
-2,1,143.3714145009695
-2,1,77.87667014087546
-2,1,114.43582671072846
-2,2,75.46554852340863
-2,2,60.231358246761005
-2,2,171.85844027262618
-2,1,79.98040556998136
-2,1,117.47508088563745
-2,1,185.30560070145518
-2,0,89.57802847829801
-2,0,63.610885054598654
-2,0,82.11110399173239
-3,0,91.26884444746162
-3,0,72.96861186904873
-3,0,142.94743378342184
-3,-1,77.72330203358207
-3,-1,56.396403752696045
-3,-1,50.0
-4,-1,74.83697642254292
-4,-1,50.0
-4,-1,50.0
-4,-2,50.0
-4,-2,168.88535416248374
-4,-2,50.0
-4,-3,142.8481180414727
-4,-3,50.0
-4,-3,50.0
-4,-4,50.0
-4,-4,76.56397549419569
-4,-4,50.0
-5,-4,67.2887864888496
-5,-4,50.0
-5,-4,50.0
-4,-4,50.0
-4,-4,50.0
-4,-4,66.72858217285784
-5,-4,60.25152201315387
-5,-4,65.95947657163762
-5,-4,50.0
-5,-5,50.0
-5,-5,50.0
-5,-5,50.0
-5,-4,61.21071092522272
-5,-4,50.0
-5,-4,50.0
-5,-5,50.0
-5,-5,50.0
-5,-5,60.242651671171124
-5,-6,50.0
-5,-6,135.80296436648953
-5,-6,86.68657481426462
-6,-6,50.0
-6,-6,50.0
-6,-6,128.7167509313634
-7,-6,69.16615113640978
-7,-6,88.36206364131135
-7,-6,50.0
-7,-5,68.9557355868122
-7,-5,50.0
-7,-5,62.01213514082468
-8,-5,67.00951772393482
-8,-5,96.98571194324188
-8,-5,50.0
-8,-4,50.0
-8,-4,50.0
-8,-4,50.0
-8,-5,62.435122290091286
-8,-5,50.0
-8,-5,56.10457027091179
-8,-6,100.28007038269294
-8,-6,50.0
-8,-6,50.0
-8,-7,50.0
-8,-7,50.0
-8,-7,70.81175932995532
-8,-8,50.0
-8,-8,50.0
-8,-8,57.955189129586756
-7,-8,50.0
-7,-8,50.0
-7,-8,105.02116798906293
-7,-9,50.0
-7,-9,50.0
-7,-9,50.0
-8,-9,67.21106050959142
-8,-9,50.0
-8,-9,58.17589404102296
-8,-10,61.37707630617206
-8,-10,50.0
-8,-10,50.0
-8,-11,50.0
-8,-11,50.0
-8,-11,50.0
-8,-12,50.0
-8,-12,50.0
-8,-12,50.0
-9,-12,50.0
-9,-12,50.0
-9,-12,50.0
-9,-13,54.06726859685862
-9,-13,50.0
-9,-13,50.0
-10,-13,50.0
-10,-13,50.0
-10,-13,50.0
-11,-13,50.0
-11,-13,50.0
-11,-13,50.0
-10,-13,50.0
-10,-13,50.0
-10,-13,50.0
-10,-12,68.39675442915897
-10,-12,67.02937396769322
-10,-12,50.0
-10,-13,50.0
-10,-13,50.0
-10,-13,50.0
-10,-14,50.0
-10,-14,50.0
-10,-14,50.0
-10,-15,50.0
-10,-15,50.0
-10,-15,50.0
-11,-15,50.0
-11,-15,50.0
-11,-15,50.0
-11,-16,74.64944942969285
-11,-16,50.0
-11,-16,50.0
-10,-16,50.0
-10,-16,50.0
-10,-16,50.0
-11,-16,50.0
-11,-16,50.0
-11,-16,52.88676211082402
-12,-16,50.0
-12,-16,50.0
-12,-16,50.0
-12,-15,50.0
-12,-15,50.0
-12,-15,50.0
-12,-16,50.0
-12,-16,50.0
-12,-16,50.0
-11,-16,50.0
-11,-16,50.0
-11,-16,50.0
-11,-15,50.0
-11,-15,50.0
-11,-15,50.0
-11,-14,50.0
-11,-14,50.0
-11,-14,50.0
-11,-13,50.0
-11,-13,50.0
-11,-13,50.0
-11,-12,54.854224344237494
-11,-12,50.0
-11,-12,50.0
-10,-12,50.0
-10,-12,50.0
-10,-12,50.0
-10,-13,50.0
-10,-13,50.0
-10,-13,50.0
-10,-12,50.0
-10,-12,50.0
-10,-12,50.0
-9,-12,50.0
-9,-12,50.0
-9,-12,50.0
-10,-12,50.0
-10,-12,50.0
-10,-12,50.0
-9,-12,50.0
-9,-12,50.0
-9,-12,75.49151214429152
-9,-11,50.0
-9,-11,50.0
-9,-11,50.0
-9,-10,63.733489819309625
-9,-10,50.0
-9,-10,50.0
-9,-9,50.0
-9,-9,50.0
-9,-9,50.0
-8,-9,50.0
-8,-9,50.0
-8,-9,50.0
-8,-8,50.0
-8,-8,50.0
-8,-8,50.0
-8,-7,70.76496306520932
-8,-7,50.0
-8,-7,50.0
-8,-6,50.0
-8,-6,50.0
-8,-6,50.0
-7,-6,73.20706622151258
-7,-6,50.0
-7,-6,106.74815269810011
-7,-5,50.0
-7,-5,50.0
-7,-5,50.0
-7,-4,66.02707855705088
-7,-4,50.0
-7,-4,63.71937903206879
-7,-3,50.0
-7,-3,50.0
-7,-3,50.0
-7,-2,50.0
-7,-2,50.0
-7,-2,50.0
-6,-2,50.0
-6,-2,50.0
-6,-2,50.0
-6,-1,50.0
-6,-1,50.0
-6,-1,50.0
-6,0,50.0
-6,0,50.0
-6,0,50.0
-7,0,94.75857554503617
-7,0,116.40560403207292
-7,0,66.26795001113777
-7,1,50.0
-7,1,50.0
-7,1,87.82378286983267
-7,2,50.0
-7,2,50.0
-7,2,50.0
-7,3,50.0
-7,3,50.0
-7,3,50.0
-7,4,50.0
-7,4,50.0
-7,4,50.0
-7,5,57.27478413538179
-7,5,50.0
-7,5,50.0
-7,6,72.90339672511755
-7,6,50.0
-7,6,58.16573318106872
-7,5,70.78636098468573
-7,5,50.0
-7,5,50.0
-7,4,50.0
-7,4,50.0
-7,4,50.0
-6,4,105.00914058486168
-6,4,111.15972490624847
-6,4,74.08741598805209
-6,5,50.0
-6,5,50.0
-6,5,50.0
-5,5,50.0
-5,5,50.0
-5,5,58.532557117187345
-4,5,56.29817963865719
-4,5,125.84667390721705
-4,5,76.484994952179
-4,6,50.0
-4,6,76.20173171550373
-4,6,77.76557821313159
-4,7,50.0
-4,7,50.0
-4,7,53.02132374410496
-4,8,50.0
-4,8,50.0
-4,8,73.33497218236478
-4,7,50.0
-4,7,50.0
-4,7,61.24717299170134
-4,8,105.90638943009304
-4,8,50.0
-4,8,50.0
-4,9,50.0
-4,9,105.67503407106742
-4,9,50.0
-4,10,50.0
-4,10,70.6877883836907
-4,10,50.0
-4,11,50.0
-4,11,50.0
-4,11,50.0
-4,12,50.0
-4,12,50.0
-4,12,50.0
-5,12,50.0
-5,12,59.718650826490446
-5,12,50.0
-6,12,50.0
-6,12,50.0
-6,12,50.0
-6,11,50.0
-6,11,81.00496335251599
-6,11,50.0
-7,11,71.58706434983247
-7,11,50.0
-7,11,50.0
-8,11,50.0
-8,11,50.0
-8,11,50.0
-9,11,50.0
-9,11,50.0
-9,11,50.0
-10,11,50.0
-10,11,50.0
-10,11,50.0
-9,11,50.0
-9,11,50.0
