13,8,70.14858403065594
13,8,50.0
13,9,50.0
13,9,50.0
13,9,50.0
13,8,50.0
13,8,50.0
13,8,50.0
13,9,50.0
13,9,50.0
13,9,52.53127055782804
13,10,50.0
13,10,50.0
13,10,85.73801436477547
14,10,50.0
14,10,50.0
14,10,50.0
14,11,50.0
14,11,50.0
14,11,50.0
14,12,50.0
14,12,50.0
14,12,50.0
14,13,50.0
14,13,50.0
14,13,50.0
14,14,50.0
14,14,50.0
14,14,50.0
14,15,50.0
14,15,50.0
14,15,50.0
14,16,50.0
14,16,50.0
14,16,50.0
14,17,50.0
14,17,50.0
14,17,50.0
14,18,50.0
14,18,50.0
14,18,50.0
14,19,50.0
14,19,50.0
14,19,50.0
14,20,50.0
14,20,50.0
14,20,50.0
15,20,50.0
15,20,50.0
15,20,50.0
16,20,50.0
16,20,50.0
16,20,50.0
16,19,50.0
16,19,50.0
16,19,50.0
16,18,50.0
16,18,50.0
16,18,50.0
17,18,50.0
17,18,50.0
17,18,50.0
18,18,50.0
18,18,50.0
18,18,50.0
18,17,50.0
18,17,50.0
18,17,50.0
17,17,50.0
17,17,50.0
17,17,50.0
17,16,50.0
17,16,50.0
17,16,50.0
16,16,50.0
16,16,50.0
16,16,50.0
15,16,50.0
15,16,50.0
15,16,50.0
15,15,50.0
15,15,50.0
15,15,71.93601839308563
14,15,50.0
14,15,50.0
14,15,50.0
13,15,50.0
13,15,50.0
13,15,82.60749693363266
13,14,50.0
13,14,50.0
13,14,50.0
12,14,50.0
12,14,50.0
12,14,50.0
11,14,50.0
11,14,50.0
11,14,53.85477149006586
10,14,50.0
10,14,50.0
10,14,50.0
10,13,50.0
10,13,50.0
10,13,50.0
10,12,50.0
10,12,86.72320148909319
10,12,117.83865213163511
10,11,50.0
10,11,50.0
10,11,50.0
10,10,52.47803875167351
10,10,50.0
10,10,50.0
9,10,50.0
9,10,50.0
9,10,50.0
8,10,50.0
8,10,50.0
8,10,50.0
8,9,50.0
8,9,50.0
8,9,59.498000597551474
8,8,50.0
8,8,50.0
8,8,50.0
9,8,50.0
9,8,53.76358631070541
9,8,50.0
9,7,50.0
9,7,50.0
9,7,50.0
9,6,50.0
9,6,97.60098404876017
9,6,64.45788973463
10,6,50.0
10,6,50.0
10,6,50.0
9,6,78.90067900346044
9,6,50.0
9,6,79.34683599622667
8,6,56.048588670201184
8,6,50.0
8,6,50.0
7,6,50.0
7,6,50.0
7,6,50.0
6,6,50.0
6,6,50.0
6,6,60.881743394037656
5,6,75.76520932392819
5,6,102.3803194587113
5,6,50.0
4,6,77.49680119047184
4,6,50.0
4,6,50.0
3,6,50.0
3,6,50.0
3,6,50.0
3,5,58.70910634919582
3,5,50.0
3,5,50.0
4,5,50.0
4,5,50.0
4,5,98.27239268524838
4,6,56.814313771626374
4,6,50.0
4,6,54.089093637269926
3,6,97.01595549747142
3,6,52.594131633254975
3,6,50.0
3,5,50.0
3,5,50.0
3,5,50.0
2,5,50.0
2,5,50.0
2,5,50.0
2,4,50.0
2,4,78.01262712261588
2,4,125.97191962764103
1,4,126.83124320520714
1,4,65.55213826463584
1,4,97.81529405739761
1,3,175.75895480272624
1,3,164.26108202851353
1,3,94.52857326754683
2,3,134.7332328377634
2,3,59.670323366734884
2,3,69.08052021068268
1,3,50.0
1,3,107.79721728471209
1,3,50.0
1,4,50.0
1,4,67.90877408886703
1,4,50.0
1,3,73.41369884263864
1,3,50.0
1,3,50.0
1,2,135.64590359187855
1,2,129.9764864691578
1,2,50.0
2,2,50.0
2,2,70.07478986424158
2,2,71.47785254946263
2,1,115.48150515138909
2,1,50.0
2,1,79.29320927387707
3,1,134.90550521146054
3,1,61.582867147759444
3,1,60.23921371190815
2,1,50.0
2,1,50.0
2,1,58.347036058250424
1,1,50.220986433675684
1,1,77.17280242293403
1,1,79.08175689671478
0,1,83.80184894407569
0,1,145.46965064936376
0,1,50.0
-1,1,87.47420328464216
-1,1,66.54648749863327
-1,1,66.53833410754353
-2,1,59.44125641883616
-2,1,50.0
-2,1,58.51147626614233
-3,1,107.2090831708791
-3,1,109.96810252263214
-3,1,50.0
-3,2,50.0
-3,2,175.2630681045189
-3,2,50.0
-3,3,50.0
-3,3,50.0
-3,3,130.16570423345456
-4,3,122.73780676614439
-4,3,62.53391857418886
-4,3,86.06987380614173
-4,2,129.6756265964312
-4,2,88.03512911813144
-4,2,50.0
-3,2,155.93758055234434
-3,2,50.0
-3,2,50.0
-4,2,50.0
-4,2,50.0
-4,2,80.97047807808954
-5,2,67.84325798204883
-5,2,52.253284485834854
-5,2,124.2062207066896
-6,2,136.34002610416434
-6,2,50.0
-6,2,50.0
-6,1,50.0
-6,1,74.10873076103263
-6,1,78.24597806318329
-7,1,50.0
-7,1,50.0
-7,1,50.0
-8,1,50.0
-8,1,50.0
-8,1,53.882960919269365
-8,0,50.0
-8,0,50.0
-8,0,50.0
-9,0,50.0
-9,0,50.0
-9,0,87.67258574503083
-9,1,50.0
-9,1,50.0
-9,1,82.12181962122138
-9,2,57.890744064649354
-9,2,50.0
-9,2,59.45891431131621
-9,1,111.89252022754886
-9,1,50.0
-9,1,85.07002297773582
-9,0,115.4364144671998
-9,0,50.0
-9,0,68.99349362423169
-9,-1,91.51694351786762
-9,-1,50.0
-9,-1,50.0
-10,-1,64.83821805763117
-10,-1,50.0
-10,-1,50.0
-11,-1,54.187806690430044
-11,-1,54.37453074276725
-11,-1,80.32719772280853
-11,-2,50.0
-11,-2,62.62186175939575
-11,-2,50.0
-11,-3,50.0
-11,-3,69.24729051939025
-11,-3,93.31980626751539
-11,-4,104.39595307048516
-11,-4,197.14226154394976
-11,-4,57.43201869225678
-12,-4,80.76335751431773
-12,-4,76.09168614088205
-12,-4,50.0
-11,-4,50.0
-11,-4,50.0
-11,-4,50.0
-11,-3,50.0
-11,-3,50.0
-11,-3,50.0
-10,-3,54.89832504417811
-10,-3,50.0
-10,-3,50.0
-9,-3,50.0
-9,-3,50.0
-9,-3,50.0
-10,-3,50.0
-10,-3,66.21460372450338
-10,-3,50.0
-10,-2,110.17629998528523
-10,-2,54.799620848234724
-10,-2,62.92251425020648
-9,-2,50.0
-9,-2,113.61888127969684
-9,-2,50.0
-8,-2,50.0
-8,-2,50.0
-8,-2,57.41908784397312
-7,-2,50.0
-7,-2,50.0
-7,-2,50.0
-7,-1,50.0
-7,-1,50.0
-7,-1,50.0
-6,-1,83.9481571670056
-6,-1,50.0
-6,-1,50.0
-5,-1,50.0
-5,-1,100.8526383905629
-5,-1,50.0
-5,0,50.0
-5,0,60.31861268013707
-5,0,50.0
-5,1,50.0
-5,1,97.32066822045616
-5,1,101.2432701660497
-4,1,128.79011393328682
-4,1,56.11578118646142
-4,1,59.26576275877354
-5,1,50.0
-5,1,50.0
-5,1,73.05345148243164
-4,1,75.90980070497197
-4,1,55.5222537813512
-4,1,68.04254216837266
-4,0,151.36498126918138
-4,0,50.0
-4,0,50.0
-4,1,50.0
-4,1,53.47678792641648
-4,1,50.0
-3,1,50.0
-3,1,50.0
-3,1,88.2516543047167
-2,1,50.0
-2,1,50.0
-2,1,66.02213922047198
-1,1,50.0
-1,1,162.29807498446826
-1,1,66.23522694903423
0,1,52.34726106694889
0,1,63.68809359316127
0,1,105.1005059667283
0,0,103.92083879384819
0,0,151.89756676607874
0,0,55.06658995185795
0,1,87.06481836279085
0,1,88.90818788652945
0,1,89.83089279206034
1,1,50.0
1,1,50.0
1,1,57.92098797927925
1,2,95.5206100349296
1,2,50.0
1,2,50.0
1,3,58.86073878746466
1,3,78.49880382025952
1,3,50.0
2,3,50.0
2,3,73.08243670331669
2,3,67.46364944552586
2,4,50.0
2,4,129.19457661299072
2,4,56.293458784309976
3,4,58.292547915353566
3,4,98.80464967533105
3,4,131.31289448744886
4,4,76.49449079558903
4,4,80.6181295795362
4,4,50.0
3,4,98.39931462552524
3,4,50.0
3,4,87.46229380105054
4,4,121.17378096097796
4,4,133.2936912371247
4,4,67.95636563830436
4,3,108.4858958505722
4,3,50.0
4,3,71.04904411245059
4,2,50.0
4,2,105.37578476572264
4,2,50.0
4,3,74.933871461448
4,3,50.0
4,3,56.463291462709044
4,4,67.02350002960276
4,4,55.0641227742469
4,4,94.87468478942095
4,5,50.0
4,5,50.0
4,5,50.0
5,5,67.97104985832311
5,5,98.4661272078763
5,5,50.0
5,6,65.18055708464257
5,6,50.0
5,6,50.0
6,6,50.0
6,6,89.54067089278095
6,6,50.0
7,6,63.667250253185074
7,6,50.0
7,6,50.0
8,6,50.0
8,6,50.0
8,6,50.0
8,7,84.06813159023326
8,7,50.0
8,7,50.0
9,7,93.32139462087017
9,7,50.0
9,7,50.0
10,7,50.0
10,7,50.0
10,7,50.0
11,7,89.46532906381731
11,7,50.0
11,7,50.0
11,8,50.0
11,8,50.0
11,8,50.0
11,9,50.0
11,9,50.0
11,9,50.0
11,10,50.0
11,10,50.0
11,10,50.0
12,10,50.0
12,10,127.02736695726423
12,10,50.0
13,10,101.2469695119019
13,10,50.0
13,10,50.0
14,10,50.0
14,10,50.0
14,10,50.0
13,10,50.0
13,10,53.823635356511446
13,10,50.0
14,10,50.0
14,10,50.0
14,10,50.0
14,11,50.0
14,11,50.0
14,11,50.0
14,12,50.0
14,12,50.0
14,12,50.0
14,13,50.0
14,13,50.0
14,13,50.0
15,13,50.0
15,13,50.0
15,13,50.0
16,13,50.0
16,13,50.0
16,13,50.0
17,13,50.0
17,13,50.0
17,13,50.0
18,13,50.0
18,13,50.0
18,13,50.0
19,13,50.0
19,13,50.0
19,13,50.0
19,14,50.0
19,14,50.0
19,14,50.0
19,15,50.0
19,15,50.0
19,15,50.0
20,15,50.0
20,15,50.0
20,15,50.0
20,16,50.0
20,16,50.0
20,16,50.0
19,16,50.0
19,16,50.0
19,16,50.0
18,16,50.0
18,16,50.0
18,16,50.0
17,16,50.0
17,16,50.0
17,16,50.0
18,16,50.0
18,16,50.0
18,16,50.0
18,15,50.0
18,15,50.0
18,15,50.0
17,15,50.0
17,15,50.0
17,15,50.0
17,14,50.0
17,14,50.0
17,14,50.0
16,14,50.0
16,14,50.0
16,14,50.0
15,14,50.0
15,14,50.0
15,14,50.0
14,14,50.0
14,14,50.0
14,14,50.0
15,14,50.0
15,14,50.0
15,14,50.0
15,13,50.0
15,13,50.0
15,13,50.0
15,12,50.0
15,12,50.0
15,12,50.0
14,12,50.0
14,12,50.0
14,12,50.0
13,12,50.0
13,12,50.0
13,12,50.0
13,11,50.0
13,11,50.0
13,11,50.0
12,11,50.0
12,11,50.0
12,11,50.0
12,10,50.0
12,10,50.0
12,10,50.0
12,9,50.0
12,9,50.0
12,9,50.0
12,10,50.0
12,10,50.0
12,10,50.0
12,9,50.0
12,9,51.273362287486776
12,9,50.0
12,8,50.0
12,8,72.22575423265101
12,8,50.0
11,8,50.0
11,8,50.0
11,8,50.0
11,7,50.0
11,7,50.0
11,7,50.0
10,7,50.0
10,7,50.0
10,7,50.0
10,6,50.0
10,6,50.0
10,6,50.0
10,7,50.0
10,7,50.0
10,7,50.0
11,7,50.0
11,7,50.0
11,7,50.0
10,7,50.0
10,7,50.0
10,7,50.0
10,6,50.0
10,6,50.0
10,6,50.0
9,6,56.266016773020766
9,6,50.0
9,6,50.0
8,6,50.0
8,6,50.0
8,6,50.0
8,5,111.71638849570061
8,5,78.72772537284473
8,5,50.0
9,5,50.0
9,5,65.55070332844797
9,5,50.0
10,5,68.0895108814523
10,5,50.0
10,5,50.0
9,5,50.0
9,5,50.0
9,5,50.0
8,5,50.0
8,5,50.0
8,5,50.0
8,4,50.0
8,4,50.0
8,4,50.0
7,4,50.0
7,4,50.0
7,4,50.0
7,3,89.14180194825805
7,3,50.0
7,3,51.54913788791687
6,3,58.63563287635443
6,3,65.02040221439783
6,3,71.62210681543365
7,3,50.0
7,3,60.71575019885576
7,3,67.98603052016385
7,4,50.0
7,4,50.0
7,4,79.40523145080105
7,3,72.30515695032993
7,3,123.16694708197902
7,3,50.0
6,3,50.0
6,3,50.0
6,3,61.77498916081013
5,3,50.0
5,3,87.3038925364292
5,3,50.0
4,3,50.0
4,3,71.3969855552652
4,3,50.0
3,3,50.0
3,3,50.0
3,3,57.438423140844975
3,2,83.77182897174282
3,2,98.30232372698549
3,2,50.0
3,1,57.39553756888604
3,1,83.81787252230983
3,1,87.15420157205007
3,0,92.31666466165973
3,0,63.75585622124417
3,0,50.0
3,1,53.799126616388406
3,1,50.0
3,1,50.0
2,1,54.750012542372446
2,1,54.70283587952507
2,1,122.33648954823153
2,0,75.9582388503091
2,0,50.0
2,0,50.0
1,0,50.0
1,0,175.250565890242
1,0,103.07356538381389
1,1,50.0
1,1,61.793823415098196
1,1,50.0
1,2,50.0
1,2,139.7664452190827
1,2,116.05055470626812
1,3,50.0
1,3,50.0
1,3,115.9629700344527
0,3,149.20282427183557
0,3,85.88038821481211
0,3,76.04514685138427
-1,3,54.07233628958878
-1,3,115.88077360905808
-1,3,95.45017158699672
-2,3,111.57228759345267
-2,3,50.0
-2,3,55.21849248825636
-2,2,92.56731554683341
-2,2,121.97957188233357
-2,2,73.59585033888224
-2,1,128.707448300717
-2,1,50.0
-2,1,61.88222458249432
-2,2,50.0
-2,2,65.49749330493431
-2,2,52.66031858066296
-2,1,80.86398685680852
-2,1,59.885847695285406
-2,1,50.0
-2,0,120.65163197176412
-2,0,50.0
-2,0,88.75616936934917
-3,0,170.07386896776967
-3,0,70.02955546615681
-3,0,50.0
-3,-1,113.05904324884537
-3,-1,61.05476552760105
-3,-1,50.0
-4,-1,56.94278940790764
-4,-1,50.0
-4,-1,61.393971470306695
-4,-2,50.0
-4,-2,81.08340703905127
-4,-2,87.14116774140409
-4,-3,85.56473268765191
-4,-3,82.78717347524359
-4,-3,97.23736144836525
-4,-4,224.07460032128245
-4,-4,50.0
-4,-4,50.0
-5,-4,65.04675002361228
-5,-4,142.34976023031487
-5,-4,97.63382144355333
-4,-4,50.0
-4,-4,52.20492660496065
-4,-4,50.0
-5,-4,50.0
-5,-4,78.14873727926681
-5,-4,138.01350962718163
-5,-5,50.0
-5,-5,72.26757949294196
-5,-5,68.55710897838846
-5,-4,50.0
-5,-4,109.12765924685714
-5,-4,50.0
-5,-5,119.36853508602508
-5,-5,50.0
-5,-5,107.56018209022605
-5,-6,50.0
-5,-6,50.825095744587635
-5,-6,50.0
-6,-6,119.2771275357122
-6,-6,140.32007971236027
-6,-6,87.77784103339766
-7,-6,50.0
-7,-6,129.23530741932416
-7,-6,50.0
-7,-5,50.0
-7,-5,50.0
-7,-5,50.0
-8,-5,50.0
-8,-5,50.0
-8,-5,128.3219410775246
-8,-4,50.0
-8,-4,52.916891822905406
-8,-4,50.0
-8,-5,50.0
-8,-5,94.21996968859823
-8,-5,81.0171886472601
-8,-6,50.0
-8,-6,85.40519964771418
-8,-6,99.489633144788
-8,-7,114.72654092314906
-8,-7,153.7679423497772
-8,-7,50.0
-8,-8,50.0
-8,-8,50.0
-8,-8,50.0
-7,-8,90.2524001645181
-7,-8,50.0
-7,-8,50.0
-7,-9,118.41374922832588
-7,-9,120.24494759364337
-7,-9,50.0
-8,-9,50.0
-8,-9,50.0
-8,-9,57.545301809389954
-8,-10,59.655277459460606
-8,-10,50.0
-8,-10,50.0
-8,-11,50.0
-8,-11,50.0
-8,-11,50.0
-8,-12,50.0
-8,-12,50.0
-8,-12,50.0
-9,-12,50.0
-9,-12,50.0
-9,-12,50.0
-9,-13,50.0
-9,-13,50.0
-9,-13,50.0
-10,-13,50.0
-10,-13,50.0
-10,-13,50.0
-11,-13,50.0
-11,-13,50.0
-11,-13,50.0
-10,-13,50.0
-10,-13,53.788598666214895
-10,-13,50.0
-10,-12,50.0
-10,-12,50.0
-10,-12,50.0
-10,-13,50.0
-10,-13,50.0
-10,-13,50.0
-10,-14,50.0
-10,-14,50.0
-10,-14,50.0
-10,-15,50.0
-10,-15,50.0
-10,-15,50.0
-11,-15,50.0
-11,-15,50.0
-11,-15,50.0
-11,-16,50.0
-11,-16,50.0
-11,-16,77.93878287476677
-10,-16,50.0
-10,-16,50.0
-10,-16,50.0
-11,-16,50.0
-11,-16,50.0
-11,-16,50.0
-12,-16,50.0
-12,-16,50.0
-12,-16,50.0
-12,-15,50.0
-12,-15,50.0
-12,-15,50.0
-12,-16,50.0
-12,-16,50.0
-12,-16,50.0
-11,-16,50.0
-11,-16,50.0
-11,-16,82.36228265768679
-11,-15,50.0
-11,-15,50.0
-11,-15,50.0
-11,-14,50.0
-11,-14,50.0
-11,-14,50.0
-11,-13,50.0
-11,-13,50.0
-11,-13,50.0
-11,-12,50.0
-11,-12,50.0
-11,-12,50.0
-10,-12,50.0
-10,-12,50.0
-10,-12,50.0
-10,-13,50.0
-10,-13,110.67556740244633
-10,-13,50.0
-10,-12,50.0
-10,-12,50.0
-10,-12,50.0
-9,-12,50.0
-9,-12,50.0
-9,-12,98.87403989436504
-10,-12,50.0
-10,-12,50.0
-10,-12,50.0
-9,-12,83.26079471605512
-9,-12,50.0
-9,-12,50.0
-9,-11,50.0
-9,-11,50.0
-9,-11,50.0
-9,-10,50.0
-9,-10,50.0
-9,-10,50.0
-9,-9,50.0
-9,-9,50.0
-9,-9,50.0
-8,-9,50.0
-8,-9,59.29689159598174
-8,-9,50.0
-8,-8,50.0
-8,-8,50.0
-8,-8,50.0
-8,-7,86.03670510709458
-8,-7,52.74755340562063
-8,-7,108.07110360391013
-8,-6,89.71905237174401
-8,-6,65.11489076631327
-8,-6,50.0
-7,-6,55.84997092963798
-7,-6,50.0
-7,-6,74.3300944682172
-7,-5,63.49696778704353
-7,-5,50.0
-7,-5,50.0
-7,-4,96.9055260573565
-7,-4,50.0
-7,-4,50.0
-7,-3,50.0
-7,-3,50.0
-7,-3,50.0
-7,-2,50.0
-7,-2,53.706365560152776
-7,-2,50.0
-6,-2,50.0
-6,-2,60.88116363698423
-6,-2,50.0
-6,-1,66.08394036416993
-6,-1,96.51437503294159
-6,-1,75.4854157460723
-6,0,50.0
-6,0,50.0
-6,0,50.0
-7,0,112.6570231785407
-7,0,50.0
-7,0,90.51231452343565
-7,1,142.97849951088284
-7,1,50.0
-7,1,86.28328842466979
-7,2,50.0
-7,2,50.0
-7,2,52.97732812352855
-7,3,50.0
-7,3,90.18907726746062
-7,3,102.13611406649392
-7,4,50.0
-7,4,136.75201223373696
-7,4,50.0
-7,5,50.0
-7,5,79.80981671554915
-7,5,50.0
-7,6,50.0
-7,6,50.0
-7,6,71.38217772676964
-7,5,94.80710133519446
-7,5,79.72066314032449
-7,5,50.0
-7,4,50.0
-7,4,95.3662683047315
-7,4,77.97081392881098
-6,4,50.0
-6,4,50.0
-6,4,92.79855615428723
-6,5,50.0
-6,5,69.38220177463057
-6,5,74.13616973415635
-5,5,50.0
-5,5,50.0
-5,5,50.0
-4,5,50.0
-4,5,50.0
-4,5,55.915738699174966
-4,6,50.0
-4,6,50.0
-4,6,147.9319199132326
-4,7,50.0
-4,7,50.0
-4,7,50.0
-4,8,50.0
-4,8,50.0
-4,8,50.0
-4,7,50.0
-4,7,50.0
-4,7,50.0
-4,8,50.0
-4,8,50.0
-4,8,99.62244449718227
-4,9,50.0
-4,9,64.07114685889016
-4,9,84.79453386136319
-4,10,50.0
-4,10,50.0
-4,10,50.0
-4,11,50.0
-4,11,78.19680397288539
-4,11,50.0
-4,12,50.0
-4,12,50.0
-4,12,50.0
-5,12,50.0
-5,12,50.0
-5,12,140.8244967169318
-6,12,50.0
-6,12,51.12491409763146
-6,12,50.0
-6,11,50.0
-6,11,50.0
-6,11,105.84263544452224
-7,11,54.39852009401063
-7,11,54.54964833713006
-7,11,50.0
-8,11,74.76991221482528
-8,11,50.0
-8,11,50.0
-9,11,50.0
-9,11,50.0
-9,11,50.0
-10,11,50.0
-10,11,50.0
-10,11,50.0
-9,11,50.0
-9,11,50.0
