13,8,100.0
13,9,100.0
13,9,100.0
13,8,100.0
13,8,100.0
13,9,100.0
13,9,100.0
13,10,100.0
13,10,100.0
14,10,100.0
14,10,100.0
14,11,100.0
14,11,100.0
14,12,100.0
14,12,100.0
14,13,100.0
14,13,100.0
14,14,100.0
14,14,100.0
14,15,100.0
14,15,100.0
14,16,100.0
14,16,100.0
14,17,214.1417148207076
14,17,100.0
14,18,100.0
14,18,100.0
14,19,100.0
14,19,100.0
14,20,100.0
14,20,100.0
15,20,100.0
15,20,100.0
16,20,100.0
16,20,100.0
16,19,100.0
16,19,100.0
16,18,100.0
16,18,100.0
17,18,100.0
17,18,100.0
18,18,100.0
18,18,100.0
18,17,100.0
18,17,100.0
17,17,100.0
17,17,100.0
17,16,100.0
17,16,100.0
16,16,100.0
16,16,100.0
15,16,100.0
15,16,100.0
15,15,100.0
15,15,100.0
14,15,100.0
14,15,100.0
13,15,100.0
13,15,100.0
13,14,100.0
13,14,100.0
12,14,100.0
12,14,100.0
11,14,100.0
11,14,100.0
10,14,100.0
10,14,100.0
10,13,100.0
10,13,100.0
10,12,100.0
10,12,100.0
10,11,100.0
10,11,100.0
10,10,100.0
10,10,100.0
9,10,100.0
9,10,100.0
8,10,100.0
8,10,100.0
8,9,100.0
8,9,100.0
8,8,100.0
8,8,100.0
9,8,100.0
9,8,100.0
9,7,156.63790010418677
9,7,100.0
9,6,143.57341850195155
9,6,100.0
10,6,100.0
10,6,100.0
9,6,100.0
9,6,100.0
8,6,100.0
8,6,100.0
7,6,211.83373032648268
7,6,100.0
6,6,100.0
6,6,100.0
5,6,100.0
5,6,104.09282938860648
4,6,223.62048636635586
4,6,100.0
3,6,100.0
3,6,100.0
3,5,321.92609888464494
3,5,133.47971780166614
4,5,100.0
4,5,100.0
4,6,177.94649541210944
4,6,157.7041566436602
3,6,183.84386829244352
3,6,270.33910693478026
3,5,100.0
3,5,100.0
2,5,100.0
2,5,100.0
2,4,100.0
2,4,231.37820584212616
1,4,174.04729599125773
1,4,165.40586808321538
1,3,161.44959739880838
1,3,118.08670128639187
2,3,150.44286876524743
2,3,120.04550980403302
1,3,100.0
1,3,174.65497889611018
1,4,161.93356847483295
1,4,100.0
1,3,100.0
1,3,199.08016905404844
1,2,210.8242876727462
1,2,100.0
2,2,100.0
2,2,100.0
2,1,100.0
2,1,107.32134736213973
3,1,135.77075483844143
3,1,122.77744836373704
2,1,124.77266176106367
2,1,196.2471416471381
1,1,203.33127547098576
1,1,100.0
0,1,216.16318085070114
0,1,274.1180424507254
-1,1,100.0
-1,1,285.8637971114292
-2,1,100.0
-2,1,100.0
-3,1,392.16372454618727
-3,1,100.0
-3,2,317.7349002716833
-3,2,201.20574412001986
-3,3,118.37800903028938
-3,3,100.0
-4,3,100.0
-4,3,100.0
-4,2,115.11508663638475
-4,2,242.8309270487577
-3,2,116.11514417596848
-3,2,187.75097489315652
-4,2,100.0
-4,2,100.0
-5,2,105.43098146479959
-5,2,324.74427043601884
-6,2,152.90952210387792
-6,2,100.0
-6,1,100.0
-6,1,100.0
-7,1,235.40766364683623
-7,1,224.22968856843102
-8,1,100.0
-8,1,100.0
-8,0,100.0
-8,0,100.0
-9,0,100.0
-9,0,100.0
-9,1,100.0
-9,1,100.0
-9,2,100.0
-9,2,100.0
-9,1,100.0
-9,1,100.0
-9,0,132.12498392423916
-9,0,100.0
-9,-1,101.05681523880108
-9,-1,113.38757441497005
-10,-1,136.6018205444497
-10,-1,100.0
-11,-1,100.0
-11,-1,100.0
-11,-2,118.62352113436903
-11,-2,100.57500797248876
-11,-3,100.0
-11,-3,100.0
-11,-4,100.0
-11,-4,100.0
-12,-4,133.84030974035173
-12,-4,100.0
-11,-4,100.0
-11,-4,100.0
-11,-3,100.0
-11,-3,100.0
-10,-3,100.0
-10,-3,100.0
-9,-3,100.0
-9,-3,100.0
-10,-3,100.0
-10,-3,100.0
-10,-2,246.07335973956756
-10,-2,100.0
-9,-2,336.7940996097641
-9,-2,100.0
-8,-2,125.26841999839293
-8,-2,144.20205604462694
-7,-2,147.94077348927965
-7,-2,341.8799371307992
-7,-1,109.78467423644096
-7,-1,100.0
-6,-1,249.51947956784988
-6,-1,100.0
-5,-1,100.0
-5,-1,100.0
-5,0,127.57045894239468
-5,0,100.0
-5,1,136.2186855607087
-5,1,106.53026106351881
-4,1,251.13266949215168
-4,1,104.34244423332949
-5,1,441.4996666749619
-5,1,100.0
-4,1,120.80184211471067
-4,1,148.61238172980646
-4,0,100.0
-4,0,100.0
-4,1,268.7540420820926
-4,1,119.68981929261236
-3,1,100.0
-3,1,168.6581966437719
-2,1,160.7898937242569
-2,1,129.24115850396265
-1,1,100.0
-1,1,100.0
0,1,133.56772968681634
0,1,233.86532538621867
0,0,219.8235783800149
0,0,175.61624296953877
0,1,176.29662925245435
0,1,279.2436588340234
1,1,161.47973225905702
1,1,332.7355839669333
1,2,147.23814112075178
1,2,177.92919210006463
1,3,202.36733514019332
1,3,115.10356980630522
2,3,100.0
2,3,100.0
2,4,100.0
2,4,129.0567047601884
3,4,108.11929522596344
3,4,159.96514774864113
4,4,100.0
4,4,100.0
3,4,100.0
3,4,135.9464837345935
4,4,216.77427729288036
4,4,100.0
4,3,100.0
4,3,100.0
4,2,100.0
4,2,112.32452261140364
4,3,200.9589006701983
4,3,100.0
4,4,100.0
4,4,143.95776255766626
4,5,100.0
4,5,100.0
5,5,229.94523066589608
5,5,216.99214838822093
5,6,100.0
5,6,248.28608685814194
6,6,100.0
6,6,169.960117976106
7,6,100.0
7,6,100.0
8,6,100.0
8,6,100.0
8,7,100.0
8,7,100.0
9,7,283.43058236651143
9,7,100.0
10,7,100.0
10,7,100.0
11,7,100.0
11,7,100.0
11,8,100.0
11,8,100.0
11,9,100.0
11,9,100.0
11,10,100.0
11,10,100.0
12,10,100.0
12,10,100.0
13,10,100.0
13,10,100.0
14,10,100.0
14,10,100.0
13,10,100.0
13,10,100.0
14,10,100.0
14,10,100.0
14,11,100.0
14,11,100.0
14,12,100.0
14,12,100.0
14,13,100.0
14,13,100.0
15,13,100.0
15,13,100.0
16,13,100.0
16,13,100.0
17,13,100.0
17,13,100.0
18,13,100.0
18,13,100.0
19,13,100.0
19,13,100.0
19,14,100.0
19,14,100.0
19,15,100.0
19,15,100.0
20,15,100.0
20,15,100.0
20,16,100.0
20,16,100.0
19,16,100.0
19,16,100.0
18,16,100.0
18,16,100.0
17,16,100.0
17,16,100.0
18,16,100.0
18,16,100.0
18,15,100.0
18,15,100.0
17,15,100.0
17,15,100.0
17,14,100.0
17,14,100.0
16,14,100.0
16,14,100.0
15,14,100.0
15,14,100.0
14,14,100.0
14,14,100.0
15,14,100.0
15,14,100.0
15,13,100.0
15,13,100.0
15,12,100.0
15,12,100.0
14,12,100.0
14,12,157.99096570439548
13,12,100.0
13,12,100.0
13,11,100.0
13,11,100.0
12,11,100.0
12,11,100.0
12,10,100.0
12,10,100.0
12,9,100.0
12,9,100.0
12,10,100.0
12,10,100.0
12,9,100.0
12,9,100.0
12,8,189.39698858359137
12,8,100.0
11,8,100.0
11,8,100.0
11,7,100.0
11,7,100.0
10,7,100.0
10,7,100.0
10,6,100.0
10,6,100.0
10,7,123.09221128591166
10,7,100.0
11,7,100.0
11,7,100.0
10,7,100.0
10,7,168.69168477788452
10,6,100.0
10,6,106.31571109029011
9,6,100.0
9,6,100.0
8,6,100.0
8,6,100.0
8,5,100.0
8,5,100.0
9,5,167.2997679095056
9,5,125.29317726747625
10,5,100.0
10,5,100.0
9,5,100.0
9,5,100.0
8,5,100.0
8,5,106.65085449782646
8,4,100.0
8,4,100.0
7,4,100.0
7,4,100.0
7,3,139.92302322127296
7,3,100.0
6,3,100.0
6,3,285.2236045128773
7,3,100.0
7,3,100.0
7,4,100.0
7,4,100.0
7,3,258.68938809714166
7,3,100.0
6,3,236.07775924930687
6,3,100.0
5,3,100.0
5,3,100.0
4,3,143.12053138411014
4,3,100.0
3,3,128.6412747631265
3,3,185.81521332341333
3,2,168.63261874287338
3,2,100.0
3,1,221.05535148158577
3,1,100.0
3,0,100.0
3,0,100.0
3,1,100.0
3,1,226.75771251159796
2,1,136.7602536187729
2,1,380.99772596912806
2,0,100.0
2,0,100.0
1,0,181.173226505531
1,0,155.07512447346036
1,1,113.68801001487319
1,1,146.54333934203868
1,2,439.6819342279325
1,2,151.1991587325061
1,3,160.99965850773884
1,3,141.9914160663024
0,3,181.50505847312138
0,3,100.0
-1,3,100.0
-1,3,164.17300074598762
-2,3,110.20147781418271
-2,3,100.0
-2,2,130.13833137775958
-2,2,100.0
-2,1,100.0
-2,1,100.0
-2,2,100.0
-2,2,100.0
-2,1,266.6850515687875
-2,1,171.3273749078302
-2,0,164.1522092280148
-2,0,223.4927103885432
-3,0,184.7031631729522
-3,0,100.0
-3,-1,113.70898270612942
-3,-1,142.53322045230732
-4,-1,251.66292520508335
-4,-1,102.27921171006962
-4,-2,218.47739023507134
-4,-2,100.0
-4,-3,100.0
-4,-3,178.96006601818317
-4,-4,100.0
-4,-4,100.0795931444314
-5,-4,141.24166189196453
-5,-4,100.0
-4,-4,183.43574037133533
-4,-4,209.59326275168516
-5,-4,100.0
-5,-4,100.0
-5,-5,100.0
-5,-5,158.07734278695375
-5,-4,200.44413127308334
-5,-4,100.0
-5,-5,120.02467405942181
-5,-5,100.0
-5,-6,190.7434198941956
-5,-6,100.0
-6,-6,113.18344384183047
-6,-6,174.72735630611146
-7,-6,100.0
-7,-6,100.0
-7,-5,511.61822955533023
-7,-5,100.0
-8,-5,207.5265464929102
