13,8,100.0
13,9,100.0
13,9,100.0
13,8,100.0
13,8,100.0
13,9,100.0
13,9,100.0
13,10,100.0
13,10,100.0
14,10,100.0
14,10,100.0
14,11,106.55118396109145
14,11,100.0
14,12,100.0
14,12,100.0
14,13,100.0
14,13,100.0
14,14,100.0
14,14,100.0
14,15,100.0
14,15,100.0
14,16,100.0
14,16,100.0
14,17,100.0
14,17,118.92287519959103
14,18,100.0
14,18,100.0
14,19,100.0
14,19,100.0
14,20,100.0
14,20,100.0
15,20,100.0
15,20,100.0
16,20,100.0
16,20,100.0
16,19,100.0
16,19,100.0
16,18,100.0
16,18,100.0
17,18,100.0
17,18,100.0
18,18,100.0
18,18,100.0
18,17,100.0
18,17,100.0
17,17,100.0
17,17,100.0
17,16,100.0
17,16,100.0
16,16,100.0
16,16,100.0
15,16,100.0
15,16,100.0
15,15,100.0
15,15,100.0
14,15,100.0
14,15,100.0
13,15,100.0
13,15,100.0
13,14,100.0
13,14,100.0
12,14,100.0
12,14,100.0
11,14,100.0
11,14,100.0
10,14,100.0
10,14,100.0
10,13,100.0
10,13,100.0
10,12,100.0
10,12,100.0
10,11,100.0
10,11,100.0
10,10,100.0
10,10,100.0
9,10,100.0
9,10,100.0
8,10,111.66156318764614
8,10,100.0
8,9,100.0
8,9,100.0
8,8,100.0
8,8,174.14720576436798
9,8,100.0
9,8,100.0
9,7,100.0
9,7,100.0
9,6,100.0
9,6,100.0
10,6,100.0
10,6,243.67274707661343
9,6,100.0
9,6,100.0
8,6,100.0
8,6,100.0
7,6,100.0
7,6,134.1393250585038
6,6,116.87389347872382
6,6,341.5184181504634
5,6,100.0
5,6,100.0
4,6,100.0
4,6,104.49504717832073
3,6,100.0
3,6,171.13052398200296
3,5,100.0
3,5,100.0
4,5,109.16258419922353
4,5,213.7380134049086
4,6,109.17501276449656
4,6,100.0
3,6,129.04807571251098
3,6,107.56995920095886
3,5,181.96041744777114
3,5,125.79996328892206
2,5,111.13276491845157
2,5,100.0
2,4,124.74396942846742
2,4,100.0
1,4,100.0
1,4,100.0
1,3,101.75046064579755
1,3,111.34508964031986
2,3,203.49561277961885
2,3,100.0
1,3,106.98895166535313
1,3,100.0
1,4,207.0137598742757
1,4,167.8768126597602
1,3,116.6530598553023
1,3,100.0
1,2,100.0
1,2,100.0
2,2,106.60035209740043
2,2,100.0
2,1,110.34762485644939
2,1,278.0823547905418
3,1,133.13467649084123
3,1,100.0
2,1,100.0
2,1,197.28856321780535
1,1,169.14568164011897
1,1,100.0
0,1,191.98171250821528
0,1,267.8108090462365
-1,1,100.0
-1,1,100.0
-2,1,100.0
-2,1,270.2045242487162
-3,1,100.0
-3,1,220.672936337328
-3,2,159.1044219349238
-3,2,144.74989907803047
-3,3,100.0
-3,3,202.15140728627142
-4,3,100.0
-4,3,100.0
-4,2,157.00276255144095
-4,2,146.03734575743357
-3,2,100.0
-3,2,188.9713743377401
-4,2,100.0
-4,2,203.56284877727336
-5,2,379.9370431193471
-5,2,231.334486419502
-6,2,138.42692129844124
-6,2,100.0
-6,1,228.89418558560368
-6,1,100.0
-7,1,100.0
-7,1,188.08879045231618
-8,1,100.0
-8,1,118.24912358004524
-8,0,100.0
-8,0,100.0
-9,0,100.0
-9,0,106.53411960274471
-9,1,145.63337944257938
-9,1,132.48761016849807
-9,2,100.0
-9,2,100.0
-9,1,257.2478688388255
-9,1,100.0
-9,0,239.8167369339138
-9,0,100.0
-9,-1,100.0
-9,-1,136.69644176214413
-10,-1,100.0
-10,-1,139.9805638884719
-11,-1,100.0
-11,-1,100.0
-11,-2,139.39707297318023
-11,-2,100.0
-11,-3,100.0
-11,-3,100.0
-11,-4,100.0
-11,-4,100.0
-12,-4,100.0
-12,-4,154.210517041107
-11,-4,100.0
-11,-4,100.0
-11,-3,100.0
-11,-3,100.0
-10,-3,102.50281874170471
-10,-3,100.0
-9,-3,100.0
-9,-3,100.0
-10,-3,100.0
-10,-3,100.0
-10,-2,100.0
-10,-2,159.3634499863166
-9,-2,100.0
-9,-2,100.0
-8,-2,100.0
-8,-2,100.0
-7,-2,100.0
-7,-2,147.42165751690155
-7,-1,138.15300846447602
-7,-1,100.0
-6,-1,154.8910598736212
-6,-1,100.0
-5,-1,113.29336040339794
-5,-1,100.0
-5,0,100.0
-5,0,277.4954190038045
-5,1,226.75976099835668
-5,1,180.43779303011294
-4,1,100.0
-4,1,263.79244718653035
-5,1,100.0
-5,1,118.51115895717749
-4,1,100.0
-4,1,100.0
-4,0,203.39993401408623
-4,0,100.0
-4,1,123.05003552868277
-4,1,100.0
-3,1,271.4586560042954
-3,1,217.36110676713918
-2,1,161.18515437456992
-2,1,100.0
-1,1,161.21017284254447
-1,1,467.2119362228025
0,1,156.59021235005127
0,1,148.47992226814154
0,0,163.48556287052412
0,0,184.9870431241291
0,1,182.1009789370732
0,1,180.28087012850602
1,1,262.0619717795523
1,1,251.56205780903144
1,2,175.28953270144888
1,2,129.82340058118217
1,3,311.29318804190626
1,3,183.05592353535133
2,3,100.0
2,3,130.15208072841233
2,4,119.19118676622092
2,4,135.9629960782398
3,4,104.80482918918908
3,4,100.0
4,4,167.7670147738301
4,4,161.7318873600513
3,4,251.93488722870828
3,4,116.63480144306602
4,4,100.0
4,4,100.0
4,3,100.0
4,3,100.0
4,2,100.0
4,2,180.81280471079253
4,3,100.0
4,3,100.0
4,4,100.0
4,4,100.0
4,5,100.0
4,5,100.0
5,5,100.0
5,5,169.12798206341563
5,6,224.27374288649042
5,6,100.0
6,6,100.0
6,6,100.0
7,6,100.0
7,6,100.0
8,6,100.0
8,6,100.0
8,7,100.0
8,7,100.0
9,7,100.0
9,7,100.0
10,7,100.0
10,7,215.05070649935794
11,7,207.5094093375524
11,7,100.0
11,8,100.0
11,8,100.0
11,9,102.91954050763633
11,9,100.0
11,10,100.0
11,10,100.0
12,10,100.0
12,10,100.0
13,10,100.0
13,10,100.0
14,10,100.0
14,10,100.0
13,10,100.0
13,10,100.0
14,10,100.0
14,10,100.0
14,11,100.0
14,11,100.0
14,12,100.0
14,12,100.0
14,13,100.0
14,13,100.0
15,13,100.0
15,13,100.0
16,13,100.0
16,13,100.0
17,13,100.0
17,13,100.0
18,13,100.0
18,13,100.0
19,13,100.0
19,13,100.0
19,14,100.0
19,14,100.0
19,15,100.0
19,15,100.0
20,15,100.0
20,15,100.0
20,16,100.0
20,16,183.69157680560835
19,16,100.0
19,16,100.0
18,16,100.0
18,16,100.0
17,16,100.0
17,16,100.0
18,16,100.0
18,16,100.0
18,15,100.0
18,15,100.0
17,15,100.0
17,15,100.0
17,14,100.0
17,14,100.0
16,14,100.0
16,14,100.0
15,14,100.0
15,14,129.1891764044975
14,14,100.0
14,14,100.0
15,14,100.0
15,14,100.0
15,13,100.0
15,13,100.0
15,12,100.0
15,12,100.0
14,12,100.0
14,12,100.0
13,12,100.0
13,12,100.0
13,11,100.0
13,11,100.0
12,11,100.0
12,11,137.9036611141209
12,10,100.0
12,10,100.0
12,9,100.0
12,9,100.0
12,10,100.0
12,10,100.0
12,9,100.0
12,9,100.0
12,8,100.0
12,8,100.0
11,8,100.0
11,8,100.0
11,7,100.0
11,7,100.0
10,7,100.0
10,7,100.0
10,6,100.0
10,6,100.0
10,7,100.0
10,7,100.0
11,7,100.0
11,7,100.0
10,7,100.0
10,7,100.0
10,6,100.0
10,6,100.0
9,6,100.0
9,6,100.0
8,6,100.0
8,6,100.0
8,5,100.0
8,5,100.0
9,5,100.0
9,5,154.70945610916908
10,5,100.0
10,5,100.0
9,5,100.0
9,5,100.0
8,5,100.0
8,5,100.0
8,4,109.60813613945133
8,4,100.0
7,4,100.0
7,4,100.0
7,3,116.70954354540243
7,3,181.21834191516265
6,3,257.0775872638376
6,3,100.0
7,3,189.41376095863566
7,3,294.0773100702619
7,4,100.0
7,4,100.0
7,3,100.0
7,3,100.0
6,3,100.0
6,3,100.0
5,3,100.0
5,3,100.0
4,3,100.0
4,3,100.0
3,3,331.0958858239164
3,3,148.29295795624273
3,2,110.92380030628587
3,2,100.0
3,1,238.88422411059634
3,1,106.88966597834153
3,0,100.0
3,0,100.0
3,1,356.9402095560556
3,1,151.6623727902703
2,1,100.0
2,1,240.4331008992242
2,0,100.0
2,0,101.81647854932793
1,0,148.60485114554936
1,0,100.0
1,1,142.8579401222185
1,1,125.5438064131678
1,2,126.43871951472454
1,2,100.0
1,3,222.03346694486075
1,3,123.21018215142588
0,3,100.0
0,3,100.0
-1,3,100.0
-1,3,353.2171267498243
-2,3,281.3010341957745
-2,3,292.0368348781983
-2,2,100.0
-2,2,191.77239383237367
-2,1,100.0
-2,1,198.33610453419737
-2,2,100.0
-2,2,100.0
-2,1,175.40376889555236
-2,1,102.44166752066903
-2,0,238.59664688979842
-2,0,108.50039019303374
-3,0,215.41341576011592
-3,0,112.38178295992343
-3,-1,334.9222148081148
-3,-1,100.0
-4,-1,102.0229111840475
-4,-1,186.37919606705964
-4,-2,118.38792620357273
-4,-2,126.68043118024568
-4,-3,140.2279740865532
-4,-3,100.0
-4,-4,111.48396966678548
-4,-4,100.0
-5,-4,100.0
-5,-4,100.0
-4,-4,100.0
-4,-4,177.25183941440346
-5,-4,100.0
-5,-4,100.0
-5,-5,115.3426033003853
-5,-5,100.0
-5,-4,178.21501689077567
-5,-4,182.167606981966
-5,-5,100.0
-5,-5,100.0
-5,-6,113.81534293205652
-5,-6,100.0
-6,-6,120.65328084018775
-6,-6,100.0
-7,-6,100.0
-7,-6,120.12085820584706
-7,-5,100.0
-7,-5,100.0
-8,-5,100.0
