13,8,100.0
13,9,100.0
13,9,100.0
13,8,100.0
13,8,100.0
13,9,100.0
13,9,100.0
13,10,118.96284059085193
13,10,100.0
14,10,100.0
14,10,100.0
14,11,100.0
14,11,100.0
14,12,100.0
14,12,100.0
14,13,100.0
14,13,100.0
14,14,164.8534619010332
14,14,100.0
14,15,100.0
14,15,100.0
14,16,100.0
14,16,100.0
14,17,100.0
14,17,100.0
14,18,100.0
14,18,100.0
14,19,100.0
14,19,100.0
14,20,100.0
14,20,100.0
15,20,100.0
15,20,100.0
16,20,100.0
16,20,100.0
16,19,100.0
16,19,100.0
16,18,100.0
16,18,100.0
17,18,100.0
17,18,100.0
18,18,100.0
18,18,100.0
18,17,100.0
18,17,100.0
17,17,100.0
17,17,100.0
17,16,100.0
17,16,100.0
16,16,100.0
16,16,100.0
15,16,100.0
15,16,100.0
15,15,100.0
15,15,100.0
14,15,100.0
14,15,100.0
13,15,100.0
13,15,100.0
13,14,112.23626078678481
13,14,100.0
12,14,100.0
12,14,100.0
11,14,100.0
11,14,100.0
10,14,100.0
10,14,100.0
10,13,100.0
10,13,100.0
10,12,100.0
10,12,102.2611611447549
10,11,100.0
10,11,100.0
10,10,100.0
10,10,100.0
9,10,100.0
9,10,113.60676422711974
8,10,100.0
8,10,109.60088360957954
8,9,100.0
8,9,299.9126260659623
8,8,100.0
8,8,100.0
9,8,204.86184852724287
9,8,249.84784074207653
9,7,100.0
9,7,100.0
9,6,100.0
9,6,100.0
10,6,100.0
10,6,100.0
9,6,214.52200721398629
9,6,210.5892244279369
8,6,100.0
8,6,100.0
7,6,100.0
7,6,100.0
6,6,100.0
6,6,100.0
5,6,100.0
5,6,100.0
4,6,100.0
4,6,100.0
3,6,100.0
3,6,211.3194907141105
3,5,100.0
3,5,100.0
4,5,100.0
4,5,179.99990040539524
4,6,260.56004706678397
4,6,117.50092464407469
3,6,100.0
3,6,100.0
3,5,100.0
3,5,120.67650729979147
2,5,136.23113874645276
2,5,100.0
2,4,100.0
2,4,190.0338185349408
1,4,100.0
1,4,100.0
1,3,232.93643791799406
1,3,100.0
2,3,166.92752390868407
2,3,100.0
1,3,204.2826606012611
1,3,144.98824153968917
1,4,100.0
1,4,186.20335016143315
1,3,100.0
1,3,240.62617582573745
1,2,132.59316145387456
1,2,313.7885022827287
2,2,100.0
2,2,155.4968300809462
2,1,132.7000464586976
2,1,100.0
3,1,100.0
3,1,135.09529499053463
2,1,100.0
2,1,140.89355773314227
1,1,211.1754801828514
1,1,109.79878119776676
0,1,212.05089814846494
0,1,200.323250696999
-1,1,100.0
-1,1,100.0
-2,1,220.67853022056426
-2,1,232.15176592423228
-3,1,100.93376798891008
-3,1,289.68396438269156
-3,2,100.0
-3,2,165.41106854568005
-3,3,186.61069519153685
-3,3,247.68101250181522
-4,3,100.0
-4,3,156.60722471396662
-4,2,100.0
-4,2,124.96989327864748
-3,2,100.0
-3,2,100.0
-4,2,100.0
-4,2,236.82132987516383
-5,2,142.53159495363505
-5,2,100.0
-6,2,123.30752469460546
-6,2,545.3026723479913
-6,1,100.0
-6,1,225.60378651469858
-7,1,205.1666128445507
-7,1,100.0
-8,1,100.0
-8,1,100.0
-8,0,114.9220200765426
-8,0,116.83979899796861
-9,0,100.0
-9,0,100.0
-9,1,100.0
-9,1,100.0
-9,2,216.80893905041523
-9,2,100.0
-9,1,100.0
-9,1,100.0
-9,0,100.0
-9,0,100.0
-9,-1,104.40176440271908
-9,-1,277.6868283564261
-10,-1,100.0
-10,-1,100.0
-11,-1,216.86569519853415
-11,-1,103.02370636699207
-11,-2,100.0
-11,-2,208.3318533743821
-11,-3,100.0
-11,-3,100.0
-11,-4,100.0
-11,-4,100.0
-12,-4,100.0
-12,-4,100.0
-11,-4,182.50059330365536
-11,-4,100.0
-11,-3,100.0
-11,-3,100.0
-10,-3,138.2493026450249
-10,-3,219.07741283332453
-9,-3,100.0
-9,-3,121.92187120919496
-10,-3,100.0
-10,-3,109.8171363054207
-10,-2,100.0
-10,-2,100.0
-9,-2,100.0
-9,-2,100.0
-8,-2,100.0
-8,-2,100.0
-7,-2,237.05179670017483
-7,-2,190.71778225410583
-7,-1,100.0
-7,-1,111.53296698108471
-6,-1,100.0
-6,-1,100.0
-5,-1,100.0
-5,-1,100.0
-5,0,203.7473878614549
-5,0,245.1035574607955
-5,1,100.0
-5,1,100.0
-4,1,100.0
-4,1,270.11954573497445
-5,1,107.83843366767177
-5,1,187.59046620354565
-4,1,100.0
-4,1,100.0
-4,0,179.7523318611975
-4,0,100.0
-4,1,100.0
-4,1,100.0
-3,1,177.52247632279847
-3,1,125.90983316753571
-2,1,100.0
-2,1,122.62574445530322
-1,1,160.16575740859375
-1,1,177.86768301642456
0,1,100.0
0,1,212.60064352205225
0,0,223.07981953035895
0,0,125.97597886248639
0,1,187.14396789624155
0,1,245.79949769956883
1,1,139.74388956804253
1,1,100.0
1,2,121.84624408442258
1,2,100.0
1,3,274.26848543655865
1,3,186.61240418985852
2,3,135.74039782246078
2,3,175.50603016922534
2,4,160.69322094178239
2,4,100.0
3,4,164.3126325639903
3,4,100.0
4,4,100.0
4,4,213.33284244192882
3,4,184.43854627231582
3,4,161.10035054820872
4,4,190.63396055803477
4,4,100.0
4,3,100.0
4,3,100.0
4,2,100.0
4,2,206.9259370942019
4,3,100.0
4,3,100.0
4,4,116.38912392771725
4,4,125.80494378548839
4,5,100.0
4,5,100.0
5,5,100.0
5,5,162.9107881349076
5,6,106.56174935580458
5,6,100.0
6,6,100.0
6,6,115.2029635463662
7,6,100.0
7,6,100.0
8,6,116.90017196355556
8,6,100.0
8,7,100.0
8,7,100.0
9,7,100.0
9,7,100.0
10,7,100.0
10,7,100.0
11,7,100.0
11,7,100.0
11,8,164.5097803125544
11,8,148.04632969371448
11,9,100.0
11,9,100.0
11,10,105.0621765858198
11,10,100.0
12,10,100.0
12,10,100.0
13,10,100.0
13,10,100.0
14,10,100.0
14,10,100.0
13,10,100.0
13,10,100.73243495648678
14,10,100.0
14,10,100.0
14,11,100.0
14,11,100.0
14,12,100.0
14,12,100.0
14,13,100.0
14,13,149.84015711630283
15,13,100.0
15,13,100.0
16,13,100.0
16,13,100.0
17,13,100.0
17,13,100.0
18,13,100.0
18,13,100.0
19,13,100.0
19,13,100.0
19,14,100.0
19,14,100.0
19,15,100.0
19,15,100.0
20,15,100.0
20,15,100.0
20,16,100.0
20,16,100.0
19,16,100.0
19,16,100.0
18,16,100.0
18,16,100.0
17,16,100.0
17,16,100.0
18,16,100.0
18,16,100.0
18,15,100.0
18,15,100.0
17,15,100.0
17,15,100.0
17,14,100.0
17,14,100.0
16,14,100.0
16,14,100.0
15,14,100.0
15,14,100.0
14,14,100.0
14,14,100.0
15,14,100.0
15,14,100.0
15,13,100.0
15,13,100.0
15,12,100.0
15,12,100.0
14,12,100.0
14,12,100.0
13,12,100.0
13,12,100.0
13,11,100.0
13,11,100.0
12,11,100.0
12,11,100.0
12,10,100.0
12,10,100.0
12,9,100.0
12,9,100.0
12,10,100.0
12,10,100.0
12,9,100.0
12,9,100.0
12,8,100.0
12,8,100.0
11,8,100.0
11,8,100.0
11,7,100.0
11,7,100.0
10,7,100.0
10,7,100.0
10,6,100.0
10,6,100.0
10,7,100.0
10,7,100.35731345890711
11,7,100.0
11,7,100.0
10,7,100.0
10,7,114.12481094695865
10,6,100.0
10,6,100.0
9,6,108.8202659436558
9,6,100.0
8,6,100.0
8,6,100.0
8,5,100.0
8,5,100.0
9,5,100.0
9,5,100.0
10,5,100.0
10,5,100.0
9,5,100.0
9,5,100.0
8,5,100.0
8,5,100.0
8,4,100.0
8,4,203.4983832665307
7,4,100.0
7,4,100.0
7,3,169.93621529853613
7,3,100.0
6,3,100.0
6,3,100.0
7,3,100.0
7,3,100.0
7,4,248.74639495955068
7,4,100.0
7,3,100.0
7,3,100.0
6,3,100.0
6,3,205.120602364682
5,3,100.0
5,3,147.460828885673
4,3,127.92449095674843
4,3,100.0
3,3,100.0
3,3,100.0
3,2,112.7870700040844
3,2,100.0
3,1,140.39501049365887
3,1,161.88834626954855
3,0,131.01574634112558
3,0,100.0
3,1,100.0
3,1,149.50568166738077
2,1,123.42096623129652
2,1,103.16689039767743
2,0,100.0
2,0,123.88803714812117
1,0,175.9995714742482
1,0,143.7296395753418
1,1,145.47785787733682
1,1,163.50963716591028
1,2,138.0649013905114
1,2,113.9840826730299
1,3,181.20316159990904
1,3,215.8999100298165
0,3,100.0
0,3,100.0
-1,3,100.0
-1,3,100.0
-2,3,100.0
-2,3,214.67983351335346
-2,2,169.01349569233798
-2,2,100.0
-2,1,100.0
-2,1,100.0
-2,2,100.0
-2,2,139.88450372059916
-2,1,100.0
-2,1,110.44232360371885
-2,0,125.536365655889
-2,0,332.9042424275804
-3,0,121.55371930182238
-3,0,125.87036183106365
-3,-1,241.0437944683452
-3,-1,100.0
-4,-1,100.0
-4,-1,202.26911507432504
-4,-2,100.0
-4,-2,146.15856079411256
-4,-3,251.37182067327336
-4,-3,138.2008777363277
-4,-4,100.0
-4,-4,184.22691052873148
-5,-4,100.0
-5,-4,136.2456705060847
-4,-4,100.0
-4,-4,151.7783608258219
-5,-4,100.0
-5,-4,233.89502687758147
-5,-5,129.57146528646834
-5,-5,100.0
-5,-4,100.0
-5,-4,100.0
-5,-5,100.0
-5,-5,100.0
-5,-6,100.0
-5,-6,100.0
-6,-6,153.60890892142493
-6,-6,100.0
-7,-6,110.68548204841846
-7,-6,176.97022993607465
-7,-5,100.0
-7,-5,188.3657484993053
-8,-5,100.0
