13,8,100.0
13,9,100.0
13,9,100.0
13,8,100.0
13,8,100.0
13,9,100.0
13,9,100.0
13,10,100.0
13,10,100.0
14,10,100.0
14,10,100.0
14,11,100.0
14,11,100.0
14,12,100.0
14,12,100.0
14,13,100.0
14,13,100.0
14,14,100.0
14,14,100.0
14,15,100.0
14,15,100.0
14,16,100.0
14,16,100.0
14,17,103.79296509115446
14,17,100.0
14,18,100.0
14,18,100.0
14,19,100.0
14,19,100.0
14,20,100.0
14,20,100.0
15,20,100.0
15,20,100.0
16,20,100.0
16,20,100.0
16,19,100.0
16,19,100.0
16,18,100.0
16,18,100.0
17,18,100.0
17,18,100.0
18,18,100.0
18,18,100.0
18,17,100.0
18,17,100.0
17,17,100.0
17,17,100.0
17,16,100.0
17,16,100.0
16,16,100.0
16,16,100.0
15,16,100.0
15,16,100.0
15,15,100.0
15,15,100.0
14,15,100.0
14,15,100.0
13,15,100.0
13,15,100.0
13,14,100.0
13,14,100.0
12,14,100.0
12,14,100.0
11,14,100.0
11,14,100.0
10,14,100.0
10,14,100.0
10,13,100.0
10,13,100.0
10,12,117.85950151022806
10,12,100.0
10,11,100.0
10,11,123.05802026442088
10,10,100.0
10,10,100.0
9,10,100.0
9,10,100.0
8,10,100.0
8,10,100.0
8,9,100.0
8,9,100.0
8,8,100.0
8,8,100.0
9,8,100.0
9,8,100.0
9,7,100.0
9,7,100.0
9,6,100.0
9,6,100.0
10,6,103.37821361589624
10,6,100.0
9,6,119.76174297030396
9,6,100.0
8,6,100.0
8,6,100.0
7,6,100.0
7,6,156.66198970471186
6,6,177.3057160673294
6,6,100.0
5,6,100.0
5,6,100.0
4,6,128.68604886923885
4,6,151.5903434877999
3,6,100.0
3,6,265.2272606529013
3,5,100.40804863184353
3,5,145.03332813285346
4,5,139.55400002371658
4,5,166.87849571802764
4,6,100.0
4,6,130.93782431480076
3,6,100.0
3,6,100.0
3,5,131.1145516560124
3,5,100.0
2,5,100.0
2,5,206.85337444329292
2,4,288.4569240601369
2,4,334.95994410978807
1,4,100.0
1,4,100.0
1,3,100.0
1,3,100.0
2,3,100.0
2,3,246.06281393064032
1,3,100.0
1,3,108.65089820553658
1,4,198.99670189450592
1,4,226.70205688900683
1,3,100.0
1,3,148.65988741187272
1,2,132.23849375305386
1,2,100.0
2,2,100.0
2,2,100.0
2,1,100.0
2,1,173.0697784730055
3,1,100.0
3,1,100.0
2,1,100.0
2,1,126.96491303268974
1,1,100.0
1,1,116.46341614429211
0,1,133.91629421539167
0,1,207.3850347241817
-1,1,100.0
-1,1,100.0
-2,1,149.00664011898817
-2,1,290.67514584327705
-3,1,100.0
-3,1,130.67414754238075
-3,2,141.86159020174634
-3,2,119.1634427542348
-3,3,100.0
-3,3,120.40901560607301
-4,3,100.0
-4,3,100.0
-4,2,100.0
-4,2,100.0
-3,2,133.1159508150992
-3,2,100.0
-4,2,100.0
-4,2,265.973988014308
-5,2,100.0
-5,2,100.0
-6,2,100.0
-6,2,100.0
-6,1,100.0
-6,1,102.39983649219414
-7,1,100.0
-7,1,131.81630660426555
-8,1,117.63192851239985
-8,1,100.0
-8,0,104.91490248577806
-8,0,151.13665575995574
-9,0,100.0
-9,0,100.0
-9,1,100.0
-9,1,100.0
-9,2,330.30117747808464
-9,2,100.0
-9,1,100.0
-9,1,100.0
-9,0,133.03705926614225
-9,0,100.0
-9,-1,100.0
-9,-1,100.0
-10,-1,100.0
-10,-1,112.03585058895129
-11,-1,166.3702680103162
-11,-1,100.0
-11,-2,100.0
-11,-2,100.0
-11,-3,100.0
-11,-3,100.0
-11,-4,313.6841136739247
-11,-4,100.0
-12,-4,100.0
-12,-4,100.0
-11,-4,100.0
-11,-4,100.0
-11,-3,100.0
-11,-3,100.0
-10,-3,100.0
-10,-3,134.9657702400011
-9,-3,131.4620562660776
-9,-3,100.0
-10,-3,131.14930448425784
-10,-3,100.0
-10,-2,100.0
-10,-2,173.39748302468902
-9,-2,100.0
-9,-2,100.0
-8,-2,188.76598901460483
-8,-2,116.76226045488221
-7,-2,100.0
-7,-2,100.0
-7,-1,192.3763690207119
-7,-1,100.0
-6,-1,114.09917347760303
-6,-1,100.0
-5,-1,100.0
-5,-1,194.529607498754
-5,0,185.74614026074096
-5,0,100.0
-5,1,100.0
-5,1,100.0
-4,1,127.21483604672969
-4,1,100.0
-5,1,100.0
-5,1,208.15863276893083
-4,1,100.0
-4,1,100.0
-4,0,136.20461277456388
-4,0,123.1067410142872
-4,1,100.0
-4,1,100.0
-3,1,121.26043122196434
-3,1,100.0
-2,1,197.73629041159586
-2,1,182.3707873590667
-1,1,100.0
-1,1,261.1951212771278
0,1,100.0
0,1,100.0
0,0,199.71950841345762
0,0,172.27252291092276
0,1,133.95443517720273
0,1,165.4718603739617
1,1,134.8235511482062
1,1,100.0
1,2,181.16631751411114
1,2,217.69909198773786
1,3,100.0
1,3,225.60881070651774
2,3,100.0
2,3,100.0
2,4,100.0
2,4,254.06180273864527
3,4,100.0
3,4,100.0
4,4,100.0
4,4,237.15575144240844
3,4,238.59936370541337
3,4,100.0
4,4,100.0
4,4,100.0
4,3,148.80261190407637
4,3,114.74061615148887
4,2,100.0
4,2,124.18824507899916
4,3,193.63358884866872
4,3,100.0
4,4,100.0
4,4,100.0
4,5,100.0
4,5,134.50238121674877
5,5,100.0
5,5,100.0
5,6,141.43725792717328
5,6,100.0
6,6,100.0
6,6,181.3439207560333
7,6,100.0
7,6,172.799258768677
8,6,100.0
8,6,100.0
8,7,100.0
8,7,100.0
9,7,100.0
9,7,100.0
10,7,100.0
10,7,100.0
11,7,100.0
11,7,100.0
11,8,100.0
11,8,100.0
11,9,338.80920227447814
11,9,100.0
11,10,100.0
11,10,100.0
12,10,100.0
12,10,100.0
13,10,100.0
13,10,100.0
14,10,100.0
14,10,100.0
13,10,100.0
13,10,100.0
14,10,100.0
14,10,100.0
14,11,100.0
14,11,100.0
14,12,100.0
14,12,100.0
14,13,165.00691785361886
14,13,100.0
15,13,100.0
15,13,100.0
16,13,100.0
16,13,100.0
17,13,100.0
17,13,100.0
18,13,100.0
18,13,100.0
19,13,216.99171291370715
19,13,100.0
19,14,100.0
19,14,204.10281357720208
19,15,100.0
19,15,100.0
20,15,100.0
20,15,100.0
20,16,100.0
20,16,100.0
19,16,100.0
19,16,100.0
18,16,100.0
18,16,100.0
17,16,100.0
17,16,100.0
18,16,100.0
18,16,100.0
18,15,100.0
18,15,100.0
17,15,100.0
17,15,100.0
17,14,100.0
17,14,100.0
16,14,100.0
16,14,100.0
15,14,100.0
15,14,100.0
14,14,100.0
14,14,100.0
15,14,100.0
15,14,100.0
15,13,100.0
15,13,100.0
15,12,100.0
15,12,100.0
14,12,100.0
14,12,100.0
13,12,100.0
13,12,100.0
13,11,100.0
13,11,100.0
12,11,100.0
12,11,100.0
12,10,100.0
12,10,100.0
12,9,100.0
12,9,100.0
12,10,100.0
12,10,100.0
12,9,100.0
12,9,100.0
12,8,100.0
12,8,100.0
11,8,100.0
11,8,100.0
11,7,100.0
11,7,100.0
10,7,100.0
10,7,100.0
10,6,100.0
10,6,100.0
10,7,100.0
10,7,100.0
11,7,100.0
11,7,100.0
10,7,100.0
10,7,100.0
10,6,100.0
10,6,100.0
9,6,100.0
9,6,100.0
8,6,285.02014017555234
8,6,224.85893210696872
8,5,390.5248337899165
8,5,100.0
9,5,100.0
9,5,100.0
10,5,100.07901994051427
10,5,100.0
9,5,123.86457689250886
9,5,100.0
8,5,100.0
8,5,100.0
8,4,100.0
8,4,100.0
7,4,100.0
7,4,100.0
7,3,126.2518908701948
7,3,100.0
6,3,100.0
6,3,182.0608286871642
7,3,132.59923596027278
7,3,100.0
7,4,100.0
7,4,152.4719770284238
7,3,129.91291345564167
7,3,109.52652403929899
6,3,100.0
6,3,100.0
5,3,271.5515695737546
5,3,129.5988288704454
4,3,100.0
4,3,143.39251243948982
3,3,203.6207790449483
3,3,100.0
3,2,100.0
3,2,378.3027011780477
3,1,278.30637676603334
3,1,120.82861631220894
3,0,100.0
3,0,100.0
3,1,156.62639417245066
3,1,199.82218750715728
2,1,161.57263542771202
2,1,193.37008611587112
2,0,176.2851343577594
2,0,141.85749620548276
1,0,101.20746165480912
1,0,367.70252190684505
1,1,100.0
1,1,100.0
1,2,100.0
1,2,100.0
1,3,100.0
1,3,141.21153803767248
0,3,100.0
0,3,100.0
-1,3,100.0
-1,3,103.12912878654625
-2,3,101.07137560971708
-2,3,239.07692228610972
-2,2,163.02213109257383
-2,2,151.85678113491002
-2,1,100.0
-2,1,147.36314029256783
-2,2,100.0
-2,2,261.31870521692224
-2,1,100.0
-2,1,130.51246641183292
-2,0,180.54912901117638
-2,0,100.0
-3,0,325.83790201700583
-3,0,156.978699977897
-3,-1,222.4239003821162
-3,-1,116.61877428320994
-4,-1,139.25655569846356
-4,-1,296.0965687557479
-4,-2,164.77555698943783
-4,-2,109.14827845523985
-4,-3,100.0
-4,-3,100.0
-4,-4,125.95164607721438
-4,-4,100.0
-5,-4,100.0
-5,-4,100.0
-4,-4,100.0
-4,-4,100.0
-5,-4,252.3522067109763
-5,-4,100.0
-5,-5,111.38438059973724
-5,-5,100.0
-5,-4,171.18217408221983
-5,-4,164.2003881737116
-5,-5,100.0
-5,-5,114.77187700798146
-5,-6,110.78985452186535
-5,-6,100.0
-6,-6,216.2929587857924
-6,-6,100.0
-7,-6,100.0
-7,-6,100.0
-7,-5,127.22544501242987
-7,-5,100.0
-8,-5,100.0
