13,8,50.0
13,8,50.0
13,9,50.0
13,9,50.0
13,9,50.0
13,8,50.0
13,8,50.0
13,8,50.0
13,9,50.0
13,9,50.0
13,9,50.0
13,10,50.0
13,10,50.0
13,10,50.0
14,10,50.0
14,10,50.0
14,10,50.0
14,11,50.0
14,11,50.0
14,11,50.0
14,12,50.0
14,12,50.0
14,12,50.0
14,13,50.0
14,13,50.0
14,13,50.0
14,14,50.0
14,14,50.0
14,14,50.0
14,15,50.0
14,15,50.0
14,15,50.0
14,16,50.0
14,16,50.0
14,16,50.0
14,17,50.0
14,17,50.0
14,17,50.0
14,18,50.0
14,18,50.0
14,18,50.0
14,19,61.42366269091471
14,19,50.0
14,19,50.0
14,20,50.0
14,20,50.0
14,20,50.0
15,20,50.0
15,20,50.0
15,20,50.0
16,20,50.0
16,20,50.0
16,20,50.0
16,19,50.0
16,19,50.0
16,19,50.0
16,18,50.0
16,18,50.0
16,18,50.0
17,18,50.0
17,18,50.0
17,18,50.0
18,18,50.0
18,18,50.0
18,18,50.0
18,17,50.0
18,17,50.0
18,17,50.0
17,17,50.0
17,17,50.0
17,17,50.0
17,16,50.0
17,16,50.0
17,16,50.0
16,16,50.0
16,16,50.0
16,16,50.0
15,16,50.0
15,16,53.30438027035795
15,16,50.0
15,15,50.0
15,15,50.0
15,15,50.0
14,15,50.0
14,15,50.0
14,15,50.0
13,15,50.0
13,15,50.0
13,15,50.0
13,14,50.0
13,14,50.0
13,14,50.0
12,14,50.0
12,14,50.0
12,14,50.0
11,14,50.0
11,14,50.0
11,14,50.0
10,14,50.0
10,14,50.0
10,14,133.59721915354478
10,13,50.0
10,13,50.0
10,13,50.0
10,12,50.0
10,12,50.0
10,12,50.0
10,11,50.0
10,11,50.0
10,11,50.0
10,10,50.0
10,10,50.0
10,10,50.0
9,10,53.920646654306836
9,10,50.0
9,10,50.0
8,10,50.0
8,10,50.0
8,10,50.0
8,9,50.0
8,9,51.28628120051002
8,9,50.0
8,8,50.0
8,8,50.0
8,8,50.0
9,8,50.0
9,8,50.0
9,8,50.0
9,7,57.448083276463535
9,7,66.39101695853839
9,7,50.0
9,6,50.0
9,6,50.0
9,6,50.0
10,6,50.0
10,6,50.0
10,6,50.0
9,6,50.0
9,6,50.0
9,6,50.0
8,6,58.379102988510745
8,6,51.34623654566997
8,6,50.0
7,6,50.0
7,6,50.0
7,6,50.0
6,6,78.69361574237529
6,6,50.0
6,6,76.61771684436434
5,6,50.0
5,6,66.18529205005348
5,6,50.0
4,6,62.78733543616238
4,6,50.0
4,6,50.0
3,6,50.0
3,6,50.0
3,6,116.75570849550891
3,5,151.40256067467234
3,5,50.0
3,5,50.0
4,5,50.0
4,5,73.02536242032946
4,5,50.0
4,6,50.0
4,6,50.0
4,6,50.0
3,6,50.0
3,6,102.12942072839576
3,6,50.0
3,5,55.547188108271946
3,5,50.36187004028934
3,5,95.00955655070112
2,5,50.0
2,5,59.988934863713624
2,5,70.7442143537105
2,4,77.13965784728202
2,4,50.0
2,4,104.5388665675274
1,4,70.2420068866457
1,4,50.0
1,4,95.60520540993706
1,3,52.07126844267846
1,3,75.45923470833327
1,3,69.75717126364108
2,3,50.0
2,3,60.217288706983524
2,3,50.0
1,3,173.05268489221626
1,3,50.0
1,3,50.0
1,4,50.0
1,4,50.0
1,4,104.31336786085336
1,3,50.0
1,3,80.89902630323
1,3,61.76156161476262
1,2,55.671466223971535
1,2,76.99986601285525
1,2,64.3739061817827
2,2,50.0
2,2,53.685794409635164
2,2,121.36066605489462
2,1,117.13123854111922
2,1,113.89997375892828
2,1,104.09940900116605
3,1,63.561114380648526
3,1,50.0
3,1,50.0
2,1,50.0
2,1,50.0
2,1,53.17268219080983
1,1,50.0
1,1,50.0
1,1,50.0
0,1,90.46403743810862
0,1,50.0
0,1,54.36176414536849
-1,1,50.0
-1,1,70.53244334395362
-1,1,92.26671190951575
-2,1,50.0
-2,1,117.71649457737563
-2,1,50.0
-3,1,90.54614651916702
-3,1,50.0
-3,1,50.0
-3,2,120.91687010922134
-3,2,65.50016927206644
-3,2,121.78576645304867
-3,3,50.0
-3,3,50.0
-3,3,50.0
-4,3,72.50612989838123
-4,3,98.64753959028619
-4,3,155.5845442546875
-4,2,59.86628339939534
-4,2,50.0
-4,2,116.42468372966397
-3,2,85.79790118200407
-3,2,61.24617461077226
-3,2,50.0
-4,2,79.57374690757477
-4,2,91.7668410689632
-4,2,86.39393266972834
-5,2,59.52747170310117
-5,2,50.0
-5,2,104.92672228626479
-6,2,50.0
-6,2,57.38280386133696
-6,2,76.17944209507547
-6,1,69.62542738043533
-6,1,50.0
-6,1,50.0
-7,1,72.19873142539163
-7,1,50.0
-7,1,51.35383781418504
-8,1,50.0
-8,1,50.0
-8,1,50.0
-8,0,50.0
-8,0,50.0
-8,0,80.03346136700604
-9,0,78.28370423912844
-9,0,56.266048745195974
-9,0,50.0
-9,1,59.346524215910634
-9,1,50.0
-9,1,59.82958964198879
-9,2,103.65124925712581
-9,2,50.0
-9,2,50.0
-9,1,50.0
-9,1,50.0
-9,1,66.42063395179213
-9,0,50.0
-9,0,50.0
-9,0,50.0
-9,-1,50.0
-9,-1,50.0
-9,-1,131.71053851268388
-10,-1,66.30836056356185
-10,-1,132.88699949725878
-10,-1,50.0
-11,-1,50.0
-11,-1,50.0
-11,-1,50.0
-11,-2,65.22156039313637
-11,-2,50.0
-11,-2,50.0
-11,-3,50.0
-11,-3,50.0
-11,-3,50.0
-11,-4,50.0
-11,-4,50.0
-11,-4,66.19324554824988
-12,-4,50.0
-12,-4,65.21739586121862
-12,-4,50.0
-11,-4,50.0
-11,-4,50.0
-11,-4,50.0
-11,-3,50.0
-11,-3,50.0
-11,-3,137.80501127713882
-10,-3,50.0
-10,-3,50.0
-10,-3,50.0
-9,-3,50.0
-9,-3,50.0
-9,-3,59.18203039413319
-10,-3,50.0
-10,-3,50.0
-10,-3,50.0
-10,-2,71.33937422246134
-10,-2,84.85665556732444
-10,-2,53.490256833714554
-9,-2,66.96792305914562
-9,-2,50.0
-9,-2,93.56735657698749
-8,-2,50.0
-8,-2,94.21436960655777
-8,-2,50.0
-7,-2,50.0
-7,-2,59.33773549633727
-7,-2,109.6524824133451
-7,-1,50.0
-7,-1,50.0
-7,-1,50.0
-6,-1,50.0
-6,-1,50.0
-6,-1,102.59017218565553
-5,-1,123.55609706244914
-5,-1,50.90893047918574
-5,-1,50.93019396396139
-5,0,59.89379674510386
-5,0,50.0
-5,0,50.0
-5,1,50.0
-5,1,118.14969708681889
-5,1,50.0
-4,1,155.39539249683702
-4,1,50.0
-4,1,50.0
-5,1,50.0
-5,1,89.32404863632885
-5,1,98.14207851672543
-4,1,50.0
-4,1,138.10095290722714
-4,1,117.25346563676659
-4,0,120.65751802768935
-4,0,128.92681648650762
-4,0,60.424889368337176
-4,1,109.11530231635662
-4,1,50.0
-4,1,50.0
-3,1,61.26061600199047
-3,1,50.0
-3,1,66.40695948642187
-2,1,105.88386878933173
-2,1,88.9617927616957
-2,1,77.69911643512202
-1,1,50.0
-1,1,50.0
-1,1,126.83482864972773
0,1,76.42015552557122
0,1,120.8220784424741
0,1,98.76845288332828
0,0,156.39626912177067
0,0,50.0
0,0,107.56082385983564
0,1,112.36939312161513
0,1,83.79813705925166
0,1,128.8225604393786
1,1,50.0
1,1,86.09228602595792
1,1,50.0
1,2,50.0
1,2,106.95714326780777
1,2,54.13739874841407
1,3,50.0
1,3,119.01570068701878
1,3,50.0
2,3,50.0
2,3,100.10188948234601
2,3,50.0
2,4,62.9539169684581
2,4,84.45791175209784
2,4,50.0
3,4,50.0
3,4,50.0
3,4,50.0
4,4,50.0
4,4,50.0
4,4,50.0
3,4,50.0
3,4,79.32722237561336
3,4,105.41291936878639
4,4,50.0
4,4,50.0
4,4,76.49857907298515
4,3,50.0
4,3,50.0
4,3,50.0
4,2,53.09354874509082
4,2,96.44511459734301
4,2,96.1308465587624
4,3,69.99503722350136
4,3,125.23396033462231
4,3,85.92551220416357
4,4,60.83682103748608
4,4,95.68665587497537
4,4,55.28808196739346
4,5,50.0
4,5,50.0
4,5,87.30061201753844
5,5,50.0
5,5,50.0
5,5,50.0
5,6,80.990479353536
5,6,79.58432467869883
5,6,67.6692552018194
6,6,50.0
6,6,77.01874545280339
6,6,70.13334221362004
7,6,50.0
7,6,69.31167723789358
7,6,50.0
8,6,50.0
8,6,54.29172045894093
8,6,50.0
8,7,50.0
8,7,50.0
8,7,50.0
9,7,50.0
9,7,50.0
9,7,50.0
10,7,50.0
10,7,50.0
10,7,50.0
11,7,50.0
11,7,50.0
11,7,50.0
11,8,50.0
11,8,50.0
11,8,50.0
11,9,50.0
11,9,50.0
11,9,50.0
11,10,50.0
11,10,50.0
11,10,50.0
12,10,50.0
12,10,50.0
12,10,50.0
13,10,50.0
13,10,50.0
13,10,50.0
14,10,50.0
14,10,50.0
14,10,50.0
13,10,50.0
13,10,50.0
13,10,52.00606672891743
14,10,50.0
14,10,50.0
14,10,50.0
14,11,50.0
14,11,50.0
14,11,50.0
14,12,50.0
14,12,50.0
14,12,50.0
14,13,50.0
14,13,50.0
14,13,50.0
15,13,50.0
15,13,69.10451661081028
15,13,60.27035154832599
16,13,50.0
16,13,50.0
16,13,50.0
17,13,50.0
17,13,50.0
17,13,50.0
18,13,50.0
18,13,50.0
18,13,50.0
19,13,50.0
19,13,50.0
19,13,50.0
19,14,50.0
19,14,50.0
19,14,50.0
19,15,50.0
19,15,50.0
19,15,50.0
20,15,50.0
20,15,50.0
20,15,50.0
20,16,50.0
20,16,50.0
20,16,50.0
19,16,50.0
19,16,50.0
19,16,50.0
18,16,50.0
18,16,50.0
18,16,50.0
17,16,50.0
17,16,50.0
17,16,50.0
18,16,50.0
18,16,50.0
18,16,50.0
18,15,50.0
18,15,50.0
18,15,50.0
17,15,50.0
17,15,50.0
17,15,50.0
17,14,50.0
17,14,50.0
17,14,50.0
16,14,50.0
16,14,54.708652022545934
16,14,50.0
15,14,50.0
15,14,50.0
15,14,50.0
14,14,50.0
14,14,50.0
14,14,50.0
15,14,50.0
15,14,50.0
15,14,50.0
15,13,50.0
15,13,50.0
15,13,50.0
15,12,50.0
15,12,50.0
15,12,50.0
14,12,50.0
14,12,50.0
14,12,50.0
13,12,50.0
13,12,50.0
13,12,50.0
13,11,50.0
13,11,50.0
13,11,50.0
12,11,61.29875542681923
12,11,50.0
12,11,50.0
12,10,50.0
12,10,50.0
12,10,50.0
12,9,50.0
12,9,72.84910546607674
12,9,50.0
12,10,50.0
12,10,50.0
12,10,50.0
12,9,50.0
12,9,89.32608601743269
12,9,50.0
12,8,50.0
12,8,50.0
12,8,50.0
11,8,109.79046766861487
11,8,50.0
11,8,50.0
11,7,76.31038792760329
11,7,50.0
11,7,50.0
10,7,50.0
10,7,78.6632497125967
10,7,50.0
10,6,50.0
10,6,95.0371912010797
10,6,50.0
10,7,86.93163028662978
10,7,50.0
10,7,50.0
11,7,50.0
11,7,50.0
11,7,50.0
10,7,50.0
10,7,50.0
10,7,50.0
10,6,50.0
10,6,50.0
10,6,50.0
9,6,50.0
9,6,50.0
9,6,50.0
8,6,50.0
8,6,50.0
8,6,50.0
8,5,60.511990338061494
8,5,130.9076902212755
8,5,57.023587411564286
9,5,50.0
9,5,50.0
9,5,50.0
10,5,53.04406146154806
10,5,50.0
10,5,50.0
9,5,50.0
9,5,50.0
9,5,50.0
8,5,50.0
8,5,50.0
8,5,50.0
8,4,74.64622538857988
8,4,50.0
8,4,50.0
7,4,50.0
7,4,50.0
7,4,92.74135613916154
7,3,69.16364489378674
7,3,50.0
7,3,50.0
6,3,61.05364304688945
6,3,50.0
6,3,50.0
7,3,68.65763890379449
7,3,57.6219939318412
7,3,50.0
7,4,50.0
7,4,50.0
7,4,109.92254004648406
7,3,86.5759208317263
7,3,50.0
7,3,50.0
6,3,50.0
6,3,50.0
6,3,50.0
5,3,50.0
5,3,58.02771647890717
5,3,50.0
4,3,50.0
4,3,59.32074719741191
4,3,61.891371550908985
3,3,50.0
3,3,69.32022729964365
3,3,98.644656409439
3,2,110.50134430657062
3,2,126.60894350922385
3,2,50.0
3,1,50.0
3,1,94.22253298576697
3,1,62.32523144823692
3,0,81.2682455800705
3,0,183.14952602885495
3,0,50.0
3,1,50.0
3,1,55.66021649830898
3,1,104.39991134278995
2,1,50.0
2,1,54.763152209025606
2,1,52.78032709635865
2,0,53.815813842430245
2,0,50.0
2,0,80.41115142178748
1,0,137.88745148870885
1,0,74.33558505253029
1,0,84.15115426054729
1,1,94.01381570868618
1,1,90.30426372890247
1,1,163.56975918072266
1,2,90.61113083805505
1,2,61.52818458208902
1,2,68.75179019957407
1,3,50.0
1,3,50.0
1,3,50.10009393623724
0,3,119.20538061057437
0,3,50.0
0,3,50.0
-1,3,50.0
-1,3,62.1433246995833
-1,3,53.87799577022679
-2,3,57.52354708878487
-2,3,71.35398304020754
-2,3,76.34908342057248
-2,2,50.0
-2,2,199.74856061404182
-2,2,50.0
-2,1,50.0
-2,1,50.0
-2,1,111.0865674336327
-2,2,105.14621584680876
-2,2,89.64021794926019
-2,2,68.81820665951996
-2,1,58.684073683677695
-2,1,50.0
-2,1,100.62043886800876
-2,0,63.48978210564959
-2,0,126.10490390370586
-2,0,74.15710355174933
-3,0,91.86022740737423
-3,0,50.0
-3,0,64.62236824996157
-3,-1,50.0
-3,-1,51.370595248946884
-3,-1,50.0
-4,-1,84.50490627404706
-4,-1,50.0
-4,-1,50.0
-4,-2,89.5628568215746
-4,-2,109.36344125554879
-4,-2,58.461584444544265
-4,-3,50.0
-4,-3,50.0
-4,-3,134.2576140043555
-4,-4,80.98303259589619
-4,-4,50.0
-4,-4,50.0
-5,-4,50.0
-5,-4,53.55175285055247
-5,-4,63.30420824939215
-4,-4,50.0
-4,-4,100.27183950922564
-4,-4,104.11356230154757
-5,-4,107.93771879493184
-5,-4,50.0
-5,-4,50.0
-5,-5,50.0
-5,-5,58.25747489782846
-5,-5,83.16908685918577
-5,-4,50.0
-5,-4,50.0
-5,-4,93.8572758338874
-5,-5,50.0
-5,-5,50.0
-5,-5,50.0
-5,-6,50.0
-5,-6,50.0
-5,-6,97.45089770688182
-6,-6,89.93234367315543
-6,-6,101.75744878518347
-6,-6,64.38007562886821
-7,-6,50.0
-7,-6,78.33635379645189
-7,-6,50.0
-7,-5,169.11621335979902
-7,-5,110.20211850274413
-7,-5,72.16909250471957
-8,-5,126.24588195356006
-8,-5,50.0
-8,-5,50.0
-8,-4,68.09905102940297
-8,-4,50.0
-8,-4,106.30644196472073
-8,-5,50.0
-8,-5,50.0
-8,-5,95.82878255628236
-8,-6,50.0
-8,-6,50.0
-8,-6,60.73553228827343
-8,-7,50.0
-8,-7,50.0
-8,-7,50.0
-8,-8,64.52422630714945
-8,-8,50.0
-8,-8,111.57914338495505
-7,-8,72.81417500136968
-7,-8,50.0
-7,-8,50.0
-7,-9,50.0
-7,-9,50.0
-7,-9,50.0
-8,-9,50.0
-8,-9,50.0
-8,-9,74.98884568773892
-8,-10,50.0
-8,-10,91.96871372483278
-8,-10,50.0
-8,-11,50.0
-8,-11,50.0
-8,-11,50.0
-8,-12,50.0
-8,-12,134.88296529374946
-8,-12,50.0
-9,-12,50.0
-9,-12,54.6984729252877
-9,-12,50.0
-9,-13,50.0
-9,-13,50.0
-9,-13,50.0
-10,-13,50.0
-10,-13,50.0
-10,-13,50.0
-11,-13,50.0
-11,-13,50.0
-11,-13,50.0
-10,-13,50.0
-10,-13,115.27704117739759
-10,-13,50.0
-10,-12,50.0
-10,-12,50.0
-10,-12,50.0
-10,-13,50.0
-10,-13,63.54771965300729
-10,-13,50.0
-10,-14,50.0
-10,-14,50.0
-10,-14,50.0
-10,-15,50.0
-10,-15,50.0
-10,-15,50.0
-11,-15,50.0
-11,-15,50.581655435424935
-11,-15,50.0
-11,-16,50.0
-11,-16,50.0
-11,-16,50.0
-10,-16,50.0
-10,-16,50.0
-10,-16,50.0
-11,-16,50.0
-11,-16,50.0
-11,-16,72.27750684391728
-12,-16,55.42600974803746
-12,-16,50.0
-12,-16,50.0
-12,-15,50.0
-12,-15,50.0
-12,-15,50.0
-12,-16,50.0
-12,-16,50.0
-12,-16,50.0
-11,-16,50.0
-11,-16,50.0
-11,-16,64.61211921324708
-11,-15,50.0
-11,-15,50.0
-11,-15,59.602994557991266
-11,-14,84.80390313151041
-11,-14,50.0
-11,-14,50.0
-11,-13,50.0
-11,-13,50.0
-11,-13,50.0
-11,-12,50.0
-11,-12,50.0
-11,-12,50.0
-10,-12,50.0
-10,-12,50.0
-10,-12,50.0
-10,-13,50.0
-10,-13,50.0
-10,-13,106.7648640775903
-10,-12,50.0
-10,-12,50.0
-10,-12,50.0
-9,-12,50.0
-9,-12,53.504722668502474
-9,-12,50.0
-10,-12,50.0
-10,-12,50.0
-10,-12,50.0
-9,-12,50.0
-9,-12,50.0
-9,-12,50.0
-9,-11,50.0
-9,-11,50.0
-9,-11,50.0
-9,-10,50.0
-9,-10,54.848762314301474
-9,-10,60.53504755018307
-9,-9,50.0
-9,-9,50.0
-9,-9,50.0
-8,-9,50.0
-8,-9,50.0
-8,-9,50.0
-8,-8,50.0
-8,-8,50.0
-8,-8,50.0
-8,-7,50.0
-8,-7,50.0
-8,-7,50.0
-8,-6,104.83474044702987
-8,-6,53.1995594346518
-8,-6,50.0
-7,-6,50.0
-7,-6,50.0
-7,-6,50.0
-7,-5,50.0
-7,-5,56.26884887889206
-7,-5,50.0
-7,-4,94.99711385614752
-7,-4,68.46217269426613
-7,-4,50.0
-7,-3,50.0
-7,-3,70.85801839642733
-7,-3,50.0
-7,-2,76.24391140184495
-7,-2,50.0
-7,-2,50.0
-6,-2,50.0
-6,-2,50.0
-6,-2,54.72496985841018
-6,-1,50.0
-6,-1,50.0
-6,-1,50.0
-6,0,50.0
-6,0,50.0
-6,0,143.88193116987463
-7,0,50.0
-7,0,50.0
-7,0,64.56606489896441
-7,1,66.34305058576408
-7,1,86.99455505386368
-7,1,50.0
-7,2,50.0
-7,2,85.51322908209984
-7,2,191.582020644853
-7,3,60.765354262286834
-7,3,50.0
-7,3,50.0
-7,4,85.64048289387503
-7,4,50.0
-7,4,50.0
-7,5,50.0
-7,5,50.0
-7,5,115.19721515432728
-7,6,50.0
-7,6,50.0
-7,6,75.18250481691443
-7,5,50.0
-7,5,50.0
-7,5,69.07505093677698
-7,4,50.0
-7,4,50.0
-7,4,60.36244508445239
-6,4,50.0
-6,4,50.0
-6,4,50.0
-6,5,50.0
-6,5,108.26676146239811
-6,5,75.14817831309978
-5,5,60.785283664563195
-5,5,50.0
-5,5,132.27308465009258
-4,5,50.0
-4,5,95.7829341206583
-4,5,57.21083110803317
-4,6,50.0
-4,6,50.0
-4,6,50.0
-4,7,52.41981126176962
-4,7,50.0
-4,7,97.73730709584368
-4,8,50.0
-4,8,50.0
-4,8,50.0
-4,7,82.30789476503443
-4,7,50.0
-4,7,81.84821451172718
-4,8,53.398485127106014
-4,8,50.0
-4,8,50.0
-4,9,50.0
-4,9,50.0
-4,9,50.0
-4,10,50.0
-4,10,50.0
-4,10,68.5602746396307
-4,11,50.0
-4,11,50.0
-4,11,50.0
-4,12,50.0
-4,12,50.0
-4,12,50.0
-5,12,50.0
-5,12,50.0
-5,12,50.0
-6,12,50.0
-6,12,50.0
-6,12,50.0
-6,11,50.0
-6,11,50.0
-6,11,50.0
-7,11,50.0
-7,11,50.0
-7,11,50.0
-8,11,50.0
-8,11,50.0
-8,11,85.39159798215049
-9,11,50.0
-9,11,50.0
-9,11,50.0
-10,11,50.0
-10,11,50.0
-10,11,50.0
-9,11,56.05001823745034
-9,11,71.32549072527972
