13,8,63.78173360240662
13,8,50.0
13,9,50.0
13,9,50.0
13,9,50.0
13,8,50.0
13,8,114.45971136575479
13,8,50.0
13,9,50.0
13,9,50.0
13,9,50.0
13,10,50.0
13,10,50.0
13,10,50.0
14,10,50.0
14,10,50.0
14,10,50.0
14,11,85.48829953797171
14,11,50.0
14,11,50.0
14,12,50.0
14,12,50.0
14,12,53.46895998311813
14,13,50.0
14,13,50.0
14,13,50.0
14,14,50.0
14,14,50.0
14,14,50.0
14,15,50.0
14,15,50.0
14,15,50.0
14,16,50.0
14,16,50.0
14,16,50.0
14,17,50.0
14,17,54.98103397618864
14,17,50.0
14,18,50.0
14,18,50.0
14,18,50.0
14,19,50.0
14,19,50.0
14,19,50.0
14,20,50.0
14,20,50.0
14,20,50.0
15,20,50.0
15,20,50.0
15,20,50.0
16,20,50.0
16,20,50.0
16,20,50.0
16,19,50.0
16,19,50.0
16,19,50.0
16,18,50.0
16,18,50.0
16,18,50.0
17,18,50.0
17,18,50.0
17,18,50.0
18,18,50.0
18,18,50.0
18,18,50.0
18,17,50.0
18,17,50.0
18,17,50.0
17,17,50.0
17,17,50.0
17,17,50.0
17,16,50.0
17,16,50.0
17,16,50.0
16,16,54.64608062843226
16,16,50.0
16,16,50.0
15,16,50.0
15,16,50.0
15,16,50.0
15,15,50.0
15,15,50.0
15,15,50.0
14,15,50.0
14,15,50.0
14,15,50.0
13,15,50.0
13,15,50.0
13,15,50.0
13,14,50.0
13,14,50.0
13,14,50.0
12,14,50.0
12,14,50.0
12,14,50.0
11,14,50.0
11,14,50.0
11,14,50.0
10,14,50.0
10,14,50.0
10,14,74.92624441441042
10,13,50.0
10,13,50.0
10,13,50.0
10,12,50.0
10,12,50.0
10,12,50.0
10,11,50.0
10,11,50.0
10,11,50.0
10,10,50.0
10,10,50.0
10,10,50.0
9,10,50.0
9,10,50.0
9,10,50.0
8,10,50.0
8,10,50.0
8,10,50.0
8,9,50.0
8,9,50.0
8,9,50.0
8,8,50.0
8,8,50.0
8,8,50.0
9,8,50.0
9,8,50.0
9,8,50.0
9,7,50.0
9,7,95.0634718471119
9,7,50.0
9,6,50.0
9,6,50.0
9,6,50.0
10,6,50.0
10,6,66.04035411542509
10,6,50.0
9,6,50.0
9,6,50.0
9,6,50.0
8,6,50.0
8,6,79.4091033732094
8,6,50.0
7,6,50.0
7,6,50.0
7,6,67.09346555695554
6,6,50.0
6,6,50.0
6,6,50.0
5,6,155.65647680753682
5,6,50.0
5,6,50.0
4,6,50.0
4,6,50.0
4,6,50.0
3,6,50.0
3,6,50.0
3,6,50.0
3,5,50.0
3,5,50.0
3,5,56.54034033915897
4,5,50.0
4,5,50.0
4,5,94.82493640959251
4,6,73.01997301098791
4,6,50.0
4,6,63.333711019550336
3,6,132.1224719976869
3,6,50.0
3,6,50.0
3,5,50.0
3,5,50.0
3,5,50.0
2,5,50.0
2,5,50.0
2,5,90.47826816105527
2,4,62.72492852706527
2,4,129.41233614708995
2,4,50.0
1,4,62.36732016183047
1,4,85.45495234950623
1,4,66.81965498704236
1,3,50.0
1,3,99.33987278915379
1,3,60.555440939013344
2,3,50.0
2,3,170.8134115575264
2,3,62.85369946476594
1,3,55.519178336798234
1,3,110.5386988296595
1,3,50.0
1,4,55.53050658027462
1,4,50.0
1,4,50.0
1,3,50.0
1,3,78.29086496360306
1,3,57.52645180905057
1,2,52.724101654581595
1,2,50.0
1,2,94.59776920963917
2,2,50.0
2,2,50.0
2,2,107.92519899076109
2,1,117.04743109510434
2,1,50.0
2,1,159.9947996155445
3,1,50.0
3,1,50.0
3,1,50.0
2,1,52.77873139533533
2,1,88.12145092183611
2,1,121.68917450248154
1,1,52.29446250007678
1,1,164.80226048667691
1,1,95.03362518840908
0,1,100.35996775767322
0,1,50.0
0,1,50.0
-1,1,68.81220050865967
-1,1,50.0
-1,1,83.99620875949039
-2,1,50.0
-2,1,127.56861356900006
-2,1,50.0
-3,1,50.0
-3,1,71.42736216214732
-3,1,83.13214025011865
-3,2,50.0
-3,2,50.0
-3,2,62.443109524403724
-3,3,50.0
-3,3,53.86494721878731
-3,3,59.9384655093044
-4,3,50.0
-4,3,107.32775973626107
-4,3,50.0
-4,2,50.0
-4,2,58.464095085043986
-4,2,52.80704452520109
-3,2,50.0
-3,2,52.75765366079349
-3,2,67.57804931102429
-4,2,62.7128368386181
-4,2,89.22068884321985
-4,2,50.0
-5,2,50.0
-5,2,55.71458500112342
-5,2,132.32055862143005
-6,2,50.0
-6,2,50.0
-6,2,50.0
-6,1,63.328289717217
-6,1,82.17932365856375
-6,1,56.6551357845376
-7,1,50.0
-7,1,50.0
-7,1,90.70748198817171
-8,1,50.0
-8,1,50.0
-8,1,50.0
-8,0,83.12884608011474
-8,0,50.0
-8,0,50.0
-9,0,50.0
-9,0,103.154157769032
-9,0,50.0
-9,1,50.0
-9,1,89.20956028902057
-9,1,50.0
-9,2,50.0
-9,2,90.74429507787457
-9,2,50.0
-9,1,82.28410707731038
-9,1,64.48489865576516
-9,1,114.7360104864429
-9,0,58.09909765464896
-9,0,75.41738265676861
-9,0,50.0
-9,-1,50.0
-9,-1,99.10434800994531
-9,-1,50.0
-10,-1,50.0
-10,-1,50.0
-10,-1,50.0
-11,-1,50.0
-11,-1,50.0
-11,-1,50.0
-11,-2,50.0
-11,-2,50.0
-11,-2,50.0
-11,-3,53.96749797134985
-11,-3,50.0
-11,-3,50.0
-11,-4,58.67686846267072
-11,-4,50.0
-11,-4,75.25334789549876
-12,-4,50.0
-12,-4,50.0
-12,-4,50.0
-11,-4,50.0
-11,-4,50.0
-11,-4,50.0
-11,-3,50.0
-11,-3,87.06649095822374
-11,-3,50.0
-10,-3,50.0
-10,-3,127.69731695047133
-10,-3,58.77399137288007
-9,-3,50.0
-9,-3,50.0
-9,-3,63.4726179514065
-10,-3,50.408400918705766
-10,-3,50.0
-10,-3,75.82149639771824
-10,-2,92.0250370617764
-10,-2,54.40886674802661
-10,-2,50.0
-9,-2,50.0
-9,-2,50.0
-9,-2,50.0
-8,-2,85.20202853671191
-8,-2,50.0
-8,-2,50.0
-7,-2,104.49535452942794
-7,-2,134.7431293673006
-7,-2,99.55999933636083
-7,-1,50.0
-7,-1,88.59394581703975
-7,-1,61.84878451936204
-6,-1,50.0
-6,-1,50.0
-6,-1,58.37002220989941
-5,-1,50.0
-5,-1,54.69511912727074
-5,-1,50.0
-5,0,84.8767577032646
-5,0,149.15340493430372
-5,0,50.0
-5,1,50.0
-5,1,50.0
-5,1,50.0
-4,1,86.77162450977266
-4,1,125.45894884036687
-4,1,50.0
-5,1,50.0
-5,1,65.48178489263762
-5,1,75.93246877085593
-4,1,71.70604660798534
-4,1,83.67916629788454
-4,1,50.0
-4,0,93.6947343999506
-4,0,50.0
-4,0,112.80738212202652
-4,1,50.0
-4,1,93.01074753171588
-4,1,50.0
-3,1,60.30720764458346
-3,1,66.16026159209373
-3,1,50.0
-2,1,69.00137529749259
-2,1,50.0
-2,1,112.07463584399778
-1,1,65.09415055705635
-1,1,147.69245166739222
-1,1,65.56158401056787
0,1,71.06643087396064
0,1,88.31127973976463
0,1,50.0
0,0,50.0
0,0,71.96292578234068
0,0,79.19956225370223
0,1,50.0
0,1,52.72209017158639
0,1,72.15121289266483
1,1,116.90123768843179
1,1,88.24277479508831
1,1,104.26589331440799
1,2,128.41044500709637
1,2,82.98368739023546
1,2,50.0
1,3,50.0
1,3,53.815810180819625
1,3,50.0
2,3,122.01253213882183
2,3,50.0
2,3,88.04965160984253
2,4,54.23005362527486
2,4,78.31024692563835
2,4,50.0
3,4,68.46729208219763
3,4,51.94522043799329
3,4,50.0
4,4,61.3003614474561
4,4,110.13571276154522
4,4,50.0
3,4,63.42384588773044
3,4,50.0
3,4,50.0
4,4,82.44173827318369
4,4,50.0
4,4,50.0
4,3,50.0
4,3,50.0
4,3,76.28992578665338
4,2,120.73711497788281
4,2,64.31872437758739
4,2,81.56974417490078
4,3,93.68429361616076
4,3,75.13092899457035
4,3,50.0
4,4,50.0
4,4,50.0
4,4,50.0
4,5,77.5675463635862
4,5,50.0
4,5,50.0
5,5,50.0
5,5,61.011158945293815
5,5,64.04451061664768
5,6,50.0
5,6,50.0
5,6,72.06182243957922
6,6,50.0
6,6,96.64704477369051
6,6,50.0
7,6,50.0
7,6,50.0
7,6,50.0
8,6,50.0
8,6,50.0
8,6,69.06040124678626
8,7,50.0
8,7,73.05184762338385
8,7,50.0
9,7,50.0
9,7,50.0
9,7,57.78938736304802
10,7,50.0
10,7,50.0
10,7,50.0
11,7,50.0
11,7,50.0
11,7,50.0
11,8,50.0
11,8,50.0
11,8,50.0
11,9,50.0
11,9,50.0
11,9,50.0
11,10,50.0
11,10,50.0
11,10,66.20793483782832
12,10,50.0
12,10,50.0
12,10,50.0
13,10,50.0
13,10,50.0
13,10,50.0
14,10,50.0
14,10,50.0
14,10,50.0
13,10,50.0
13,10,50.0
13,10,50.0
14,10,50.0
14,10,50.0
14,10,50.0
14,11,50.0
14,11,62.30358179416291
14,11,50.0
14,12,50.0
14,12,50.0
14,12,50.0
14,13,50.0
14,13,50.0
14,13,50.0
15,13,50.0
15,13,50.0
15,13,50.0
16,13,50.0
16,13,50.0
16,13,50.0
17,13,50.0
17,13,50.0
17,13,50.0
18,13,50.0
18,13,50.0
18,13,50.0
19,13,50.0
19,13,50.0
19,13,50.0
19,14,50.0
19,14,50.0
19,14,50.0
19,15,50.0
19,15,50.0
19,15,50.0
20,15,50.0
20,15,50.0
20,15,50.0
20,16,50.0
20,16,50.0
20,16,50.0
19,16,50.0
19,16,50.0
19,16,50.0
18,16,50.0
18,16,50.0
18,16,50.0
17,16,50.0
17,16,50.0
17,16,50.0
18,16,50.0
18,16,50.0
18,16,50.0
18,15,50.0
18,15,50.0
18,15,50.0
17,15,50.0
17,15,50.0
17,15,50.0
17,14,50.0
17,14,50.0
17,14,50.0
16,14,50.0
16,14,50.0
16,14,50.0
15,14,50.0
15,14,50.0
15,14,50.0
14,14,50.0
14,14,50.0
14,14,50.0
15,14,50.0
15,14,50.0
15,14,50.0
15,13,50.0
15,13,50.0
15,13,50.0
15,12,50.0
15,12,50.0
15,12,50.0
14,12,50.0
14,12,50.0
14,12,50.0
13,12,50.0
13,12,50.0
13,12,50.0
13,11,50.0
13,11,50.0
13,11,50.0
12,11,50.0
12,11,50.0
12,11,50.0
12,10,50.0
12,10,50.0
12,10,50.0
12,9,50.0
12,9,50.0
12,9,50.0
12,10,69.19578240584694
12,10,50.0
12,10,50.0
12,9,50.0
12,9,75.36166932021617
12,9,59.94751477470909
12,8,50.0
12,8,50.0
12,8,50.0
11,8,50.0
11,8,51.94766002512826
11,8,50.0
11,7,50.0
11,7,59.66369746694731
11,7,50.0
10,7,50.94467471918097
10,7,73.73455109464817
10,7,50.0
10,6,50.0
10,6,50.0
10,6,50.0
10,7,50.0
10,7,50.0
10,7,50.0
11,7,50.0
11,7,50.0
11,7,50.0
10,7,50.0
10,7,50.0
10,7,50.0
10,6,50.0
10,6,50.0
10,6,50.0
9,6,50.0
9,6,50.0
9,6,50.0
8,6,50.0
8,6,50.0
8,6,50.0
8,5,50.0
8,5,56.204662176938115
8,5,50.0
9,5,50.0
9,5,50.0
9,5,115.79377173895675
10,5,50.0
10,5,50.0
10,5,62.739476258350095
9,5,50.0
9,5,50.0
9,5,50.0
8,5,50.0
8,5,92.39494370628131
8,5,50.0
8,4,50.0
8,4,50.0
8,4,50.0
7,4,50.0
7,4,50.0
7,4,50.0
7,3,50.0
7,3,50.0
7,3,50.0
6,3,50.0
6,3,50.0
6,3,78.23335420460805
7,3,50.0
7,3,65.54903907083907
7,3,128.98672758389273
7,4,70.79905684649744
7,4,50.0
7,4,69.53777956062996
7,3,50.0
7,3,76.77212868447836
7,3,50.0
6,3,90.68883272342444
6,3,73.78595332449923
6,3,75.84352214355472
5,3,72.16610323497338
5,3,50.0
5,3,142.6064176007462
4,3,50.0
4,3,50.0
4,3,63.84378369075728
3,3,54.30193759746061
3,3,95.68514437239232
3,3,50.0
3,2,50.0
3,2,63.87342600420195
3,2,79.87069908358474
3,1,94.27571015989611
3,1,50.0
3,1,104.17892371288369
3,0,122.85352123378811
3,0,50.0
3,0,50.0
3,1,50.0
3,1,141.867146726829
3,1,62.7136147362429
2,1,82.81139715390972
2,1,50.0
2,1,118.75136855987617
2,0,50.0
2,0,50.0
2,0,50.0
1,0,63.85339426539735
1,0,50.0
1,0,53.41518578152744
1,1,50.0
1,1,50.0
1,1,50.0
1,2,104.79839934070439
1,2,50.0
1,2,121.2003424345341
1,3,107.49013299276983
1,3,50.0
1,3,82.12715125309488
0,3,57.46723127126697
0,3,81.48344984313356
0,3,50.0
-1,3,50.0
-1,3,80.42987471742254
-1,3,103.74909195168479
-2,3,137.78062219724043
-2,3,50.0
-2,3,184.0520533005297
-2,2,137.54451947029293
-2,2,155.9739001935647
-2,2,141.2629894199756
-2,1,64.68189528679267
-2,1,50.0
-2,1,87.8989801332102
-2,2,70.3766498881244
-2,2,122.58378204473439
-2,2,50.0
-2,1,134.07139017638576
-2,1,50.0
-2,1,59.29274853139411
-2,0,140.22023655781305
-2,0,51.8997613194747
-2,0,83.55716751863935
-3,0,50.0
-3,0,105.61391565365514
-3,0,71.01885557724052
-3,-1,50.0
-3,-1,50.0
-3,-1,168.59573483168504
-4,-1,50.0
-4,-1,61.556070035565085
-4,-1,52.46795882329044
-4,-2,66.46796858942068
-4,-2,50.0
-4,-2,50.0
-4,-3,88.00693744972925
-4,-3,50.0
-4,-3,51.25673614188187
-4,-4,50.0
-4,-4,50.0
-4,-4,50.0
-5,-4,50.0
-5,-4,50.0
-5,-4,57.944452573158415
-4,-4,50.0
-4,-4,50.0
-4,-4,99.68175481113049
-5,-4,50.0
-5,-4,71.77984754758234
-5,-4,70.27203971467422
-5,-5,50.0
-5,-5,50.0
-5,-5,50.0
-5,-4,116.94914590430048
-5,-4,50.0
-5,-4,50.0
-5,-5,50.0
-5,-5,58.15041177295041
-5,-5,85.7755406186541
-5,-6,50.0
-5,-6,50.0
-5,-6,50.0
-6,-6,50.0
-6,-6,50.0
-6,-6,71.53550805283673
-7,-6,50.0
-7,-6,50.0
-7,-6,89.95013953848091
-7,-5,50.0
-7,-5,68.9322280917252
-7,-5,50.0
-8,-5,50.0
-8,-5,55.754740264472474
-8,-5,50.0
-8,-4,50.0
-8,-4,50.0
-8,-4,50.0
-8,-5,50.0
-8,-5,50.0
-8,-5,50.0
-8,-6,50.0
-8,-6,50.0
-8,-6,50.0
-8,-7,50.0
-8,-7,50.0
-8,-7,50.0
-8,-8,50.0
-8,-8,50.0
-8,-8,50.0
-7,-8,100.61411700250235
-7,-8,61.80289865491838
-7,-8,76.1374388604396
-7,-9,50.0
-7,-9,50.0
-7,-9,50.0
-8,-9,50.0
-8,-9,50.0
-8,-9,107.57457246758312
-8,-10,50.0
-8,-10,50.0
-8,-10,105.4632676808789
-8,-11,50.0
-8,-11,50.0
-8,-11,50.0
-8,-12,50.0
-8,-12,50.0
-8,-12,50.0
-9,-12,50.0
-9,-12,50.0
-9,-12,94.76691369610886
-9,-13,50.0
-9,-13,50.0
-9,-13,50.0
-10,-13,50.0
-10,-13,50.0
-10,-13,50.0
-11,-13,50.0
-11,-13,50.0
-11,-13,50.0
-10,-13,50.0
-10,-13,50.0
-10,-13,50.0
-10,-12,50.0
-10,-12,50.0
-10,-12,50.0
-10,-13,50.0
-10,-13,50.0
-10,-13,50.0
-10,-14,50.0
-10,-14,94.71974440663895
-10,-14,50.0
-10,-15,50.0
-10,-15,50.0
-10,-15,50.0
-11,-15,50.0
-11,-15,50.0
-11,-15,50.0
-11,-16,50.0
-11,-16,50.0
-11,-16,50.0
-10,-16,50.0
-10,-16,50.0
-10,-16,50.0
-11,-16,50.0
-11,-16,50.0
-11,-16,50.0
-12,-16,50.0
-12,-16,50.0
-12,-16,50.0
-12,-15,50.0
-12,-15,50.0
-12,-15,50.0
-12,-16,50.0
-12,-16,50.0
-12,-16,50.0
-11,-16,50.0
-11,-16,50.0
-11,-16,50.0
-11,-15,50.0
-11,-15,50.463010981302986
-11,-15,50.0
-11,-14,50.0
-11,-14,50.0
-11,-14,81.60780679263837
-11,-13,50.0
-11,-13,50.0
-11,-13,50.0
-11,-12,50.0
-11,-12,50.0
-11,-12,50.0
-10,-12,50.0
-10,-12,50.0
-10,-12,50.0
-10,-13,50.0
-10,-13,50.0
-10,-13,50.0
-10,-12,50.0
-10,-12,50.0
-10,-12,50.0
-9,-12,50.0
-9,-12,50.0
-9,-12,50.0
-10,-12,63.06475451785444
-10,-12,50.0
-10,-12,50.0
-9,-12,50.0
-9,-12,50.0
-9,-12,50.0
-9,-11,50.0
-9,-11,104.57321155338254
-9,-11,50.0
-9,-10,58.085025885956874
-9,-10,58.9234366015192
-9,-10,50.0
-9,-9,108.92852352301871
-9,-9,50.0
-9,-9,50.0
-8,-9,60.835400391740606
-8,-9,50.0
-8,-9,50.0
-8,-8,50.0
-8,-8,50.0
-8,-8,50.0
-8,-7,62.571038545614606
-8,-7,79.85574802421638
-8,-7,50.0
-8,-6,50.0
-8,-6,50.0
-8,-6,50.0
-7,-6,50.0
-7,-6,50.0
-7,-6,50.0
-7,-5,50.0
-7,-5,50.0
-7,-5,79.26193830741843
-7,-4,66.30091482758675
-7,-4,50.0
-7,-4,50.0
-7,-3,50.0
-7,-3,59.41614032244482
-7,-3,50.0
-7,-2,113.9638361894184
-7,-2,50.0
-7,-2,50.0
-6,-2,50.0
-6,-2,50.0
-6,-2,50.0
-6,-1,50.0
-6,-1,73.70071225934345
-6,-1,77.7476757595875
-6,0,50.0
-6,0,68.1311562304122
-6,0,95.74931453554353
-7,0,54.73388875645501
-7,0,50.0
-7,0,50.0
-7,1,50.0
-7,1,50.0
-7,1,66.71689677830548
-7,2,50.0
-7,2,50.0
-7,2,50.0
-7,3,118.87728806231814
-7,3,50.0
-7,3,50.0
-7,4,158.74335337159962
-7,4,82.915414525378
-7,4,50.0
-7,5,61.38795541816257
-7,5,50.0
-7,5,81.55129703274983
-7,6,50.0
-7,6,74.78291505379758
-7,6,50.0
-7,5,50.0
-7,5,50.0
-7,5,50.0
-7,4,50.0
-7,4,52.99289777065611
-7,4,59.41507076911988
-6,4,108.83526554813406
-6,4,50.0
-6,4,50.0
-6,5,100.82511336709214
-6,5,122.62118560278765
-6,5,50.0
-5,5,50.0
-5,5,53.609717725862225
-5,5,130.59004179729862
-4,5,60.7879080910467
-4,5,171.52879517414559
-4,5,63.697546820190354
-4,6,71.26449291603727
-4,6,50.0
-4,6,50.0
-4,7,50.0
-4,7,50.0
-4,7,50.0
-4,8,50.0
-4,8,52.06019419290639
-4,8,50.8680982177833
-4,7,50.0
-4,7,59.99167966886832
-4,7,50.0
-4,8,50.0
-4,8,75.62441827447705
-4,8,50.0
-4,9,55.99802588292218
-4,9,53.64913309707134
-4,9,64.41031093495846
-4,10,50.0
-4,10,50.0
-4,10,50.0
-4,11,51.77754477326115
-4,11,50.0
-4,11,50.0
-4,12,50.0
-4,12,50.0
-4,12,50.0
-5,12,50.0
-5,12,50.0
-5,12,50.0
-6,12,50.0
-6,12,108.48560876699878
-6,12,50.0
-6,11,50.0
-6,11,50.0
-6,11,50.0
-7,11,50.0
-7,11,50.0
-7,11,50.0
-8,11,50.0
-8,11,50.0
-8,11,50.0
-9,11,50.0
-9,11,50.0
-9,11,50.0
-10,11,50.0
-10,11,50.0
-10,11,50.0
-9,11,50.0
-9,11,50.0
