13,8,70.67871731473247
13,8,50.0
13,9,50.0
13,9,50.0
13,9,50.0
13,8,50.0
13,8,50.0
13,8,50.0
13,9,50.0
13,9,50.0
13,9,50.0
13,10,91.00998665473466
13,10,54.99495984228206
13,10,50.0
14,10,50.0
14,10,50.0
14,10,50.0
14,11,50.0
14,11,50.0
14,11,50.0
14,12,50.0
14,12,50.0
14,12,50.0
14,13,50.0
14,13,50.0
14,13,50.0
14,14,50.0
14,14,50.0
14,14,50.0
14,15,50.0
14,15,50.0
14,15,50.0
14,16,50.0
14,16,50.0
14,16,50.0
14,17,50.0
14,17,50.0
14,17,50.0
14,18,50.0
14,18,50.0
14,18,50.0
14,19,50.0
14,19,50.0
14,19,50.0
14,20,50.0
14,20,50.0
14,20,50.0
15,20,50.0
15,20,50.0
15,20,50.0
16,20,50.0
16,20,50.0
16,20,50.0
16,19,50.0
16,19,50.0
16,19,50.0
16,18,50.0
16,18,50.0
16,18,50.0
17,18,50.0
17,18,50.0
17,18,50.0
18,18,50.0
18,18,50.0
18,18,50.0
18,17,50.0
18,17,50.0
18,17,50.0
17,17,50.0
17,17,50.0
17,17,50.0
17,16,50.0
17,16,50.0
17,16,50.0
16,16,50.0
16,16,70.11560586213659
16,16,50.0
15,16,50.0
15,16,50.0
15,16,50.0
15,15,50.0
15,15,50.0
15,15,50.0
14,15,50.0
14,15,50.0
14,15,50.0
13,15,50.0
13,15,50.0
13,15,50.0
13,14,50.0
13,14,50.0
13,14,50.0
12,14,50.0
12,14,50.0
12,14,50.0
11,14,50.0
11,14,50.0
11,14,50.0
10,14,50.0
10,14,50.0
10,14,50.0
10,13,50.0
10,13,64.79152831128103
10,13,50.0
10,12,50.0
10,12,50.0
10,12,50.0
10,11,50.0
10,11,64.23956176348784
10,11,55.0638597612603
10,10,50.0
10,10,50.0
10,10,50.0
9,10,66.88272392570252
9,10,50.0
9,10,50.0
8,10,50.0
8,10,50.0
8,10,50.0
8,9,50.0
8,9,50.0
8,9,50.0
8,8,50.0
8,8,119.55317007730162
8,8,50.0
9,8,50.0
9,8,50.0
9,8,61.670967557294134
9,7,50.0
9,7,50.0
9,7,50.0
9,6,50.0
9,6,55.38213542849488
9,6,50.0
10,6,50.0
10,6,50.0
10,6,50.0
9,6,50.0
9,6,50.0
9,6,87.6516455634505
8,6,50.0
8,6,118.77909461431048
8,6,50.0
7,6,50.0
7,6,50.0
7,6,104.09313105773904
6,6,50.0
6,6,87.55148607995326
6,6,93.18480799257894
5,6,50.0
5,6,50.0
5,6,50.0
4,6,120.31757347748501
4,6,62.52299376895269
4,6,104.28410953466019
3,6,50.0
3,6,99.59099493984695
3,6,50.0
3,5,50.0
3,5,93.6814707633039
3,5,116.50484926106745
4,5,50.0
4,5,50.0
4,5,85.40283548740585
4,6,50.0
4,6,50.0
4,6,50.0
3,6,115.70969153184416
3,6,80.57915102287387
3,6,50.0
3,5,50.0
3,5,50.0
3,5,77.72616458360027
2,5,50.0
2,5,98.01941158597532
2,5,50.0
2,4,124.39694902503558
2,4,185.93815149886342
2,4,50.0
1,4,94.9466131479744
1,4,116.14487598510797
1,4,50.0
1,3,66.62527140403964
1,3,50.0
1,3,50.0
2,3,50.0
2,3,108.2261507766938
2,3,50.0
1,3,50.0
1,3,163.49443138684805
1,3,114.01320761824334
1,4,105.92625543484853
1,4,50.0
1,4,50.0
1,3,50.0
1,3,81.07150635915352
1,3,124.68813801256002
1,2,201.91998689707128
1,2,90.21033812704191
1,2,68.29679244500386
2,2,50.0
2,2,92.30864144494979
2,2,141.26400573671813
2,1,74.86481558836255
2,1,85.97489227408963
2,1,50.0
3,1,50.0
3,1,55.35718464881584
3,1,50.0
2,1,146.2981129873516
2,1,110.94373059718836
2,1,50.0
1,1,50.0
1,1,84.61902282513626
1,1,93.3675975274205
0,1,50.0
0,1,142.1282393928584
0,1,100.39148393364783
-1,1,115.11081022833575
-1,1,50.0
-1,1,64.33056247076406
-2,1,131.6917301756325
-2,1,139.81313407147684
-2,1,106.58206971073159
-3,1,50.0
-3,1,64.26327749220087
-3,1,50.0
-3,2,50.0
-3,2,103.83174619010384
-3,2,50.0
-3,3,50.0
-3,3,50.0
-3,3,77.46487833011926
-4,3,137.853691472135
-4,3,70.12468745979092
-4,3,50.0
-4,2,50.0
-4,2,50.0
-4,2,95.86709820437076
-3,2,83.97985006560955
-3,2,66.5700540624781
-3,2,86.64181122520537
-4,2,124.89167969597142
-4,2,50.0
-4,2,50.0
-5,2,52.98501410480596
-5,2,50.0
-5,2,50.0
-6,2,50.0
-6,2,154.79707207869458
-6,2,83.68521476639195
-6,1,50.0
-6,1,50.0
-6,1,50.0
-7,1,50.0
-7,1,50.0
-7,1,50.0
-8,1,50.0
-8,1,50.0
-8,1,50.0
-8,0,50.0
-8,0,50.0
-8,0,50.0
-9,0,50.0
-9,0,50.0
-9,0,50.0
-9,1,50.0
-9,1,82.26828345874318
-9,1,50.0
-9,2,60.411923127746874
-9,2,50.0
-9,2,50.0
-9,1,64.27800846350006
-9,1,56.658050615803674
-9,1,50.0
-9,0,50.0
-9,0,50.0
-9,0,92.14585341737231
-9,-1,55.30109341346483
-9,-1,50.0
-9,-1,117.63189270897303
-10,-1,50.0
-10,-1,50.0
-10,-1,50.0
-11,-1,50.0
-11,-1,50.0
-11,-1,102.27738777084515
-11,-2,50.0
-11,-2,50.0
-11,-2,50.0
-11,-3,50.0
-11,-3,50.0
-11,-3,50.0
-11,-4,50.0
-11,-4,50.0
-11,-4,50.0
-12,-4,50.0
-12,-4,50.0
-12,-4,50.0
-11,-4,50.0
-11,-4,50.0
-11,-4,50.0
-11,-3,50.0
-11,-3,85.97789802180118
-11,-3,50.0
-10,-3,50.0
-10,-3,50.0
-10,-3,90.2827977323574
-9,-3,50.0
-9,-3,64.41141894756123
-9,-3,50.0
-10,-3,50.0
-10,-3,50.0
-10,-3,50.0
-10,-2,50.0
-10,-2,50.0
-10,-2,50.0
-9,-2,50.0
-9,-2,60.83250297207179
-9,-2,72.76769042746406
-8,-2,50.0
-8,-2,50.0
-8,-2,50.0
-7,-2,50.0
-7,-2,84.35589504131008
-7,-2,88.72320483238684
-7,-1,50.0
-7,-1,50.0
-7,-1,50.0
-6,-1,68.77050087175306
-6,-1,50.0
-6,-1,50.0
-5,-1,50.0
-5,-1,70.38536710522935
-5,-1,51.673645852812
-5,0,66.7572909813429
-5,0,81.91116433184102
-5,0,61.7727771348127
-5,1,65.1820453810016
-5,1,167.63186881809997
-5,1,50.0
-4,1,50.0
-4,1,50.0
-4,1,50.0
-5,1,50.0
-5,1,50.0
-5,1,50.0
-4,1,52.20610743543892
-4,1,50.0
-4,1,50.0
-4,0,98.25199170980872
-4,0,76.72306381909581
-4,0,50.0
-4,1,74.39624054035413
-4,1,74.3092764721151
-4,1,50.0
-3,1,78.67811994582358
-3,1,102.20605986993093
-3,1,50.0
-2,1,50.0
-2,1,176.09394591711856
-2,1,50.0
-1,1,50.0
-1,1,50.0
-1,1,65.18453705602641
0,1,50.0
0,1,140.80442486504165
0,1,50.54508015994405
0,0,70.48108558455125
0,0,164.15688613120824
0,0,50.0
0,1,170.4668327936523
0,1,57.40095021941913
0,1,50.0
1,1,102.5580530544776
1,1,50.0
1,1,50.0
1,2,84.43221273321691
1,2,50.0
1,2,125.06198635966857
1,3,59.8127171922074
1,3,50.0
1,3,50.0
2,3,50.0
2,3,72.59605906667996
2,3,100.335567781276
2,4,105.80668818123803
2,4,109.37301266797479
2,4,103.57458071902903
3,4,50.0
3,4,51.999147907297186
3,4,50.0
4,4,116.63023484469605
4,4,69.0307887995568
4,4,50.0
3,4,50.0
3,4,201.0889681645102
3,4,50.0
4,4,50.0
4,4,50.0
4,4,85.32515179635786
4,3,50.0
4,3,67.70576586694122
4,3,50.0
4,2,50.0
4,2,157.59038639173357
4,2,84.60555871663047
4,3,50.0
4,3,50.0
4,3,50.0
4,4,50.0
4,4,94.54141404667627
4,4,56.845502140784845
4,5,50.0
4,5,73.88046619458548
4,5,50.0
5,5,50.0
5,5,50.0
5,5,58.962658167357084
5,6,72.45446663029705
5,6,50.0
5,6,92.12914053856633
6,6,65.02900342595156
6,6,77.20021640621249
6,6,50.0
7,6,76.0689562967845
7,6,50.0
7,6,53.62616458669011
8,6,81.23550470873107
8,6,71.64936317740708
8,6,58.86449366802371
8,7,50.0
8,7,94.92943686593854
8,7,50.0
9,7,111.25658886978403
9,7,50.0
9,7,50.0
10,7,50.0
10,7,50.0
10,7,50.0
11,7,50.0
11,7,50.0
11,7,50.0
11,8,50.0
11,8,50.0
11,8,50.0
11,9,50.0
11,9,50.0
11,9,50.0
11,10,50.0
11,10,50.0
11,10,50.0
12,10,50.0
12,10,50.0
12,10,50.0
13,10,50.0
13,10,50.0
13,10,50.0
14,10,50.0
14,10,50.0
14,10,60.29642252769911
13,10,50.0
13,10,50.0
13,10,50.0
14,10,50.0
14,10,50.0
14,10,50.0
14,11,50.0
14,11,50.0
14,11,50.0
14,12,50.0
14,12,50.0
14,12,50.0
14,13,50.0
14,13,50.0
14,13,51.01187291645478
15,13,50.0
15,13,52.31235966043147
15,13,50.0
16,13,50.0
16,13,50.0
16,13,50.0
17,13,80.3780703046543
17,13,50.0
17,13,50.0
18,13,50.0
18,13,50.0
18,13,50.0
19,13,50.0
19,13,50.0
19,13,50.0
19,14,50.0
19,14,50.0
19,14,50.0
19,15,50.0
19,15,50.0
19,15,50.0
20,15,50.0
20,15,50.0
20,15,50.0
20,16,50.0
20,16,50.0
20,16,50.0
19,16,50.0
19,16,50.0
19,16,50.0
18,16,50.0
18,16,50.0
18,16,50.0
17,16,50.0
17,16,50.0
17,16,50.0
18,16,50.0
18,16,50.0
18,16,50.0
18,15,50.0
18,15,50.0
18,15,50.0
17,15,50.0
17,15,50.0
17,15,50.0
17,14,50.0
17,14,50.0
17,14,50.0
16,14,50.0
16,14,50.0
16,14,50.0
15,14,50.0
15,14,50.0
15,14,50.0
14,14,50.0
14,14,50.0
14,14,50.0
15,14,50.0
15,14,50.0
15,14,50.0
15,13,50.0
15,13,50.0
15,13,50.0
15,12,50.0
15,12,50.0
15,12,50.0
14,12,50.0
14,12,95.61948740062675
14,12,50.0
13,12,50.0
13,12,50.0
13,12,50.0
13,11,50.0
13,11,50.0
13,11,50.0
12,11,50.0
12,11,50.0
12,11,50.0
12,10,50.0
12,10,50.0
12,10,50.0
12,9,50.0
12,9,69.3789280341016
12,9,50.0
12,10,50.0
12,10,50.0
12,10,50.0
12,9,50.0
12,9,50.0
12,9,50.0
12,8,50.0
12,8,102.16571917660443
12,8,50.0
11,8,50.0
11,8,50.0
11,8,50.0
11,7,79.65486438748859
11,7,50.0
11,7,50.0
10,7,50.0
10,7,71.01483826329867
10,7,50.0
10,6,50.0
10,6,77.22793031860175
10,6,50.0
10,7,50.0
10,7,50.0
10,7,50.0
11,7,50.0
11,7,53.412176055991175
11,7,63.962987523038976
10,7,50.0
10,7,50.246590185375084
10,7,73.77619879544827
10,6,53.341572821714614
10,6,50.0
10,6,50.0
9,6,50.0
9,6,50.0
9,6,50.0
8,6,50.0
8,6,50.0
8,6,50.0
8,5,50.0
8,5,50.0
8,5,50.0
9,5,50.0
9,5,93.33265525397437
9,5,50.0
10,5,50.0
10,5,50.0
10,5,50.0
9,5,50.0
9,5,50.0
9,5,50.0
8,5,51.53259261613809
8,5,77.42965962084799
8,5,50.0
8,4,86.34321322131942
8,4,50.0
8,4,50.0
7,4,50.0
7,4,50.0
7,4,74.60058118962
7,3,50.0
7,3,50.0
7,3,50.0
6,3,50.0
6,3,80.22318235355684
6,3,50.0
7,3,50.0
7,3,73.5766224360306
7,3,114.83914386556144
7,4,50.0
7,4,50.0
7,4,50.0
7,3,50.0
7,3,88.69550999927179
7,3,130.50965266832213
6,3,50.0
6,3,50.0
6,3,50.0
5,3,55.27229793134924
5,3,50.0
5,3,50.0
4,3,113.192250888502
4,3,126.97856898731214
4,3,50.0
3,3,50.0
3,3,84.12602684681055
3,3,128.2134053856025
3,2,120.79935719163696
3,2,50.0
3,2,50.0
3,1,58.662867846696415
3,1,126.89461024899782
3,1,50.0
3,0,50.0
3,0,106.84685943036831
3,0,82.14391289123473
3,1,50.0
3,1,124.0196096075326
3,1,50.0
2,1,50.0
2,1,57.92754590376764
2,1,104.4300766239266
2,0,50.0
2,0,50.0
2,0,52.4110405140847
1,0,59.30469359744025
1,0,77.53370005643436
1,0,50.0
1,1,142.23705950445327
1,1,50.0
1,1,50.0
1,2,165.51848207269862
1,2,50.0
1,2,84.57672429569746
1,3,57.56725438501839
1,3,83.80438585902105
1,3,50.0
0,3,62.61409959220938
0,3,50.0
0,3,137.85416651731973
-1,3,92.93458691247636
-1,3,68.29077534656732
-1,3,62.974857848704275
-2,3,146.54710522773155
-2,3,56.87303805313216
-2,3,67.57720069531435
-2,2,50.0
-2,2,88.36883109626761
-2,2,142.38586603822418
-2,1,79.48494975345709
-2,1,50.0
-2,1,158.9869404116401
-2,2,51.4126588386283
-2,2,106.2956320906062
-2,2,62.18092367192449
-2,1,57.45853983811885
-2,1,164.22234183176542
-2,1,50.0
-2,0,50.0
-2,0,50.0
-2,0,50.0
-3,0,271.5414597381483
-3,0,140.2595347002407
-3,0,50.0
-3,-1,50.0
-3,-1,50.0
-3,-1,53.891776812171976
-4,-1,50.0
-4,-1,50.0
-4,-1,65.99057005981079
-4,-2,59.84963083231413
-4,-2,127.9850858047754
-4,-2,164.09914239906544
-4,-3,50.0
-4,-3,50.0
-4,-3,80.60218757797793
-4,-4,50.0
-4,-4,66.7368945365276
-4,-4,50.0
-5,-4,50.0
-5,-4,64.1907824571793
-5,-4,75.10107707558466
-4,-4,87.12088935731269
-4,-4,95.5134579760572
-4,-4,93.13778085938634
-5,-4,177.4340114630416
-5,-4,64.79556743797407
-5,-4,50.0
-5,-5,50.0
-5,-5,50.0
-5,-5,121.12310393434657
-5,-4,50.0
-5,-4,116.16551589406265
-5,-4,50.0
-5,-5,85.14357760673073
-5,-5,62.69449293596604
-5,-5,50.0
-5,-6,71.28381528243813
-5,-6,50.0
-5,-6,50.0
-6,-6,50.0
-6,-6,50.0
-6,-6,50.0
-7,-6,50.0
-7,-6,51.90562641759587
-7,-6,62.77755220844098
-7,-5,50.0
-7,-5,58.7441126405118
-7,-5,80.66818746782971
-8,-5,50.0
-8,-5,88.64578315954586
-8,-5,50.0
-8,-4,111.73364133322609
-8,-4,119.00060078252088
-8,-4,175.06631016867402
-8,-5,62.58483084304763
-8,-5,110.76823000621349
-8,-5,50.0
-8,-6,114.81259777723477
-8,-6,50.0
-8,-6,50.0
-8,-7,50.0
-8,-7,50.0
-8,-7,63.31799701823964
-8,-8,50.0
-8,-8,50.0
-8,-8,96.46996449892676
-7,-8,69.81089749435398
-7,-8,50.0
-7,-8,50.0
-7,-9,50.0
-7,-9,50.0
-7,-9,50.0
-8,-9,50.0
-8,-9,50.0
-8,-9,83.36140138942507
-8,-10,50.0
-8,-10,50.0
-8,-10,50.0
-8,-11,50.0
-8,-11,50.0
-8,-11,50.0
-8,-12,50.0
-8,-12,50.0
-8,-12,50.0
-9,-12,50.0
-9,-12,50.0
-9,-12,50.0
-9,-13,50.0
-9,-13,55.64077612164228
-9,-13,70.23377663480319
-10,-13,50.0
-10,-13,50.0
-10,-13,59.26475003510885
-11,-13,50.0
-11,-13,50.0
-11,-13,50.0
-10,-13,50.0
-10,-13,50.0
-10,-13,50.0
-10,-12,50.0
-10,-12,50.0
-10,-12,50.0
-10,-13,50.0
-10,-13,52.85591670900676
-10,-13,50.0
-10,-14,50.0
-10,-14,54.48474300722974
-10,-14,50.0
-10,-15,50.0
-10,-15,50.0
-10,-15,50.0
-11,-15,50.0
-11,-15,50.0
-11,-15,50.0
-11,-16,50.0
-11,-16,50.0
-11,-16,50.0
-10,-16,50.0
-10,-16,50.0
-10,-16,50.0
-11,-16,50.0
-11,-16,50.0
-11,-16,50.0
-12,-16,50.0
-12,-16,50.0
-12,-16,50.0
-12,-15,50.0
-12,-15,50.0
-12,-15,50.0
-12,-16,50.0
-12,-16,50.0
-12,-16,50.0
-11,-16,50.0
-11,-16,50.0
-11,-16,50.0
-11,-15,50.0
-11,-15,50.0
-11,-15,50.0
-11,-14,50.0
-11,-14,50.0
-11,-14,50.0
-11,-13,50.0
-11,-13,50.0
-11,-13,50.0
-11,-12,50.0
-11,-12,50.0
-11,-12,50.0
-10,-12,50.0
-10,-12,50.0
-10,-12,50.0
-10,-13,50.0
-10,-13,53.96642355654693
-10,-13,50.0
-10,-12,50.0
-10,-12,50.0
-10,-12,50.0
-9,-12,50.0
-9,-12,50.0
-9,-12,50.0
-10,-12,50.0
-10,-12,50.0
-10,-12,50.0
-9,-12,50.0
-9,-12,50.0
-9,-12,50.0
-9,-11,50.0
-9,-11,50.0
-9,-11,50.0
-9,-10,50.0
-9,-10,50.0
-9,-10,50.0
-9,-9,50.0
-9,-9,50.0
-9,-9,50.0
-8,-9,50.0
-8,-9,50.0
-8,-9,50.0
-8,-8,118.59335686739604
-8,-8,50.0
-8,-8,50.0
-8,-7,51.53117365954952
-8,-7,50.0
-8,-7,50.0
-8,-6,68.51778545670173
-8,-6,50.0
-8,-6,50.0
-7,-6,50.0
-7,-6,50.0
-7,-6,123.52408229846972
-7,-5,105.99150620701248
-7,-5,55.47567773502885
-7,-5,50.0
-7,-4,50.0
-7,-4,79.70188002247838
-7,-4,64.01530494832771
-7,-3,50.0
-7,-3,118.72047998680594
-7,-3,103.07347429880818
-7,-2,50.0
-7,-2,50.0
-7,-2,50.0
-6,-2,103.72440506206749
-6,-2,156.16347000285023
-6,-2,50.0
-6,-1,50.0
-6,-1,73.48211108439276
-6,-1,117.64766125811414
-6,0,71.23573989243795
-6,0,50.0
-6,0,109.121666490605
-7,0,64.59127258975171
-7,0,70.24039015703971
-7,0,102.55497237288083
-7,1,50.0
-7,1,50.0
-7,1,50.0
-7,2,50.0
-7,2,60.89418259918528
-7,2,84.19253704966599
-7,3,73.38409280915397
-7,3,50.0
-7,3,50.0
-7,4,50.0
-7,4,50.0
-7,4,50.0
-7,5,50.0
-7,5,50.0
-7,5,50.0
-7,6,71.97201228201823
-7,6,50.0
-7,6,50.0
-7,5,50.0
-7,5,90.37543779369791
-7,5,50.0
-7,4,75.81918469835719
-7,4,72.35154226445677
-7,4,50.0
-6,4,57.96975032496853
-6,4,62.623034958600996
-6,4,50.0
-6,5,50.0
-6,5,50.0
-6,5,50.0
-5,5,50.0
-5,5,50.0
-5,5,115.36402327393829
-4,5,94.36632023384851
-4,5,50.0
-4,5,139.9725181219489
-4,6,81.56285871119562
-4,6,94.64225866461643
-4,6,118.41360186551756
-4,7,50.0
-4,7,89.59237912046954
-4,7,81.19836882359633
-4,8,50.0
-4,8,80.2987993750174
-4,8,50.0
-4,7,83.48495335454805
-4,7,52.297150177666026
-4,7,71.13095944573048
-4,8,50.0
-4,8,87.29439975742369
-4,8,93.66218152845074
-4,9,83.17087942932177
-4,9,50.0
-4,9,50.0
-4,10,50.0
-4,10,74.59481369757637
-4,10,50.0
-4,11,70.776596738282
-4,11,50.0
-4,11,50.0
-4,12,50.0
-4,12,50.0
-4,12,50.0
-5,12,50.0
-5,12,50.0
-5,12,50.0
-6,12,50.0
-6,12,92.95267681684275
-6,12,70.01244792150675
-6,11,50.0
-6,11,85.79427432578345
-6,11,50.09935771689803
-7,11,50.0
-7,11,50.0
-7,11,50.0
-8,11,50.0
-8,11,50.0
-8,11,50.0
-9,11,50.0
-9,11,50.0
-9,11,50.0
-10,11,50.0
-10,11,50.0
-10,11,50.0
-9,11,50.0
-9,11,50.0
