13,8,100.0
13,9,100.0
13,9,100.0
13,8,100.0
13,8,144.36432547647178
13,9,100.0
13,9,100.0
13,10,100.0
13,10,160.60525241419748
14,10,100.0
14,10,100.0
14,11,100.0
14,11,100.0
14,12,100.0
14,12,100.0
14,13,100.0
14,13,100.0
14,14,100.0
14,14,100.0
14,15,100.0
14,15,100.0
14,16,100.0
14,16,100.0
14,17,100.0
14,17,100.0
14,18,100.0
14,18,100.0
14,19,100.0
14,19,100.0
14,20,100.0
14,20,100.0
15,20,100.0
15,20,100.0
16,20,100.0
16,20,100.0
16,19,100.0
16,19,100.0
16,18,100.0
16,18,100.0
17,18,100.0
17,18,100.0
18,18,100.0
18,18,100.0
18,17,100.0
18,17,100.0
17,17,100.0
17,17,100.0
17,16,100.0
17,16,100.0
16,16,100.0
16,16,100.0
15,16,100.0
15,16,100.0
15,15,100.0
15,15,100.0
14,15,100.0
14,15,100.0
13,15,100.0
13,15,100.0
13,14,100.0
13,14,100.0
12,14,100.0
12,14,100.0
11,14,100.0
11,14,100.0
10,14,100.0
10,14,100.0
10,13,100.0
10,13,100.0
10,12,100.0
10,12,100.0
10,11,100.0
10,11,100.0
10,10,100.0
10,10,101.19296759917513
9,10,100.0
9,10,100.0
8,10,100.0
8,10,100.0
8,9,100.0
8,9,100.0
8,8,100.0
8,8,100.0
9,8,100.0
9,8,100.0
9,7,177.97165591713315
9,7,100.0
9,6,100.0
9,6,100.0
10,6,100.0
10,6,100.0
9,6,126.7152908216754
9,6,100.0
8,6,148.62335371466546
8,6,100.0
7,6,100.0
7,6,146.99430110031193
6,6,134.15120288508965
6,6,100.0
5,6,100.0
5,6,100.0
4,6,100.0
4,6,100.0
3,6,100.0
3,6,214.98975730631156
3,5,146.46920549842815
3,5,287.45294457429264
4,5,100.0
4,5,186.15172685252335
4,6,100.0
4,6,100.0
3,6,100.0
3,6,100.0
3,5,413.20737792533475
3,5,129.32707222795568
2,5,100.0
2,5,292.74606216584726
2,4,354.94123237010695
2,4,100.0
1,4,100.0
1,4,100.0
1,3,100.84489101997863
1,3,112.93506977725107
2,3,311.4559120724499
2,3,100.0
1,3,179.30188496741715
1,3,100.0
1,4,169.56373798710752
1,4,100.0
1,3,186.5490047124058
1,3,183.70763243882493
1,2,204.88353212741993
1,2,159.4552045827507
2,2,161.0724096938064
2,2,236.7511762493745
2,1,100.0
2,1,240.15802419437287
3,1,100.0
3,1,100.0
2,1,149.2252329190804
2,1,183.18407960007806
1,1,238.05622559673478
1,1,157.6927949002918
0,1,100.0
0,1,100.0
-1,1,107.68958876502636
-1,1,100.0
-2,1,100.0
-2,1,129.2775317039347
-3,1,100.0
-3,1,274.2565142615392
-3,2,100.0
-3,2,100.0
-3,3,100.0
-3,3,100.0
-4,3,100.0
-4,3,164.01017557417862
-4,2,132.2627951899913
-4,2,100.0
-3,2,100.0
-3,2,100.0
-4,2,100.0
-4,2,101.46267455073654
-5,2,100.0
-5,2,250.46960326987528
-6,2,196.58054870891635
-6,2,166.17365727388108
-6,1,180.27948467019465
-6,1,100.0
-7,1,166.86491837725356
-7,1,100.0
-8,1,131.43209131815462
-8,1,100.0
-8,0,100.0
-8,0,100.0
-9,0,100.0
-9,0,224.61697995831327
-9,1,100.0
-9,1,100.0
-9,2,100.0
-9,2,100.0
-9,1,138.54268401218104
-9,1,100.0
-9,0,132.4300815740777
-9,0,100.0
-9,-1,100.0
-9,-1,100.0
-10,-1,100.0
-10,-1,177.95547284563543
-11,-1,100.0
-11,-1,100.0
-11,-2,100.0
-11,-2,100.0
-11,-3,100.0
-11,-3,100.0
-11,-4,100.0
-11,-4,100.0
-12,-4,100.0
-12,-4,100.0
-11,-4,100.0
-11,-4,100.0
-11,-3,126.21507828025106
-11,-3,391.8209774704502
-10,-3,100.0
-10,-3,114.90249126639793
-9,-3,100.0
-9,-3,100.0
-10,-3,100.0
-10,-3,100.0
-10,-2,113.1151816520387
-10,-2,100.0
-9,-2,100.0
-9,-2,100.0
-8,-2,296.06938848056734
-8,-2,100.0
-7,-2,123.6312801741165
-7,-2,100.0
-7,-1,151.98961839969814
-7,-1,100.0
-6,-1,100.0
-6,-1,100.0
-5,-1,159.95118965245473
-5,-1,138.5089805140996
-5,0,100.0
-5,0,100.0
-5,1,100.0
-5,1,142.72181583567667
-4,1,100.0
-4,1,100.0
-5,1,100.0
-5,1,100.0
-4,1,100.0
-4,1,169.76598282545052
-4,0,100.0
-4,0,100.0
-4,1,160.7386823328268
-4,1,100.0
-3,1,282.7622385865913
-3,1,100.0
-2,1,139.8146050480122
-2,1,100.0
-1,1,100.0
-1,1,100.0
0,1,100.0
0,1,108.2222510254386
0,0,100.0
0,0,460.41133041283535
0,1,262.1449892790938
0,1,164.50491005345776
1,1,239.04416974586553
1,1,144.25446236022503
1,2,173.96006510114927
1,2,100.0
1,3,229.50937283371564
1,3,209.4532487482839
2,3,249.79970713453906
2,3,100.0
2,4,100.0
2,4,295.66017117358723
3,4,100.0
3,4,100.0
4,4,100.0
4,4,119.23116186257795
3,4,253.3196921956803
3,4,122.47139051798028
4,4,237.22856035895128
4,4,100.0
4,3,360.018011115749
4,3,303.52664573050924
4,2,201.51353508271208
4,2,100.0
4,3,100.0
4,3,100.0
4,4,100.0
4,4,160.48508496934963
4,5,100.0
4,5,341.3346952117904
5,5,100.0
5,5,100.0
5,6,152.44545283852705
5,6,100.0
6,6,100.0
6,6,205.6056865197694
7,6,100.0
7,6,100.0
8,6,100.0
8,6,100.0
8,7,203.70229323704146
8,7,100.0
9,7,100.0
9,7,100.0
10,7,100.0
10,7,100.0
11,7,120.16724401018939
11,7,100.0
11,8,100.0
11,8,100.0
11,9,100.0
11,9,100.0
11,10,100.0
11,10,102.88216703743764
12,10,100.0
12,10,100.0
13,10,100.0
13,10,100.0
14,10,100.0
14,10,100.0
13,10,100.0
13,10,100.0
14,10,100.0
14,10,100.0
14,11,194.4295358680949
14,11,100.0
14,12,151.27072294383387
14,12,100.0
14,13,100.0
14,13,100.0
15,13,100.0
15,13,100.0
16,13,100.0
16,13,100.0
17,13,100.0
17,13,100.0
18,13,100.0
18,13,100.0
19,13,100.0
19,13,100.0
19,14,100.0
19,14,100.0
19,15,100.0
19,15,100.0
20,15,100.0
20,15,100.0
20,16,146.7607248174711
20,16,100.0
19,16,100.0
19,16,100.0
18,16,100.0
18,16,100.0
17,16,100.0
17,16,100.0
18,16,100.0
18,16,100.0
18,15,100.0
18,15,100.0
17,15,100.0
17,15,100.0
17,14,100.0
17,14,100.0
16,14,100.0
16,14,100.0
15,14,100.0
15,14,100.0
14,14,100.0
14,14,100.0
15,14,100.0
15,14,100.0
15,13,100.0
15,13,100.0
15,12,100.0
15,12,100.0
14,12,100.0
14,12,100.0
13,12,100.0
13,12,100.0
13,11,100.0
13,11,100.0
12,11,100.0
12,11,100.0
12,10,100.0
12,10,100.0
12,9,100.0
12,9,100.0
12,10,100.0
12,10,110.26909217543357
12,9,100.0
12,9,100.0
12,8,100.0
12,8,100.0
11,8,124.9952421678401
11,8,100.0
11,7,100.0
11,7,100.0
10,7,100.0
10,7,100.0
10,6,100.0
10,6,100.0
10,7,100.0
10,7,100.0
11,7,100.0
11,7,100.0
10,7,110.74750114469951
10,7,107.35086303045794
10,6,100.0
10,6,100.0
9,6,102.87675119400427
9,6,100.0
8,6,100.0
8,6,100.0
8,5,194.51157553247927
8,5,100.0
9,5,326.9228161806772
9,5,100.0
10,5,154.67132676701524
10,5,179.93581429148685
9,5,100.0
9,5,100.0
8,5,140.59159941943136
8,5,100.0
8,4,100.0
8,4,100.0
7,4,100.0
7,4,100.0
7,3,100.0
7,3,100.0
6,3,100.0
6,3,100.0
7,3,326.69993107842026
7,3,100.0
7,4,193.7765009997362
7,4,106.90326154865446
7,3,100.0
7,3,100.0
6,3,176.44245375515862
6,3,100.0
5,3,100.0
5,3,100.0
4,3,100.0
4,3,200.7372656231933
3,3,100.0
3,3,100.0
3,2,219.27771852764147
3,2,100.0
3,1,110.54135727514702
3,1,151.3536242236418
3,0,112.3081388267363
3,0,100.0
3,1,153.0663963003819
3,1,100.0
2,1,100.0
2,1,174.59351555875475
2,0,100.0
2,0,100.96399299260597
1,0,151.7230084191732
1,0,161.6918594434334
1,1,230.4652941047786
1,1,243.69202623727574
1,2,100.0
1,2,167.48096837088565
1,3,100.0
1,3,360.19877546296556
0,3,191.77422560141474
0,3,100.0
-1,3,219.86342074075475
-1,3,140.4996328979961
-2,3,100.0
-2,3,169.94490375178822
-2,2,100.0
-2,2,100.0
-2,1,200.91114097216925
-2,1,208.03246203692552
-2,2,196.26814989206562
-2,2,431.0968744648551
-2,1,100.0
-2,1,116.72268485045973
-2,0,269.0489624735359
-2,0,146.5871115572924
-3,0,100.0
-3,0,100.0
-3,-1,109.96126781943477
-3,-1,100.0
-4,-1,100.0
-4,-1,132.9478862205088
-4,-2,237.80918341404322
-4,-2,140.62773825477552
-4,-3,196.69106470948836
-4,-3,100.0
-4,-4,100.0
-4,-4,100.0
-5,-4,178.27156826364734
-5,-4,119.28174508291133
-4,-4,100.0
-4,-4,183.84748458787746
-5,-4,100.0
-5,-4,128.04509488252637
-5,-5,247.44968979036707
-5,-5,100.0
-5,-4,301.3970677483128
-5,-4,203.06841152534264
-5,-5,198.24004133595798
-5,-5,149.49875159965032
-5,-6,100.0
-5,-6,279.8715244897157
-6,-6,165.2244897271756
-6,-6,143.76278020460734
-7,-6,100.0
-7,-6,100.0
-7,-5,100.0
-7,-5,100.0
-8,-5,127.3347931436573
