13,8,50.0
13,8,50.0
13,9,50.334221133314614
13,9,50.0
13,9,50.0
13,8,50.0
13,8,50.0
13,8,50.0
13,9,50.0
13,9,50.0
13,9,50.0
13,10,50.0
13,10,50.0
13,10,98.24390765960321
14,10,50.0
14,10,50.0
14,10,50.0
14,11,50.0
14,11,50.0
14,11,50.0
14,12,50.0
14,12,50.0
14,12,50.0
14,13,50.0
14,13,50.0
14,13,50.0
14,14,50.0
14,14,50.0
14,14,50.0
14,15,50.0
14,15,50.0
14,15,50.0
14,16,50.0
14,16,50.0
14,16,50.0
14,17,50.0
14,17,50.0
14,17,50.0
14,18,50.0
14,18,50.0
14,18,50.0
14,19,50.0
14,19,50.0
14,19,50.0
14,20,50.0
14,20,50.0
14,20,50.0
15,20,50.0
15,20,50.0
15,20,50.0
16,20,50.0
16,20,50.0
16,20,50.0
16,19,50.0
16,19,50.0
16,19,50.0
16,18,50.0
16,18,50.0
16,18,50.0
17,18,50.0
17,18,50.0
17,18,50.0
18,18,50.0
18,18,50.0
18,18,50.0
18,17,50.0
18,17,50.0
18,17,50.0
17,17,50.0
17,17,50.0
17,17,50.0
17,16,50.0
17,16,50.0
17,16,50.0
16,16,50.0
16,16,50.0
16,16,50.0
15,16,50.0
15,16,50.0
15,16,50.0
15,15,50.0
15,15,50.0
15,15,50.0
14,15,50.0
14,15,50.0
14,15,50.0
13,15,50.0
13,15,50.0
13,15,50.0
13,14,50.0
13,14,50.0
13,14,50.0
12,14,50.0
12,14,50.0
12,14,50.0
11,14,50.0
11,14,50.0
11,14,50.0
10,14,50.0
10,14,50.0
10,14,50.0
10,13,50.0
10,13,53.77350116516216
10,13,50.0
10,12,50.0
10,12,50.0
10,12,50.0
10,11,120.7925914393873
10,11,50.0
10,11,50.0
10,10,50.0
10,10,50.0
10,10,50.0
9,10,50.0
9,10,50.0
9,10,94.31475345347116
8,10,106.44144130240838
8,10,60.71219317609284
8,10,50.0
8,9,50.0
8,9,50.0
8,9,50.0
8,8,50.0
8,8,50.0
8,8,50.0
9,8,50.0
9,8,50.0
9,8,71.28029418066168
9,7,50.0
9,7,50.0
9,7,50.0
9,6,50.0
9,6,50.0
9,6,50.0
10,6,50.0
10,6,50.0
10,6,50.0
9,6,84.41451238495317
9,6,50.0
9,6,50.0
8,6,50.0
8,6,57.46173698770279
8,6,52.12578629467218
7,6,50.0
7,6,50.0
7,6,75.46717108654795
6,6,50.0
6,6,50.0
6,6,102.25484378285825
5,6,50.0
5,6,54.58088543234512
5,6,53.55765986610555
4,6,62.20385901727566
4,6,104.63273672322232
4,6,50.0
3,6,144.80149740913927
3,6,50.0
3,6,50.0
3,5,50.0
3,5,64.21589190988782
3,5,50.0
4,5,50.0
4,5,71.9283464459952
4,5,123.96036434998899
4,6,50.0
4,6,50.0
4,6,50.0
3,6,50.0
3,6,106.69929464150789
3,6,67.92173467198903
3,5,117.38322918558359
3,5,50.0
3,5,54.97061210382972
2,5,98.57988588829545
2,5,105.74350956230487
2,5,93.7341876365783
2,4,50.0
2,4,50.0
2,4,65.9906464470712
1,4,87.65866281606785
1,4,78.4157094567709
1,4,50.0
1,3,96.95473446137501
1,3,50.0
1,3,50.0
2,3,50.0
2,3,184.90387331435662
2,3,50.0
1,3,52.932617607596185
1,3,87.75255958814078
1,3,64.92018616434045
1,4,50.0
1,4,105.22733419473889
1,4,50.0
1,3,50.0
1,3,65.61331055291419
1,3,87.5593848759929
1,2,56.116811404307434
1,2,102.96647546528196
1,2,85.38145547328413
2,2,94.08882878585968
2,2,50.0
2,2,56.006951924046774
2,1,50.0
2,1,50.0
2,1,65.5239982100266
3,1,60.68916372780576
3,1,72.50234888503107
3,1,65.47560087778268
2,1,117.04112531445767
2,1,65.5867041071051
2,1,50.0
1,1,111.33855740452015
1,1,140.1979512290692
1,1,80.62341320760991
0,1,50.0
0,1,96.53963056656804
0,1,193.35022560224272
-1,1,84.58786920843689
-1,1,81.26272335513282
-1,1,146.79691931769491
-2,1,50.0
-2,1,50.0
-2,1,142.9356099173463
-3,1,125.90344018298356
-3,1,122.7946885901045
-3,1,89.34649293539385
-3,2,50.0
-3,2,104.36019492538097
-3,2,90.68020151729306
-3,3,89.87664142258542
-3,3,108.0771416549837
-3,3,50.0
-4,3,50.0
-4,3,50.0
-4,3,56.873855155332194
-4,2,140.0340521432496
-4,2,66.51745866981508
-4,2,126.75325696725513
-3,2,75.00393511331333
-3,2,104.74206080631984
-3,2,64.19147530517027
-4,2,50.0
-4,2,50.0
-4,2,104.68941541705624
-5,2,50.0
-5,2,50.0
-5,2,74.13414382872548
-6,2,50.0
-6,2,50.0
-6,2,70.41171949590273
-6,1,50.0
-6,1,50.0
-6,1,50.0
-7,1,50.0
-7,1,57.91565511768649
-7,1,50.0
-8,1,50.0
-8,1,50.0
-8,1,50.0
-8,0,50.0
-8,0,104.91003711978124
-8,0,50.0
-9,0,50.0
-9,0,50.0
-9,0,52.6100223805
-9,1,50.0
-9,1,50.0
-9,1,50.0
-9,2,50.0
-9,2,91.07511710467372
-9,2,50.0
-9,1,50.0
-9,1,57.493205641480955
-9,1,87.7145605922059
-9,0,50.0
-9,0,50.0
-9,0,50.0
-9,-1,50.0
-9,-1,50.0
-9,-1,50.0
-10,-1,50.0
-10,-1,50.0
-10,-1,50.0
-11,-1,74.93884211206071
-11,-1,50.0
-11,-1,50.0
-11,-2,50.0
-11,-2,50.0
-11,-2,50.0
-11,-3,50.0
-11,-3,50.0
-11,-3,92.50002698605518
-11,-4,50.0
-11,-4,50.0
-11,-4,50.0
-12,-4,50.0
-12,-4,50.0
-12,-4,81.80830612126556
-11,-4,50.0
-11,-4,50.0
-11,-4,50.0
-11,-3,140.60819585798217
-11,-3,50.0
-11,-3,50.0
-10,-3,50.0
-10,-3,122.8335227184933
-10,-3,50.0
-9,-3,53.9848071020185
-9,-3,50.0
-9,-3,80.10197853824484
-10,-3,74.90627929106806
-10,-3,75.22425217049714
-10,-3,50.0
-10,-2,50.0
-10,-2,50.0
-10,-2,50.0
-9,-2,50.0
-9,-2,110.38801733268934
-9,-2,50.0
-8,-2,50.0
-8,-2,84.26516554299005
-8,-2,50.0
-7,-2,112.60467224187695
-7,-2,93.8749401651429
-7,-2,52.918880055947675
-7,-1,50.0
-7,-1,50.0
-7,-1,54.215728206988665
-6,-1,50.0
-6,-1,50.0
-6,-1,50.0
-5,-1,165.95463865283423
-5,-1,77.47916965435071
-5,-1,85.79093296338002
-5,0,118.54364755605792
-5,0,50.0
-5,0,80.5456330381017
-5,1,50.0
-5,1,50.0
-5,1,50.0
-4,1,50.0
-4,1,50.0
-4,1,87.14048740869475
-5,1,50.0
-5,1,50.0
-5,1,64.60540387277513
-4,1,50.0
-4,1,84.00807824501015
-4,1,121.34725373068434
-4,0,162.4980338795058
-4,0,50.0
-4,0,50.0
-4,1,58.61419195960294
-4,1,82.07013976953085
-4,1,50.0
-3,1,111.08619814852068
-3,1,109.03268971920645
-3,1,50.0
-2,1,103.05169161369943
-2,1,50.0
-2,1,68.76825466301443
-1,1,50.0
-1,1,111.59298199518022
-1,1,50.0
0,1,50.0
0,1,113.29645673694998
0,1,98.68090798676968
0,0,158.76628568968147
0,0,93.13179479789396
0,0,94.54875069318179
0,1,124.87738441757429
0,1,129.45560795854925
0,1,123.49805493625377
1,1,50.0
1,1,50.0
1,1,160.3606814467957
1,2,57.65425184484482
1,2,50.0
1,2,100.66649870248267
1,3,84.74408520011873
1,3,88.2144610684399
1,3,77.82735429660704
2,3,115.75025174906462
2,3,50.0
2,3,53.70950282562879
2,4,50.0
2,4,74.33133758559646
2,4,90.0316031151678
3,4,68.42604672834737
3,4,111.8246237553665
3,4,105.82748837100232
4,4,66.98704350686012
4,4,50.0
4,4,50.0
3,4,50.0
3,4,184.07914080829295
3,4,99.72807502802209
4,4,50.0
4,4,84.18673676554059
4,4,50.0
4,3,77.82960039141884
4,3,50.0
4,3,50.0
4,2,50.0
4,2,96.2905248485214
4,2,86.52159824633732
4,3,51.00906648257131
4,3,110.16595467780299
4,3,50.0
4,4,61.18394995366069
4,4,112.77189976879455
4,4,50.0
4,5,58.76683595582392
4,5,155.47604995607014
4,5,50.0
5,5,50.0
5,5,50.0
5,5,124.4975122617094
5,6,50.0
5,6,121.25046898793391
5,6,50.0
6,6,50.0
6,6,50.0
6,6,50.0
7,6,111.71147593590352
7,6,57.35814830222269
7,6,50.0
8,6,56.59391084734209
8,6,50.0
8,6,62.58207632954785
8,7,50.0
8,7,50.0
8,7,50.0
9,7,55.3125862590485
9,7,50.0
9,7,94.37294398290486
10,7,50.0
10,7,50.0
10,7,50.0
11,7,50.0
11,7,50.0
11,7,84.26502339694542
11,8,50.0
11,8,50.0
11,8,50.0
11,9,77.48388191772628
11,9,50.0
11,9,50.0
11,10,50.0
11,10,50.0
11,10,50.0
12,10,50.0
12,10,50.0
12,10,50.0
13,10,53.98526469644284
13,10,50.0
13,10,50.0
14,10,50.0
14,10,79.49261639439871
14,10,50.0
13,10,85.0420544648046
13,10,50.0
13,10,50.0
14,10,50.0
14,10,50.0
14,10,50.0
14,11,115.4733199893283
14,11,50.0
14,11,50.0
14,12,50.0
14,12,50.0
14,12,50.0
14,13,50.0
14,13,50.0
14,13,50.0
15,13,50.0
15,13,50.0
15,13,50.0
16,13,50.0
16,13,50.0
16,13,50.0
17,13,50.0
17,13,50.0
17,13,50.0
18,13,50.0
18,13,50.0
18,13,50.0
19,13,50.0
19,13,50.0
19,13,50.0
19,14,50.0
19,14,50.0
19,14,50.0
19,15,50.0
19,15,50.0
19,15,50.0
20,15,50.0
20,15,50.0
20,15,50.0
20,16,50.0
20,16,50.0
20,16,50.0
19,16,50.0
19,16,50.0
19,16,50.0
18,16,50.0
18,16,50.0
18,16,50.0
17,16,50.0
17,16,50.0
17,16,50.0
18,16,50.0
18,16,50.0
18,16,50.0
18,15,50.0
18,15,50.0
18,15,50.0
17,15,50.0
17,15,50.0
17,15,50.0
17,14,50.0
17,14,50.0
17,14,50.0
16,14,50.0
16,14,50.0
16,14,50.0
15,14,50.0
15,14,50.0
15,14,50.0
14,14,50.0
14,14,50.0
14,14,50.0
15,14,50.0
15,14,50.0
15,14,50.0
15,13,50.0
15,13,50.0
15,13,50.0
15,12,50.0
15,12,50.0
15,12,50.0
14,12,50.0
14,12,50.0
14,12,50.0
13,12,53.151119615506076
13,12,50.0
13,12,50.0
13,11,50.0
13,11,50.0
13,11,50.0
12,11,50.0
12,11,50.0
12,11,50.0
12,10,50.0
12,10,50.0
12,10,50.0
12,9,50.0
12,9,50.0
12,9,50.0
12,10,50.0
12,10,50.0
12,10,50.0
12,9,50.0
12,9,50.0
12,9,59.871167619171075
12,8,50.0
12,8,50.0
12,8,50.0
11,8,50.0
11,8,50.0
11,8,50.0
11,7,80.82000492937289
11,7,50.0
11,7,50.0
10,7,50.0
10,7,87.47668957354195
10,7,50.0
10,6,50.0
10,6,50.0
10,6,50.0
10,7,50.0
10,7,84.45139235133814
10,7,50.0
11,7,50.0
11,7,66.64998276914082
11,7,50.0
10,7,50.0
10,7,50.0
10,7,50.0
10,6,50.0
10,6,50.0
10,6,106.70255091722957
9,6,50.0
9,6,50.0
9,6,50.0
8,6,50.0
8,6,94.81754354714893
8,6,50.0
8,5,50.0
8,5,131.22989409179192
8,5,69.57878341077216
9,5,58.762959833958185
9,5,50.0
9,5,50.0
10,5,50.0
10,5,50.0
10,5,50.0
9,5,50.0
9,5,50.0
9,5,50.0
8,5,50.0
8,5,50.0
8,5,50.0
8,4,167.30669495285056
8,4,50.0
8,4,50.0
7,4,50.0
7,4,50.0
7,4,50.0
7,3,50.0
7,3,53.06583022919095
7,3,50.0
6,3,61.408701080570474
6,3,108.75398499684158
6,3,55.09804008617932
7,3,50.0
7,3,50.0
7,3,50.0
7,4,50.0
7,4,50.0
7,4,50.0
7,3,177.86532315638257
7,3,50.0
7,3,50.0
6,3,50.0
6,3,50.0
6,3,50.0
5,3,50.0
5,3,115.12398000641016
5,3,111.15678566312567
4,3,50.0
4,3,76.48927112135922
4,3,69.93538723146114
3,3,50.0
3,3,53.76421612573988
3,3,50.0
3,2,65.11810928940703
3,2,50.0
3,2,61.80072942900819
3,1,96.8122561849789
3,1,120.07640823258942
3,1,50.0
3,0,50.0
3,0,50.0
3,0,112.94486132225154
3,1,50.0
3,1,50.0
3,1,112.10028158740866
2,1,76.73411480273164
2,1,99.46683530210333
2,1,71.10459750852185
2,0,70.81874579356155
2,0,53.01459236001406
2,0,50.0
1,0,50.0
1,0,74.84010126004492
1,0,151.791976444037
1,1,50.0
1,1,120.83168754007329
1,1,133.85409561470212
1,2,50.0
1,2,59.02395398003384
1,2,109.13592875654194
1,3,65.7186480852503
1,3,50.0
1,3,150.1603340835156
0,3,50.0
0,3,124.10749580584405
0,3,149.91214862361744
-1,3,55.44054866709888
-1,3,92.41228608823387
-1,3,159.18913868972436
-2,3,50.0
-2,3,50.0
-2,3,50.0
-2,2,50.0
-2,2,67.87125327336774
-2,2,50.0
-2,1,121.56500183657545
-2,1,50.0
-2,1,79.4566201990605
-2,2,102.03552638327312
-2,2,118.22825101623849
-2,2,50.0
-2,1,101.0289762426772
-2,1,78.99786089626731
-2,1,93.96798012652721
-2,0,50.0
-2,0,117.41381308785029
-2,0,135.75746565360663
-3,0,69.67955581481571
-3,0,50.0
-3,0,186.58510102318925
-3,-1,90.58743971335511
-3,-1,133.41842404635992
-3,-1,85.69294267268722
-4,-1,59.159542406884405
-4,-1,114.00841774554135
-4,-1,132.03162331944347
-4,-2,50.0
-4,-2,74.93706234731671
-4,-2,132.88790834882982
-4,-3,66.38328510507132
-4,-3,70.95262170900793
-4,-3,51.885436622163006
-4,-4,100.00811464220999
-4,-4,50.0
-4,-4,50.0
-5,-4,50.0
-5,-4,63.66092794710342
-5,-4,50.0
-4,-4,69.34711209774002
-4,-4,119.7839572538233
-4,-4,73.43052777173787
-5,-4,113.11553310263417
-5,-4,50.0
-5,-4,56.24139440586718
-5,-5,118.77574477818698
-5,-5,50.0
-5,-5,50.0
-5,-4,66.13793223971035
-5,-4,50.0
-5,-4,50.0
-5,-5,50.0
-5,-5,50.0
-5,-5,50.0
-5,-6,50.0
-5,-6,99.64430489384601
-5,-6,50.0
-6,-6,109.07490187126501
-6,-6,50.0
-6,-6,53.07020690791068
-7,-6,50.0
-7,-6,53.40287568832224
-7,-6,50.0
-7,-5,50.0
-7,-5,50.0
-7,-5,50.0
-8,-5,50.0
-8,-5,50.0
-8,-5,50.0
-8,-4,50.0
-8,-4,50.0
-8,-4,50.0
-8,-5,65.1862609069064
-8,-5,50.0
-8,-5,50.0
-8,-6,88.90831055878218
-8,-6,54.01315243432285
-8,-6,74.43202559796558
-8,-7,76.14096321898525
-8,-7,50.0
-8,-7,50.0
-8,-8,50.0
-8,-8,67.5309724862531
-8,-8,50.0
-7,-8,50.0
-7,-8,50.0
-7,-8,50.0
-7,-9,163.0921421342102
-7,-9,63.14357876284877
-7,-9,55.234809504178486
-8,-9,100.75824215295555
-8,-9,130.82145055291028
-8,-9,50.0
-8,-10,50.0
-8,-10,50.0
-8,-10,50.0
-8,-11,50.0
-8,-11,50.0
-8,-11,53.43506367173379
-8,-12,50.0
-8,-12,50.0
-8,-12,50.0
-9,-12,50.0
-9,-12,50.0
-9,-12,50.0
-9,-13,50.0
-9,-13,50.0
-9,-13,50.0
-10,-13,50.0
-10,-13,50.0
-10,-13,58.788074193448665
-11,-13,50.0
-11,-13,50.0
-11,-13,50.0
-10,-13,50.0
-10,-13,50.0
-10,-13,50.0
-10,-12,50.0
-10,-12,50.0
-10,-12,50.0
-10,-13,50.0
-10,-13,71.50458404032153
-10,-13,50.0
-10,-14,50.0
-10,-14,50.0
-10,-14,50.0
-10,-15,50.0
-10,-15,50.0
-10,-15,50.0
-11,-15,50.0
-11,-15,50.0
-11,-15,50.0
-11,-16,50.0
-11,-16,50.0
-11,-16,50.0
-10,-16,50.0
-10,-16,50.0
-10,-16,50.0
-11,-16,50.0
-11,-16,50.0
-11,-16,50.0
-12,-16,50.0
-12,-16,50.0
-12,-16,50.0
-12,-15,50.0
-12,-15,50.0
-12,-15,50.0
-12,-16,50.0
-12,-16,50.0
-12,-16,50.0
-11,-16,50.0
-11,-16,50.0
-11,-16,50.0
-11,-15,50.0
-11,-15,50.0
-11,-15,50.0
-11,-14,50.0
-11,-14,50.0
-11,-14,63.65228417642362
-11,-13,50.0
-11,-13,50.0
-11,-13,50.0
-11,-12,50.0
-11,-12,50.0
-11,-12,50.0
-10,-12,50.0
-10,-12,50.0
-10,-12,50.0
-10,-13,50.0
-10,-13,50.0
-10,-13,50.0
-10,-12,50.0
-10,-12,50.0
-10,-12,50.0
-9,-12,50.0
-9,-12,50.0
-9,-12,50.0
-10,-12,50.0
-10,-12,50.0
-10,-12,50.0
-9,-12,50.0
-9,-12,60.81102025510789
-9,-12,50.0
-9,-11,50.0
-9,-11,50.0
-9,-11,50.0
-9,-10,50.0
-9,-10,50.0
-9,-10,50.0
-9,-9,50.0
-9,-9,50.0
-9,-9,116.0499623364973
-8,-9,50.0
-8,-9,50.0
-8,-9,50.0
-8,-8,50.0
-8,-8,50.0
-8,-8,50.0
-8,-7,65.86691373493267
-8,-7,50.0
-8,-7,50.0
-8,-6,50.0
-8,-6,50.0
-8,-6,50.0
-7,-6,71.53368331321144
-7,-6,50.0
-7,-6,50.0
-7,-5,80.5280359898947
-7,-5,50.0
-7,-5,124.83191656064385
-7,-4,50.0
-7,-4,50.0
-7,-4,89.29022714101168
-7,-3,132.5490331574949
-7,-3,50.0
-7,-3,50.0
-7,-2,63.843873122334756
-7,-2,50.0
-7,-2,50.0
-6,-2,50.0
-6,-2,50.0
-6,-2,50.0
-6,-1,70.59528903012794
-6,-1,50.0
-6,-1,50.0
-6,0,64.00465802998868
-6,0,50.0
-6,0,50.0
-7,0,81.89972891539608
-7,0,50.0
-7,0,122.85903925959138
-7,1,138.99189675641634
-7,1,50.0
-7,1,50.0
-7,2,50.0
-7,2,125.53574507661682
-7,2,69.28859649081974
-7,3,94.54465296258562
-7,3,77.17338362621561
-7,3,75.90188490274531
-7,4,50.0
-7,4,50.0
-7,4,56.401404786342255
-7,5,112.84077437555908
-7,5,50.0
-7,5,66.92887729508175
-7,6,50.0
-7,6,50.0
-7,6,74.45146557525752
-7,5,50.0
-7,5,50.0
-7,5,50.0
-7,4,50.0
-7,4,57.452913828529006
-7,4,50.0
-6,4,50.0
-6,4,68.97450527554082
-6,4,50.0
-6,5,109.69320486329298
-6,5,70.72207560670402
-6,5,50.0
-5,5,50.0
-5,5,51.119542841645405
-5,5,50.0
-4,5,104.39494922992719
-4,5,83.99859208789476
-4,5,50.0
-4,6,50.0
-4,6,50.0
-4,6,141.0944646025195
-4,7,75.33101304239054
-4,7,106.80387473427103
-4,7,50.0
-4,8,50.0
-4,8,54.3356665864994
-4,8,67.79413765766688
-4,7,50.0
-4,7,50.0
-4,7,51.71146046210316
-4,8,50.0
-4,8,50.0
-4,8,101.99052692124641
-4,9,50.0
-4,9,50.0
-4,9,50.0
-4,10,50.0
-4,10,50.0
-4,10,117.79503059048155
-4,11,50.0
-4,11,50.0
-4,11,50.0
-4,12,50.0
-4,12,50.0
-4,12,50.0
-5,12,133.83694249272082
-5,12,50.0
-5,12,50.0
-6,12,50.0
-6,12,50.0
-6,12,50.0
-6,11,50.0
-6,11,50.0
-6,11,50.0
-7,11,50.0
-7,11,50.0
-7,11,69.4719526864172
-8,11,50.0
-8,11,50.0
-8,11,50.0
-9,11,50.0
-9,11,50.0
-9,11,97.88311733787603
-10,11,50.0
-10,11,50.0
-10,11,50.0
-9,11,50.0
-9,11,50.245807259238184
