13,8,100.0
13,9,100.0
13,9,100.0
13,8,100.0
13,8,100.0
13,9,100.0
13,9,100.0
13,10,100.0
13,10,100.0
14,10,100.0
14,10,100.0
14,11,100.0
14,11,100.0
14,12,100.0
14,12,100.0
14,13,100.0
14,13,100.0
14,14,100.0
14,14,100.0
14,15,100.0
14,15,100.0
14,16,100.0
14,16,100.0
14,17,100.0
14,17,100.0
14,18,100.0
14,18,100.0
14,19,100.0
14,19,100.0
14,20,100.0
14,20,100.0
15,20,100.0
15,20,100.0
16,20,100.0
16,20,100.0
16,19,100.0
16,19,100.0
16,18,100.0
16,18,100.0
17,18,100.0
17,18,100.0
18,18,100.0
18,18,100.0
18,17,100.0
18,17,100.0
17,17,100.0
17,17,100.0
17,16,100.0
17,16,100.0
16,16,100.0
16,16,242.81651291201155
15,16,100.0
15,16,100.0
15,15,100.0
15,15,100.0
14,15,100.0
14,15,100.0
13,15,100.0
13,15,100.0
13,14,100.0
13,14,100.0
12,14,100.0
12,14,100.0
11,14,100.0
11,14,100.0
10,14,100.0
10,14,100.0
10,13,100.0
10,13,100.0
10,12,100.0
10,12,100.0
10,11,100.0
10,11,100.0
10,10,100.0
10,10,100.0
9,10,100.0
9,10,100.0
8,10,100.0
8,10,100.0
8,9,100.0
8,9,100.0
8,8,132.15161173301442
8,8,100.0
9,8,100.0
9,8,100.0
9,7,100.0
9,7,100.0
9,6,100.0
9,6,100.0
10,6,100.0
10,6,100.0
9,6,100.0
9,6,100.0
8,6,100.0
8,6,100.0
7,6,100.0
7,6,100.0
6,6,100.0
6,6,151.96988905278639
5,6,100.0
5,6,100.0
4,6,100.0
4,6,100.0
3,6,106.07449404855006
3,6,176.2738152756956
3,5,108.03407913642724
3,5,100.0
4,5,100.0
4,5,100.0
4,6,100.0
4,6,100.0
3,6,120.83809831439463
3,6,100.0
3,5,100.0
3,5,100.0
2,5,100.0
2,5,142.7745314205748
2,4,161.27575115643944
2,4,100.0
1,4,100.0
1,4,203.66694572809905
1,3,308.8260361579553
1,3,192.72136416786674
2,3,102.53178797982325
2,3,100.0
1,3,129.06974313241864
1,3,157.33735582743418
1,4,100.0
1,4,178.66694208166956
1,3,134.67279798519743
1,3,282.0530103026441
1,2,100.0
1,2,100.0
2,2,146.2185453016171
2,2,252.24144808761827
2,1,113.18823347919836
2,1,328.43179878263436
3,1,108.75054253526258
3,1,100.0
2,1,100.0
2,1,100.0
1,1,100.0
1,1,100.0
0,1,118.59940788259844
0,1,205.44961587508524
-1,1,326.1002712433642
-1,1,116.43341663281461
-2,1,100.0
-2,1,137.09065128089668
-3,1,216.0936284739601
-3,1,116.93773762959529
-3,2,224.28042772823454
-3,2,100.0
-3,3,329.68933764428357
-3,3,265.14003449990884
-4,3,119.5267849801406
-4,3,195.0060617728081
-4,2,100.0
-4,2,132.7013360846392
-3,2,211.29985369256244
-3,2,100.0
-4,2,100.0
-4,2,100.0
-5,2,100.0
-5,2,100.0
-6,2,100.0
-6,2,100.0
-6,1,100.0
-6,1,100.0
-7,1,100.0
-7,1,149.62507597104522
-8,1,312.93923208500206
-8,1,100.0
-8,0,100.0
-8,0,100.0
-9,0,100.0
-9,0,116.90309971280354
-9,1,100.0
-9,1,100.0
-9,2,107.6649156131387
-9,2,100.0
-9,1,100.0
-9,1,100.0
-9,0,373.4970228445726
-9,0,100.0
-9,-1,100.0
-9,-1,100.0
-10,-1,129.27653981914625
-10,-1,100.0
-11,-1,100.0
-11,-1,100.0
-11,-2,100.0
-11,-2,160.5678658814477
-11,-3,100.0
-11,-3,100.0
-11,-4,100.0
-11,-4,100.0
-12,-4,100.0
-12,-4,100.0
-11,-4,144.20491544747432
-11,-4,100.0
-11,-3,100.0
-11,-3,100.0
-10,-3,100.0
-10,-3,118.26753477685223
-9,-3,100.0
-9,-3,125.40895308152993
-10,-3,100.0
-10,-3,110.29280420848762
-10,-2,100.0
-10,-2,230.49210252747682
-9,-2,100.0
-9,-2,100.0
-8,-2,108.67232967793139
-8,-2,100.0
-7,-2,108.42585930946909
-7,-2,100.0
-7,-1,100.0
-7,-1,100.0
-6,-1,100.0
-6,-1,172.2312140447494
-5,-1,139.20218258252763
-5,-1,214.34110746132984
-5,0,100.0
-5,0,100.0
-5,1,100.0
-5,1,100.0
-4,1,100.0
-4,1,230.44272709076742
-5,1,100.0
-5,1,213.94229667955284
-4,1,100.0
-4,1,100.0
-4,0,100.0
-4,0,222.66981216779376
-4,1,300.4661226792967
-4,1,202.98485930682307
-3,1,133.24746949705798
-3,1,100.0
-2,1,100.0
-2,1,201.92989921695445
-1,1,102.91469622499261
-1,1,290.3010529953864
0,1,198.93959106917703
0,1,100.0
0,0,136.78962511328064
0,0,177.16366168379662
0,1,159.68837539508723
0,1,129.48413160910633
1,1,328.4890472871537
1,1,175.04787279039454
1,2,100.0
1,2,279.9200602474133
1,3,133.3188168607094
1,3,135.5831181091965
2,3,124.15483920855384
2,3,189.9490771549739
2,4,113.31390606694958
2,4,100.0
3,4,252.27794357305788
3,4,132.31723599989348
4,4,142.5906378581517
4,4,100.0
3,4,100.0
3,4,100.0
4,4,100.0
4,4,100.0
4,3,175.9064034870592
4,3,100.0
4,2,100.0
4,2,173.14814175486964
4,3,100.0
4,3,130.04749638898178
4,4,345.8125668848027
4,4,269.44760012239317
4,5,111.60392367789319
4,5,341.23763186641565
5,5,217.15698788363244
5,5,100.0
5,6,151.65251942451658
5,6,102.11650837477563
6,6,100.0
6,6,119.34727462405229
7,6,127.55756796624233
7,6,100.0
8,6,100.0
8,6,100.0
8,7,100.0
8,7,100.0
9,7,100.0
9,7,100.0
10,7,109.73876733319246
10,7,100.0
11,7,100.0
11,7,100.0
11,8,100.0
11,8,100.0
11,9,100.0
11,9,100.0
11,10,100.0
11,10,100.0
12,10,100.0
12,10,100.0
13,10,100.0
13,10,100.0
14,10,100.0
14,10,100.0
13,10,100.0
13,10,100.0
14,10,100.0
14,10,100.0
14,11,100.0
14,11,100.0
14,12,100.0
14,12,100.0
14,13,100.0
14,13,100.0
15,13,100.0
15,13,100.0
16,13,100.0
16,13,100.0
17,13,100.0
17,13,100.0
18,13,100.0
18,13,100.0
19,13,100.0
19,13,100.0
19,14,100.0
19,14,100.0
19,15,100.0
19,15,100.0
20,15,100.0
20,15,100.0
20,16,100.0
20,16,100.0
19,16,100.0
19,16,100.0
18,16,100.0
18,16,100.0
17,16,100.0
17,16,100.0
18,16,100.0
18,16,100.0
18,15,110.63012074176464
18,15,100.0
17,15,100.0
17,15,100.0
17,14,108.23981812758369
17,14,100.0
16,14,100.0
16,14,100.0
15,14,100.0
15,14,100.0
14,14,100.0
14,14,100.0
15,14,100.0
15,14,100.0
15,13,100.0
15,13,100.0
15,12,121.8360072772287
15,12,100.0
14,12,100.0
14,12,100.0
13,12,100.0
13,12,100.0
13,11,100.0
13,11,100.0
12,11,100.0
12,11,100.0
12,10,100.0
12,10,100.0
12,9,100.0
12,9,105.43054873398427
12,10,100.0
12,10,100.0
12,9,100.0
12,9,100.0
12,8,100.0
12,8,100.0
11,8,100.0
11,8,100.0
11,7,100.0
11,7,100.0
10,7,100.0
10,7,100.0
10,6,100.0
10,6,135.5401857880295
10,7,100.0
10,7,100.0
11,7,100.0
11,7,100.0
10,7,118.33939483385006
10,7,100.0
10,6,100.0
10,6,195.13376750646398
9,6,100.0
9,6,100.0
8,6,100.0
8,6,100.0
8,5,100.0
8,5,100.0
9,5,107.50398642693929
9,5,100.0
10,5,100.0
10,5,100.0
9,5,100.0
9,5,100.0
8,5,100.0
8,5,100.0
8,4,100.0
8,4,100.0
7,4,349.4175219653605
7,4,178.1499283866479
7,3,100.0
7,3,100.0
6,3,158.92443354608264
6,3,203.78387112958166
7,3,100.0
7,3,100.0
7,4,100.0
7,4,100.0
7,3,100.0
7,3,107.82211343106336
6,3,100.0
6,3,100.0
5,3,103.80848921569391
5,3,100.0
4,3,100.0
4,3,100.0
3,3,100.0
3,3,100.0
3,2,161.79101115600054
3,2,100.0
3,1,177.16431394859922
3,1,303.1283524916212
3,0,207.3000959859694
3,0,274.46702093507815
3,1,209.83201559254945
3,1,100.0
2,1,272.63166792893173
2,1,118.09954510134367
2,0,100.0
2,0,165.92294632741996
1,0,100.0
1,0,100.0
1,1,218.2447508447997
1,1,120.83099023979761
1,2,170.10770648666735
1,2,141.47181365120417
1,3,233.37650422932427
1,3,219.95236470397472
0,3,100.0
0,3,100.0
-1,3,100.0
-1,3,181.7083514239824
-2,3,297.96995587901733
-2,3,100.0
-2,2,345.76695385765095
-2,2,100.0
-2,1,100.0
-2,1,100.0
-2,2,166.33906292670267
-2,2,100.0
-2,1,141.3973061600957
-2,1,100.0
-2,0,144.98983111607012
-2,0,185.6790355909655
-3,0,108.03735301850018
-3,0,100.0
-3,-1,132.93365044077555
-3,-1,131.42246128458092
-4,-1,100.0
-4,-1,265.9594444269568
-4,-2,113.62770040840026
-4,-2,112.66369013717758
-4,-3,240.2992631527934
-4,-3,145.97097771822206
-4,-4,100.0
-4,-4,129.61629597946217
-5,-4,100.0
-5,-4,113.78124480561924
-4,-4,100.0
-4,-4,100.0
-5,-4,100.0
-5,-4,100.0
-5,-5,100.0
-5,-5,100.0
-5,-4,108.39484953430801
-5,-4,106.42996244174337
-5,-5,207.56467862243255
-5,-5,100.0
-5,-6,134.68941293661516
-5,-6,456.65238250846807
-6,-6,100.0
-6,-6,100.0
-7,-6,100.0
-7,-6,114.0751253072786
-7,-5,103.29172011199455
-7,-5,100.0
-8,-5,176.28967608977663
