13,8,100.0
13,9,100.0
13,9,100.0
13,8,100.0
13,8,100.0
13,9,100.0
13,9,100.0
13,10,100.0
13,10,100.0
14,10,100.0
14,10,100.0
14,11,100.0
14,11,100.0
14,12,100.0
14,12,100.0
14,13,100.0
14,13,100.0
14,14,100.0
14,14,100.0
14,15,100.0
14,15,100.0
14,16,100.0
14,16,100.0
14,17,100.0
14,17,160.89992174625573
14,18,100.0
14,18,100.0
14,19,100.0
14,19,100.0
14,20,100.0
14,20,100.0
15,20,100.0
15,20,100.0
16,20,100.0
16,20,100.0
16,19,100.0
16,19,100.0
16,18,100.0
16,18,100.0
17,18,100.0
17,18,100.0
18,18,100.0
18,18,100.0
18,17,118.68255909842227
18,17,100.0
17,17,100.0
17,17,100.0
17,16,100.0
17,16,100.0
16,16,100.0
16,16,100.0
15,16,100.0
15,16,100.0
15,15,100.0
15,15,100.0
14,15,100.0
14,15,100.0
13,15,100.0
13,15,100.0
13,14,100.0
13,14,100.0
12,14,100.0
12,14,100.0
11,14,100.0
11,14,100.0
10,14,100.0
10,14,100.0
10,13,100.0
10,13,100.0
10,12,100.0
10,12,100.0
10,11,100.0
10,11,100.0
10,10,100.0
10,10,100.0
9,10,100.0
9,10,100.0
8,10,100.0
8,10,100.0
8,9,140.52210493619492
8,9,100.0
8,8,100.0
8,8,100.0
9,8,100.0
9,8,100.0
9,7,100.0
9,7,297.6544174903271
9,6,100.0
9,6,126.14396154021058
10,6,100.0
10,6,100.0
9,6,100.0
9,6,148.97800964107458
8,6,100.0
8,6,100.0
7,6,100.0
7,6,100.0
6,6,119.08990063745907
6,6,100.0
5,6,100.0
5,6,100.0
4,6,100.0
4,6,100.0
3,6,351.5669377574034
3,6,155.41391117706343
3,5,196.9080696029784
3,5,100.0
4,5,108.54316324614238
4,5,100.0
4,6,100.0
4,6,100.0
3,6,100.0
3,6,210.77214756187536
3,5,247.17172136206304
3,5,228.11895217027228
2,5,100.0
2,5,100.0
2,4,100.0
2,4,100.0
1,4,108.21218638666012
1,4,112.86755239960635
1,3,100.0
1,3,100.0
2,3,134.80737116019483
2,3,100.0
1,3,100.0
1,3,149.46075289108236
1,4,141.16851261260825
1,4,100.0
1,3,100.0
1,3,100.0
1,2,122.6817555433429
1,2,347.45398571182795
2,2,160.4907560950196
2,2,149.384992928423
2,1,100.0
2,1,158.85753215286496
3,1,100.0
3,1,100.0
2,1,100.0
2,1,100.0
1,1,111.67715238864302
1,1,100.0
0,1,275.8008934342257
0,1,203.24499598171883
-1,1,195.18626033656
-1,1,251.8273647208391
-2,1,100.0
-2,1,100.0
-3,1,100.0
-3,1,244.5336683578231
-3,2,162.9124130342483
-3,2,263.52959040992175
-3,3,129.5802182382001
-3,3,143.1969562428372
-4,3,128.13346211910465
-4,3,136.64596435401162
-4,2,100.0
-4,2,247.3435171524622
-3,2,100.0
-3,2,100.0
-4,2,276.78781709562577
-4,2,168.25199872193969
-5,2,124.04599383825663
-5,2,124.97409467773387
-6,2,163.33363471864237
-6,2,100.0
-6,1,149.13266946117693
-6,1,100.0
-7,1,100.0
-7,1,137.94863358877413
-8,1,100.0
-8,1,100.0
-8,0,141.79042873850642
-8,0,100.0
-9,0,117.56438132070187
-9,0,120.20967800968656
-9,1,100.0
-9,1,100.0
-9,2,227.5901974179302
-9,2,100.0
-9,1,149.11157565104298
-9,1,100.0
-9,0,180.16197786427807
-9,0,158.55616072992598
-9,-1,107.21923689589283
-9,-1,186.90118100001655
-10,-1,111.81593302829484
-10,-1,100.0
-11,-1,167.5998073762891
-11,-1,100.0
-11,-2,100.0
-11,-2,100.0
-11,-3,100.0
-11,-3,100.0
-11,-4,100.0
-11,-4,100.0
-12,-4,100.0
-12,-4,100.0
-11,-4,100.0
-11,-4,100.0
-11,-3,100.0
-11,-3,100.0
-10,-3,100.0
-10,-3,100.0
-9,-3,100.0
-9,-3,100.0
-10,-3,100.0
-10,-3,100.0
-10,-2,100.0
-10,-2,100.0
-9,-2,208.15800733541522
-9,-2,100.0
-8,-2,100.0
-8,-2,100.0
-7,-2,100.0
-7,-2,100.0
-7,-1,100.0
-7,-1,382.0743281335739
-6,-1,100.0
-6,-1,113.1307733210493
-5,-1,200.90831493504714
-5,-1,100.0
-5,0,100.0
-5,0,196.3542628970282
-5,1,107.99180043440029
-5,1,115.49221125234558
-4,1,120.81037488931348
-4,1,100.0
-5,1,276.6872149390298
-5,1,100.0
-4,1,100.0
-4,1,121.60680936817567
-4,0,153.01550692844518
-4,0,100.0
-4,1,186.4763749392501
-4,1,267.8658064197032
-3,1,189.29843685012816
-3,1,176.75520270470295
-2,1,100.0
-2,1,219.63207203994554
-1,1,128.2604942583742
-1,1,100.0
0,1,100.0
0,1,280.3749497043843
0,0,148.42732567567353
0,0,164.86704204786815
0,1,108.03874809334647
0,1,266.0711281683019
1,1,100.0
1,1,100.0
1,2,100.0
1,2,143.5834882404026
1,3,100.0
1,3,100.0
2,3,206.74412012758273
2,3,115.96767419670812
2,4,100.0
2,4,100.0
3,4,100.0
3,4,100.0
4,4,103.8624309074734
4,4,121.0016804819443
3,4,100.0
3,4,100.0
4,4,118.98734127618766
4,4,104.73779328580733
4,3,100.0
4,3,100.0
4,2,100.0
4,2,100.0
4,3,100.0
4,3,100.0
4,4,100.0
4,4,100.0
4,5,100.0
4,5,100.0
5,5,100.0
5,5,100.0
5,6,100.0
5,6,108.70274438114514
6,6,100.0
6,6,100.0
7,6,254.1500173558702
7,6,100.0
8,6,100.0
8,6,117.65386029928874
8,7,100.0
8,7,100.0
9,7,100.0
9,7,100.0
10,7,100.0
10,7,100.0
11,7,100.0
11,7,100.0
11,8,100.0
11,8,100.0
11,9,100.0
11,9,100.0
11,10,100.0
11,10,100.0
12,10,100.0
12,10,100.0
13,10,100.0
13,10,100.0
14,10,100.0
14,10,100.0
13,10,100.0
13,10,100.0
14,10,100.0
14,10,100.0
14,11,100.0
14,11,100.0
14,12,100.0
14,12,100.0
14,13,100.0
14,13,100.0
15,13,100.0
15,13,100.0
16,13,100.0
16,13,100.0
17,13,100.0
17,13,100.0
18,13,100.0
18,13,100.0
19,13,100.0
19,13,100.0
19,14,100.0
19,14,100.0
19,15,100.0
19,15,100.0
20,15,100.0
20,15,100.0
20,16,100.0
20,16,100.0
19,16,100.0
19,16,100.0
18,16,100.0
18,16,100.0
17,16,100.0
17,16,100.0
18,16,100.0
18,16,100.0
18,15,100.0
18,15,100.0
17,15,100.0
17,15,100.0
17,14,100.0
17,14,100.0
16,14,100.0
16,14,100.0
15,14,100.0
15,14,100.0
14,14,100.0
14,14,100.0
15,14,100.0
15,14,100.0
15,13,100.0
15,13,100.0
15,12,100.0
15,12,100.0
14,12,100.0
14,12,100.0
13,12,100.0
13,12,100.0
13,11,100.0
13,11,100.0
12,11,100.0
12,11,100.0
12,10,100.0
12,10,101.20612636113448
12,9,100.0
12,9,100.0
12,10,100.0
12,10,100.0
12,9,100.0
12,9,100.0
12,8,100.0
12,8,100.0
11,8,100.0
11,8,100.0
11,7,100.0
11,7,129.09676000503447
10,7,100.0
10,7,252.18872542165857
10,6,100.0
10,6,100.0
10,7,100.0
10,7,252.58978738265992
11,7,100.0
11,7,168.9112205625775
10,7,100.0
10,7,100.0
10,6,100.0
10,6,100.0
9,6,100.0
9,6,191.81513222817557
8,6,136.03549012682066
8,6,100.0
8,5,100.0
8,5,100.0
9,5,100.0
9,5,100.0
10,5,100.0
10,5,100.0
9,5,100.0
9,5,100.0
8,5,100.0
8,5,100.0
8,4,125.78374352575466
8,4,100.0
7,4,131.75694333064956
7,4,100.0
7,3,100.0
7,3,111.35029510295594
6,3,147.77920000749072
6,3,100.0
7,3,100.0
7,3,100.0
7,4,161.79537050477649
7,4,100.0
7,3,100.0
7,3,100.0
6,3,100.0
6,3,100.0
5,3,100.0
5,3,152.21397049484042
4,3,100.0
4,3,100.0
3,3,167.42849098868305
3,3,100.0
3,2,100.0
3,2,100.0
3,1,106.60709526082304
3,1,100.0
3,0,100.0
3,0,127.08582484397557
3,1,171.00038017308782
3,1,153.52398181652322
2,1,134.4637858137307
2,1,187.1406033797902
2,0,100.0
2,0,100.0
1,0,198.35547445365617
1,0,100.0
1,1,100.0
1,1,264.47129225735233
1,2,100.0
1,2,100.0
1,3,100.0
1,3,246.3453322537099
0,3,100.0
0,3,220.46040240288698
-1,3,125.76098126385631
-1,3,257.882037837722
-2,3,134.7562929574422
-2,3,100.0
-2,2,100.0
-2,2,202.82679476926995
-2,1,134.1091860122002
-2,1,213.20391778247136
-2,2,122.32102386620679
-2,2,110.27805529707467
-2,1,100.0
-2,1,204.23656945234092
-2,0,133.28281334364885
-2,0,101.62359041289736
-3,0,100.0
-3,0,100.0
-3,-1,154.63978666248383
-3,-1,115.05700055151165
-4,-1,124.98224546095116
-4,-1,100.0
-4,-2,212.18529442640957
-4,-2,214.31956810384716
-4,-3,354.8367593049495
-4,-3,100.0
-4,-4,126.30137881988152
-4,-4,100.0
-5,-4,221.73050439887203
-5,-4,255.89925218431952
-4,-4,259.3531530212558
-4,-4,100.0
-5,-4,139.28100013106587
-5,-4,132.00705982334597
-5,-5,253.53378729941733
-5,-5,104.36920987042927
-5,-4,100.0
-5,-4,100.0
-5,-5,100.0
-5,-5,193.41441654172914
-5,-6,100.0
-5,-6,100.0
-6,-6,100.0
-6,-6,100.0
-7,-6,141.39829096683036
-7,-6,100.0
-7,-5,100.0
-7,-5,132.0967482772901
-8,-5,195.55311979350398
