13,8,100.0
13,9,100.0
13,9,100.0
13,8,100.0
13,8,100.0
13,9,100.0
13,9,100.0
13,10,100.0
13,10,100.0
14,10,100.0
14,10,134.7409955084393
14,11,100.0
14,11,100.0
14,12,100.0
14,12,100.0
14,13,100.0
14,13,100.0
14,14,100.0
14,14,100.0
14,15,100.0
14,15,100.0
14,16,100.0
14,16,100.0
14,17,100.0
14,17,100.0
14,18,100.0
14,18,100.0
14,19,100.0
14,19,100.0
14,20,100.0
14,20,100.0
15,20,100.0
15,20,100.0
16,20,100.0
16,20,100.0
16,19,100.0
16,19,100.0
16,18,100.0
16,18,100.0
17,18,100.0
17,18,100.0
18,18,100.0
18,18,100.0
18,17,100.0
18,17,100.0
17,17,100.0
17,17,100.0
17,16,100.0
17,16,100.0
16,16,100.0
16,16,100.0
15,16,100.0
15,16,100.0
15,15,100.0
15,15,100.0
14,15,100.0
14,15,100.0
13,15,100.0
13,15,100.0
13,14,100.0
13,14,100.0
12,14,100.0
12,14,100.0
11,14,100.0
11,14,100.0
10,14,170.45971721452557
10,14,100.0
10,13,100.0
10,13,100.0
10,12,100.0
10,12,100.0
10,11,100.0
10,11,100.0
10,10,100.0
10,10,100.0
9,10,100.0
9,10,100.0
8,10,100.0
8,10,100.0
8,9,100.0
8,9,100.0
8,8,100.0
8,8,100.0
9,8,130.34485775788573
9,8,100.0
9,7,100.0
9,7,100.0
9,6,100.0
9,6,100.0
10,6,100.0
10,6,100.0
9,6,100.0
9,6,100.0
8,6,312.20533412142845
8,6,100.0
7,6,100.0
7,6,100.0
6,6,100.0
6,6,163.15746291247441
5,6,100.0
5,6,100.0
4,6,100.0
4,6,100.0
3,6,100.0
3,6,100.0
3,5,100.0
3,5,100.0
4,5,100.0
4,5,100.0
4,6,100.0
4,6,147.59011485641764
3,6,100.0
3,6,122.43957070591631
3,5,104.488522440949
3,5,100.0
2,5,392.68406925718546
2,5,131.20989172791218
2,4,100.0
2,4,108.7188396945227
1,4,106.4477920411632
1,4,205.87904960883034
1,3,100.0
1,3,100.0
2,3,208.19172498840703
2,3,100.0
1,3,383.90320314946666
1,3,100.0
1,4,100.0
1,4,100.0
1,3,107.20726195045911
1,3,243.7159230489096
1,2,106.57634410979985
1,2,133.90081189430944
2,2,169.4801832923702
2,2,223.80445540823
2,1,100.0
2,1,100.0
3,1,155.7412933911058
3,1,100.0
2,1,172.8722173470432
2,1,273.3096978766712
1,1,220.91847963848147
1,1,214.14349481623188
0,1,148.9990003547331
0,1,100.0
-1,1,100.0
-1,1,201.61818143806997
-2,1,100.0
-2,1,335.145248943462
-3,1,374.60055634405717
-3,1,100.0
-3,2,100.0
-3,2,308.2922019766977
-3,3,100.0
-3,3,100.0
-4,3,100.0
-4,3,218.43995520464907
-4,2,100.0
-4,2,100.0
-3,2,147.06635326590828
-3,2,180.46948200620284
-4,2,121.22682877957062
-4,2,100.0
-5,2,157.67728643018881
-5,2,100.0
-6,2,100.0
-6,2,100.0
-6,1,100.0
-6,1,100.0
-7,1,100.0
-7,1,173.40659290966738
-8,1,100.0
-8,1,147.75016269477325
-8,0,100.0
-8,0,301.5919518497143
-9,0,282.66746407840844
-9,0,141.5795083467876
-9,1,100.0
-9,1,100.0
-9,2,100.0
-9,2,167.02808565466867
-9,1,100.0
-9,1,100.0
-9,0,100.0
-9,0,100.0
-9,-1,136.84179545415222
-9,-1,100.0
-10,-1,100.0
-10,-1,109.73978648288724
-11,-1,100.0
-11,-1,100.0
-11,-2,145.46334165605163
-11,-2,189.33134718593374
-11,-3,100.0
-11,-3,100.0
-11,-4,100.0
-11,-4,100.0
-12,-4,100.0
-12,-4,100.0
-11,-4,100.0
-11,-4,100.0
-11,-3,100.0
-11,-3,104.9348859732094
-10,-3,100.0
-10,-3,100.0
-9,-3,100.0
-9,-3,100.0
-10,-3,100.0
-10,-3,100.0
-10,-2,100.0
-10,-2,100.0
-9,-2,102.84411820311601
-9,-2,100.0
-8,-2,104.16980702921279
-8,-2,100.0
-7,-2,100.0
-7,-2,118.54113113908913
-7,-1,194.82640436029368
-7,-1,100.0
-6,-1,100.0
-6,-1,199.3123543014439
-5,-1,135.2640388457462
-5,-1,100.0
-5,0,103.81574173029716
-5,0,187.70987967989262
-5,1,100.0
-5,1,100.0
-4,1,139.76909528186331
-4,1,100.0
-5,1,100.0
-5,1,278.7272014104276
-4,1,100.0
-4,1,173.85515886599165
-4,0,216.7122805605086
-4,0,195.08201903390085
-4,1,100.0
-4,1,100.0
-3,1,185.66031487133264
-3,1,131.28213965874187
-2,1,159.12121343894069
-2,1,133.91059505510665
-1,1,190.39261917116625
-1,1,157.34569700213027
0,1,115.01070216719833
0,1,175.78954669083384
0,0,100.0
0,0,228.60015934874252
0,1,100.0
0,1,205.90788202165805
1,1,100.0
1,1,100.0
1,2,100.0
1,2,107.06475123796878
1,3,100.0
1,3,299.7834177168933
2,3,115.54814656615349
2,3,100.0
2,4,134.99024978825375
2,4,108.81226899865995
3,4,150.7391404963359
3,4,238.0376157621016
4,4,100.0
4,4,115.597862626056
3,4,122.0597833877002
3,4,169.9752787800168
4,4,116.63516933757495
4,4,187.5407948118336
4,3,100.0
4,3,100.0
4,2,111.04118420891633
4,2,100.0
4,3,100.0
4,3,100.0
4,4,100.0
4,4,100.0
4,5,100.0
4,5,114.31080901611847
5,5,100.0
5,5,136.2988891083187
5,6,100.0
5,6,100.0
6,6,100.0
6,6,100.0
7,6,100.0
7,6,111.85617361380264
8,6,100.0
8,6,100.0
8,7,100.0
8,7,100.0
9,7,100.0
9,7,100.0
10,7,100.0
10,7,100.0
11,7,100.0
11,7,100.0
11,8,100.0
11,8,100.0
11,9,100.0
11,9,100.0
11,10,100.0
11,10,100.0
12,10,100.0
12,10,100.0
13,10,100.0
13,10,100.0
14,10,100.0
14,10,100.0
13,10,100.0
13,10,100.0
14,10,100.0
14,10,100.0
14,11,100.0
14,11,100.0
14,12,100.0
14,12,100.0
14,13,100.0
14,13,100.0
15,13,100.0
15,13,100.0
16,13,100.0
16,13,100.0
17,13,100.0
17,13,100.0
18,13,100.0
18,13,100.0
19,13,100.0
19,13,100.0
19,14,100.0
19,14,100.0
19,15,100.0
19,15,100.0
20,15,100.0
20,15,100.0
20,16,100.0
20,16,100.0
19,16,100.0
19,16,100.0
18,16,100.0
18,16,100.0
17,16,100.0
17,16,100.0
18,16,100.0
18,16,100.0
18,15,100.0
18,15,100.0
17,15,100.0
17,15,100.0
17,14,179.4504359924452
17,14,100.0
16,14,100.0
16,14,100.0
15,14,100.0
15,14,100.0
14,14,100.0
14,14,100.0
15,14,100.0
15,14,100.0
15,13,100.0
15,13,100.0
15,12,100.0
15,12,100.0
14,12,100.0
14,12,100.0
13,12,100.0
13,12,124.3605955141968
13,11,100.0
13,11,100.0
12,11,100.0
12,11,100.0
12,10,100.0
12,10,100.0
12,9,100.0
12,9,166.68692099364557
12,10,100.0
12,10,100.0
12,9,100.0
12,9,100.0
12,8,100.0
12,8,100.0
11,8,100.0
11,8,100.0
11,7,100.0
11,7,100.0
10,7,100.0
10,7,100.0
10,6,100.0
10,6,100.0
10,7,127.80560711087675
10,7,100.0
11,7,100.0
11,7,100.0
10,7,100.0
10,7,100.0
10,6,100.0
10,6,100.0
9,6,100.0
9,6,100.0
8,6,100.0
8,6,100.0
8,5,100.0
8,5,125.95399824781914
9,5,100.0
9,5,100.0
10,5,100.0
10,5,180.42389000072393
9,5,204.03298431648744
9,5,160.17672584552875
8,5,100.0
8,5,215.21667780397368
8,4,100.0
8,4,100.0
7,4,100.0
7,4,100.0
7,3,100.0
7,3,100.0
6,3,100.0
6,3,100.0
7,3,100.0
7,3,100.0
7,4,100.0
7,4,100.0
7,3,186.70341433790003
7,3,100.0
6,3,100.0
6,3,100.0
5,3,179.47624309774403
5,3,358.3025508653939
4,3,100.0
4,3,100.0
3,3,123.90697340850508
3,3,151.50298170538963
3,2,100.0
3,2,100.0
3,1,224.65493403873148
3,1,122.87469503293684
3,0,424.76284813758383
3,0,254.93832462324795
3,1,157.75165269801104
3,1,254.19564551530425
2,1,122.91217072811057
2,1,271.75051028280643
2,0,381.23752964253543
2,0,367.87536011544694
1,0,100.0
1,0,163.85105666044848
1,1,100.0
1,1,123.83611637917227
1,2,100.0
1,2,144.61095234781007
1,3,100.0
1,3,135.68525296264232
0,3,100.0
0,3,210.12111520839824
-1,3,100.0
-1,3,100.0
-2,3,159.7854264092429
-2,3,189.41367636654235
-2,2,423.12509228473107
-2,2,233.45355591411987
-2,1,295.27352311694506
-2,1,100.0
-2,2,229.53148130599916
-2,2,283.02189540764164
-2,1,179.3686468349204
-2,1,285.91644616878864
-2,0,171.349547166981
-2,0,140.55676914920036
-3,0,100.0
-3,0,100.0
-3,-1,196.04313470766877
-3,-1,294.0825005626741
-4,-1,100.0
-4,-1,100.0
-4,-2,214.61982342096954
-4,-2,185.4504869039131
-4,-3,100.0
-4,-3,241.09828980677588
-4,-4,100.0
-4,-4,108.74102182590248
-5,-4,100.0
-5,-4,100.0
-4,-4,100.0
-4,-4,151.20660921131173
-5,-4,155.04067708357485
-5,-4,100.0
-5,-5,100.0
-5,-5,100.0
-5,-4,202.0574944531049
-5,-4,100.0
-5,-5,100.0
-5,-5,100.0
-5,-6,185.97747239575634
-5,-6,119.13224387057589
-6,-6,100.0
-6,-6,100.0
-7,-6,100.0
-7,-6,110.89684695458322
-7,-5,100.0
-7,-5,100.0
-8,-5,100.0
