13,8,50.0
13,8,50.0
13,9,50.0
13,9,50.0
13,9,50.0
13,8,50.0
13,8,50.0
13,8,50.0
13,9,50.0
13,9,50.0
13,9,50.0
13,10,50.913206598065386
13,10,50.0
13,10,50.0
14,10,50.0
14,10,50.0
14,10,50.0
14,11,50.0
14,11,50.0
14,11,50.0
14,12,50.0
14,12,50.0
14,12,50.0
14,13,50.0
14,13,50.0
14,13,50.0
14,14,50.0
14,14,50.0
14,14,50.0
14,15,50.0
14,15,50.0
14,15,50.0
14,16,50.0
14,16,50.0
14,16,50.0
14,17,50.0
14,17,50.0
14,17,50.0
14,18,50.0
14,18,50.0
14,18,50.0
14,19,50.0
14,19,50.0
14,19,50.0
14,20,50.0
14,20,50.0
14,20,50.0
15,20,50.0
15,20,50.0
15,20,50.0
16,20,50.0
16,20,50.0
16,20,50.0
16,19,50.0
16,19,50.0
16,19,50.0
16,18,50.0
16,18,50.0
16,18,50.0
17,18,50.0
17,18,50.0
17,18,50.0
18,18,50.0
18,18,50.0
18,18,50.0
18,17,50.0
18,17,50.0
18,17,50.0
17,17,50.0
17,17,50.0
17,17,50.0
17,16,50.0
17,16,50.0
17,16,50.0
16,16,50.0
16,16,50.0
16,16,50.0
15,16,50.0
15,16,50.0
15,16,50.0
15,15,50.0
15,15,50.0
15,15,50.0
14,15,50.0
14,15,50.0
14,15,50.0
13,15,50.0
13,15,50.0
13,15,50.0
13,14,50.0
13,14,50.0
13,14,50.0
12,14,50.0
12,14,50.0
12,14,50.0
11,14,50.0
11,14,50.0
11,14,50.0
10,14,50.0
10,14,50.0
10,14,50.0
10,13,50.0
10,13,50.0
10,13,50.0
10,12,50.0
10,12,50.0
10,12,73.6436304599954
10,11,50.0
10,11,50.0
10,11,50.0
10,10,69.56462198248067
10,10,50.0
10,10,50.0
9,10,50.0
9,10,50.0
9,10,50.0
8,10,50.0
8,10,50.0
8,10,50.0
8,9,50.0
8,9,50.0
8,9,50.0
8,8,64.0061638860746
8,8,50.0
8,8,113.4016049860334
9,8,50.0
9,8,50.0
9,8,50.0
9,7,50.0
9,7,50.0
9,7,50.0
9,6,50.0
9,6,50.0
9,6,50.0
10,6,50.0
10,6,50.0
10,6,50.0
9,6,50.0
9,6,50.0
9,6,116.30167420451026
8,6,50.0
8,6,50.0
8,6,65.02172165728413
7,6,50.0
7,6,50.0
7,6,50.0
6,6,50.0
6,6,60.223166990500744
6,6,55.93019717425847
5,6,72.83686967991343
5,6,50.0
5,6,96.24741909027209
4,6,50.0
4,6,118.81747504681087
4,6,97.02464749860982
3,6,85.204313388225
3,6,50.0
3,6,64.12891326465883
3,5,62.20952404865747
3,5,50.0
3,5,50.0
4,5,50.0
4,5,63.44553456070395
4,5,50.0
4,6,50.0
4,6,50.0
4,6,79.8687379978312
3,6,69.95102031415703
3,6,91.93694435323354
3,6,110.55582136913264
3,5,90.30161837727539
3,5,82.13412924118094
3,5,50.0
2,5,69.37450179651165
2,5,60.15712517548099
2,5,50.0
2,4,60.38038687271384
2,4,53.4162399663156
2,4,74.4504565994973
1,4,50.0
1,4,57.276354620817536
1,4,50.0
1,3,50.0
1,3,58.34022913322806
1,3,153.68067561484673
2,3,183.96848580980532
2,3,79.16836571596146
2,3,61.7513314064671
1,3,65.31958801411521
1,3,50.0
1,3,51.600996625984486
1,4,70.0542947158101
1,4,50.0
1,4,59.02820875572816
1,3,72.4800772354387
1,3,111.1592084377688
1,3,50.0
1,2,50.0
1,2,50.0
1,2,50.0
2,2,50.0
2,2,55.94983050681041
2,2,50.0
2,1,104.60994844343129
2,1,50.0
2,1,157.44037663727923
3,1,50.0
3,1,50.0
3,1,51.9698163653531
2,1,100.48949259203857
2,1,99.0148147774434
2,1,92.56187674565668
1,1,50.0
1,1,68.2078701628887
1,1,95.31554438331867
0,1,50.0
0,1,109.46048083881394
0,1,86.32705892113252
-1,1,80.25030241443085
-1,1,89.29519852662054
-1,1,50.0
-2,1,50.0
-2,1,136.88118499559425
-2,1,50.0
-3,1,50.0
-3,1,136.91359395338617
-3,1,50.0
-3,2,53.98702626707694
-3,2,50.681647772425194
-3,2,50.0
-3,3,105.09250462413296
-3,3,83.3987870136765
-3,3,65.50701945910154
-4,3,64.0563831135218
-4,3,50.0
-4,3,50.0
-4,2,71.41339561977075
-4,2,59.11174427643673
-4,2,50.0
-3,2,50.0
-3,2,50.0
-3,2,50.0
-4,2,54.60560858506258
-4,2,124.52629453396636
-4,2,50.0
-5,2,50.0
-5,2,50.0
-5,2,63.73626961900458
-6,2,64.17184716538112
-6,2,75.21119578425466
-6,2,79.47685057687895
-6,1,50.0
-6,1,64.67301143555352
-6,1,53.20089256028735
-7,1,50.0
-7,1,50.0
-7,1,50.0
-8,1,50.0
-8,1,50.0
-8,1,117.81003844789548
-8,0,50.0
-8,0,77.012258359844
-8,0,67.65145360831934
-9,0,50.0
-9,0,70.40523440476335
-9,0,50.0
-9,1,50.0
-9,1,50.0
-9,1,50.0
-9,2,50.0
-9,2,126.77707965072986
-9,2,50.0
-9,1,50.0
-9,1,50.0
-9,1,50.0
-9,0,51.636914819734585
-9,0,50.0
-9,0,50.0
-9,-1,50.0
-9,-1,71.38631124725265
-9,-1,109.60040108318806
-10,-1,50.0
-10,-1,50.0
-10,-1,50.0
-11,-1,50.0
-11,-1,68.82807329277207
-11,-1,50.0
-11,-2,50.0
-11,-2,59.212642673575246
-11,-2,50.0
-11,-3,50.0
-11,-3,50.0
-11,-3,50.0
-11,-4,50.0
-11,-4,50.0
-11,-4,50.0
-12,-4,50.0
-12,-4,50.0
-12,-4,50.0
-11,-4,50.0
-11,-4,54.79867770650054
-11,-4,50.0
-11,-3,50.0
-11,-3,107.71105592963232
-11,-3,50.0
-10,-3,50.0
-10,-3,101.45677673097057
-10,-3,50.0
-9,-3,50.0
-9,-3,50.0
-9,-3,50.0
-10,-3,58.15459976163237
-10,-3,68.25099888989814
-10,-3,50.0
-10,-2,50.0
-10,-2,50.0
-10,-2,50.0
-9,-2,50.0
-9,-2,82.66449682899834
-9,-2,50.0
-8,-2,50.0
-8,-2,52.7932281836523
-8,-2,52.19666046442989
-7,-2,142.61303091319763
-7,-2,50.0
-7,-2,53.130924108861464
-7,-1,50.0
-7,-1,100.38337127186583
-7,-1,50.0
-6,-1,108.41987358973597
-6,-1,50.0
-6,-1,50.0
-5,-1,50.0
-5,-1,50.0
-5,-1,94.45713372161057
-5,0,50.0
-5,0,50.0
-5,0,115.67888212941813
-5,1,50.0
-5,1,50.0
-5,1,85.35084378949597
-4,1,151.11265604991962
-4,1,152.2308790905549
-4,1,99.5043842936642
-5,1,50.0
-5,1,173.0140468570665
-5,1,81.516444031496
-4,1,50.0
-4,1,99.27261246938798
-4,1,50.0
-4,0,50.0
-4,0,98.40608631763514
-4,0,50.0
-4,1,50.0
-4,1,50.0
-4,1,53.986969031529874
-3,1,104.83529117687563
-3,1,98.71335834925597
-3,1,50.0
-2,1,79.4188491056
-2,1,105.76061301328653
-2,1,50.0
-1,1,50.0
-1,1,162.89310454762602
-1,1,141.37147145448523
0,1,50.0
0,1,50.0
0,1,101.3795826036842
0,0,88.24175007160342
0,0,50.0
0,0,118.39522895446504
0,1,50.0
0,1,90.91665937014001
0,1,135.74462103440726
1,1,111.72213749616667
1,1,50.0
1,1,90.81507196626289
1,2,50.0
1,2,80.35949673030719
1,2,53.63151684860606
1,3,50.0
1,3,50.0
1,3,50.0
2,3,50.0
2,3,50.0
2,3,104.05968431352629
2,4,50.0
2,4,123.39759108673096
2,4,130.3061986948537
3,4,71.31752372000636
3,4,50.0
3,4,75.86904700894993
4,4,50.0
4,4,50.0
4,4,70.22158879571708
3,4,185.1915713691614
3,4,77.37366893917856
3,4,50.0
4,4,74.88074423376119
4,4,50.0
4,4,95.24284186984997
4,3,59.81725120965147
4,3,93.08598043750682
4,3,63.41163366118901
4,2,50.0
4,2,77.6536060448876
4,2,50.0
4,3,62.30044892859556
4,3,81.66593067195976
4,3,50.0
4,4,51.37075242443167
4,4,73.22693247324234
4,4,50.0
4,5,50.0
4,5,50.0
4,5,90.4515393110999
5,5,50.0
5,5,50.0
5,5,51.226541773662134
5,6,50.0
5,6,147.88527116193245
5,6,50.0
6,6,50.0
6,6,93.54624535257146
6,6,50.0
7,6,50.0
7,6,50.0
7,6,50.0
8,6,50.0
8,6,78.94194413423224
8,6,64.49150018830134
8,7,50.0
8,7,50.0
8,7,50.0
9,7,50.0
9,7,50.0
9,7,50.0
10,7,50.0
10,7,50.0
10,7,68.05730677747842
11,7,57.144048454687706
11,7,50.0
11,7,50.0
11,8,50.0
11,8,50.0
11,8,60.089718324091294
11,9,50.0
11,9,50.0
11,9,50.0
11,10,50.0
11,10,50.0
11,10,50.0
12,10,50.0
12,10,50.0
12,10,50.0
13,10,50.0
13,10,50.0
13,10,50.0
14,10,50.0
14,10,50.0
14,10,50.0
13,10,50.0
13,10,50.0
13,10,50.0
14,10,50.0
14,10,50.0
14,10,108.34240407637128
14,11,50.0
14,11,50.0
14,11,50.0
14,12,50.0
14,12,50.0
14,12,50.0
14,13,50.0
14,13,50.0
14,13,50.0
15,13,50.0
15,13,50.0
15,13,50.0
16,13,50.0
16,13,50.0
16,13,50.0
17,13,50.0
17,13,50.0
17,13,50.0
18,13,50.0
18,13,50.0
18,13,50.0
19,13,50.0
19,13,50.0
19,13,50.0
19,14,50.0
19,14,50.0
19,14,50.0
19,15,50.0
19,15,50.0
19,15,50.0
20,15,50.0
20,15,50.0
20,15,50.0
20,16,50.0
20,16,50.0
20,16,50.0
19,16,50.0
19,16,50.0
19,16,50.0
18,16,50.0
18,16,50.0
18,16,50.0
17,16,50.0
17,16,50.0
17,16,50.0
18,16,50.0
18,16,50.0
18,16,50.0
18,15,50.0
18,15,50.0
18,15,50.0
17,15,50.0
17,15,50.0
17,15,50.0
17,14,50.0
17,14,50.0
17,14,50.0
16,14,50.0
16,14,50.0
16,14,55.11051963578278
15,14,50.0
15,14,50.0
15,14,50.0
14,14,50.0
14,14,50.0
14,14,50.0
15,14,50.0
15,14,50.0
15,14,50.0
15,13,50.0
15,13,50.0
15,13,50.0
15,12,50.0
15,12,50.0
15,12,50.0
14,12,50.0
14,12,50.0
14,12,50.0
13,12,50.0
13,12,50.0
13,12,50.0
13,11,50.0
13,11,50.0
13,11,50.0
12,11,50.0
12,11,50.0
12,11,50.0
12,10,81.89519340832226
12,10,50.0
12,10,50.0
12,9,107.14365153537234
12,9,50.0
12,9,50.0
12,10,50.0
12,10,50.0
12,10,50.0
12,9,50.0
12,9,63.23928802581271
12,9,50.0
12,8,50.0
12,8,50.0
12,8,50.0
11,8,50.0
11,8,79.59711082124963
11,8,50.0
11,7,50.17776420171174
11,7,50.0
11,7,50.0
10,7,67.56259763561326
10,7,50.0
10,7,87.34933367001759
10,6,50.0
10,6,50.0
10,6,50.0
10,7,50.25496094746157
10,7,50.0
10,7,50.0
11,7,50.0
11,7,50.0
11,7,50.0
10,7,50.0
10,7,50.0
10,7,52.07590087305417
10,6,50.0
10,6,50.0
10,6,50.0
9,6,77.99138295699527
9,6,114.88673758588814
9,6,50.0
8,6,50.0
8,6,84.30235768001923
8,6,50.0
8,5,50.0
8,5,94.45586652501505
8,5,50.0
9,5,77.67735413702152
9,5,55.971463820625566
9,5,50.0
10,5,50.0
10,5,50.0
10,5,50.0
9,5,50.0
9,5,50.0
9,5,69.21879169156786
8,5,50.0
8,5,50.0
8,5,50.0
8,4,50.0
8,4,76.99026251338546
8,4,50.0
7,4,50.0
7,4,50.0
7,4,50.0
7,3,50.0
7,3,68.51531685751814
7,3,71.3891256219296
6,3,50.0
6,3,50.0
6,3,50.0
7,3,50.0
7,3,50.0
7,3,50.0
7,4,89.88915838673185
7,4,50.0
7,4,50.0
7,3,50.0
7,3,50.0
7,3,147.36970369222053
6,3,50.0
6,3,168.37711718163527
6,3,50.0
5,3,50.0
5,3,50.0
5,3,50.0
4,3,68.74992878098404
4,3,97.70893693758678
4,3,75.32071146346438
3,3,50.0
3,3,50.0
3,3,50.0
3,2,62.19937128886908
3,2,50.0
3,2,63.2218595621665
3,1,88.46963038888062
3,1,50.0
3,1,50.0
3,0,60.25934723536907
3,0,106.56618892959185
3,0,50.0
3,1,50.0
3,1,62.16662030685217
3,1,130.0460280939127
2,1,132.72173816314748
2,1,103.2920870277596
2,1,54.07202225157859
2,0,71.85683908744625
2,0,55.62871451220434
2,0,126.5532382148057
1,0,110.89129694919802
1,0,72.20339297801252
1,0,90.77177240151806
1,1,50.0
1,1,56.75437365700579
1,1,78.15471204705247
1,2,79.31636965410708
1,2,50.0
1,2,50.0
1,3,64.42436704877046
1,3,65.75012871563459
1,3,90.23454564914167
0,3,50.0
0,3,78.38327395022796
0,3,50.0
-1,3,52.231575923194754
-1,3,50.0
-1,3,175.87837420301406
-2,3,66.67391988408431
-2,3,50.0
-2,3,71.9753753841849
-2,2,50.0
-2,2,139.8236227318407
-2,2,58.640554845946596
-2,1,75.43447337995984
-2,1,50.0
-2,1,50.0
-2,2,50.0
-2,2,50.0
-2,2,50.0
-2,1,50.0
-2,1,50.0
-2,1,163.35447485603785
-2,0,50.0
-2,0,51.570552000354894
-2,0,80.47724901779777
-3,0,50.0
-3,0,50.0
-3,0,50.0
-3,-1,154.47438327254014
-3,-1,50.0
-3,-1,61.169886028278064
-4,-1,58.857958056502376
-4,-1,50.0
-4,-1,88.08214327167477
-4,-2,50.0
-4,-2,81.32664466654818
-4,-2,50.0
-4,-3,50.0
-4,-3,85.90954141521254
-4,-3,50.0
-4,-4,56.859952953563656
-4,-4,50.0
-4,-4,50.0
-5,-4,57.293987003053644
-5,-4,61.933840532035155
-5,-4,59.40231343600109
-4,-4,117.60244430279971
-4,-4,50.0
-4,-4,50.0
-5,-4,118.21379495902555
-5,-4,120.98364621046726
-5,-4,75.2261480212676
-5,-5,61.43025938820224
-5,-5,50.0
-5,-5,154.38737900836642
-5,-4,50.0
-5,-4,50.0
-5,-4,95.61749677186981
-5,-5,50.0
-5,-5,50.0
-5,-5,50.0
-5,-6,68.85277024051582
-5,-6,138.26928608547132
-5,-6,95.14584982196094
-6,-6,87.57184376917755
-6,-6,114.75847027822353
-6,-6,50.0
-7,-6,50.0
-7,-6,50.0
-7,-6,50.0
-7,-5,57.15099594773781
-7,-5,50.0
-7,-5,50.0
-8,-5,50.0
-8,-5,50.528977542961485
-8,-5,50.0
-8,-4,50.0
-8,-4,57.20674267501118
-8,-4,50.0
-8,-5,141.62567206265248
-8,-5,50.0
-8,-5,50.0
-8,-6,50.0
-8,-6,50.0
-8,-6,50.0
-8,-7,50.0
-8,-7,123.74908617972736
-8,-7,50.0
-8,-8,50.0
-8,-8,50.0
-8,-8,50.710434881076395
-7,-8,50.0
-7,-8,50.0
-7,-8,50.0
-7,-9,50.0
-7,-9,50.0
-7,-9,50.0
-8,-9,50.0
-8,-9,50.0
-8,-9,50.0
-8,-10,50.0
-8,-10,98.96197606349995
-8,-10,50.0
-8,-11,58.0482485537821
-8,-11,50.0
-8,-11,50.0
-8,-12,50.0
-8,-12,50.0
-8,-12,50.0
-9,-12,50.0
-9,-12,56.23246588999785
-9,-12,50.0
-9,-13,50.0
-9,-13,50.0
-9,-13,50.0
-10,-13,50.0
-10,-13,50.0
-10,-13,50.0
-11,-13,50.0
-11,-13,50.0
-11,-13,50.0
-10,-13,50.0
-10,-13,50.0
-10,-13,50.0
-10,-12,50.0
-10,-12,50.0
-10,-12,50.0
-10,-13,50.0
-10,-13,50.0
-10,-13,50.0
-10,-14,50.0
-10,-14,50.0
-10,-14,50.0
-10,-15,50.0
-10,-15,50.0
-10,-15,109.46370985660812
-11,-15,50.0
-11,-15,50.0
-11,-15,50.0
-11,-16,50.0
-11,-16,50.0
-11,-16,50.0
-10,-16,50.0
-10,-16,50.0
-10,-16,50.0
-11,-16,50.0
-11,-16,50.0
-11,-16,50.0
-12,-16,50.0
-12,-16,50.0
-12,-16,50.0
-12,-15,50.0
-12,-15,50.0
-12,-15,50.0
-12,-16,50.0
-12,-16,50.0
-12,-16,50.0
-11,-16,50.0
-11,-16,50.0
-11,-16,50.0
-11,-15,50.0
-11,-15,50.0
-11,-15,50.0
-11,-14,50.0
-11,-14,50.0
-11,-14,50.0
-11,-13,50.0
-11,-13,50.0
-11,-13,65.70498257370564
-11,-12,50.0
-11,-12,54.039674495516635
-11,-12,50.0
-10,-12,50.0
-10,-12,50.0
-10,-12,50.0
-10,-13,50.0
-10,-13,50.0
-10,-13,85.73253432839982
-10,-12,50.0
-10,-12,50.0
-10,-12,50.0
-9,-12,50.0
-9,-12,50.0
-9,-12,120.18159128150886
-10,-12,123.14610045177237
-10,-12,58.63084350426196
-10,-12,50.0
-9,-12,50.0
-9,-12,50.0
-9,-12,50.0
-9,-11,50.0
-9,-11,65.8565459449231
-9,-11,50.0
-9,-10,50.0
-9,-10,50.0
-9,-10,50.0
-9,-9,58.570576718901485
-9,-9,64.16168574353449
-9,-9,50.0
-8,-9,50.0
-8,-9,50.0
-8,-9,50.0
-8,-8,72.4935346692741
-8,-8,50.0
-8,-8,88.69173135825876
-8,-7,50.0
-8,-7,117.54555664129484
-8,-7,50.0
-8,-6,50.0
-8,-6,50.0
-8,-6,59.4808372975213
-7,-6,50.0
-7,-6,50.0
-7,-6,74.53012729941607
-7,-5,50.0
-7,-5,50.0
-7,-5,50.0
-7,-4,50.0
-7,-4,50.0
-7,-4,118.24458069664402
-7,-3,50.0
-7,-3,55.32907336496007
-7,-3,50.0
-7,-2,81.26756826737679
-7,-2,50.0
-7,-2,92.10466881983237
-6,-2,53.32531969185236
-6,-2,156.008023381397
-6,-2,50.0
-6,-1,50.0
-6,-1,69.91802299827853
-6,-1,50.0
-6,0,60.44169183766038
-6,0,50.0
-6,0,50.15547979842307
-7,0,155.67775648436313
-7,0,50.0
-7,0,50.0
-7,1,50.0
-7,1,171.05602840486023
-7,1,50.0
-7,2,50.0
-7,2,50.0
-7,2,153.30130743839004
-7,3,50.0
-7,3,50.0
-7,3,70.71150405606124
-7,4,58.56846055279351
-7,4,50.0
-7,4,50.0
-7,5,58.099014904591705
-7,5,50.0
-7,5,50.0
-7,6,50.0
-7,6,50.0
-7,6,110.458270932937
-7,5,50.0
-7,5,50.0
-7,5,50.0
-7,4,50.0
-7,4,50.0
-7,4,50.97856303587837
-6,4,50.0
-6,4,50.0
-6,4,79.96950256035278
-6,5,50.0
-6,5,50.0
-6,5,50.0
-5,5,50.0
-5,5,50.0
-5,5,61.39024002094166
-4,5,50.0
-4,5,58.31262569363223
-4,5,50.0
-4,6,131.28107973431273
-4,6,50.0
-4,6,121.12397194256374
-4,7,50.0
-4,7,50.0
-4,7,88.7252263941428
-4,8,50.0
-4,8,95.9767256756969
-4,8,52.819651422827576
-4,7,50.0
-4,7,50.0
-4,7,52.12336861680855
-4,8,50.0
-4,8,50.0
-4,8,50.0
-4,9,50.0
-4,9,50.0
-4,9,50.0
-4,10,50.0
-4,10,50.0
-4,10,50.0
-4,11,50.0
-4,11,50.0
-4,11,50.0
-4,12,50.0
-4,12,140.8998222683342
-4,12,50.0
-5,12,50.0
-5,12,52.32923773406586
-5,12,50.0
-6,12,57.63407790780376
-6,12,55.2081126366107
-6,12,54.88215422329299
-6,11,50.0
-6,11,50.0
-6,11,69.95313308541819
-7,11,50.0
-7,11,50.0
-7,11,63.27799806653236
-8,11,50.0
-8,11,50.0
-8,11,50.0
-9,11,50.0
-9,11,50.0
-9,11,116.96757222728216
-10,11,61.31185089491984
-10,11,50.0
-10,11,50.0
-9,11,50.0
-9,11,50.0
