4.09091
4.09091
4.09091
4.09091
3.77485
4.09091
3.63636
3.86846
3.63636
3.63636
3.63636
3.63636
3.63636
3.63636
3.63636
3.63636
3.77485
4.09091
3.77485
4.09091
3.95086
4.09091
4.09091
4.09091
4.09091
4.09091
4.09091
3.86846
3.77485
3.63636
3.63636
3.63636
3.63636
3.63636
3.63636
3.63636
3.63636
3.63636
3.63636
3.86846
3.77485
3.86846
3.95086
3.86846
3.63636
3.86846
3.77485
3.63636
3.63636
3.86846
3.95086
4.09091
3.95086
3.86846
3.63636
3.86846
3.63636
3.86846
4.09091
4.09091
3.77485
4.09091
3.95086
3.86846
3.77485
3.63636
4.09091
3.86846
3.77485
3.86846
3.77485
3.63636
3.63636
3.63636
3.63636
3.63636
3.63636
3.63636
3.63636
3.63636
3.63636
3.63636
3.63636
3.63636
3.63636
3.63636
3.95086
3.86846
3.95086
4.09091
4.09091
4.09091
4.09091
4.09091
4.09091
4.09091
4.09091
4.09091
4.09091
