2.91554
2.75007
2.4234
2.83134
2.47658
2.66411
2.57252
2.46322
2.3799
2.22604
2.29587
2.64437
2.53101
2.16359
2.2045
2.33655
2.26787
2.70229
2.25585
2.39639
2.41396
2.49357
2.81482
2.63136
2.65388
2.45626
2.55069
2.55126
2.97893
2.79135
3.22515
3.13257
3.02531
3.01796
3.0832
2.83096
2.51269
2.48677
2.74384
2.50465
3.00519
2.7735
2.88721
2.88216
3.00446
2.86759
3.23916
2.78017
2.79034
3.08984
2.82015
2.96014
2.22197
2.81401
2.82743
3.19
3.23761
2.9587
3.29312
3.23129
2.8111
2.89331
2.87765
3.0204
3.37885
3.03464
3.21284
2.79838
3.20279
3.2302
3.26402
3.04834
2.9615
3.02039
3.28379
3.11176
2.9725
2.73008
2.98957
2.74585
