3.14741
2.98442
2.56374
3.07987
2.386
2.30579
2.37351
2.33625
2.3175
2.36532
2.49178
2.51962
2.26022
2.42516
2.36715
2.65264
2.71938
2.62407
2.53634
2.59491
2.84287
2.7186
2.41964
2.78742
2.65625
2.41339
2.43638
2.54396
2.76342
3.02554
3.21497
2.70839
2.93384
2.99137
2.97986
2.63211
2.74478
2.34625
2.53699
2.52737
2.92444
2.75097
2.77997
2.73871
3.16847
3.10216
2.81288
2.74238
2.68411
3.23663
2.96246
2.92935
2.50295
2.81214
2.69098
2.56561
2.66286
2.89454
3.02396
3.12837
2.72185
2.77755
2.95564
2.80911
3.31417
3.21328
3.32122
3.22218
3.36826
3.27092
3.24013
3.14365
2.54701
2.97903
3.05496
3.21738
3.09871
2.62314
3.24289
2.61197
