2.54482
3.07981
2.93937
3.10903
2.46115
2.40043
2.55186
2.62064
2.37343
2.09998
2.07228
2.41064
2.41656
2.21576
2.35127
2.3721
2.45135
2.5642
2.3791
2.66925
2.75581
2.82147
2.50534
2.63059
2.42139
2.36
2.36303
2.68355
2.7669
2.88963
3.09087
2.96252
3.17976
3.06063
3.15194
2.94335
2.91993
2.31949
2.61455
2.62351
3.04321
2.75366
3.00876
2.75969
3.16647
2.99758
3.07256
2.98497
2.5636
3.12484
2.75413
3.10005
2.25914
2.69682
2.70291
2.84073
2.76666
2.79233
3.42492
3.00298
2.76607
2.75749
2.89474
2.98846
3.30397
3.32787
3.35342
3.00007
3.34837
3.06427
3.04462
3.26311
2.93889
2.98652
3.19192
3.26422
3.03801
2.82074
2.97913
2.91146
