2.7168
2.84649
3.04406
3.06323
2.48344
2.53894
2.44921
2.54395
2.24021
2.11377
2.2142
2.23081
2.26486
2.26676
2.48146
2.30198
2.60492
2.27401
2.38615
2.4277
2.66561
2.63544
2.31845
2.67315
2.44544
2.55008
2.30648
2.48713
2.71908
2.78532
3.0233
2.78896
2.83192
3.32737
3.07587
2.81554
2.79693
2.66136
2.62477
2.62497
3.14339
2.92883
2.88946
2.65299
3.05511
3.04939
2.81706
3.0992
2.77304
3.15224
2.68194
3.19702
2.62175
2.83831
2.92793
2.89231
3.19533
2.66274
3.3202
3.19857
2.69515
2.82648
3.1176
3.04492
3.1859
3.1276
3.23413
2.96943
3.14455
3.22221
3.23927
3.20346
2.97342
3.03267
3.28762
3.25191
3.15685
2.70656
3.14143
2.67397
