3.00504
3.20294
2.78469
3.08662
2.42176
2.30239
2.49633
2.26747
2.21463
2.32928
2.33526
2.3795
2.54204
2.13787
2.34777
2.52361
2.44871
2.79373
2.50144
2.25174
2.2515
2.88665
2.70912
2.73425
2.61004
2.49087
2.49416
2.59886
2.78314
2.78567
3.26021
2.70502
2.99131
3.09064
3.22171
2.66016
2.70911
2.43538
2.62
2.64415
3.055
2.87706
2.89763
2.72914
2.91276
2.63992
2.93764
2.70689
2.56729
3.14201
2.84866
2.87794
2.30847
2.95882
3.00002
2.97448
2.85125
3.05495
3.17045
3.04725
2.77518
2.97517
2.8241
3.23895
3.18592
3.19782
3.05281
3.31802
3.25816
3.19087
3.26175
2.91225
3.04929
2.94772
3.13094
3.2007
3.08868
2.70293
3.05465
2.71156
