2.81687
2.96753
2.88721
3.12895
2.2896
2.42433
2.49518
2.30369
2.27887
2.23843
2.15764
2.34285
2.38528
2.25884
2.50029
2.513
2.36286
2.46912
2.37511
2.52503
2.82618
2.72534
2.77379
2.87743
2.5389
2.45313
2.61683
2.62559
3.00955
2.97909
3.21288
2.80637
3.0503
3.21498
2.92285
2.65705
3.01967
2.61845
2.77507
2.66787
2.96216
2.56732
2.84217
2.68043
2.92848
2.65956
2.78382
2.50801
2.54454
3.03247
2.4761
2.97317
2.42982
2.75586
2.9322
2.65893
2.87025
2.78806
3.0832
3.10821
2.86597
2.81722
3.00979
3.11144
2.88787
3.384
3.23852
3.12469
3.18238
3.36941
3.14195
3.20606
2.60808
2.83152
3.32333
3.27565
3.07101
2.72957
3.01796
2.71894
