2.62656
3.16513
2.86584
2.80221
2.69003
2.69059
2.4385
2.39597
2.26216
2.25232
2.27497
2.36991
2.29632
2.35467
2.05338
2.5432
2.7983
2.61752
2.26417
2.55891
2.66126
2.71268
2.85774
2.68605
2.6597
2.3243
2.45036
2.66831
2.86516
2.68811
3.08365
3.01111
3.08232
2.89265
2.83594
2.57494
2.80265
2.4817
2.54079
2.7079
2.89781
2.79963
2.8445
2.88002
2.65183
2.9812
2.96393
2.86839
2.45576
2.96461
2.73012
3.1159
3.10745
2.98227
2.87438
3.04819
2.83506
2.92485
3.19063
3.10224
2.72721
3.02594
2.89496
3.15096
3.38348
3.34506
3.25287
2.90813
3.34591
3.34
3.22579
3.07202
2.95372
3.00926
3.20938
3.22572
3.2455
2.58505
3.14721
2.60751
