2.87893
2.9954
2.91219
2.85342
2.46659
2.61983
2.56093
2.39766
2.44512
2.36863
2.33543
2.40036
2.41876
2.3418
2.31743
2.57538
2.79665
2.58277
2.43109
2.52132
3.05233
2.60029
2.74821
2.51394
2.59919
2.48729
2.41527
2.51678
2.52956
2.94059
3.11752
2.7502
3.12498
3.02918
3.21548
2.92463
2.81265
2.71867
2.67801
2.891
3.00929
2.65413
2.76074
2.53574
2.98917
2.93146
2.74498
2.32854
2.69711
3.06286
2.58103
3.05745
2.62997
2.53548
2.91563
3.07809
3.05562
2.85538
3.29216
3.17965
2.79085
3.06241
2.87188
3.30132
3.28133
3.28
3.20125
2.93221
3.30334
3.18984
3.21063
3.08437
2.99367
3.02062
3.15469
3.26416
2.99181
2.81412
2.98286
2.64693
