3.79776
3.45405
3.14825
3.57526
3.21208
3.12966
3.36917
3.03091
3.06628
3.10511
3.19863
3.10104
3.22779
3.07608
3.08596
2.90592
3.03899
3.2273
3.0361
2.92564
2.8203
3.02863
2.91557
2.85089
3.74934
2.90542
3.09629
3.24135
2.36616
2.55709
3.08732
2.63331
2.91385
2.94729
2.94068
2.9211
2.84341
2.82338
2.94294
3.01406
2.93636
2.93917
3.10717
2.93187
3.01868
2.91853
3.26443
3.1055
2.45642
3.48262
2.92541
3.25837
2.95676
3.40363
3.20931
3.16137
2.85089
3.18699
3.18631
3.32445
3.03806
3.15164
3.16343
3.01868
3.42483
3.36998
3.0815
3.21895
2.96772
3.21257
2.86449
2.89521
3.19154
3.03762
3.37757
2.98718
2.98438
2.96976
3.029
3.65537
