3.61926
3.57773
2.9192
2.97986
3.25838
2.89939
3.03139
2.65432
2.92564
2.93293
3.0163
2.88809
2.94818
2.94024
2.90656
2.99692
2.89088
3.08942
3.0388
2.87498
2.81903
3.06113
3.04893
2.86628
3.56633
3.12011
3.42483
3.27392
2.68632
2.74492
3.20212
2.76608
3.10158
3.51901
3.00879
3.029
3.04893
2.83232
2.96134
3.05147
3.11303
3.30832
3.50732
2.94279
3.54772
2.94558
3.4325
3.01378
2.7843
3.46596
2.88741
3.15583
2.82183
3.24942
3.31397
3.29128
2.77658
3.06282
3.04113
3.58983
3.19971
3.37229
3.36215
2.90922
3.37911
3.08221
3.01798
3.16818
3.13611
3.08686
3.14806
2.95288
3.17499
3.21271
3.47366
3.12414
3.01136
3.06344
3.10717
3.80355
