3.19624
3.18524
3.0166
3.0955
3.15324
2.78862
3.03372
3.08518
3.24627
3.1126
3.26714
2.98925
3.17874
2.86822
3.09146
2.9649
3.01662
3.25292
3.0388
2.87964
2.93485
3.24285
2.95025
2.92286
3.3229
2.81347
3.0997
3.31848
2.55675
2.70717
3.20971
2.91836
3.02158
3.06735
2.9055
2.84455
2.95288
2.73959
2.80629
3.46798
3.0163
3.1005
3.00133
2.86073
2.99647
2.89939
3.10299
2.96873
2.67417
3.61096
3.22854
3.3253
2.50744
3.1213
3.12086
3.16546
2.32276
2.89971
2.95676
3.37757
3.19155
3.22601
3.28257
2.94539
3.62178
3.62541
2.83487
3.2173
3.01662
2.92837
3.02352
2.89377
3.16343
3.20715
3.37435
2.94069
3.05312
3.12847
3.03825
3.24011
