3.55862
3.35492
3.01144
3.09634
3.19682
3.32085
3.24085
2.97457
2.95288
3.05038
3.23389
2.92558
3.09429
2.73522
2.91832
2.7901
2.69678
3.04281
3.00186
2.61931
2.78922
2.87634
2.86618
2.81277
3.83917
2.95025
3.06628
3.27888
2.66906
2.69221
3.10329
2.78146
2.94294
3.00325
2.89242
2.89493
2.81763
2.65212
2.5832
3.12086
3.01112
3.15816
2.86349
2.88514
2.96725
2.88499
3.14667
2.94014
2.63209
3.41718
2.91376
3.12556
2.71512
3.23087
3.1939
3.12966
2.56595
3.16078
3.03601
3.43104
3.37148
3.17118
3.19741
3.24178
3.3013
3.12966
3.06765
3.47077
3.17118
3.15043
3.08518
2.88363
3.19741
3.06714
3.59575
2.94069
2.81459
2.94793
2.98718
3.37695
