3.33524
3.30749
3.13857
3.40651
3.29698
3.08409
3.15786
3.24017
3.13718
3.17874
3.16078
3.1055
3.09402
2.86248
3.06804
2.98699
2.87634
3.13073
3.10717
2.91557
2.67784
2.94939
3.02634
3.00679
3.4143
3.04562
3.07309
3.13781
2.79612
2.73768
3.11517
2.92002
3.05133
3.12419
2.95395
3.05641
2.85125
2.90107
3.19549
3.24419
3.28643
3.11145
3.24815
3.00879
3.29551
3.08129
3.39145
3.18921
2.91713
3.74773
2.99291
3.59575
2.90809
3.3791
3.29272
3.16544
2.50787
2.98895
3.04146
3.18259
3.10976
3.13164
3.77471
2.91107
3.36674
2.85477
2.9571
3.17014
3.0895
2.93104
3.00145
2.69605
3.15227
3.04609
3.27529
3.09429
2.99171
2.98438
3.02656
3.425
