3.06261
3.35793
3.08686
3.32156
3.22814
3.09109
3.22182
2.93345
3.05133
3.26459
3.22643
3.01615
3.11116
2.9532
3.01136
2.88654
2.88916
3.00593
2.9659
2.97983
2.7712
3.06628
2.86091
2.91836
3.50291
2.76714
3.09225
3.25097
2.47506
2.93831
3.60809
2.98826
3.04146
3.13229
3.13822
3.16544
3.1847
2.82513
3.16544
3.33677
3.10329
3.34053
3.13164
3.13025
3.16057
3.08881
3.47737
3.28286
2.84553
3.52014
3.08884
3.20912
2.84399
3.13073
3.17499
3.16363
2.54965
3.09479
3.07309
3.14106
3.0336
2.97698
3.24206
2.94539
3.22342
3.14311
2.95688
3.42816
3.06628
3.08582
3.11931
3.03372
3.47101
3.34338
3.34254
3.12764
3.05314
3.08074
3.07526
3.34955
