3.57186
3.24335
3.09332
3.14857
3.19104
2.8985
3.14272
2.95209
2.97698
2.9817
3.12271
3.10434
3.2523
3.06113
3.06857
3.0388
2.85362
3.07987
3.15227
3.05597
2.98417
3.1105
3.01144
2.95288
4.12908
2.98718
3.05517
3.3167
2.47758
2.83237
3.05596
2.80678
3.17556
3.19017
3.07368
3.1126
3.09109
2.90214
2.95386
3.06401
3.20212
3.23861
3.16932
3.00115
3.19491
2.91116
3.63702
3.06714
2.48126
3.28298
2.98925
3.13357
2.98229
3.32601
3.2782
3.07526
2.69929
3.18519
2.95696
3.27062
3.07455
3.22611
3.48491
3.11382
3.65379
3.52036
3.15283
3.48493
3.22785
3.16546
3.17014
3.034
3.84803
3.2273
3.65998
2.95676
2.93787
2.98674
2.97791
3.39979
