3.107
3.10089
2.975
3.22064
3.7737
2.98471
3.04113
3.07026
2.93181
3.07378
3.14941
3.20017
3.21423
2.92734
3.10227
3.05397
3.23458
3.87872
3.68448
3.02406
3.01136
3.07142
2.84355
2.96
3.30749
2.88793
3.12556
3.09687
2.63213
2.75298
3.15509
2.85175
3.04623
3.03208
2.98895
2.90981
2.90102
2.72833
2.9649
2.9896
3.04798
2.87639
2.97013
2.87504
3.24343
2.9896
3.29699
3.06714
2.72468
3.37598
2.89242
3.11666
2.72062
3.16057
3.13517
3.0116
2.63573
3.13986
3.18985
3.4325
3.24782
3.56372
3.63055
3.07609
3.309
3.28615
3.15226
3.28009
3.49984
3.23861
3.11181
2.87142
3.86483
3.24745
3.19909
3.0434
2.89662
2.92364
2.93293
3.73807
