4.18182
4.18182
4.18182
4.18182
4.18182
4.17992
4.17801
4.1611
4.15649
4.0362
3.77358
3.61357
3.3006
3.6938
3.90712
3.93409
4.00897
4.14063
4.1486
3.83636
3.91395
3.60692
3.13023
3.03468
3.49343
3.64615
3.29401
3.76908
4.11221
4.17981
4.17575
4.18182
4.18182
4.18182
4.18182
4.18182
4.18182
4.18182
4.18182
4.18182
4.18182
4.18182
4.18182
4.18182
4.17791
4.17778
4.15368
4.01271
3.64602
3.32038
3.29735
3.18791
3.00168
3.05455
2.81096
2.88752
3.22627
3.70815
3.99226
4.11604
4.14574
4.1592
4.17981
4.17091
4.17385
4.17791
4.17778
4.18182
4.18182
4.18182
4.18182
4.18182
4.18182
4.18182
4.18182
4.18182
4.18182
4.18182
4.18182
4.18182
