4.18182
4.18182
4.18182
4.18182
4.18182
4.18182
4.17992
4.16592
4.13764
4.03442
3.70459
3.42477
3.26032
3.67925
3.92046
3.88228
3.96652
4.09382
4.13808
3.99531
3.89729
3.34492
3.13453
3.01954
3.30137
3.61552
3.37601
3.69128
4.08921
4.17778
4.18182
4.18182
4.18182
4.18182
4.18182
4.18182
4.18182
4.18182
4.18182
4.18182
4.18182
4.18182
4.18182
4.18182
4.17981
4.17992
4.16765
3.97279
3.70652
3.34958
3.26946
3.14755
2.93121
2.90683
2.732
2.87459
3.24448
3.72933
4.02658
4.09422
4.16
4.164
4.16955
4.16823
4.16823
4.16973
4.17778
4.18182
4.18182
4.18182
4.18182
4.18182
4.18182
4.18182
4.18182
4.18182
4.18182
4.18182
4.18182
4.18182
