4.18182
4.18182
4.18182
4.18182
4.17801
4.17992
4.17404
4.16783
4.13948
4.00363
3.70831
3.66046
3.33668
3.73578
3.91199
4.00948
4.04605
4.12381
4.1486
4.01273
3.78794
3.61584
3.10984
3.06976
3.47706
3.6476
3.63772
3.70106
4.12643
4.17575
4.17992
4.18182
4.18182
4.18182
4.18182
4.18182
4.18182
4.18182
4.18182
4.18182
4.18182
4.18182
4.18182
4.18182
4.16746
4.17981
4.16848
3.98229
3.59611
3.31189
3.3263
3.19354
2.96817
2.95365
2.69513
2.8427
3.51168
3.89691
3.87024
4.10364
4.12969
4.1439
4.17801
4.15964
4.16221
4.17575
4.17778
4.18182
4.18182
4.18182
4.18182
4.18182
4.18182
4.18182
4.18182
4.18182
4.18182
4.18182
4.18182
4.18182
