4.18182
4.18182
4.18182
4.18182
4.18182
4.18182
4.17992
4.16783
4.16
4.03869
3.85142
3.67232
3.29126
3.74097
3.86813
3.9451
4.05461
4.12546
4.14033
3.95769
3.79603
3.28228
3.0839
2.985
3.22767
3.63948
3.58063
3.4952
4.12051
4.16783
4.18182
4.18182
4.18182
4.18182
4.18182
4.18182
4.18182
4.18182
4.18182
4.18182
4.18182
4.18182
4.18182
4.17791
4.17575
4.16798
4.13535
4.03118
3.65513
3.80178
3.60533
3.20752
2.8596
3.05374
2.77639
2.78252
3.18765
3.82895
4.00292
4.09336
4.15844
4.17194
4.16614
4.16422
4.15705
4.17992
4.18182
4.18182
4.18182
4.18182
4.18182
4.18182
4.18182
4.18182
4.18182
4.18182
4.18182
4.18182
4.18182
4.18182
