4.18182
4.18182
4.18182
4.18182
4.18182
4.18182
4.17588
4.16155
4.12969
4.01316
3.80446
3.6465
3.26932
3.69626
3.97025
4.01182
4.0287
4.09293
4.12969
4.05138
3.84272
3.63336
3.09398
3.02544
3.25335
3.36801
3.57765
3.69813
4.06056
4.176
4.17981
4.1737
4.18182
4.18182
4.18182
4.18182
4.18182
4.18182
4.18182
4.18182
4.18182
4.18182
4.18182
4.18182
4.17575
4.1737
4.15837
3.9729
3.76281
3.3454
3.31771
3.14887
2.82121
2.94414
2.753
2.71762
3.20367
3.63142
3.99948
4.12082
4.1335
4.16798
4.16174
4.16556
4.17194
4.17778
4.17588
4.18182
4.18182
4.18182
4.18182
4.18182
4.18182
4.18182
4.18182
4.18182
4.18182
4.18182
4.18182
4.18182
