4.18182
4.18182
4.18182
4.18182
4.18182
4.18182
4.17226
4.15514
4.1461
3.99797
3.76445
3.73649
3.25933
3.74292
3.95129
4.06564
4.09608
4.14504
4.15131
4.0006
3.96997
3.32664
3.18856
2.94046
3.2601
3.60137
3.56342
3.67631
4.14092
4.1737
4.17385
4.18182
4.18182
4.18182
4.18182
4.18182
4.18182
4.18182
4.18182
4.18182
4.18182
4.18182
4.18182
4.17404
4.17778
4.16155
4.16414
4.09878
3.7545
3.66949
3.54563
3.17719
2.79939
2.87635
2.69907
2.82658
3.19448
3.65037
3.98558
4.07814
4.1242
4.16798
4.17778
4.16384
4.17575
4.17398
4.17588
4.18182
4.18182
4.18182
4.18182
4.18182
4.18182
4.18182
4.18182
4.18182
4.18182
4.18182
4.18182
4.18182
