4.18182
4.18182
4.18182
4.18182
4.18182
4.18182
4.17015
4.16823
4.16039
4.0705
3.82172
3.41453
3.29297
3.68783
3.86061
4.10053
4.015
4.13085
4.11566
3.93526
3.82675
3.64239
3.16328
3.08669
3.25744
3.34774
3.34523
3.79938
4.09857
4.16199
4.18182
4.17992
4.18182
4.18182
4.18182
4.18182
4.18182
4.18182
4.18182
4.18182
4.18182
4.18182
4.17992
4.17992
4.17778
4.17194
4.14806
3.97313
3.83894
3.31114
3.51647
3.1153
2.88488
3.07195
2.79281
2.75212
3.14346
3.641
4.049
4.11627
4.13454
4.15131
4.16192
4.15983
4.17213
4.176
4.18182
4.17981
4.18182
4.18182
4.18182
4.18182
4.18182
4.18182
4.18182
4.18182
4.18182
4.18182
4.18182
4.18182
