4.18182
4.18182
4.18182
4.18182
4.18182
4.18182
4.1737
4.16174
4.15567
3.94865
3.72206
3.6397
3.57724
3.67577
3.86103
4.01163
4.09421
4.12233
4.12121
4.04377
3.72546
3.59604
3.08196
2.97353
3.25171
3.59462
3.56967
3.43677
4.05035
4.16989
4.17981
4.17778
4.18182
4.18182
4.18182
4.18182
4.18182
4.18182
4.18182
4.18182
4.18182
4.18182
4.17981
4.176
4.16955
4.176
4.15772
4.06363
3.81229
3.56574
3.26786
3.20621
2.9266
2.98126
2.77038
2.812
3.23227
3.66082
4.09293
4.06449
4.13924
4.16426
4.17992
4.16592
4.17426
4.17981
4.18182
4.18182
4.18182
4.18182
4.18182
4.18182
4.18182
4.18182
4.18182
4.18182
4.18182
4.18182
4.18182
4.18182
