-15,-8,50.0
-15,-8,50.0
-15,-8,72.27904794854445
-15,-8,91.51731005852079
-14,-8,108.09838678904367
-14,-8,68.15837485649237
-14,-8,50.0
-14,-8,50.0
-14,-8,50.0
-13,-8,50.0
-13,-8,50.0
-13,-8,50.0
-13,-8,51.08444487286569
-13,-8,50.0
-12,-8,50.0
-12,-8,50.0
-12,-8,161.05821599529423
-12,-8,50.0
-12,-8,50.0
-11,-8,50.0
-11,-8,50.0
-11,-8,50.0
-11,-8,50.0
-11,-8,50.0
-10,-8,50.0
-10,-8,50.0
-10,-8,50.0
-10,-8,81.09466479911742
-10,-8,66.4895796285812
-9,-8,63.12062402638438
-9,-8,50.0
-9,-8,215.8064939137568
-9,-8,50.0
-9,-8,75.48017570152103
-8,-8,54.102906613818604
-8,-8,95.97557267655223
-8,-8,85.38585553702026
-8,-8,87.03762114861144
-8,-8,50.0
-7,-8,50.0
-7,-8,50.0
-7,-8,210.75132192599293
-7,-8,128.47133460170983
-7,-8,52.5657495724147
-6,-8,51.807906752385776
-6,-8,90.47903759732372
-6,-8,74.98747909314032
-6,-8,50.0
-6,-8,102.87651461023034
-5,-8,61.31059698451223
-5,-8,117.05657892463665
-5,-8,133.0777359878527
-5,-8,155.74276506333953
-5,-8,133.1434206207271
-4,-8,123.46277264969004
-4,-8,121.33513191486573
-4,-8,118.22267006081722
-4,-8,73.06949887164174
-4,-8,68.08967076311522
-3,-8,95.27789195797078
-3,-8,105.28510486283702
-3,-8,70.89849830794326
-3,-8,89.80160385200733
-3,-8,61.844826858880225
-2,-8,50.0
-2,-8,56.35664849180051
-2,-8,50.0
-2,-8,50.0
-2,-8,96.69452071787558
-1,-8,92.3012984036453
-1,-8,88.05053411729995
-1,-8,50.0
-1,-8,116.33903626156231
-1,-8,50.0
0,-8,137.21113682967743
0,-8,199.58417589270903
0,-8,52.238027795152455
0,-8,126.03665428698493
0,-8,60.070425434618734
1,-8,50.0
1,-8,107.18947260636779
1,-8,50.0
1,-8,168.47935897357445
1,-8,158.51759526810673
2,-8,65.01015296530562
2,-8,50.0
2,-8,50.0
2,-8,103.60476357372664
2,-8,94.01920901635715
3,-8,137.2262467456381
3,-8,64.81530086151317
3,-8,243.30868298212715
3,-8,110.01692468066992
3,-8,50.0
4,-8,69.70124484393502
4,-8,96.54144637680395
4,-8,59.48220839819228
4,-8,117.01106543173553
4,-8,71.98013609316094
5,-8,57.976268044025595
5,-8,100.39182664732049
5,-8,50.0
5,-8,122.76813594318781
5,-8,55.38480925688491
6,-8,50.0
6,-8,90.14897771492619
6,-8,105.3324867946792
6,-8,50.0
6,-8,61.93541512595078
5,-8,59.12813207271369
5,-8,117.58548045599173
5,-8,50.0
5,-8,89.21511128401171
5,-8,89.9616969307691
6,-8,50.0
6,-8,52.39205068665651
6,-8,88.77681344896172
6,-8,71.90962643980447
6,-8,53.52225453149815
7,-8,63.47200875758058
7,-8,73.59838258546085
7,-8,170.2407153226054
7,-8,64.673705106645
7,-8,62.77828151034686
8,-8,50.0
8,-8,77.39301452656903
8,-8,63.45756044383884
8,-8,121.19060083643245
8,-8,99.23189592926468
9,-8,50.0
9,-8,114.10334884126466
9,-8,71.91848863853193
9,-8,50.0
9,-8,81.83416116827964
10,-8,68.33620080116948
10,-8,59.67644899661558
10,-8,69.58061006307182
10,-8,50.0
10,-8,50.0
11,-8,50.0
11,-8,50.0
11,-8,89.96062728487078
11,-8,50.0
11,-8,50.0
12,-8,101.0951855070075
12,-8,50.0
12,-8,50.0
12,-8,50.0
12,-8,109.50569951944519
11,-8,119.19222961521567
11,-8,81.94766525538775
11,-8,50.0
11,-8,50.0
11,-8,50.0
11,-7,102.32847429009652
11,-7,50.0
11,-7,50.0
11,-7,50.0
11,-7,50.0
10,-7,50.0
10,-7,97.56760810958804
10,-7,50.0
10,-7,75.06180070666099
10,-7,50.0
10,-6,71.74536375303519
10,-6,73.28580574504461
10,-6,50.0
10,-6,69.45646234862242
10,-6,72.4564279928639
11,-6,106.01962864639475
11,-6,88.24675144830277
11,-6,89.25285147595896
11,-6,50.0
11,-6,51.06161327994192
10,-6,50.0
10,-6,50.0
10,-6,77.15758868243857
10,-6,196.44173901009364
10,-6,50.0
9,-6,176.30030440396774
9,-6,73.70489448849486
9,-6,50.0
9,-6,50.0
9,-6,65.97669877918736
9,-5,95.57872503333024
9,-5,50.0
9,-5,96.08101286477765
9,-5,89.72504432211181
9,-5,81.87390419095658
9,-4,50.0
9,-4,212.2911031135088
9,-4,106.75838739329029
9,-4,135.51664119839344
9,-4,50.0
10,-4,50.0
10,-4,132.3115942102462
10,-4,120.41560624589857
10,-4,145.7944412270692
10,-4,119.1395607967657
9,-4,50.0
9,-4,50.0
9,-4,78.41019060444286
9,-4,50.0
9,-4,149.18031055345304
9,-3,64.33439982313342
9,-3,101.22934356792459
9,-3,99.0446688958649
9,-3,50.0
9,-3,50.0
8,-3,108.0867211605013
8,-3,50.0
8,-3,60.72778787556294
8,-3,74.34500040975487
8,-3,111.23036564180362
7,-3,50.0
7,-3,176.55356118688852
7,-3,121.0120076078991
7,-3,112.18876394632258
7,-3,135.17524117401408
7,-2,195.02590266264838
7,-2,50.0
7,-2,50.0
7,-2,50.0
7,-2,123.7635755095164
7,-1,147.41244497445138
7,-1,79.31044918707836
7,-1,57.23590309047018
7,-1,83.33361297492229
7,-1,105.49270729926468
7,0,61.10205833385837
7,0,50.0
7,0,122.71945326979224
7,0,126.55658997797242
7,0,130.75531769596589
7,1,163.70177179223836
7,1,70.06868689271823
7,1,60.70594508481556
7,1,111.51234939515592
7,1,134.45786376978498
7,2,100.97254293992411
7,2,52.65682607668364
7,2,159.0329502210456
7,2,50.0
7,2,117.79624848780452
8,2,100.5285970401246
8,2,109.80401567851972
8,2,113.73361286503457
8,2,123.04717773571275
8,2,91.02960143333625
8,3,93.23530986925785
8,3,174.30811322342606
8,3,50.0
8,3,50.0
8,3,80.66270150815004
7,3,148.81942135651352
7,3,56.065013109552694
7,3,128.523679208274
7,3,100.05992400234409
7,3,124.92837434841265
6,3,69.242685785129
6,3,69.67157729869345
6,3,50.0
6,3,141.50481855172333
6,3,103.83201530589112
5,3,53.465931407926846
5,3,102.35926759604375
5,3,152.66763937606044
5,3,100.55591391017911
5,3,131.2362372379899
5,4,104.61313456382415
5,4,68.47868032011829
5,4,101.05234550489358
5,4,81.65272650635202
5,4,127.8088671093195
4,4,167.903332882975
4,4,152.40273182129073
4,4,128.34404360158877
4,4,92.36374466121383
4,4,106.04792426941933
3,4,149.29739001883394
3,4,73.00725401970017
3,4,221.3766169886424
3,4,115.6562257364809
3,4,118.44091954537623
3,5,88.49027768622055
3,5,122.30948802985631
3,5,158.34934014957076
3,5,112.23127826917987
3,5,222.53408717535166
2,5,140.4576633646289
2,5,50.0
2,5,119.73680229493256
2,5,79.0945927685212
2,5,190.8878637900176
2,6,179.9564478725996
2,6,95.7579307315181
2,6,50.0
2,6,154.94340514028437
2,6,60.96043963978092
1,6,100.15072398275909
1,6,68.1374594834409
1,6,165.12166287929023
1,6,102.92623646964208
1,6,135.59360284304975
1,5,71.65554954109962
1,5,50.0
1,5,100.43094170866705
1,5,149.60714116463367
1,5,50.0
1,6,137.92834087840137
1,6,212.17106324978712
1,6,128.17989630795824
1,6,76.31366086697332
1,6,219.11552980482284
0,6,115.35200444027122
0,6,112.58723865621943
0,6,107.96831168784433
0,6,50.0
0,6,52.209227074463264
0,7,50.0
0,7,98.01013683902332
0,7,68.71032259573717
0,7,50.0
0,7,117.39658159956379
-1,7,135.2281245232344
-1,7,124.96992020189967
-1,7,65.32127477611407
-1,7,50.0
-1,7,50.0
-2,7,218.78320435727625
-2,7,94.9709622602048
-2,7,60.84581495582161
-2,7,56.85668232883837
-2,7,59.84676390667139
-3,7,114.34577674943858
-3,7,72.77794335863436
-3,7,50.0
-3,7,55.45371357579661
-3,7,70.07180055838747
-3,8,98.33084691398491
-3,8,50.0
-3,8,126.82589917834025
-3,8,101.71023044666163
-3,8,95.92296298137246
-4,8,133.64230983041716
-4,8,50.0
-4,8,83.39079926192193
-4,8,173.422723642273
-4,8,131.19817741415235
-4,9,50.0
-4,9,106.09325550062007
-4,9,159.39322751040342
-4,9,141.32827273727895
-4,9,66.03138197516603
-4,10,50.0
-4,10,86.06432402041779
-4,10,59.21744343741705
-4,10,62.25527168849758
-4,10,60.11379881530009
-4,9,86.78614892530337
-4,9,50.0
-4,9,80.29845887050669
-4,9,90.80137510694124
-4,9,93.77997622024773
-4,8,69.55995546761987
-4,8,50.0
-4,8,50.0
-4,8,165.67744142163727
-4,8,50.0
-4,7,89.82429266273144
-4,7,80.3523834740658
-4,7,57.465903917908356
-4,7,50.0
-4,7,89.32941099075919
-4,6,95.89826179020866
-4,6,144.50948196981938
-4,6,90.2632613127893
-4,6,50.0
-4,6,50.0
-4,5,120.94484937148232
-4,5,78.95728394960152
-4,5,92.85562660674303
-4,5,150.2415796946074
-4,5,79.54755928674437
-4,4,190.42659882449897
-4,4,132.4147065929835
-4,4,58.839665657222355
-4,4,50.75781776415559
-4,4,182.71618926196788
-4,3,106.82698005910981
-4,3,128.0477725826126
-4,3,50.0
-4,3,50.0
-4,3,108.71459846172161
-4,2,192.59630975272427
-4,2,109.28098914284939
-4,2,60.39395532641555
-4,2,183.89970511170569
-4,2,101.82139411549815
-4,1,119.00046115676297
-4,1,56.00159481122127
-4,1,50.0
-4,1,121.67414115769827
-4,1,120.69316680771183
-4,2,92.28076541385697
-4,2,115.73617729861547
-4,2,185.0902127207574
-4,2,63.87846996220466
-4,2,106.06314930938561
-4,3,50.0
-4,3,134.26712534317932
-4,3,259.19930682605246
-4,3,226.24693352984352
-4,3,50.0
-4,2,69.34676333546808
-4,2,122.38523282427143
-4,2,90.0129092777935
-4,2,113.24579023531541
-4,2,50.0
-4,1,306.0605637344279
-4,1,157.41054966376484
-4,1,50.0
-4,1,107.47635207568209
-4,1,50.0
-4,0,91.80419858835964
-4,0,151.56890330903127
-4,0,55.50061075977268
-4,0,123.06124881279571
-4,0,50.0
-4,-1,255.2862057703679
-4,-1,137.40937096888698
-4,-1,54.70092226027985
-4,-1,156.71920835597413
-4,-1,73.5336505045209
-4,-2,54.299181437096294
-4,-2,113.25008021969406
-4,-2,90.07891146227541
-4,-2,127.29842142321519
-4,-2,122.11818946859799
-4,-3,205.38537342172407
-4,-3,118.28229618937296
-4,-3,103.80470990323293
-4,-3,60.853894827717625
-4,-3,91.06590328389937
-4,-4,97.89277832565838
-4,-4,241.72469880712123
-4,-4,73.30588541945006
-4,-4,168.85230960471125
-4,-4,122.52991574741507
-4,-3,189.51059261368877
-4,-3,181.1453640429488
-4,-3,117.15868959464981
-4,-3,144.72299907814875
-4,-3,50.0
-4,-4,122.77455979201815
-4,-4,50.0
-4,-4,143.9944161771362
-4,-4,50.0
-4,-4,154.77766379564594
-4,-5,57.22261848544635
-4,-5,116.46161898330912
-4,-5,50.0
-4,-5,118.43431636843304
-4,-5,50.0
-4,-4,67.55642948706408
-4,-4,50.0
-4,-4,72.8554718285145
-4,-4,159.1827633935069
-4,-4,122.63719366118129
-4,-5,158.33970868518458
-4,-5,84.47079953102502
-4,-5,111.99627964010263
-4,-5,50.0
-4,-5,60.816130577267835
-4,-6,50.0
-4,-6,74.24061282827968
-4,-6,128.0822777102058
-4,-6,119.54146400249549
-4,-6,50.0
-4,-7,50.0
-4,-7,50.0
-4,-7,50.0
-4,-7,111.5857947359323
-4,-7,66.58780804676877
-4,-8,100.41389051674167
-4,-8,174.70326015874727
-4,-8,50.0
-4,-8,50.0
-4,-8,79.09300471639317
-4,-9,56.33766917708897
-4,-9,99.36693544452469
-4,-9,50.15792770734535
-4,-9,50.0
-4,-9,50.0
-4,-8,50.0
-4,-8,95.1829926437247
-4,-8,50.0
-4,-8,50.0
-4,-8,65.8199785740764
-4,-9,89.76847034514437
-4,-9,99.5482802914914
-4,-9,119.30436737709584
-4,-9,99.85751666839292
-4,-9,50.0
-4,-10,51.11143180451644
-4,-10,86.88626025270327
-4,-10,50.0
-4,-10,116.8086054002504
-4,-10,50.0
-4,-9,88.02923253714502
-4,-9,50.0
-4,-9,50.0
-4,-9,50.0
-4,-9,86.62082879991712
-4,-10,50.0
-4,-10,50.0
-4,-10,104.7247385081686
-4,-10,87.77682104691877
-4,-10,106.65864849501314
-4,-11,50.0
-4,-11,50.0
-4,-11,117.78811145885246
-4,-11,80.41991631184928
-4,-11,50.0
-4,-12,147.7960948863152
-4,-12,95.86969811362295
-4,-12,99.08592548506452
-4,-12,73.64853339430448
-4,-12,62.85510043315969
-4,-13,78.52103249842791
-4,-13,50.0
-4,-13,50.0
-4,-13,50.0
-4,-13,69.1483360135475
-4,-12,105.56113838890073
-4,-12,105.33944239402825
-4,-12,71.34055571132647
-4,-12,50.0
-4,-12,54.551808065667615
-4,-13,120.60512229919564
-4,-13,99.90847486732736
-4,-13,56.873936860135856
-4,-13,50.0
-4,-13,67.07389539296094
-4,-14,50.0
-4,-14,58.85239440347052
-4,-14,65.15986691228649
-4,-14,50.0
-4,-14,76.60817395466475
-4,-15,97.56342677523136
-4,-15,58.37791866217216
-4,-15,70.24491345532937
-4,-15,50.0
-4,-15,99.61446043010002
-4,-16,56.05033130804555
-4,-16,50.0
-4,-16,130.15843357016263
-4,-16,50.0
-4,-16,50.0
-4,-15,50.0
-4,-15,68.43120273450174
-4,-15,50.0
-4,-15,107.91279353202808
-4,-15,50.0
-3,-15,50.0
-3,-15,136.9076003196721
-3,-15,50.0
-3,-15,90.05925649237243
-3,-15,50.0
-2,-15,50.0
-2,-15,50.0
-2,-15,50.0
-2,-15,67.75545034360998
-2,-15,107.87204997989899
-1,-15,76.12422294085678
-1,-15,152.17752709427822
-1,-15,156.8936332610563
-1,-15,77.80701501467692
-1,-15,50.0
0,-15,80.43722110637873
0,-15,75.96186030826672
0,-15,50.0
0,-15,55.723398071328866
0,-15,86.92518610871235
0,-14,50.0
0,-14,69.9574193879533
0,-14,50.0
0,-14,50.0
0,-14,135.96578816975705
1,-14,50.0
1,-14,69.89840140182663
1,-14,50.0
1,-14,50.0
1,-14,50.0
2,-14,128.25667264889904
2,-14,50.0
2,-14,127.98736697849981
2,-14,50.0
2,-14,119.27029306488764
2,-13,82.01914736606344
2,-13,50.0
2,-13,98.76139415712794
2,-13,100.39692380502689
2,-13,75.09369677929152
2,-12,89.51179023037875
2,-12,134.838737146447
2,-12,50.0
2,-12,115.10980478890284
2,-12,61.09054333817932
3,-12,112.44037224816128
3,-12,54.55602485926426
3,-12,50.0
3,-12,50.0
3,-12,73.67008250449534
4,-12,50.0
4,-12,50.0
4,-12,50.0
4,-12,57.69811463456747
4,-12,62.66919434471678
4,-11,90.33940570557175
4,-11,84.87875665583468
4,-11,98.38624767343725
4,-11,96.44427369803743
4,-11,87.1241509118472
5,-11,58.4700252999654
5,-11,106.54226083604122
5,-11,110.26287163735267
5,-11,56.526424552320975
5,-11,50.0
6,-11,50.0
6,-11,50.0
6,-11,50.0
6,-11,50.0
6,-11,77.09483592964177
6,-10,132.1031777581686
6,-10,52.599529821627854
6,-10,50.0
6,-10,74.78092727669164
6,-10,56.56232306171965
6,-9,83.88669256032985
6,-9,78.1906012194081
6,-9,57.65706353946608
6,-9,50.0
6,-9,50.0
6,-8,139.93319926161791
6,-8,50.0
6,-8,50.0
6,-8,70.92097854181577
6,-8,50.0
6,-7,100.7771065603299
6,-7,92.29369980728693
6,-7,50.0
6,-7,50.0
6,-7,50.0
7,-7,50.0
7,-7,172.0073258463897
7,-7,75.27576700732322
7,-7,161.28606721427337
7,-7,145.49572869650166
6,-7,50.0
6,-7,94.40141622196644
6,-7,175.06796444447895
6,-7,169.0117845351382
6,-7,106.84352047750146
6,-6,60.79940401232624
6,-6,174.09322734675305
6,-6,114.31585719607409
6,-6,50.0
6,-6,66.75526270157658
6,-5,123.11103637378352
6,-5,110.47689085581766
6,-5,131.04453801681342
6,-5,50.0
6,-5,77.0943998548442
6,-4,101.25288047844035
6,-4,120.1391880755616
6,-4,50.0
6,-4,114.38334639262526
6,-4,100.69737364969599
7,-4,75.73701714605153
7,-4,139.64950839499778
7,-4,117.68985746479675
7,-4,111.21529840894421
7,-4,91.54045621553429
6,-4,97.14512441766027
6,-4,94.46864726505768
6,-4,157.50887809842595
6,-4,111.13061940182983
6,-4,163.87896752136402
6,-3,68.04757588510437
6,-3,143.06964352732908
6,-3,116.46620649645791
6,-3,154.9169459819929
6,-3,150.73686104849185
7,-3,75.15905887277394
7,-3,92.73995273522141
7,-3,91.10299959751926
7,-3,193.85735496419724
7,-3,50.0
8,-3,117.89420903577349
8,-3,87.62160967479126
8,-3,92.08757365496876
8,-3,50.0
8,-3,50.0
8,-2,116.50225906600895
8,-2,78.73127217828709
8,-2,73.61753841548807
8,-2,165.5226183988608
8,-2,50.0
8,-1,94.91804994222433
8,-1,130.11985790842172
8,-1,78.84475130199567
8,-1,118.29709873290749
8,-1,128.00277056290608
9,-1,220.06820377070667
9,-1,50.0
9,-1,50.0
9,-1,50.0
9,-1,50.0
9,0,92.10053267505553
9,0,86.97763851919163
9,0,62.77844862048758
9,0,134.18835052305405
9,0,50.0
10,0,50.0
10,0,50.0
10,0,126.94497643068064
10,0,50.0
10,0,55.87877480193625
11,0,81.40387295119318
11,0,50.0
11,0,50.0
11,0,74.72914264951426
11,0,152.24251874624503
11,1,111.98028465862244
11,1,50.0
11,1,176.73956113046683
11,1,121.5713964665481
11,1,83.70371672358182
11,2,207.33502435771067
11,2,147.78073806334203
11,2,50.0
11,2,50.0
11,2,182.80744688496043
12,2,83.31409396944747
12,2,79.19683968740222
12,2,50.0
12,2,56.67359032784097
12,2,50.0
11,2,73.8556645107492
11,2,164.5326407341454
11,2,50.0
11,2,105.69750699035276
11,2,50.0
11,3,52.11404703080371
11,3,96.12607287739873
11,3,50.0
11,3,52.94693671283617
11,3,119.32720031698035
12,3,50.0
12,3,209.8668883113993
12,3,63.640875680700276
12,3,72.69053244298352
12,3,50.0
12,4,93.38694644360397
12,4,68.47611035319929
12,4,77.89075562430224
12,4,50.0
12,4,85.94112483386638
13,4,78.80290707759315
13,4,86.45411374777612
13,4,52.34332469789399
13,4,129.38136720750063
13,4,50.0
12,4,85.71204139147535
12,4,97.20245692081014
12,4,50.0
12,4,50.0
12,4,100.74170730994894
13,4,50.0
13,4,50.0
13,4,50.0
13,4,50.242542331336125
13,4,50.0
14,4,50.0
14,4,71.19304426104868
14,4,50.0
14,4,50.0
14,4,112.42165082734235
13,4,50.0
13,4,85.32796700603609
13,4,50.0
13,4,52.219383702007526
13,4,50.0
14,4,50.0
14,4,157.61487068879177
14,4,50.0
14,4,50.0
14,4,58.24299615022042
15,4,50.520474869000054
15,4,50.0
15,4,61.76575500429805
15,4,118.14996550145325
15,4,50.0
16,4,50.0
16,4,50.0
16,4,142.61454233563052
16,4,50.0
16,4,50.0
17,4,122.86426617773537
17,4,51.69773468920062
17,4,111.15987816039828
17,4,50.0
17,4,50.0
16,4,50.0
16,4,59.101926157376575
16,4,70.35543491302492
16,4,50.0
16,4,76.41917065188308
17,4,50.0
17,4,50.0
17,4,50.0
17,4,69.43948852745767
17,4,110.12341741955005
16,4,111.4088139518233
16,4,54.926107856340906
16,4,90.71964196453553
16,4,50.0
16,4,50.0
17,4,50.0
17,4,50.0
17,4,50.0
17,4,61.647358211036554
17,4,50.0
18,4,50.0
18,4,80.58875585613698
18,4,50.0
18,4,50.0
18,4,199.15572927101923
19,4,50.0
19,4,50.0
19,4,50.0
19,4,50.0
19,4,60.604526963133075
20,4,50.0
20,4,50.0
20,4,50.0
20,4,50.0
20,4,50.0
20,5,50.0
20,5,50.0
20,5,50.0
20,5,50.0
20,5,50.0
20,6,50.0
20,6,50.0
20,6,50.0
20,6,50.0
20,6,66.48080739305067
20,7,148.8733376335528
20,7,50.0
20,7,50.0
20,7,50.0
20,7,102.8258480532256
20,6,50.0
20,6,50.0
20,6,50.0
20,6,50.0
20,6,50.0
20,5,50.0
20,5,50.0
20,5,50.0
20,5,50.0
20,5,50.0
20,6,50.0
20,6,71.12183597035245
20,6,50.0
20,6,50.0
20,6,91.5111308548749
20,7,50.0
20,7,59.80337695258456
20,7,50.0
20,7,50.0
20,7,50.0
20,6,50.0
20,6,50.0
20,6,86.66307251553953
20,6,50.0
20,6,50.0
20,5,50.0
20,5,132.18464955754564
20,5,50.0
20,5,50.0
20,5,50.0
20,6,50.0
20,6,50.0
20,6,50.0
20,6,50.0
20,6,60.41805816177513
20,7,50.0
20,7,50.0
20,7,50.0
20,7,50.0
20,7,50.0
20,8,50.0
20,8,50.0
20,8,50.0
20,8,50.0
20,8,121.98995812483703
20,9,50.0
20,9,51.80248873501843
20,9,50.0
20,9,50.0
20,9,50.0
20,8,50.0
20,8,50.0
20,8,50.0
20,8,50.0
20,8,73.87054510812163
20,9,50.0
20,9,72.19170586543608
20,9,50.0
20,9,50.0
20,9,50.0
20,8,50.0
20,8,50.0
20,8,50.0
20,8,50.0
20,8,50.0
20,9,50.0
20,9,50.0
20,9,50.0
20,9,50.0
20,9,50.0
20,8,50.0
20,8,73.59240123027655
20,8,50.0
20,8,53.49441115800814
20,8,50.0
20,9,50.0
20,9,50.0
20,9,50.0
20,9,50.0
20,9,50.0
20,10,50.0
20,10,50.0
20,10,50.0
20,10,80.90772566438645
20,10,50.0
20,11,50.0
20,11,50.0
20,11,50.0
20,11,50.0
20,11,50.0
20,12,50.0
20,12,50.0
20,12,56.468821684216834
20,12,50.0
20,12,50.0
20,13,50.0
20,13,50.0
20,13,50.0
20,13,60.305174754112905
20,13,50.0
20,14,50.0
20,14,50.0
20,14,50.0
20,14,50.0
20,14,50.0
20,15,50.0
20,15,50.0
20,15,50.0
20,15,50.0
20,15,65.58424385099143
20,16,50.0
20,16,50.0
20,16,50.0
20,16,50.0
20,16,50.0
20,17,50.0
20,17,50.0
20,17,50.0
20,17,50.0
20,17,50.0
20,18,50.0
20,18,50.0
20,18,50.0
20,18,50.0
20,18,50.0
20,19,50.0
20,19,50.0
20,19,50.0
20,19,50.0
20,19,50.0
20,20,50.0
20,20,50.0
20,20,50.0
20,20,50.0
20,20,50.0
19,20,50.0
