-15,-8,50.0
-15,-8,50.0
-15,-8,50.34823835004345
-15,-8,50.0
-14,-8,50.0
-14,-8,58.290117047015194
-14,-8,62.715170708058594
-14,-8,50.0
-14,-8,73.58811724887452
-13,-8,50.0
-13,-8,50.0
-13,-8,50.0
-13,-8,122.7131259728973
-13,-8,50.0
-12,-8,64.76660032825802
-12,-8,56.01263313285108
-12,-8,50.0
-12,-8,175.42788093911213
-12,-8,50.0
-11,-8,125.49217887283159
-11,-8,50.0
-11,-8,50.0
-11,-8,50.0
-11,-8,87.97508434677022
-10,-8,105.83842532813198
-10,-8,50.14778220265211
-10,-8,50.0
-10,-8,50.0
-10,-8,79.56175074181297
-9,-8,50.0
-9,-8,118.72369927826787
-9,-8,142.56018535623775
-9,-8,50.0
-9,-8,74.81254936377888
-8,-8,50.0
-8,-8,50.0
-8,-8,74.77154830339529
-8,-8,113.03129956430796
-8,-8,71.49125783475318
-7,-8,102.29772047245632
-7,-8,50.0
-7,-8,50.0
-7,-8,50.0
-7,-8,53.00633714748245
-6,-8,59.46245765509258
-6,-8,50.0
-6,-8,50.0
-6,-8,133.6147738263353
-6,-8,50.0
-5,-8,91.59447209763482
-5,-8,64.05297905101354
-5,-8,83.83179861231703
-5,-8,62.3098065725399
-5,-8,113.28196983711109
-4,-8,101.65011349680792
-4,-8,91.2490692266012
-4,-8,86.65569631109017
-4,-8,75.20224523456932
-4,-8,50.0
-3,-8,149.4343472138744
-3,-8,99.18206946973949
-3,-8,74.65821656910623
-3,-8,206.13464126851525
-3,-8,126.37825790985369
-2,-8,105.91161127280334
-2,-8,102.86034858652204
-2,-8,92.73104866402734
-2,-8,82.43408680364155
-2,-8,98.41137053398161
-1,-8,68.34708828238536
-1,-8,116.04845789523588
-1,-8,65.4014327789088
-1,-8,113.04895652713931
-1,-8,50.0
0,-8,72.52206607555372
0,-8,64.02805735616249
0,-8,52.74024493065775
0,-8,119.12052302680914
0,-8,50.0
1,-8,68.42624310594964
1,-8,99.03048127769321
1,-8,156.68087310111207
1,-8,50.0
1,-8,144.7666382864592
2,-8,90.74571436410939
2,-8,58.79033495764195
2,-8,50.0
2,-8,124.96043487992615
2,-8,76.9105600089313
3,-8,89.53545618202969
3,-8,110.91985958527235
3,-8,61.904746482737764
3,-8,84.51779937464735
3,-8,104.23951197886967
4,-8,56.687182634472514
4,-8,82.95012397987165
4,-8,141.77908530072588
4,-8,50.68362957339488
4,-8,111.83436290048492
5,-8,169.94548949394337
5,-8,50.0
5,-8,74.86984637708566
5,-8,50.0
5,-8,87.73214724646536
6,-8,59.9796868018835
6,-8,59.25788201507925
6,-8,50.0
6,-8,68.8001767833001
6,-8,50.0
5,-8,79.85927637185817
5,-8,138.26045131351086
5,-8,50.0
5,-8,50.0
5,-8,68.26328276179159
6,-8,50.0
6,-8,61.809739129847884
6,-8,80.8967910594419
6,-8,136.22473880785236
6,-8,54.36049497053021
7,-8,50.0
7,-8,59.634134869664
7,-8,148.27981955009048
7,-8,153.7729617982879
7,-8,103.61907045018815
8,-8,50.0
8,-8,103.66470340708497
8,-8,50.0
8,-8,215.0437999305757
8,-8,50.0
9,-8,68.22578123030958
9,-8,72.22140963818782
9,-8,50.0
9,-8,120.59234949615696
9,-8,52.42988847700822
10,-8,133.15001433262145
10,-8,56.117843598749936
10,-8,73.18411481550216
10,-8,82.07972911731261
10,-8,50.0
11,-8,50.0
11,-8,50.0
11,-8,50.0
11,-8,99.50667372857295
11,-8,66.84646140523648
12,-8,50.0
12,-8,50.0
12,-8,64.62522530438886
12,-8,50.0
12,-8,50.0
11,-8,75.23464582140485
11,-8,160.18422013410276
11,-8,50.0
11,-8,50.0
11,-8,55.282153670159815
11,-7,77.59312864033436
11,-7,50.0
11,-7,50.0
11,-7,50.0
11,-7,50.0
10,-7,70.53503546070213
10,-7,78.06602852639465
10,-7,104.82243058922418
10,-7,50.0
10,-7,50.0
10,-6,50.0
10,-6,67.29107587948828
10,-6,50.0
10,-6,79.87249948192606
10,-6,50.0
11,-6,50.0
11,-6,105.53937447271963
11,-6,50.0
11,-6,89.98322074202665
11,-6,90.14643661717078
10,-6,50.0
10,-6,50.0
10,-6,50.0
10,-6,75.96458896925851
10,-6,123.52402115059023
9,-6,84.18906526943557
9,-6,105.49949214660785
9,-6,124.74480676362936
9,-6,81.42404379331028
9,-6,99.96484066837274
9,-5,50.0
9,-5,157.39214983366648
9,-5,106.48111657394647
9,-5,82.41005994864584
9,-5,126.2455937341071
9,-4,70.30272898548016
9,-4,50.0
9,-4,82.63024445592978
9,-4,50.0
9,-4,90.37166561835322
10,-4,185.9465482341845
10,-4,145.04474823392903
10,-4,50.0
10,-4,50.0
10,-4,50.0
9,-4,124.73779340670274
9,-4,50.0
9,-4,50.0
9,-4,50.0
9,-4,50.0
9,-3,61.17969316856361
9,-3,153.1119990417509
9,-3,86.79200979277591
9,-3,86.1640456189205
9,-3,94.55458640923459
8,-3,50.0
8,-3,50.0
8,-3,50.0
8,-3,98.67819267115316
8,-3,109.09931800607947
7,-3,50.0
7,-3,70.43419912596859
7,-3,131.00777383128738
7,-3,82.33093352710706
7,-3,127.2861026875601
7,-2,59.96542828570929
7,-2,120.49561173026163
7,-2,178.23220678095913
7,-2,141.44002884573942
7,-2,140.57216372935818
7,-1,87.27131450438277
7,-1,89.4042339185169
7,-1,54.62645879448352
7,-1,77.40858506787404
7,-1,94.4699984662834
7,0,50.0
7,0,91.47810591361099
7,0,119.37502768784901
7,0,124.8438392034018
7,0,126.52843525374597
7,1,93.10060178526408
7,1,50.0
7,1,50.0
7,1,104.62980120475241
7,1,106.96849938446167
7,2,95.7983642959937
7,2,59.602298057818345
7,2,104.76976294883103
7,2,97.36995830815374
7,2,61.68415900303198
8,2,111.55550921343081
8,2,139.68656956342178
8,2,50.47758765695369
8,2,65.66673090451923
8,2,148.30067873301525
8,3,180.5484969624281
8,3,50.0
8,3,138.03205183640716
8,3,137.19568144330603
8,3,94.81069914813766
7,3,149.45725711597498
7,3,97.89003803099952
7,3,50.0
7,3,126.94472288381944
7,3,86.48559981311958
6,3,99.51547435468011
6,3,159.09181622056315
6,3,84.58646239193443
6,3,119.14675285976953
6,3,135.4914997866525
5,3,229.61268177641108
5,3,90.89813011149371
5,3,105.01518647647094
5,3,81.81353320344343
5,3,115.52059376496902
5,4,104.79211833314795
5,4,100.83077379666217
5,4,178.75702226936414
5,4,191.51937417889846
5,4,97.11505283173537
4,4,151.57196163545098
4,4,50.0
4,4,95.25977772855387
4,4,84.42612212949359
4,4,95.28575902702477
3,4,119.78237446600784
3,4,182.19002299994494
3,4,64.93106917971171
3,4,72.14409136600092
3,4,127.12433178723349
3,5,56.76027677420609
3,5,155.70375415165455
3,5,123.5617107193361
3,5,106.06555656939207
3,5,155.59850766524892
2,5,119.01574865174881
2,5,63.42407825670496
2,5,50.0
2,5,129.98095416313012
2,5,121.94832287398444
2,6,51.900954387167744
2,6,50.0
2,6,104.33072386882768
2,6,88.26817380241489
2,6,84.180106747873
1,6,50.0
1,6,175.48185620523142
1,6,104.98414987179082
1,6,238.68428658226975
1,6,50.407187099345414
1,5,148.92156669237465
1,5,217.7639063719369
1,5,58.62213621714317
1,5,194.52167168660566
1,5,218.67538107229709
1,6,107.44372639597276
1,6,67.89866806056698
1,6,100.03356913762394
1,6,228.68722905047764
1,6,158.14896098933195
0,6,80.88477441838108
0,6,81.87097323987737
0,6,137.5302765885479
0,6,52.78405238639459
0,6,79.16731362814787
0,7,203.88612745882472
0,7,143.01455792034585
0,7,104.73918903761049
0,7,205.59900620218207
0,7,98.60946085440223
-1,7,110.34128858628168
-1,7,69.15116115049454
-1,7,78.8240480016352
-1,7,95.8406217603496
-1,7,133.88801538328818
-2,7,147.03903684362382
-2,7,107.13608352912024
-2,7,143.08073810232196
-2,7,61.747686331707555
-2,7,50.0
-3,7,66.48874323583186
-3,7,78.05578911991212
-3,7,113.37921124488979
-3,7,93.26062057682957
-3,7,119.77879060538724
-3,8,105.70648180973907
-3,8,50.0
-3,8,150.67401959257236
-3,8,150.6140888279462
-3,8,131.9313722126844
-4,8,126.90842412231697
-4,8,162.3166501190836
-4,8,50.0
-4,8,50.0
-4,8,53.65910103173134
-4,9,80.06440389556991
-4,9,73.09942892614094
-4,9,79.5132664969774
-4,9,77.14299459724523
-4,9,50.0
-4,10,63.45582001423998
-4,10,63.589079925606285
-4,10,63.106633789969294
-4,10,50.0
-4,10,50.0
-4,9,77.07872984393927
-4,9,50.0
-4,9,54.8410856763615
-4,9,78.14160002447693
-4,9,50.0
-4,8,50.0
-4,8,136.5385645457888
-4,8,50.0
-4,8,50.0
-4,8,50.0
-4,7,50.0
-4,7,55.23834799796358
-4,7,50.0
-4,7,153.6807011650988
-4,7,118.79753631706802
-4,6,148.509024396879
-4,6,104.81344184538585
-4,6,80.27531914230723
-4,6,189.1013508043891
-4,6,55.937740104766505
-4,5,165.59835323186593
-4,5,179.77870393932363
-4,5,122.18707294976195
-4,5,96.3433619223453
-4,5,72.82467588520055
-4,4,191.5885103378657
-4,4,50.0
-4,4,50.0
-4,4,124.0223680970045
-4,4,89.99843706661014
-4,3,115.16035665152579
-4,3,50.0
-4,3,115.80010036729118
-4,3,142.09192900141838
-4,3,111.62836467113802
-4,2,80.51868012989493
-4,2,68.54061730520974
-4,2,75.4749573119913
-4,2,163.0914737525935
-4,2,117.88051723987937
-4,1,101.43319154417989
-4,1,68.35414751948443
-4,1,102.20857594051391
-4,1,146.30009176192686
-4,1,50.0
-4,2,80.4474657331399
-4,2,159.91378976625694
-4,2,89.54777319047307
-4,2,136.28009300961511
-4,2,198.22942167038497
-4,3,75.59811528851046
-4,3,138.46171101172848
-4,3,118.74758569123608
-4,3,126.46629933037974
-4,3,113.12175527480112
-4,2,245.96349352463767
-4,2,103.67167552810679
-4,2,100.12378141918522
-4,2,86.35266617789406
-4,2,145.43795781757711
-4,1,67.71149779915675
-4,1,83.13132565573335
-4,1,215.57305269750128
-4,1,118.05221159813553
-4,1,193.01361881562556
-4,0,135.16338844806378
-4,0,78.85763681369835
-4,0,98.0091606075929
-4,0,119.93319844531777
-4,0,214.47677954565552
-4,-1,84.67943179605616
-4,-1,135.65408716368614
-4,-1,177.84267037122996
-4,-1,112.66497831650186
-4,-1,208.7777180143699
-4,-2,118.53110490626213
-4,-2,147.11870501363674
-4,-2,77.84093234367324
-4,-2,108.3407422324197
-4,-2,50.0
-4,-3,86.51490726214928
-4,-3,76.03651196929277
-4,-3,135.439812122364
-4,-3,72.83717957437003
-4,-3,164.63260125885813
-4,-4,123.91743157591418
-4,-4,68.99111451686579
-4,-4,111.05022903860282
-4,-4,64.15510855205224
-4,-4,166.20181805644626
-4,-3,159.48530531317638
-4,-3,118.18300000506483
-4,-3,68.29620804028487
-4,-3,61.78689461613825
-4,-3,70.1190670637172
-4,-4,50.0
-4,-4,50.0
-4,-4,186.8111723141956
-4,-4,171.29262491092868
-4,-4,104.37756451275382
-4,-5,146.80233301328207
-4,-5,153.37474473244743
-4,-5,172.64117912990793
-4,-5,105.5014233334052
-4,-5,87.38733720682959
-4,-4,50.0
-4,-4,50.0
-4,-4,94.84424229625917
-4,-4,116.7553556198533
-4,-4,68.88612223246605
-4,-5,148.71144144321158
-4,-5,78.96739290128491
-4,-5,211.3791048016226
-4,-5,132.7986578764916
-4,-5,99.25488032327401
-4,-6,159.42543797668952
-4,-6,178.85239383256044
-4,-6,142.21474938940958
-4,-6,50.0
-4,-6,65.04324117447251
-4,-7,119.49720566897861
-4,-7,105.36808280172173
-4,-7,50.0
-4,-7,71.32976074140363
-4,-7,66.5200626628639
-4,-8,143.9130481207307
-4,-8,50.0
-4,-8,78.43734123339556
-4,-8,50.0
-4,-8,69.96413221206883
-4,-9,241.3811104891633
-4,-9,70.1641425175605
-4,-9,54.81793603608335
-4,-9,77.03710840368421
-4,-9,75.73303089627605
-4,-8,111.08758905309506
-4,-8,138.33349124615154
-4,-8,114.27912717990642
-4,-8,93.15569333595212
-4,-8,50.0
-4,-9,57.31705832605165
-4,-9,143.50516917784876
-4,-9,50.0
-4,-9,50.0
-4,-9,50.0
-4,-10,50.0
-4,-10,113.07220783268161
-4,-10,95.14861721429972
-4,-10,167.6190184353547
-4,-10,108.68488890613759
-4,-9,103.37659380181317
-4,-9,71.78838672026609
-4,-9,72.89185345394259
-4,-9,83.95548381309348
-4,-9,74.5275898550717
-4,-10,139.44343805328373
-4,-10,127.63405916466456
-4,-10,55.99003182145874
-4,-10,50.0
-4,-10,54.37896866200509
-4,-11,152.00730681893413
-4,-11,91.00263861194632
-4,-11,50.0
-4,-11,154.60653176948432
-4,-11,73.20031870237919
-4,-12,50.0
-4,-12,50.0
-4,-12,89.38365233481085
-4,-12,76.68109334150175
-4,-12,56.03223794174922
-4,-13,103.78629337806197
-4,-13,99.0623977016921
-4,-13,88.353697441125
-4,-13,50.0
-4,-13,50.0
-4,-12,50.0
-4,-12,109.12331292529376
-4,-12,64.85013964393943
-4,-12,70.79266017248213
-4,-12,73.6500106028067
-4,-13,73.94436806644765
-4,-13,87.26797898712667
-4,-13,135.4232703863067
-4,-13,73.24993554573135
-4,-13,125.9260891223321
-4,-14,50.0
-4,-14,139.23743296415944
-4,-14,63.90960314955609
-4,-14,50.0
-4,-14,53.81515597276724
-4,-15,50.0
-4,-15,50.0
-4,-15,50.0
-4,-15,76.17520062171263
-4,-15,57.50299555420305
-4,-16,50.0
-4,-16,67.3791466104037
-4,-16,50.0
-4,-16,105.6657049481978
-4,-16,109.21611921863501
-4,-15,113.733262352793
-4,-15,50.0
-4,-15,50.0
-4,-15,50.0
-4,-15,50.0
-3,-15,123.48169183474336
-3,-15,50.0
-3,-15,99.43343963960902
-3,-15,50.0
-3,-15,99.06922095009865
-2,-15,74.4175698476617
-2,-15,127.46271277611213
-2,-15,50.0
-2,-15,50.0
-2,-15,60.91608047880812
-1,-15,72.23074816239321
-1,-15,63.01952801165803
-1,-15,99.75217857079792
-1,-15,50.0
-1,-15,56.67201650855722
0,-15,50.0
0,-15,50.0
0,-15,59.15206964370055
0,-15,50.0
0,-15,51.63501300928443
0,-14,54.32600560932348
0,-14,50.0
0,-14,61.73448731984585
0,-14,50.0
0,-14,95.40306214224451
1,-14,81.15590816420101
1,-14,50.0
1,-14,50.0
1,-14,113.7899494885533
1,-14,81.61986796723028
2,-14,127.44295977821886
2,-14,131.05398414854386
2,-14,50.0
2,-14,74.45521190011834
2,-14,50.0
2,-13,50.0
2,-13,69.01698116125169
2,-13,50.0
2,-13,105.37971215180045
2,-13,113.92858645738531
2,-12,50.0
2,-12,96.03678473691676
2,-12,78.14723673046404
2,-12,79.87807997485892
2,-12,58.59216529126275
3,-12,50.0
3,-12,50.0
3,-12,133.57448256961538
3,-12,50.0
3,-12,50.0
4,-12,61.017883350721
4,-12,50.0
4,-12,95.03965160309082
4,-12,50.0
4,-12,69.4511413644361
4,-11,79.4386943856178
4,-11,91.1756116778923
4,-11,50.0
4,-11,77.92908729093607
4,-11,60.12716222280682
5,-11,50.0
5,-11,92.62070516903378
5,-11,74.4735264127981
5,-11,50.0
5,-11,102.20254789240747
6,-11,50.0
6,-11,55.88564380009292
6,-11,193.53882228897996
6,-11,50.0
6,-11,84.7830803579714
6,-10,50.0
6,-10,50.0
6,-10,128.58203364390351
6,-10,96.71729291079372
6,-10,50.0
6,-9,62.26391399332281
6,-9,111.52168392485042
6,-9,113.78728885947625
6,-9,50.0
6,-9,68.57530243546435
6,-8,81.44845237200201
6,-8,89.91490118261329
6,-8,50.0
6,-8,50.0
6,-8,91.9634576947255
6,-7,98.56905562938238
6,-7,50.0
6,-7,82.80473038580834
6,-7,103.07574104766947
6,-7,54.47847168357222
7,-7,166.9957518621734
7,-7,50.0
7,-7,101.81598028742815
7,-7,142.83595857565032
7,-7,92.47868820077696
6,-7,68.0579760138734
6,-7,106.28170672665894
6,-7,60.506683887748025
6,-7,144.77653874954308
6,-7,50.0
6,-6,104.11882005725926
6,-6,112.7886457401489
6,-6,56.26303732194054
6,-6,55.02591868032478
6,-6,144.74749985359435
6,-5,118.77417022934392
6,-5,86.32997421674699
6,-5,83.25070691509008
6,-5,118.85638041663886
6,-5,177.11582373174616
6,-4,94.13457257632797
6,-4,140.4053201717635
6,-4,50.0
6,-4,108.89277407557879
6,-4,120.35087824300024
7,-4,82.58620286567616
7,-4,138.46703490645766
7,-4,60.70164480450191
7,-4,56.95183432964008
7,-4,50.0
6,-4,71.85140358158107
6,-4,178.9095581515234
6,-4,117.63121131507688
6,-4,58.58640034787865
6,-4,105.52391622604452
6,-3,75.28502207471875
6,-3,50.0
6,-3,72.09258432631898
6,-3,195.22090992332568
6,-3,66.96093789365753
7,-3,51.16508813176841
7,-3,126.37600298158091
7,-3,100.26284628324179
7,-3,57.2569872014937
7,-3,50.0
8,-3,74.89758832334884
8,-3,73.96857920894135
8,-3,59.67325154917899
8,-3,109.55418523211776
8,-3,70.4112933043333
8,-2,126.42915184000432
8,-2,57.073595129418955
8,-2,56.77381762074147
8,-2,108.35630973577612
8,-2,102.31174409468385
8,-1,50.99267427741864
8,-1,53.65808606256513
8,-1,50.0
8,-1,79.16368733769718
8,-1,116.2325993341167
9,-1,78.62000920671815
9,-1,104.69799180758345
9,-1,50.0
9,-1,101.32151043771317
9,-1,80.31063132100228
9,0,124.55202426606647
9,0,50.0
9,0,50.0
9,0,112.50729414548238
9,0,77.81235314638704
10,0,112.187911140143
10,0,63.662133613935886
10,0,113.26016484507078
10,0,50.0
10,0,75.33952201847907
11,0,54.68982736288319
11,0,177.8883068293839
11,0,121.08071579011595
11,0,67.97140675539467
11,0,153.26240940221265
11,1,104.59260668365346
11,1,157.80191105148143
11,1,70.70586783638603
11,1,50.0
11,1,50.0
11,2,158.495332728419
11,2,50.0
11,2,125.09088740237412
11,2,194.6065928861869
11,2,50.0
12,2,50.0
12,2,52.556598213771366
12,2,117.55312062669118
12,2,125.91515364509141
12,2,74.75137300382404
11,2,50.0
11,2,50.0
11,2,50.0
11,2,87.75879275172713
11,2,50.0
11,3,50.0
11,3,160.86117602931563
11,3,50.0
11,3,115.73912504352909
11,3,149.1869507418926
12,3,50.471095018920174
12,3,50.0
12,3,50.0
12,3,50.0
12,3,50.0
12,4,111.92695973858942
12,4,50.0
12,4,150.05182322964822
12,4,86.03229869363729
12,4,165.78398947694524
13,4,50.0
13,4,50.0
13,4,124.78122956231087
13,4,50.0
13,4,50.0
12,4,59.89834228577291
12,4,116.5952155503412
12,4,50.0
12,4,50.0
12,4,50.0
13,4,94.82579106178372
13,4,50.0
13,4,77.82866110074909
13,4,82.01438083588772
13,4,81.70787954113779
14,4,50.0
14,4,50.0
14,4,50.0
14,4,199.89605876589616
14,4,50.0
13,4,166.92206325267134
13,4,50.0
13,4,50.0
13,4,50.0
13,4,50.0
14,4,50.0
14,4,73.01681964422076
14,4,130.39118479159026
14,4,50.0
14,4,50.0
15,4,113.88473642022757
15,4,50.0
15,4,50.0
15,4,50.0
15,4,58.02268502581698
16,4,50.0
16,4,50.0
16,4,52.4196563519442
16,4,157.57264683484237
16,4,50.0
17,4,50.0
17,4,50.0
17,4,113.38627686014436
17,4,87.49126118257385
17,4,75.1513119567035
16,4,50.0
16,4,95.5712396150909
16,4,50.0
16,4,50.0
16,4,50.0
17,4,54.38245985167007
17,4,50.0
17,4,50.0
17,4,124.90022039833141
17,4,50.0
16,4,50.0
16,4,50.0
16,4,91.30247471763337
16,4,50.0
16,4,50.0
17,4,50.0
17,4,50.0
17,4,50.0
17,4,50.0
17,4,158.68633816874916
18,4,66.13284977997523
18,4,50.0
18,4,50.0
18,4,50.0
18,4,50.0
19,4,50.0
19,4,50.0
19,4,50.0
19,4,50.0
19,4,50.0
20,4,50.0
20,4,50.0
20,4,50.0
20,4,50.0
20,4,50.0
20,5,50.0
20,5,50.0
20,5,50.0
20,5,50.0
20,5,50.0
20,6,50.0
20,6,60.152751627155794
20,6,50.0
20,6,50.0
20,6,50.0
20,7,50.0
20,7,50.0
20,7,50.0
20,7,50.0
20,7,50.0
20,6,50.0
20,6,50.0
20,6,50.0
20,6,50.0
20,6,50.0
20,5,62.13068449075857
20,5,50.0
20,5,50.0
20,5,50.0
20,5,50.0
20,6,50.0
20,6,50.0
20,6,50.0
20,6,50.0
20,6,50.0
20,7,50.69159469647098
20,7,50.0
20,7,50.0
20,7,50.0
20,7,62.54794978618168
20,6,50.0
20,6,50.0
20,6,50.0
20,6,50.0
20,6,50.0
20,5,50.0
20,5,50.0
20,5,50.0
20,5,50.0
20,5,50.0
20,6,63.831725433468236
20,6,50.0
20,6,50.0
20,6,50.49361559800898
20,6,50.0
20,7,50.0
20,7,50.0
20,7,50.0
20,7,50.0
20,7,50.0
20,8,50.0
20,8,50.0
20,8,50.0
20,8,50.0
20,8,50.0
20,9,50.0
20,9,50.0
20,9,50.0
20,9,50.0
20,9,50.0
20,8,50.0
20,8,50.0
20,8,129.06116735171415
20,8,50.0
20,8,50.0
20,9,50.0
20,9,134.42233482196923
20,9,50.0
20,9,50.0
20,9,50.0
20,8,63.243130802511295
20,8,50.0
20,8,50.0
20,8,71.32056289142513
20,8,50.0
20,9,50.0
20,9,50.0
20,9,50.0
20,9,51.45905532836018
20,9,50.0
20,8,50.0
20,8,50.0
20,8,50.0
20,8,104.85079364256161
20,8,50.0
20,9,50.0
20,9,50.0
20,9,50.0
20,9,50.0
20,9,50.0
20,10,50.0
20,10,50.0
20,10,50.0
20,10,50.0
20,10,50.0
20,11,50.0
20,11,50.0
20,11,50.0
20,11,50.0
20,11,59.07163671625026
20,12,50.0
20,12,50.0
20,12,53.04914560626119
20,12,72.39339107079489
20,12,50.0
20,13,50.0
20,13,95.65060210272303
20,13,50.0
20,13,50.0
20,13,50.0
20,14,50.0
20,14,50.0
20,14,50.0
20,14,50.0
20,14,50.0
20,15,50.0
20,15,93.65558441862274
20,15,50.0
20,15,50.0
20,15,50.0
20,16,50.0
20,16,50.0
20,16,50.0
20,16,50.0
20,16,50.0
20,17,50.0
20,17,50.0
20,17,50.0
20,17,50.0
20,17,50.0
20,18,50.0
20,18,50.0
20,18,50.0
20,18,50.0
20,18,50.0
20,19,50.0
20,19,50.0
20,19,50.0
20,19,50.0
20,19,50.0
20,20,50.0
20,20,50.0
20,20,50.0
20,20,50.0
20,20,50.0
19,20,50.0
