-15,-8,200.0
-14,-8,200.0
-14,-8,275.3271801721737
-13,-8,347.69416229891465
-13,-8,200.0
-12,-8,402.49310788020375
-12,-8,537.8744796195381
-11,-8,313.3060135560734
-11,-8,270.3841051746519
-10,-8,208.80528606876283
-10,-8,200.0
-9,-8,360.57181656826396
-9,-8,200.0
-8,-8,485.7269340252464
-8,-8,359.47081116775024
-7,-8,268.20445876367774
-7,-8,501.0680673862195
-6,-8,552.1058281960327
-6,-8,407.08619168590917
-5,-8,398.8183802887604
-5,-8,531.2908858338851
-4,-8,200.0
-4,-8,744.4223117482835
-3,-8,309.39988372341344
-3,-8,232.49497656036502
-2,-8,200.0
-2,-8,308.32686706512004
-1,-8,524.8047744443197
-1,-8,451.6521158964115
0,-8,200.0
0,-8,526.728467626824
1,-8,358.21003617625706
1,-8,506.38786515722455
2,-8,430.6914849004221
2,-8,254.47985031612163
3,-8,436.8464900139824
3,-8,631.1588931287978
4,-8,214.56379927896793
4,-8,490.2211067760383
5,-8,389.87822067189035
5,-8,429.024680694224
6,-8,200.0
6,-8,200.0
5,-8,200.0
5,-8,429.6985163599095
6,-8,244.80280529518475
6,-8,200.0
7,-8,200.0
7,-8,475.66180323611087
8,-8,318.95824232330637
8,-8,402.39520204135965
9,-8,200.0
9,-8,200.0
10,-8,200.0
10,-8,200.0
11,-8,200.0
11,-8,200.0
12,-8,256.48015686883787
12,-8,535.7223015325576
11,-8,211.8707257835091
11,-8,200.0
11,-7,200.0
11,-7,423.70180521609274
10,-7,200.0
10,-7,200.0
10,-6,200.0
10,-6,478.7767734676671
11,-6,301.1917410107217
11,-6,367.42795763503966
10,-6,200.0
10,-6,200.0
9,-6,228.41802780612278
9,-6,381.3705592971107
9,-5,200.0
9,-5,317.1387080489036
9,-4,212.85901645463036
9,-4,409.2974557229017
10,-4,200.0
10,-4,722.1212610393874
9,-4,492.49543236166056
9,-4,346.25051885497845
9,-3,847.5339374384092
9,-3,733.4924210885818
8,-3,274.6159407002172
8,-3,525.3302675454145
7,-3,969.4737195422972
7,-3,200.0
7,-2,595.8512327549474
7,-2,200.0
7,-1,200.0
7,-1,470.5440009200117
7,0,397.95938810494476
7,0,454.7578803644808
7,1,641.1562379224266
7,1,536.1951885829137
7,2,791.6806059829032
7,2,200.0
8,2,499.3331667595157
8,2,629.6295143338966
8,3,854.5698697029351
8,3,501.8402972875877
7,3,601.0326497063706
7,3,570.461143855122
6,3,508.32824413580124
6,3,369.07420607219046
5,3,468.56708689061276
5,3,271.18873650280636
5,4,552.7627339642568
5,4,517.303888827111
4,4,713.557719247393
4,4,354.58177966909074
3,4,502.62673799153646
3,4,605.9294823872326
3,5,570.0332500781325
3,5,333.9964282001178
2,5,784.0127553447574
2,5,498.6356112479517
2,6,547.3078067290747
2,6,226.21536714374614
1,6,448.2453486778124
1,6,318.7649385346258
1,5,492.4217599704103
1,5,445.2846286010363
1,6,200.0
1,6,599.9005102681367
0,6,431.1702558228038
0,6,552.9142650082891
0,7,652.2831698586836
0,7,224.3897556486198
-1,7,709.2307596230896
-1,7,579.3762955308815
-2,7,455.71982032457333
-2,7,425.6704306660364
-3,7,827.111386402798
-3,7,712.4202563638942
-3,8,200.0
-3,8,342.16872973429497
-4,8,309.63841256424973
-4,8,366.9556812281731
-4,9,200.0
-4,9,318.5389993703384
-4,10,200.0
-4,10,205.22128039504304
-4,9,331.4298626772794
-4,9,238.33514002225442
-4,8,200.0
-4,8,502.02109741141766
-4,7,617.5471924861694
-4,7,435.19666337233076
-4,6,392.3646922244359
-4,6,443.31261881945386
-4,5,620.556438287602
-4,5,328.541933576938
-4,4,358.0462137455822
-4,4,474.19576670987
-4,3,767.626853247165
-4,3,396.55344065121034
-4,2,1043.6906122188395
-4,2,446.46304448813964
-4,1,204.0401491896651
-4,1,487.42937627087287
-4,2,525.1697028734508
-4,2,493.5192366245164
-4,3,200.0
-4,3,333.14117318781973
-4,2,674.9722680051207
-4,2,200.0
-4,1,694.5786725565198
-4,1,575.6226423646543
-4,0,492.8227905199328
-4,0,575.6294631256272
-4,-1,1039.4692329362645
-4,-1,200.0
-4,-2,355.17370626591617
-4,-2,557.2864605635314
-4,-3,376.00639459919626
-4,-3,555.7042087503186
-4,-4,694.7902153321216
-4,-4,712.2570237543381
-4,-3,521.0667278841831
-4,-3,696.7441248908806
-4,-4,514.5744020283473
-4,-4,524.0809563167028
-4,-5,333.99772157584744
-4,-5,425.31942826796535
-4,-4,771.4525786259699
-4,-4,719.749920335802
-4,-5,736.5693293722732
-4,-5,279.50012923210784
-4,-6,575.8906143303462
-4,-6,398.82171963041424
-4,-7,252.93042570282552
-4,-7,478.28611117585103
-4,-8,200.0
-4,-8,362.8041035033271
-4,-9,615.3413543639158
-4,-9,366.6442378071733
-4,-8,254.8537805132433
-4,-8,260.6004770373946
-4,-9,214.57121978283482
-4,-9,673.0104304736876
-4,-10,468.3388172072737
-4,-10,515.6766075611129
-4,-9,273.13067988455157
-4,-9,729.4464158930194
-4,-10,489.1831985712425
-4,-10,200.0
-4,-11,255.53969228189607
-4,-11,460.646858649803
-4,-12,571.6516421747383
-4,-12,272.4596230172561
-4,-13,284.9367152811428
-4,-13,255.95744927082535
-4,-12,200.0
-4,-12,200.0
-4,-13,267.6416080140168
-4,-13,200.0
-4,-14,200.0
-4,-14,367.9239995572476
-4,-15,200.0
-4,-15,200.0
-4,-16,200.0
-4,-16,200.0
-4,-15,200.0
-4,-15,239.26251422042736
-3,-15,518.2667638071125
-3,-15,200.0
-2,-15,200.0
-2,-15,200.0
-1,-15,200.0
-1,-15,517.6404264499548
0,-15,393.3354516861481
0,-15,200.0
0,-14,263.77136520301383
0,-14,200.0
1,-14,200.0
1,-14,200.0
2,-14,291.3880745663729
2,-14,200.0
2,-13,222.81658681862996
2,-13,200.0
2,-12,200.0
2,-12,200.0
3,-12,1014.4907611878277
3,-12,411.3508540950612
4,-12,200.0
4,-12,204.62427754749575
4,-11,373.121950420814
4,-11,200.0
5,-11,278.01243461924685
