-15,-8,50.0
-15,-8,50.0
-15,-8,50.0
-15,-8,50.0
-14,-8,50.0
-14,-8,112.59458738870964
-14,-8,62.50030876225064
-14,-8,107.9521274602836
-14,-8,115.40334281066052
-13,-8,50.0
-13,-8,50.0
-13,-8,50.0
-13,-8,50.0
-13,-8,50.0
-12,-8,50.0
-12,-8,132.4124402782515
-12,-8,78.07384000882321
-12,-8,50.0
-12,-8,50.0
-11,-8,50.0
-11,-8,59.31336186606893
-11,-8,50.0
-11,-8,62.556212155160814
-11,-8,50.0
-10,-8,97.96481860156479
-10,-8,52.93761742425519
-10,-8,85.10438260372516
-10,-8,50.0
-10,-8,57.20487815816599
-9,-8,50.0
-9,-8,52.48901489662045
-9,-8,50.0
-9,-8,56.0610293390545
-9,-8,163.33391012481766
-8,-8,65.96009119035882
-8,-8,143.57837931226882
-8,-8,134.92697048210078
-8,-8,102.41328417838241
-8,-8,96.99622355686486
-7,-8,86.38310234242373
-7,-8,92.01829516728401
-7,-8,50.0
-7,-8,73.94842351413828
-7,-8,50.0
-6,-8,52.3622670667436
-6,-8,50.0
-6,-8,62.54626729761863
-6,-8,179.71899602622133
-6,-8,151.05120659623356
-5,-8,101.87338286572962
-5,-8,74.7890625468202
-5,-8,160.78394681249253
-5,-8,50.0
-5,-8,87.54834709993708
-4,-8,50.0
-4,-8,51.22429253399919
-4,-8,50.0
-4,-8,50.0
-4,-8,192.22650034060837
-3,-8,56.868395534463886
-3,-8,50.0
-3,-8,50.0
-3,-8,144.25981092182667
-3,-8,50.0
-2,-8,97.88583234746773
-2,-8,50.0
-2,-8,59.730433661201204
-2,-8,50.0
-2,-8,68.77917659575546
-1,-8,81.84409452171643
-1,-8,218.87909700210025
-1,-8,91.9868228021519
-1,-8,80.87977222361037
-1,-8,186.89247356920282
0,-8,102.85966178294812
0,-8,124.84217760174147
0,-8,65.03828617249891
0,-8,50.0
0,-8,134.87725520802618
1,-8,70.0130830708933
1,-8,59.55469155060817
1,-8,99.67920294732757
1,-8,238.5980098437609
1,-8,115.92264588405143
2,-8,122.9608426333453
2,-8,116.98634650860541
2,-8,94.86630078066977
2,-8,100.91680102750196
2,-8,84.37098733577955
3,-8,50.0
3,-8,63.89579659958052
3,-8,50.0
3,-8,128.6467481996439
3,-8,79.6830534280061
4,-8,50.0
4,-8,50.0
4,-8,85.1365421866676
4,-8,77.07168373725335
4,-8,147.4215807354543
5,-8,50.0
5,-8,50.0
5,-8,108.74806940159583
5,-8,71.19159158379563
5,-8,228.3080453013514
6,-8,50.0
6,-8,72.16034829198063
6,-8,72.11526385172345
6,-8,50.0
6,-8,104.77116149326446
5,-8,50.0
5,-8,127.99551522983279
5,-8,54.115531299308245
5,-8,148.20571854235672
5,-8,50.0
6,-8,107.03834708712213
6,-8,97.76454621316186
6,-8,52.71076462733609
6,-8,50.0
6,-8,107.31769760434622
7,-8,61.9924163453485
7,-8,83.32901243445109
7,-8,55.23543258693508
7,-8,93.75673608255903
7,-8,88.44676567500089
8,-8,110.34448621855479
8,-8,50.0
8,-8,58.29534589685477
8,-8,96.42475488236607
8,-8,108.60339844695932
9,-8,90.49235282976318
9,-8,106.6545828378488
9,-8,50.0
9,-8,71.19196428949192
9,-8,50.0
10,-8,50.0
10,-8,98.19245664966866
10,-8,50.0
10,-8,81.57493984523771
10,-8,51.09788105355857
11,-8,50.0
11,-8,192.25106610123976
11,-8,59.92028627853322
11,-8,56.17541099843217
11,-8,50.0
12,-8,50.0
12,-8,50.0
12,-8,50.0
12,-8,50.0
12,-8,50.0
11,-8,120.8701166978811
11,-8,132.83117624372548
11,-8,58.110845563891225
11,-8,130.9185167352033
11,-8,50.0
11,-7,50.0
11,-7,86.57091008115174
11,-7,50.0
11,-7,57.244174310702235
11,-7,74.04827979020229
10,-7,85.25536571975447
10,-7,77.69480364000187
10,-7,50.0
10,-7,97.093678196762
10,-7,50.0
10,-6,65.66467892250624
10,-6,68.06719814194562
10,-6,58.253539831168396
10,-6,50.0
10,-6,104.05685018383852
11,-6,80.31889323869521
11,-6,134.7628642375103
11,-6,50.0
11,-6,75.08886339691334
11,-6,50.0
10,-6,55.418408610046114
10,-6,116.46972779204586
10,-6,50.0
10,-6,131.4119186124608
10,-6,107.08984163994558
9,-6,81.004426228812
9,-6,85.29916637311817
9,-6,60.247083077743305
9,-6,103.52597004922882
9,-6,76.01421784399972
9,-5,135.53086990501214
9,-5,55.18296348225137
9,-5,58.3731499067194
9,-5,167.3618841755502
9,-5,112.63300504497764
9,-4,50.0
9,-4,92.99155685411856
9,-4,115.81680058602309
9,-4,101.25770619048359
9,-4,96.23181886040932
10,-4,50.0
10,-4,93.13984093372977
10,-4,74.52213846827607
10,-4,79.46364083844556
10,-4,50.0
9,-4,80.84988790856751
9,-4,50.0
9,-4,134.89884135855863
9,-4,50.0
9,-4,50.0
9,-3,50.0
9,-3,107.03336284016943
9,-3,63.30599982097833
9,-3,50.0
9,-3,87.92529196958716
8,-3,85.82602522735465
8,-3,92.11197498428747
8,-3,54.24638452486461
8,-3,201.81074756107552
8,-3,50.0
7,-3,103.77429189301078
7,-3,99.47264243948612
7,-3,86.01619568628942
7,-3,50.0
7,-3,108.21124516582854
7,-2,67.48841723279776
7,-2,119.31651009862375
7,-2,67.09106083979583
7,-2,96.21310513273255
7,-2,76.31474917993263
7,-1,72.56755873721848
7,-1,259.41346764030953
7,-1,50.0
7,-1,118.57254360682845
7,-1,65.51193351456064
7,0,136.30713878511057
7,0,106.74521715782939
7,0,233.50894628176695
7,0,65.70473552291868
7,0,142.99715908250573
7,1,175.77664179703498
7,1,86.74290774201233
7,1,82.47247708312345
7,1,50.0
7,1,207.0669706931017
7,2,164.24932606215032
7,2,60.915391976892366
7,2,102.22227762005284
7,2,65.48843300717361
7,2,193.82534248082186
8,2,113.99615756788455
8,2,125.85503657153549
8,2,50.0
8,2,109.85569020647928
8,2,102.36487592120204
8,3,195.97552544650276
8,3,157.1489815608453
8,3,122.44588820628742
8,3,50.0
8,3,207.274719147947
7,3,57.56005336399394
7,3,182.14997355224688
7,3,93.59619579735046
7,3,159.55603824942565
7,3,94.30635435736333
6,3,125.94096439281432
6,3,50.0
6,3,79.33390543281584
6,3,75.73382876708153
6,3,109.99226021154476
5,3,61.97797576058885
5,3,64.7515964179462
5,3,100.2879463059169
5,3,61.0384895354219
5,3,86.07710813265965
5,4,52.08155243566834
5,4,74.01135744450049
5,4,137.45962944563368
5,4,177.61275452116928
5,4,154.6551623541861
4,4,50.0
4,4,140.7987265555754
4,4,66.40517378466211
4,4,105.986266846604
4,4,50.0
3,4,131.81033208256625
3,4,96.90478593841208
3,4,106.17463253884168
3,4,173.79789911535985
3,4,61.638825199539426
3,5,132.51074179786963
3,5,95.10939052010086
3,5,72.37270865454488
3,5,50.0
3,5,153.50888570602498
2,5,50.0
2,5,121.84580174599103
2,5,90.05492500090425
2,5,83.12286073342936
2,5,91.67168100147902
2,6,86.96391540940202
2,6,50.0
2,6,117.82599436760356
2,6,126.55055366602708
2,6,125.86047151663885
1,6,51.287342202599014
1,6,115.38447038244516
1,6,50.0
1,6,50.0
1,6,92.06268013959814
1,5,53.27529303006601
1,5,136.41590496951073
1,5,272.6891025917947
1,5,142.3375590357088
1,5,229.57323564624147
1,6,50.0
1,6,50.0
1,6,131.9341488702268
1,6,88.48601631340765
1,6,50.0
0,6,89.6747462862215
0,6,129.50095867404468
0,6,68.85471760081477
0,6,67.96970366346943
0,6,175.81662705240487
0,7,116.28072239259049
0,7,71.2570767455504
0,7,172.32143043193915
0,7,85.05626144338115
0,7,55.941656520298125
-1,7,129.0768960638372
-1,7,64.67246821380938
-1,7,57.61804688426661
-1,7,121.44105924267413
-1,7,169.9980685089022
-2,7,128.0598323684809
-2,7,60.24168081989993
-2,7,66.23082644593676
-2,7,111.63869312636015
-2,7,50.0
-3,7,95.49511679798182
-3,7,50.0
-3,7,135.9706787004126
-3,7,94.83475842379211
-3,7,137.81431481318526
-3,8,50.0
-3,8,55.01627349116532
-3,8,116.8592660217555
-3,8,118.44691607708751
-3,8,59.11870984292569
-4,8,60.41181453746661
-4,8,67.26446263538581
-4,8,89.44362651687301
-4,8,129.10203109055024
-4,8,128.78036658914314
-4,9,50.0
-4,9,104.0676899199687
-4,9,50.0
-4,9,50.0
-4,9,53.32739645327788
-4,10,50.0
-4,10,166.83792663132886
-4,10,71.25631947530098
-4,10,243.89882019272727
-4,10,50.0
-4,9,165.81118700847716
-4,9,117.59164810988487
-4,9,50.0
-4,9,50.0
-4,9,69.3834522534941
-4,8,74.50500427078623
-4,8,75.10999121189563
-4,8,50.0
-4,8,50.0
-4,8,50.0
-4,7,115.36696582011793
-4,7,50.0
-4,7,99.77991446094337
-4,7,110.11376498444204
-4,7,212.33784008292108
-4,6,50.0
-4,6,84.999632774736
-4,6,72.8177643367463
-4,6,69.75355526295237
-4,6,186.12138580820434
-4,5,94.76365283594879
-4,5,55.59582698350957
-4,5,50.0
-4,5,112.21306002360134
-4,5,63.22206986962598
-4,4,102.793802011709
-4,4,95.8893630760963
-4,4,114.00048270885361
-4,4,150.79826145514699
-4,4,58.37453150689136
-4,3,109.31571299322191
-4,3,149.97879147029363
-4,3,96.7450890203381
-4,3,50.0
-4,3,125.1200056072989
-4,2,92.82974995016075
-4,2,124.62969975139833
-4,2,232.23891233731075
-4,2,62.27541329775076
-4,2,105.47784221655874
-4,1,86.08227767250919
-4,1,102.68769204815712
-4,1,118.05668616633898
-4,1,117.55881747649843
-4,1,126.53103222727921
-4,2,72.38956853303061
-4,2,139.04370380671878
-4,2,94.40363090527943
-4,2,112.27497653919468
-4,2,85.56893092516219
-4,3,122.39751348606416
-4,3,50.0
-4,3,179.97444316737202
-4,3,185.48125591373497
-4,3,50.0
-4,2,50.0
-4,2,167.2104037479973
-4,2,129.8869362363033
-4,2,131.54021449100443
-4,2,50.0
-4,1,239.75447426179022
-4,1,120.28516881495831
-4,1,80.91940340975371
-4,1,89.63014942998346
-4,1,72.5699537489945
-4,0,50.0
-4,0,60.80174082716128
-4,0,54.47461996277615
-4,0,168.58364478990802
-4,0,216.87756684336176
-4,-1,67.1383805091262
-4,-1,121.34797877259031
-4,-1,124.89390110016991
-4,-1,156.27686211729798
-4,-1,149.40085713087888
-4,-2,191.1976017428358
-4,-2,93.52553719557312
-4,-2,173.31302987077135
-4,-2,117.2921715671476
-4,-2,132.99250911384405
-4,-3,50.0
-4,-3,50.0
-4,-3,68.5545786823873
-4,-3,50.0
-4,-3,130.43322506508227
-4,-4,212.0926655917193
-4,-4,112.7712384668148
-4,-4,155.71324266277517
-4,-4,80.90199694584811
-4,-4,99.59582320831024
-4,-3,142.4304632319102
-4,-3,86.40660088268066
-4,-3,88.93086216411264
-4,-3,67.51593064436594
-4,-3,74.23513562611168
-4,-4,85.07169360521206
-4,-4,123.04179529073879
-4,-4,50.0
-4,-4,54.013438634983615
-4,-4,137.0358618656146
-4,-5,75.83908243112693
-4,-5,50.0
-4,-5,50.0
-4,-5,114.77721099091373
-4,-5,136.0712731044262
-4,-4,56.968960351570054
-4,-4,149.71747598073893
-4,-4,103.50422021711879
-4,-4,141.05237029917635
-4,-4,134.93251591296095
-4,-5,98.82615594063512
-4,-5,116.52635108009576
-4,-5,50.0
-4,-5,50.0
-4,-5,152.2270864106191
-4,-6,119.73665708251798
-4,-6,92.13062589748628
-4,-6,68.72452628272606
-4,-6,124.05903530123332
-4,-6,114.35392634054269
-4,-7,112.13614331810942
-4,-7,89.13598103998045
-4,-7,50.0
-4,-7,65.32091345463915
-4,-7,50.0
-4,-8,105.09564282480167
-4,-8,140.43705576014156
-4,-8,50.0
-4,-8,65.59667514090228
-4,-8,113.14804660176029
-4,-9,92.34445736260055
-4,-9,55.16316697776245
-4,-9,50.0
-4,-9,142.47386512514512
-4,-9,53.476164816295
-4,-8,101.39721190285215
-4,-8,50.0
-4,-8,75.33883559624545
-4,-8,89.81106652350736
-4,-8,67.42967820667992
-4,-9,139.876388955821
-4,-9,50.0
-4,-9,134.1337751101339
-4,-9,50.0
-4,-9,50.0
-4,-10,50.0
-4,-10,50.0
-4,-10,101.46121372397077
-4,-10,50.0
-4,-10,77.04050566627433
-4,-9,56.82802840349619
-4,-9,50.0
-4,-9,67.4484951203933
-4,-9,104.85112260560962
-4,-9,59.261722076308594
-4,-10,79.3237177992978
-4,-10,129.884392395519
-4,-10,50.0
-4,-10,50.0
-4,-10,50.0
-4,-11,50.0
-4,-11,67.62636065822993
-4,-11,79.76436912048166
-4,-11,50.0
-4,-11,110.84036685900222
-4,-12,119.75338344124836
-4,-12,50.0
-4,-12,50.0
-4,-12,77.65951271227088
-4,-12,50.0
-4,-13,50.0
-4,-13,50.0
-4,-13,118.09235570114714
-4,-13,67.55882483732557
-4,-13,80.36201941120953
-4,-12,50.0
-4,-12,50.0
-4,-12,65.397102516833
-4,-12,79.52221594607565
-4,-12,50.0
-4,-13,63.64555096039793
-4,-13,57.06165725155036
-4,-13,83.5630158823641
-4,-13,50.0
-4,-13,75.13769817778591
-4,-14,50.0
-4,-14,76.03517507056198
-4,-14,50.0
-4,-14,73.89433371687831
-4,-14,50.0
-4,-15,51.475754989918904
-4,-15,50.0
-4,-15,50.0
-4,-15,51.25084134211876
-4,-15,50.0
-4,-16,50.0
-4,-16,50.0
-4,-16,50.41330717088838
-4,-16,126.89282174469197
-4,-16,50.0
-4,-15,50.0
-4,-15,50.0
-4,-15,50.0
-4,-15,50.0
-4,-15,50.0
-3,-15,50.0
-3,-15,50.0
-3,-15,50.0
-3,-15,50.0
-3,-15,50.0
-2,-15,50.0
-2,-15,50.0
-2,-15,50.0
-2,-15,50.0
-2,-15,50.0
-1,-15,145.73765260811837
-1,-15,93.93951023714394
-1,-15,50.0
-1,-15,50.0
-1,-15,78.60386759124843
0,-15,50.0
0,-15,50.0
0,-15,50.0
0,-15,50.0
0,-15,50.0
0,-14,50.0
0,-14,78.6738032209855
0,-14,69.25720111859489
0,-14,50.0
0,-14,90.78390349213743
1,-14,53.58288312177041
1,-14,50.0
1,-14,50.0
1,-14,50.0
1,-14,69.32548088102415
2,-14,50.0
2,-14,89.56109403361704
2,-14,50.0
2,-14,97.4316402849791
2,-14,124.623855813781
2,-13,121.68520223761338
2,-13,56.17182433989201
2,-13,74.14384045536877
2,-13,50.7252546961309
2,-13,50.0
2,-12,50.0
2,-12,50.03369571641262
2,-12,173.67693861775956
2,-12,50.0
2,-12,150.97776514776285
3,-12,50.0
3,-12,50.0
3,-12,105.95959549848453
3,-12,50.0
3,-12,104.10444740752669
4,-12,107.69591226838526
4,-12,50.0
4,-12,71.73229395598486
4,-12,50.0
4,-12,50.94527059296945
4,-11,50.0
4,-11,131.78632148841612
4,-11,59.69375527911158
4,-11,50.0
4,-11,50.0
5,-11,60.76997529951237
5,-11,78.96972070619331
5,-11,145.49818246253918
5,-11,50.0
5,-11,91.19183776058884
6,-11,50.0
6,-11,103.76079472233647
6,-11,50.0
6,-11,50.0
6,-11,71.38973826241991
6,-10,57.520144955305526
6,-10,76.7538361247108
6,-10,50.0
6,-10,50.0
6,-10,73.00490276218349
6,-9,74.85878460456749
6,-9,75.70664454823272
6,-9,50.0
6,-9,50.0
6,-9,60.675488081140905
6,-8,61.416618348308546
6,-8,131.80886882911344
6,-8,50.0
6,-8,74.59605187511052
6,-8,61.67185568147872
6,-7,101.3214160989506
6,-7,86.71226825418725
6,-7,50.0
6,-7,105.96869540129478
6,-7,50.0
7,-7,58.9847529060234
7,-7,101.6043760508144
7,-7,50.0
7,-7,134.7682313476929
7,-7,73.84881270752958
6,-7,50.0
6,-7,77.88966712992931
6,-7,121.45364570000936
6,-7,97.5986672564336
6,-7,83.43635707445914
6,-6,50.0
6,-6,50.0
6,-6,115.88204558110358
6,-6,50.0
6,-6,70.93821259133354
6,-5,159.0217833061974
6,-5,50.0
6,-5,146.38056648444422
6,-5,110.97081382420467
6,-5,111.35958390830997
6,-4,50.0
6,-4,57.48852045126462
6,-4,81.16603069345224
6,-4,156.714803590268
6,-4,144.03470379475777
7,-4,50.0
7,-4,87.44025474410398
7,-4,64.09760649705693
7,-4,50.0
7,-4,151.40581603105278
6,-4,50.0
6,-4,203.1649421200628
6,-4,92.1631250378267
6,-4,89.38808753263092
6,-4,50.0
6,-3,115.86828397005031
6,-3,130.20812215946793
6,-3,77.71416698687405
6,-3,113.60090972798751
6,-3,103.43719863553483
7,-3,50.0
7,-3,96.89233476686528
7,-3,124.31798077627815
7,-3,154.17599275965696
7,-3,61.664752572890464
8,-3,91.9889454235423
8,-3,50.0
8,-3,50.0
8,-3,65.80809575732069
8,-3,88.24082454460786
8,-2,200.23634065264991
8,-2,138.6292832165549
8,-2,80.94404106709212
8,-2,66.76913092409563
8,-2,159.0627850372724
8,-1,132.29776946250507
8,-1,132.45949759889638
8,-1,70.76277690416686
8,-1,64.76918858279738
8,-1,50.0
9,-1,50.0
9,-1,119.46345461208671
9,-1,50.0
9,-1,67.92502460085622
9,-1,102.20307459887393
9,0,66.70887938488356
9,0,67.73610303934802
9,0,92.8342956475545
9,0,247.22371472921805
9,0,125.99457281039358
10,0,50.0
10,0,58.124084236950175
10,0,85.80813731250403
10,0,93.59475560844882
10,0,100.13771453618534
11,0,97.99760894922754
11,0,106.66755667608713
11,0,50.0
11,0,116.04905327606158
11,0,79.36225753450533
11,1,83.68049221413784
11,1,57.79171536301486
11,1,50.0
11,1,50.674215962873305
11,1,63.0866844703094
11,2,50.0
11,2,54.23413814263798
11,2,143.61922500517912
11,2,50.0
11,2,157.32308958389928
12,2,124.09424675007473
12,2,69.66303297994924
12,2,195.17453671356833
12,2,50.0
12,2,146.99811768332583
11,2,50.0
11,2,66.19007168032226
11,2,143.14717343547863
11,2,50.0
11,2,50.0
11,3,50.0
11,3,86.59018498572303
11,3,88.6095094339704
11,3,50.0
11,3,50.0
12,3,74.15202080754332
12,3,54.57953720682241
12,3,50.0
12,3,138.43885206115363
12,3,73.05949074396823
12,4,50.0
12,4,61.15225649341582
12,4,73.40996204135521
12,4,50.0
12,4,50.0
13,4,50.0
13,4,140.9683322409589
13,4,50.0
13,4,50.0
13,4,50.0
12,4,50.0
12,4,50.0
12,4,94.32342073115694
12,4,100.77942085971524
12,4,50.0
13,4,50.0
13,4,50.0
13,4,53.396744845272366
13,4,59.94119790460029
13,4,146.24848752225518
14,4,50.0
14,4,73.45075455301244
14,4,91.82162478007817
14,4,50.0
14,4,50.0
13,4,78.64118377809734
13,4,77.2292661084482
13,4,63.46811914127671
13,4,52.23278928827266
13,4,98.31941737072594
14,4,50.0
14,4,50.0
14,4,50.0
14,4,52.36241532289503
14,4,70.90671806142313
15,4,50.0
15,4,50.0
15,4,107.88782913505355
15,4,50.0
15,4,50.0
16,4,118.5886285326431
16,4,50.0
16,4,50.0
16,4,50.0
16,4,50.0
17,4,50.0
17,4,50.0
17,4,50.0
17,4,50.0
17,4,50.0
16,4,50.0
16,4,50.0
16,4,50.0
16,4,50.0
16,4,50.0
17,4,100.15626904393466
17,4,50.0
17,4,50.132681716720526
17,4,50.97816010044235
17,4,50.0
16,4,73.11964092964911
16,4,148.37942513033352
16,4,93.51665010533526
16,4,50.0
16,4,50.0
17,4,50.0
17,4,50.0
17,4,50.0
17,4,50.0
17,4,58.07208348184915
18,4,50.0
18,4,50.0
18,4,50.0
18,4,50.0
18,4,50.0
19,4,50.0
19,4,50.0
19,4,50.0
19,4,50.0
19,4,50.0
20,4,50.0
20,4,50.0
20,4,50.0
20,4,50.0
20,4,50.0
20,5,50.0
20,5,50.0
20,5,50.0
20,5,67.16593714968285
20,5,50.0
20,6,50.0
20,6,98.39695138949546
20,6,50.0
20,6,50.0
20,6,50.0
20,7,50.0
20,7,65.91760209477746
20,7,50.0
20,7,66.4353113203201
20,7,50.0
20,6,50.0
20,6,50.0
20,6,50.0
20,6,50.0
20,6,50.0
20,5,50.0
20,5,64.54261712770587
20,5,50.0
20,5,50.0
20,5,69.32225125952628
20,6,50.0
20,6,50.0
20,6,50.0
20,6,50.0
20,6,50.0
20,7,50.0
20,7,50.0
20,7,50.0
20,7,50.0
20,7,103.93029466377412
20,6,50.0
20,6,50.0
20,6,83.55260102329311
20,6,138.88023812292414
20,6,53.43935746155804
20,5,50.0
20,5,50.0
20,5,50.0
20,5,50.0
20,5,50.0
20,6,107.52240302907764
20,6,50.0
20,6,50.0
20,6,50.0
20,6,56.85798849612314
20,7,50.0
20,7,50.0
20,7,50.0
20,7,50.0
20,7,50.0
20,8,50.0
20,8,50.0
20,8,50.0
20,8,50.0
20,8,50.0
20,9,50.0
20,9,50.0
20,9,50.0
20,9,50.0
20,9,50.0
20,8,50.0
20,8,54.471949364364626
20,8,50.0
20,8,50.0
20,8,58.33455845889145
20,9,50.0
20,9,50.0
20,9,50.0
20,9,50.0
20,9,50.0
20,8,50.0
20,8,50.0
20,8,73.095972880525
20,8,50.0
20,8,50.0
20,9,50.0
20,9,50.0
20,9,50.0
20,9,50.0
20,9,50.0
20,8,50.0
20,8,50.0
20,8,50.0
20,8,50.0
20,8,50.0
20,9,50.0
20,9,50.0
20,9,94.2979887808901
20,9,50.0
20,9,50.0
20,10,50.0
20,10,50.0
20,10,50.0
20,10,150.93210180853313
20,10,50.0
20,11,50.0
20,11,50.0
20,11,67.93505032805183
20,11,50.0
20,11,50.0
20,12,70.8897850893919
20,12,109.06847290802709
20,12,50.0
20,12,50.0
20,12,50.0
20,13,82.69145731913876
20,13,50.0
20,13,50.0
20,13,50.0
20,13,50.0
20,14,50.0
20,14,50.0
20,14,50.0
20,14,50.0
20,14,50.0
20,15,50.0
20,15,50.0
20,15,50.0
20,15,50.0
20,15,50.0
20,16,50.0
20,16,50.0
20,16,50.0
20,16,50.0
20,16,50.0
20,17,50.0
20,17,50.0
20,17,50.0
20,17,50.0
20,17,50.0
20,18,50.0
20,18,50.0
20,18,50.0
20,18,50.0
20,18,50.0
20,19,50.0
20,19,51.762941922097326
20,19,50.0
20,19,50.0
20,19,50.0
20,20,50.0
20,20,50.0
20,20,50.0
20,20,50.0
20,20,50.0
19,20,50.0
