-15,-8,69.51431980008343
-15,-8,84.33437922653346
-15,-8,50.0
-15,-8,101.62014672706808
-14,-8,65.14129501311248
-14,-8,76.96854638541328
-14,-8,56.902550692593756
-14,-8,50.0
-14,-8,69.61311981722254
-13,-8,101.64535358246825
-13,-8,61.16394744039809
-13,-8,50.0
-13,-8,108.24904737856632
-13,-8,50.0
-12,-8,50.0
-12,-8,50.0
-12,-8,50.0
-12,-8,57.82767270611063
-12,-8,51.616264412808576
-11,-8,55.65450423131266
-11,-8,56.00733690295227
-11,-8,50.0
-11,-8,50.0
-11,-8,116.98201736434459
-10,-8,87.93466876370404
-10,-8,71.57695781404095
-10,-8,60.579778386761376
-10,-8,85.87538013378071
-10,-8,84.00373050236115
-9,-8,69.21681720330015
-9,-8,68.39877387354417
-9,-8,50.0
-9,-8,80.44419072380873
-9,-8,50.0
-8,-8,50.0
-8,-8,169.5100033460759
-8,-8,50.0
-8,-8,81.48373117663795
-8,-8,50.0
-7,-8,147.61353003420345
-7,-8,115.81631086671896
-7,-8,186.6478230519234
-7,-8,59.81142044476834
-7,-8,50.0
-6,-8,50.0
-6,-8,50.0
-6,-8,50.0
-6,-8,78.57377970885415
-6,-8,105.33586064271921
-5,-8,107.76901009236605
-5,-8,85.6763563497238
-5,-8,50.0
-5,-8,50.62097168339619
-5,-8,86.25800317292497
-4,-8,177.1831220166525
-4,-8,83.74401993232712
-4,-8,50.99683661785373
-4,-8,81.44435512576032
-4,-8,204.64226444331857
-3,-8,125.45156767651568
-3,-8,71.13880928642207
-3,-8,245.28894829669196
-3,-8,89.9999337492059
-3,-8,98.78564441081912
-2,-8,153.24120916861673
-2,-8,50.0
-2,-8,50.0
-2,-8,110.11911676453563
-2,-8,50.0
-1,-8,107.78207505318137
-1,-8,157.82390670265005
-1,-8,156.63312677350433
-1,-8,112.1536937283773
-1,-8,57.05223751922575
0,-8,172.78047542561114
0,-8,61.62385528801061
0,-8,142.07910253866572
0,-8,122.86789960634485
0,-8,76.87357063940185
1,-8,167.25799306163208
1,-8,72.36312323907056
1,-8,96.9287720156463
1,-8,71.22920153751707
1,-8,101.02247633566007
2,-8,114.66037446172665
2,-8,50.0
2,-8,104.11312081407956
2,-8,128.35185559061242
2,-8,183.48402753042694
3,-8,118.2357626165624
3,-8,81.8114386025053
3,-8,123.3646514138355
3,-8,100.04070949092171
3,-8,83.93189968074252
4,-8,101.11057694463653
4,-8,99.34058179296694
4,-8,120.58835094305212
4,-8,106.68082696485504
4,-8,143.26681019341962
5,-8,50.0
5,-8,74.6857567504379
5,-8,50.0
5,-8,50.0
5,-8,138.96913751406737
6,-8,50.0
6,-8,92.75670672954334
6,-8,69.93219239629857
6,-8,78.45785503589498
6,-8,51.15108684083094
5,-8,61.650649046685174
5,-8,133.22863219845522
5,-8,50.0
5,-8,186.74665981890902
5,-8,89.95055251400075
6,-8,92.7577143172536
6,-8,50.0
6,-8,62.06603411125008
6,-8,50.0
6,-8,65.14376491785262
7,-8,50.0
7,-8,69.59999314955986
7,-8,54.94550788151492
7,-8,131.82083262904348
7,-8,70.68165461478193
8,-8,50.0
8,-8,88.41955927904525
8,-8,92.58726910144196
8,-8,50.0
8,-8,66.92000633587317
9,-8,91.55722868124519
9,-8,50.65646109996139
9,-8,168.50393739995627
9,-8,112.2609088294391
9,-8,50.0
10,-8,135.00183394754015
10,-8,78.57691759822748
10,-8,50.0
10,-8,50.0
10,-8,50.0
11,-8,55.19046010363589
11,-8,90.35624552416525
11,-8,50.0
11,-8,50.0
11,-8,58.08431186454935
12,-8,50.0
12,-8,50.0
12,-8,89.41410680108436
12,-8,87.82209090458286
12,-8,88.0978907404093
11,-8,50.0
11,-8,84.53274890036238
11,-8,119.53253171042172
11,-8,50.0
11,-8,101.61207048724053
11,-7,50.0
11,-7,51.48281576460436
11,-7,71.35365182830068
11,-7,86.9742004883413
11,-7,50.0
10,-7,50.0
10,-7,99.83097500041568
10,-7,50.0
10,-7,93.61275059599583
10,-7,73.20884636130431
10,-6,50.0
10,-6,50.0
10,-6,50.0
10,-6,95.0148910781102
10,-6,74.94056669623866
11,-6,109.49599889301544
11,-6,133.2327858168223
11,-6,198.97761922604525
11,-6,88.46715952536155
11,-6,50.0
10,-6,81.10495246874835
10,-6,71.97307307403463
10,-6,116.44932221242325
10,-6,50.0
10,-6,78.74215697197671
9,-6,88.25103625490351
9,-6,92.87038339482216
9,-6,50.0
9,-6,50.0
9,-6,66.98932404934426
9,-5,133.87494140972296
9,-5,99.2463938231809
9,-5,76.84422632515854
9,-5,62.86562493329419
9,-5,104.58278051753533
9,-4,94.21656623589806
9,-4,101.22918720121507
9,-4,99.04294262323951
9,-4,133.4238979438096
9,-4,120.06612209235337
10,-4,63.172228556171184
10,-4,98.05351577185456
10,-4,50.0
10,-4,67.22305040663704
10,-4,70.6258685024528
9,-4,50.0
9,-4,182.61910492655903
9,-4,87.44856956164173
9,-4,151.81016592385055
9,-4,173.7384945296444
9,-3,50.0
9,-3,113.79973936476694
9,-3,50.0
9,-3,94.74894504656784
9,-3,52.652880672265994
8,-3,50.0
8,-3,156.75488479870742
8,-3,64.91148043369968
8,-3,268.5684413566688
8,-3,85.86845464819791
7,-3,142.78515239120912
7,-3,151.8542262378235
7,-3,109.08065975115147
7,-3,50.0
7,-3,146.44629683697448
7,-2,50.0
7,-2,84.75573930270653
7,-2,50.0
7,-2,120.62340563180754
7,-2,96.03267557769215
7,-1,58.50990729119602
7,-1,64.61259651921384
7,-1,50.0
7,-1,70.803515473215
7,-1,69.43311447600115
7,0,96.98363110639355
7,0,203.21850530900156
7,0,93.31089807423544
7,0,142.2639443107743
7,0,65.18210695982773
7,1,177.59658098299465
7,1,50.0
7,1,158.89477963392693
7,1,108.86167414859
7,1,50.0
7,2,50.0
7,2,101.33559833855526
7,2,50.0
7,2,80.8270256719064
7,2,94.87572632587454
8,2,111.13458156804117
8,2,64.41197374699954
8,2,50.0
8,2,50.0
8,2,162.63110204498238
8,3,108.57236874170779
8,3,143.62789408670508
8,3,50.0
8,3,101.21772392744958
8,3,78.46931884585231
7,3,93.52943077168258
7,3,50.0
7,3,64.2138154746055
7,3,54.912589724755875
7,3,68.35743426386527
6,3,61.13695888745846
6,3,50.0
6,3,111.03312699690969
6,3,50.0
6,3,67.90627044192239
5,3,90.13948298982535
5,3,71.22095812204934
5,3,132.3809089784928
5,3,85.09357063422807
5,3,81.4020545719447
5,4,71.78721489207423
5,4,50.0
5,4,50.0
5,4,55.224171415309556
5,4,52.740435606769
4,4,112.16039889402704
4,4,66.43183494802507
4,4,70.5404152945613
4,4,50.0
4,4,100.19587307556047
3,4,67.0357722429484
3,4,50.0
3,4,148.0136818038296
3,4,218.49660964150075
3,4,175.42600590805284
3,5,131.34918847768068
3,5,50.0
3,5,212.4968425222363
3,5,132.5364474596042
3,5,129.5421729580281
2,5,137.58401783124563
2,5,50.0
2,5,143.40880236620265
2,5,154.32402131439633
2,5,79.08501099151657
2,6,50.0
2,6,75.53933711628852
2,6,76.95882750617062
2,6,152.9617274790724
2,6,52.0720138012184
1,6,111.63461823581886
1,6,50.0
1,6,71.85912374772657
1,6,142.5566576381596
1,6,119.30515616659974
1,5,114.12881495974098
1,5,157.40339149508918
1,5,75.3482153532813
1,5,50.0
1,5,56.49043138171103
1,6,134.64766938383067
1,6,123.60793661942614
1,6,139.30364768534272
1,6,103.47689885117732
1,6,99.76603900616783
0,6,50.0
0,6,114.01962364275035
0,6,148.03956708991495
0,6,50.0
0,6,89.13273412201556
0,7,50.31402847904501
0,7,100.98493874248143
0,7,210.14333208873217
0,7,76.21909732149012
0,7,73.19406966791047
-1,7,128.54242332858445
-1,7,112.44972462148026
-1,7,130.6568237333319
-1,7,113.86608385233941
-1,7,109.74183611422765
-2,7,77.59370613200889
-2,7,93.80046314538332
-2,7,128.19040893949506
-2,7,95.58060852243375
-2,7,50.0
-3,7,54.8000284591887
-3,7,88.15395939265268
-3,7,78.19020088452484
-3,7,83.02034056361319
-3,7,106.85321173829163
-3,8,75.50042177053942
-3,8,105.26526194681242
-3,8,50.0
-3,8,197.7028517555418
-3,8,172.73068792199783
-4,8,60.495367508931395
-4,8,50.0
-4,8,50.0
-4,8,76.54508354986359
-4,8,74.89217800310189
-4,9,50.0
-4,9,102.21571143980498
-4,9,109.73855582899371
-4,9,50.0
-4,9,133.14899265237943
-4,10,50.0
-4,10,68.41013654401961
-4,10,108.94254567161347
-4,10,62.67117165564443
-4,10,71.64095525176788
-4,9,246.26687581587396
-4,9,133.28475201617047
-4,9,50.0
-4,9,159.31779867955365
-4,9,95.64766044869486
-4,8,50.0
-4,8,104.60685529006125
-4,8,50.0
-4,8,102.67149494249009
-4,8,70.1731220703129
-4,7,107.5747153708324
-4,7,106.02935680998824
-4,7,71.50840362731596
-4,7,155.95978757747122
-4,7,61.76513480032367
-4,6,127.60668428878563
-4,6,85.52945138336491
-4,6,130.86134101573555
-4,6,156.77193421805387
-4,6,100.50164671402615
-4,5,200.13628258934745
-4,5,155.40891981756033
-4,5,92.27488758995484
-4,5,75.10295792308364
-4,5,50.0
-4,4,130.60482052473677
-4,4,114.09446741384983
-4,4,117.04976157267598
-4,4,68.76324231386542
-4,4,53.35597792829919
-4,3,100.87694752068214
-4,3,76.24580833954558
-4,3,57.48258576757373
-4,3,254.54618730044933
-4,3,55.22861618182249
-4,2,159.39546310689667
-4,2,89.51651498006711
-4,2,50.0
-4,2,58.70633271521527
-4,2,124.87026244201056
-4,1,132.3144607427754
-4,1,97.09284900913754
-4,1,174.65635402948575
-4,1,156.1222830153417
-4,1,97.73757094833853
-4,2,164.2582374958885
-4,2,141.01406806605323
-4,2,178.8185646025476
-4,2,78.81898545401886
-4,2,102.31891030860226
-4,3,50.0
-4,3,109.52316806208299
-4,3,63.69657620448053
-4,3,61.71509185450934
-4,3,50.0
-4,2,82.17960368691487
-4,2,96.15358609595297
-4,2,102.38505617622516
-4,2,135.37064234406748
-4,2,50.0
-4,1,152.1922757916367
-4,1,86.96724927057426
-4,1,137.98930129086727
-4,1,131.55556491298077
-4,1,78.0283274939043
-4,0,68.22187186338935
-4,0,50.0
-4,0,143.81452243491543
-4,0,50.0
-4,0,130.82927251737715
-4,-1,190.93330591771053
-4,-1,116.19261652824883
-4,-1,168.64065609291785
-4,-1,93.39419568706211
-4,-1,109.09520241230088
-4,-2,98.67443717318041
-4,-2,104.4901965347373
-4,-2,82.90138833753812
-4,-2,111.42848997634724
-4,-2,53.87466391599381
-4,-3,97.53429952071633
-4,-3,83.11033337771478
-4,-3,97.95241381608939
-4,-3,165.60906049366432
-4,-3,126.58757795975376
-4,-4,158.1150636349222
-4,-4,240.00203747941447
-4,-4,206.2226682941668
-4,-4,165.72242069482874
-4,-4,91.14848109649884
-4,-3,91.37671280536523
-4,-3,131.00453709081216
-4,-3,52.76216628323022
-4,-3,121.49786196143873
-4,-3,138.4725411939232
-4,-4,66.72903562418814
-4,-4,186.44729949577854
-4,-4,87.19243981489865
-4,-4,84.09564963689812
-4,-4,120.3215403184706
-4,-5,97.87705495118814
-4,-5,55.27761411884451
-4,-5,149.4535675026814
-4,-5,50.0
-4,-5,50.0
-4,-4,101.2502362821113
-4,-4,180.1564868030479
-4,-4,93.7302178404741
-4,-4,96.84560639747151
-4,-4,178.3346708197275
-4,-5,57.52625181500602
-4,-5,94.45662387347258
-4,-5,74.33663382489335
-4,-5,94.18134146348464
-4,-5,107.00485563549522
-4,-6,50.0
-4,-6,79.94240186257113
-4,-6,50.0
-4,-6,167.78351735744616
-4,-6,141.3674054251668
-4,-7,50.0
-4,-7,126.69832449757206
-4,-7,197.21121660652943
-4,-7,102.29764708554646
-4,-7,62.1801118844662
-4,-8,50.0
-4,-8,75.03459369001803
-4,-8,57.246580645649125
-4,-8,51.42393842949177
-4,-8,50.0
-4,-9,65.96602689454839
-4,-9,66.50651819904118
-4,-9,50.0
-4,-9,155.71063614140905
-4,-9,108.6195443540945
-4,-8,76.75943849098147
-4,-8,91.51369461840413
-4,-8,95.16367143442805
-4,-8,114.60831776562182
-4,-8,109.3370213484327
-4,-9,66.7597222837158
-4,-9,50.0
-4,-9,50.0
-4,-9,50.0
-4,-9,88.68030825005744
-4,-10,163.2476536273321
-4,-10,183.2901787136354
-4,-10,50.0
-4,-10,83.00444830010356
-4,-10,74.33129987755606
-4,-9,158.09704452086325
-4,-9,50.0
-4,-9,127.813128258115
-4,-9,50.0
-4,-9,50.0
-4,-10,55.56767044211149
-4,-10,50.0
-4,-10,50.0
-4,-10,82.85582385603753
-4,-10,50.0
-4,-11,50.0
-4,-11,50.06771553973032
-4,-11,84.42474922311963
-4,-11,84.0566660082244
-4,-11,81.65656464914207
-4,-12,54.63440011617449
-4,-12,129.09198652447947
-4,-12,50.0
-4,-12,88.7152682699064
-4,-12,187.59595330711332
-4,-13,119.33259664692669
-4,-13,50.0
-4,-13,50.0
-4,-13,50.0
-4,-13,50.0
-4,-12,50.0
-4,-12,50.0
-4,-12,99.68489015581642
-4,-12,50.0
-4,-12,81.85190619977861
-4,-13,50.0
-4,-13,91.9640903206383
-4,-13,52.996469938107424
-4,-13,50.0
-4,-13,50.0
-4,-14,89.4166346184026
-4,-14,68.06614398840931
-4,-14,82.77572191156005
-4,-14,50.0
-4,-14,50.0
-4,-15,87.96004441137458
-4,-15,77.64522949782003
-4,-15,50.0
-4,-15,50.0
-4,-15,50.0
-4,-16,63.00492342610383
-4,-16,50.0
-4,-16,70.94595354484275
-4,-16,50.0
-4,-16,50.0
-4,-15,114.30806433139318
-4,-15,50.0
-4,-15,50.0
-4,-15,50.0
-4,-15,50.0
-3,-15,50.0
-3,-15,50.0
-3,-15,50.0
-3,-15,53.26224260609883
-3,-15,68.82883120718652
-2,-15,50.0
-2,-15,102.77167104076976
-2,-15,50.0
-2,-15,52.82940914236873
-2,-15,50.0
-1,-15,50.0
-1,-15,50.0
-1,-15,74.53080424283661
-1,-15,82.50696962235608
-1,-15,93.34382230533632
0,-15,50.0
0,-15,50.0
0,-15,50.0
0,-15,50.0
0,-15,96.1619960460299
0,-14,59.78916628936143
0,-14,50.0
0,-14,92.89972304786181
0,-14,73.63855359495818
0,-14,50.0
1,-14,51.470988074619065
1,-14,50.0
1,-14,50.0
1,-14,50.0
1,-14,50.0
2,-14,120.31708986135138
2,-14,114.47364893590517
2,-14,50.0
2,-14,81.81854868865362
2,-14,74.86799705784892
2,-13,50.0
2,-13,92.91718968429251
2,-13,150.84133600233054
2,-13,92.41328802498668
2,-13,58.391685488431406
2,-12,50.0
2,-12,50.0
2,-12,50.0
2,-12,50.0
2,-12,50.0
3,-12,203.48882967021558
3,-12,50.0
3,-12,50.0
3,-12,50.0
3,-12,71.92125541419918
4,-12,65.88461093277628
4,-12,119.93950469220871
4,-12,61.92802427193703
4,-12,53.489897995692516
4,-12,150.06412742959225
4,-11,101.91521853489778
4,-11,50.0
4,-11,144.3723161311102
4,-11,140.22057941620415
4,-11,133.3307158750323
5,-11,73.65866228337408
5,-11,50.0
5,-11,178.52566084951877
5,-11,112.69655450371178
5,-11,83.47074627954208
6,-11,62.088929842279114
6,-11,50.0
6,-11,84.20706134295807
6,-11,53.054575148930354
6,-11,203.05940538826002
6,-10,50.0
6,-10,50.0
6,-10,50.0
6,-10,50.0
6,-10,120.59722070589044
6,-9,85.674927083782
6,-9,50.0
6,-9,115.46318173287771
6,-9,50.0
6,-9,50.0
6,-8,68.81963091210544
6,-8,166.63187537035822
6,-8,51.50265651377808
6,-8,50.0
6,-8,50.0
6,-7,55.695814226598344
6,-7,91.97824008016745
6,-7,116.81222766619572
6,-7,108.94862220820887
6,-7,50.0
7,-7,155.37110485374797
7,-7,229.26962537182135
7,-7,57.974542530080775
7,-7,93.59867493435193
7,-7,50.0
6,-7,79.97339536197774
6,-7,82.10638114298384
6,-7,185.22894312668566
6,-7,135.430213369351
6,-7,53.13625406526161
6,-6,125.74217593437973
6,-6,212.39859976713637
6,-6,50.0
6,-6,92.91584246766689
6,-6,50.0
6,-5,90.17894693528959
6,-5,114.54558546224663
6,-5,116.1086628858671
6,-5,101.72633512011545
6,-5,240.13087808656832
6,-4,109.28706626068573
6,-4,160.23117075388723
6,-4,50.0
6,-4,105.38110240895274
6,-4,65.36068198500578
7,-4,100.4149705058386
7,-4,50.0
7,-4,60.168659597139936
7,-4,84.64828102535003
7,-4,138.2416990396944
6,-4,135.09796736586782
6,-4,50.0
6,-4,52.03003295574573
6,-4,146.05043345923266
6,-4,50.0
6,-3,106.57499069220421
6,-3,95.64632785204013
6,-3,94.60431059713348
6,-3,104.90545498908351
6,-3,88.8432751047736
7,-3,98.46326101219849
7,-3,56.64872791866995
7,-3,50.0
7,-3,114.99876444435165
7,-3,68.69024492480364
8,-3,50.0
8,-3,143.4855227639453
8,-3,93.94431030439215
8,-3,84.24314831503496
8,-3,103.1043530316014
8,-2,103.3309006883929
8,-2,75.14579894577847
8,-2,61.81937352785732
8,-2,157.35467242339357
8,-2,53.689318728627924
8,-1,75.31480768229207
8,-1,72.7573210805109
8,-1,161.82278284277135
8,-1,65.81043745068263
8,-1,224.93268615908113
9,-1,88.30891621704822
9,-1,96.75686851873226
9,-1,204.77393201556208
9,-1,50.0
9,-1,90.60382163629777
9,0,90.35043583398834
9,0,95.22467104595798
9,0,50.0
9,0,88.01460096441453
9,0,56.191921929599786
10,0,50.0
10,0,114.12189755445844
10,0,50.0
10,0,118.00670677430999
10,0,94.15570235319665
11,0,53.85467923621559
11,0,145.82680445097924
11,0,127.04557969234146
11,0,50.0
11,0,50.0
11,1,50.0
11,1,83.19979121385344
11,1,50.0
11,1,50.0
11,1,90.7235175731148
11,2,50.0
11,2,50.0
11,2,50.0
11,2,51.2405809616505
11,2,67.64369540747886
12,2,102.44134404673396
12,2,92.27348431405865
12,2,50.0
12,2,50.0
12,2,50.0
11,2,50.0
11,2,50.084633090838274
11,2,77.53453200639959
11,2,50.0
11,2,74.94631326496074
11,3,50.0
11,3,50.0
11,3,50.0
11,3,50.0
11,3,51.71710286763165
12,3,146.54790065381093
12,3,50.0
12,3,60.197113019452004
12,3,50.0
12,3,113.67937711625231
12,4,101.1268917357634
12,4,50.0
12,4,50.0
12,4,86.44979474532869
12,4,67.84898065229861
13,4,50.0
13,4,50.0
13,4,52.1730092243097
13,4,50.0
13,4,76.40023109500513
12,4,94.09185557515272
12,4,50.0
12,4,50.0
12,4,50.0
12,4,63.15497235273574
13,4,50.0
13,4,61.59959424509958
13,4,52.49503764370792
13,4,162.78733354999235
13,4,81.57379098041457
14,4,113.34182058915462
14,4,50.0
14,4,68.47302708494774
14,4,120.75652816395976
14,4,72.28894521434503
13,4,50.0
13,4,59.317485041322996
13,4,98.4669096777345
13,4,50.0
13,4,50.0
14,4,50.0
14,4,59.90272232301025
14,4,106.50211617266108
14,4,103.71195795101627
14,4,105.15057865934736
15,4,50.0
15,4,50.0
15,4,83.34334047995594
15,4,50.0
15,4,50.0
16,4,50.0
16,4,50.0
16,4,50.0
16,4,50.0
16,4,50.0
17,4,50.0
17,4,50.0
17,4,143.2652755386579
17,4,50.0
17,4,50.0
16,4,50.0
16,4,71.92715730342479
16,4,83.29297395548225
16,4,99.89401709981266
16,4,50.0
17,4,50.0
17,4,50.0
17,4,66.78989008247142
17,4,55.276768575297396
17,4,50.0
16,4,50.0
16,4,50.0
16,4,50.0
16,4,50.0
16,4,50.0
17,4,50.0
17,4,50.0
17,4,50.0
17,4,50.0
17,4,50.0
18,4,50.0
18,4,50.0
18,4,50.0
18,4,50.0
18,4,50.0
19,4,50.0
19,4,50.0
19,4,77.7271576389521
19,4,50.0
19,4,65.61850968773587
20,4,50.0
20,4,50.0
20,4,50.0
20,4,50.0
20,4,79.30375616535966
20,5,50.0
20,5,50.0
20,5,50.0
20,5,50.0
20,5,50.0
20,6,50.0
20,6,50.0
20,6,50.0
20,6,50.0
20,6,50.0
20,7,50.0
20,7,50.0
20,7,50.0
20,7,63.36485202496676
20,7,50.0
20,6,50.0
20,6,50.0
20,6,50.0
20,6,50.0
20,6,50.0
20,5,57.219923081892176
20,5,50.0
20,5,50.0
20,5,50.0
20,5,50.0
20,6,50.0
20,6,50.0
20,6,75.21171854484942
20,6,76.53308460061803
20,6,58.022394738523296
20,7,50.0
20,7,50.0
20,7,71.5899005546211
20,7,66.16923261405776
20,7,50.0
20,6,50.0
20,6,50.0
20,6,73.47096389790138
20,6,50.0
20,6,50.0
20,5,50.0
20,5,50.0
20,5,88.39130357501074
20,5,50.0
20,5,50.0
20,6,50.0
20,6,50.0
20,6,50.0
20,6,50.0
20,6,50.0
20,7,50.0
20,7,50.0
20,7,50.0
20,7,50.0
20,7,97.61292919237516
20,8,50.0
20,8,81.25530619016396
20,8,71.35021779580687
20,8,50.0
20,8,50.0
20,9,50.0
20,9,50.0
20,9,50.0
20,9,50.0
20,9,50.0
20,8,50.0
20,8,50.0
20,8,100.74640802273674
20,8,50.0
20,8,134.84055412282459
20,9,50.0
20,9,50.0
20,9,50.0
20,9,50.0
20,9,50.0
20,8,50.0
20,8,50.0
20,8,50.0
20,8,50.0
20,8,50.0
20,9,50.0
20,9,50.0
20,9,50.0
20,9,50.0
20,9,50.0
20,8,104.47757703510437
20,8,74.45043291564583
20,8,50.0
20,8,50.0
20,8,50.0
20,9,50.0
20,9,67.97113710366844
20,9,50.0
20,9,50.0
20,9,50.0
20,10,55.00435435983589
20,10,50.0
20,10,50.0
20,10,50.0
20,10,95.45209092747503
20,11,50.0
20,11,50.0
20,11,50.0
20,11,50.0
20,11,50.0
20,12,50.0
20,12,50.0
20,12,50.0
20,12,71.80419299377543
20,12,50.0
20,13,50.0
20,13,50.0
20,13,50.0
20,13,50.0
20,13,50.0
20,14,66.99617171472276
20,14,50.0
20,14,50.0
20,14,50.0
20,14,50.0
20,15,50.0
20,15,50.0
20,15,50.0
20,15,50.0
20,15,50.0
20,16,50.0
20,16,50.0
20,16,61.202260365355926
20,16,50.0
20,16,50.0
20,17,50.0
20,17,50.0
20,17,50.0
20,17,50.0
20,17,50.0
20,18,50.0
20,18,50.0
20,18,50.0
20,18,50.0
20,18,50.0
20,19,50.0
20,19,50.0
20,19,50.0
20,19,50.0
20,19,50.0
20,20,50.0
20,20,50.0
20,20,50.0
20,20,50.0
20,20,50.0
19,20,50.0
