-15,-8,200.0
-14,-8,200.0
-14,-8,200.0
-13,-8,200.0
-13,-8,200.0
-12,-8,200.0
-12,-8,824.2241245952944
-11,-8,200.0
-11,-8,371.1754615555881
-10,-8,200.0
-10,-8,200.0
-9,-8,542.4134983801116
-9,-8,349.1897353367384
-8,-8,200.0
-8,-8,506.65834191136594
-7,-8,200.0
-7,-8,714.1346011435619
-6,-8,200.0
-6,-8,295.4515349934848
-5,-8,552.6036003193311
-5,-8,200.0
-4,-8,431.43895862979514
-4,-8,408.29060962142324
-3,-8,259.20127732083597
-3,-8,792.339427690006
-2,-8,682.7712166371596
-2,-8,309.7615925158715
-1,-8,589.8982227839576
-1,-8,351.36302817076427
0,-8,451.97708570863057
0,-8,374.36838211262784
1,-8,200.0
1,-8,210.5716007134826
2,-8,200.0
2,-8,200.0
3,-8,200.0
3,-8,381.143372722576
4,-8,200.0
4,-8,992.9280809346053
5,-8,329.2717048291016
5,-8,352.55510583331596
6,-8,200.0
6,-8,435.88588826820165
5,-8,200.0
5,-8,567.4027390669114
6,-8,306.73995324086803
6,-8,331.0015125993972
7,-8,200.0
7,-8,537.125085869495
8,-8,200.0
8,-8,243.6141185710102
9,-8,200.0
9,-8,402.0222080585109
10,-8,347.6145400941404
10,-8,200.0
11,-8,200.0
11,-8,200.0
12,-8,200.0
12,-8,200.0
11,-8,200.0
11,-8,693.2764035669962
11,-7,200.0
11,-7,200.0
10,-7,264.91717611846013
10,-7,200.0
10,-6,200.0
10,-6,200.0
11,-6,212.34609727658932
11,-6,200.0
10,-6,277.279679115553
10,-6,200.0
9,-6,200.0
9,-6,200.0
9,-5,465.6110554210391
9,-5,200.0
9,-4,473.6172446316961
9,-4,333.46282171524587
10,-4,200.0
10,-4,280.4963632212802
9,-4,384.67833244726296
9,-4,515.7351229372109
9,-3,201.14067080329806
9,-3,508.788300938647
8,-3,214.37915045773735
8,-3,464.36427380621
7,-3,200.0
7,-3,236.40323310925655
7,-2,596.7805122212532
7,-2,487.17090261771114
7,-1,416.4887783795659
7,-1,682.7532740049242
7,0,570.826286774431
7,0,429.70580104449095
7,1,349.7744721551634
7,1,492.1449442080334
7,2,345.5819160288596
7,2,825.5097171785014
8,2,200.0
8,2,383.4918531466494
8,3,642.2314188486566
8,3,859.8204844798602
7,3,478.8660878140406
7,3,200.0
6,3,431.9016736340972
6,3,545.6480473579592
5,3,280.43512300382963
5,3,398.12009069350404
5,4,762.9912902417326
5,4,384.05456657311584
4,4,491.9820467122987
4,4,426.0470156667345
3,4,450.2727102288941
3,4,378.7422466372403
3,5,223.9985396054795
3,5,343.9014797090341
2,5,747.2079633400738
2,5,846.0492816744635
2,6,631.9102075683413
2,6,817.2891637630806
1,6,480.8889526891754
1,6,337.5969236105283
1,5,802.142606724585
1,5,708.6111234040792
1,6,200.0
1,6,200.0
0,6,1010.7908810408479
0,6,263.80630685060027
0,7,503.701162771034
0,7,631.9887939098343
-1,7,200.0
-1,7,477.1629815061342
-2,7,680.1517953117345
-2,7,554.0897794374113
-3,7,291.37926374390355
-3,7,1056.6781613170508
-3,8,303.45080586723896
-3,8,324.44305445633313
-4,8,470.91916652254673
-4,8,200.0
-4,9,433.95105403449753
-4,9,482.30036452200625
-4,10,460.730641415269
-4,10,339.188326800176
-4,9,399.3000536314728
-4,9,200.0
-4,8,262.93100975977484
-4,8,200.0
-4,7,602.0795606152616
-4,7,303.1128266510225
-4,6,519.5501268685057
-4,6,336.7610978197141
-4,5,309.1854798631732
-4,5,423.78464120392493
-4,4,488.7322816474143
-4,4,249.4107354151507
-4,3,464.7935846237441
-4,3,406.05409651266444
-4,2,400.55720540048424
-4,2,755.1232653794566
-4,1,451.3604409185152
-4,1,200.0
-4,2,600.0119565867635
-4,2,587.7763735078049
-4,3,389.16674569365045
-4,3,717.7921559319828
-4,2,639.0728936311889
-4,2,562.7635946339472
-4,1,797.1696351871454
-4,1,494.01958371697367
-4,0,727.6323058852156
-4,0,411.1160238425168
-4,-1,495.3230647622252
-4,-1,500.4033568981062
-4,-2,712.8798455662761
-4,-2,534.8348229561527
-4,-3,582.787910875673
-4,-3,798.8987626116666
-4,-4,200.0
-4,-4,372.66980235105166
-4,-3,200.0
-4,-3,697.3531727351577
-4,-4,608.8872827358903
-4,-4,307.97538971416265
-4,-5,508.49969114920737
-4,-5,502.86423102094
-4,-4,641.7783672021728
-4,-4,679.8104103893785
-4,-5,478.0745329710651
-4,-5,594.9889128019566
-4,-6,500.1465573120708
-4,-6,303.34735950358396
-4,-7,540.3597119339886
-4,-7,574.2705900748842
-4,-8,297.18201243223984
-4,-8,727.915670817712
-4,-9,343.3915443977871
-4,-9,408.4520558661915
-4,-8,512.672680960066
-4,-8,291.7093852283254
-4,-9,328.5777723564582
-4,-9,970.5678870317801
-4,-10,293.0001423312387
-4,-10,200.0
-4,-9,200.0
-4,-9,269.25606078798086
-4,-10,200.0
-4,-10,200.0
-4,-11,388.8414281361968
-4,-11,274.6626425276376
-4,-12,669.9685270923874
-4,-12,302.27474056008066
-4,-13,204.01762446827303
-4,-13,230.94537284005992
-4,-12,200.0
-4,-12,276.5009695777262
-4,-13,200.0
-4,-13,200.0
-4,-14,200.0
-4,-14,531.6113942035627
-4,-15,200.0
-4,-15,200.0
-4,-16,200.0
-4,-16,200.0
-4,-15,416.42109074769706
-4,-15,380.698977097648
-3,-15,200.0
-3,-15,350.9541424024126
-2,-15,200.0
-2,-15,211.39157404018627
-1,-15,464.0593065263623
-1,-15,200.0
0,-15,504.3310089634541
0,-15,355.9219552792749
0,-14,393.4862594311784
0,-14,200.0
1,-14,200.0
1,-14,200.0
2,-14,378.42850577454976
2,-14,200.0
2,-13,433.87124244083384
2,-13,200.0
2,-12,266.20377775361555
2,-12,305.01090106525425
3,-12,244.0285746351364
3,-12,251.1058109574891
4,-12,200.0
4,-12,200.0
4,-11,355.64610890697946
4,-11,200.0
5,-11,200.0
