-15,-8,50.0
-15,-8,50.0
-15,-8,50.0
-15,-8,50.0
-14,-8,50.0
-14,-8,58.94066681569284
-14,-8,50.0
-14,-8,73.5128432280519
-14,-8,50.0
-13,-8,50.0
-13,-8,67.38934389897594
-13,-8,50.0
-13,-8,50.0
-13,-8,57.293235705134165
-12,-8,88.18707832720995
-12,-8,50.0
-12,-8,87.0046827479582
-12,-8,161.20900739491884
-12,-8,50.0
-11,-8,177.37049264786606
-11,-8,96.83724668139637
-11,-8,50.0
-11,-8,84.50651254150206
-11,-8,50.0
-10,-8,58.412593383950835
-10,-8,50.0
-10,-8,91.04417105151146
-10,-8,117.6032982369307
-10,-8,60.61748674386264
-9,-8,101.136402319871
-9,-8,50.0
-9,-8,113.51855534335903
-9,-8,87.61153922190523
-9,-8,50.0
-8,-8,87.76391881160632
-8,-8,63.35267198456615
-8,-8,50.0
-8,-8,88.71580276084471
-8,-8,114.98757206182111
-7,-8,79.78153032546592
-7,-8,50.0
-7,-8,50.0
-7,-8,70.54657629448613
-7,-8,111.85427278954273
-6,-8,50.0
-6,-8,117.96664867935286
-6,-8,77.66428009206994
-6,-8,62.03174322465286
-6,-8,54.71916205222364
-5,-8,112.42214504794377
-5,-8,76.44038389763476
-5,-8,81.15259615741738
-5,-8,55.340404563284885
-5,-8,50.0
-4,-8,188.90492390407178
-4,-8,66.20493062259607
-4,-8,50.0
-4,-8,88.80166582613225
-4,-8,116.6301413328934
-3,-8,50.0
-3,-8,103.71445311173353
-3,-8,102.20537521173758
-3,-8,98.68397184811491
-3,-8,111.82815263620232
-2,-8,87.64049284966316
-2,-8,50.0
-2,-8,125.3558429064922
-2,-8,82.17086177344434
-2,-8,50.0
-1,-8,133.65208922648506
-1,-8,50.0
-1,-8,61.72889356859861
-1,-8,56.31736935593656
-1,-8,71.80953492693845
0,-8,180.84565612412933
0,-8,108.34454163187272
0,-8,148.6228002638407
0,-8,189.93916345057028
0,-8,163.67917922066604
1,-8,98.43797144314519
1,-8,125.07920370909012
1,-8,84.05714467027711
1,-8,59.20455051220772
1,-8,52.31586568165127
2,-8,128.36637497416936
2,-8,93.30303194683873
2,-8,175.44506558142925
2,-8,74.41315824385259
2,-8,88.85459259369021
3,-8,128.8597438202462
3,-8,104.80151854808815
3,-8,74.57116494588979
3,-8,72.40121919669163
3,-8,84.68535559906155
4,-8,50.0
4,-8,165.4356021055038
4,-8,206.08538321002794
4,-8,50.0
4,-8,50.0
5,-8,99.0044442586641
5,-8,75.41640865543033
5,-8,91.28939314912697
5,-8,137.57410665322254
5,-8,75.57337573156586
6,-8,91.07334934418795
6,-8,50.0
6,-8,50.0
6,-8,50.0
6,-8,129.25427562298847
5,-8,67.72340697340167
5,-8,50.0
5,-8,77.95189783659521
5,-8,65.35003198747734
5,-8,67.16975411005731
6,-8,99.52379889191288
6,-8,67.58003622872452
6,-8,52.70187041071796
6,-8,145.38054521728782
6,-8,72.15364339052347
7,-8,77.16665290188678
7,-8,50.0
7,-8,74.50149789600819
7,-8,50.0
7,-8,50.0
8,-8,90.92210175896443
8,-8,132.11565495192133
8,-8,116.56283475927492
8,-8,50.78551891121528
8,-8,65.3242344562218
9,-8,71.45061510563208
9,-8,97.48691433117912
9,-8,50.0
9,-8,117.13130581360645
9,-8,81.17582766691258
10,-8,50.0
10,-8,71.45796381511285
10,-8,50.0
10,-8,191.82649440563347
10,-8,78.23408929370811
11,-8,50.0
11,-8,93.23849709222003
11,-8,50.0
11,-8,50.0
11,-8,66.89125632272103
12,-8,60.12927831109758
12,-8,50.0
12,-8,62.56674200083025
12,-8,50.0
12,-8,50.0
11,-8,57.744146953628416
11,-8,50.0
11,-8,159.70165289732046
11,-8,50.0
11,-8,95.7735332841431
11,-7,97.07959985909909
11,-7,50.0
11,-7,50.0
11,-7,50.0
11,-7,82.41863124609642
10,-7,50.0
10,-7,99.14216429790696
10,-7,50.0
10,-7,69.30341009563834
10,-7,104.67950975862931
10,-6,80.91874437524118
10,-6,58.54928588239859
10,-6,80.99743135966409
10,-6,58.21012477997158
10,-6,55.49045098610473
11,-6,50.0
11,-6,50.0
11,-6,50.0
11,-6,84.03494147085662
11,-6,99.53113759950891
10,-6,81.00717676657541
10,-6,50.0
10,-6,50.0
10,-6,50.0
10,-6,80.61003015117738
9,-6,56.33273500956501
9,-6,168.1537828258801
9,-6,105.47425188599598
9,-6,79.74570812194743
9,-6,50.0
9,-5,159.79151378823605
9,-5,50.0
9,-5,111.39474347585585
9,-5,152.1378999166986
9,-5,178.0283424163853
9,-4,51.72325300717197
9,-4,149.08686518226304
9,-4,122.85594631391197
9,-4,50.0
9,-4,154.31695558907953
10,-4,166.13607143106148
10,-4,88.00362330420614
10,-4,92.53218663707328
10,-4,50.0
10,-4,50.0
9,-4,106.30072331429011
9,-4,50.0
9,-4,50.0
9,-4,70.95320950787817
9,-4,67.72641391433346
9,-3,58.88275876800162
9,-3,84.54072940174396
9,-3,200.85748230876266
9,-3,150.80532267066997
9,-3,75.85423445957176
8,-3,117.13459050741716
8,-3,99.16403021820152
8,-3,77.7136472768107
8,-3,174.47653247161102
8,-3,147.22329203541955
7,-3,70.01329168066431
7,-3,145.95469591563972
7,-3,50.0
7,-3,212.51869054132658
7,-3,198.57686391415842
7,-2,99.13171317898318
7,-2,101.44766492293228
7,-2,133.00585050218115
7,-2,84.11491467327343
7,-2,87.43765370991747
7,-1,159.48295902640797
7,-1,93.10553892131544
7,-1,138.91307102241535
7,-1,113.70651282915752
7,-1,158.16187449502505
7,0,69.09119402176714
7,0,77.38937326434622
7,0,50.0
7,0,131.64132558375275
7,0,85.07074404190452
7,1,68.83708400848018
7,1,50.0
7,1,50.0
7,1,85.42139735544269
7,1,57.597571258131026
7,2,51.860570492376894
7,2,200.5301807781534
7,2,79.91019183152447
7,2,62.304349430774934
7,2,50.0
8,2,181.97164377331694
8,2,95.00583935252254
8,2,50.0
8,2,58.76831096424701
8,2,204.55118016879283
8,3,138.11408209714722
8,3,50.0
8,3,77.55913858309809
8,3,70.4329039365102
8,3,54.76699692259432
7,3,50.0
7,3,87.4665116319821
7,3,50.0
7,3,78.29274214525086
7,3,114.97854227331925
6,3,65.96874987487584
6,3,134.16687318012848
6,3,89.35454227838657
6,3,50.0
6,3,50.0
5,3,127.13494838099743
5,3,183.5726785829627
5,3,91.14584807756708
5,3,50.0
5,3,67.80026788453942
5,4,204.11796525677508
5,4,69.59578797850503
5,4,221.78728186694786
5,4,50.0
5,4,103.96640453627612
4,4,139.9001559396788
4,4,117.97501705881214
4,4,94.00794171626337
4,4,98.71258326901555
4,4,65.50000757775334
3,4,182.4875191655415
3,4,132.36904901453553
3,4,110.44455774600713
3,4,56.01864594301976
3,4,129.11489138844328
3,5,50.0
3,5,103.19558527035888
3,5,107.56068511630853
3,5,50.0
3,5,136.03373707391202
2,5,122.11520117799475
2,5,162.6687315099974
2,5,50.0
2,5,141.35034737693076
2,5,138.01650827321282
2,6,88.68304951880809
2,6,84.33027186026749
2,6,71.54074425677761
2,6,122.4109631337743
2,6,50.0
1,6,60.07070892030455
1,6,157.7511225058788
1,6,83.48351347423916
1,6,93.32673819004489
1,6,93.69580190958625
1,5,149.31501798910043
1,5,50.0
1,5,89.0193327865095
1,5,55.61101573321723
1,5,59.821343140519815
1,6,93.35351475483293
1,6,216.60689470517605
1,6,100.40763876472319
1,6,112.75182529733313
1,6,50.0
0,6,197.88713713859
0,6,87.11336365715982
0,6,94.85644465933984
0,6,71.45197989718898
0,6,133.60583784556485
0,7,251.4277376546447
0,7,121.72639342191579
0,7,81.26933826087003
0,7,50.0
0,7,57.23433582534149
-1,7,117.6150546559702
-1,7,65.463413076504
-1,7,153.3284289052937
-1,7,90.2416714874499
-1,7,101.10659896580056
-2,7,56.918237686775825
-2,7,102.32741426219413
-2,7,113.05368901374936
-2,7,99.33574433759895
-2,7,127.05254319486606
-3,7,109.60803983339852
-3,7,150.9452584287199
-3,7,177.49681767776002
-3,7,98.16878508588752
-3,7,81.29051535827206
-3,8,50.0
-3,8,62.04115477161823
-3,8,56.3021208880184
-3,8,83.2344879525867
-3,8,51.03109903821148
-4,8,193.5340589656538
-4,8,50.0
-4,8,90.44896149836674
-4,8,50.0
-4,8,133.62417081207894
-4,9,175.1881962776313
-4,9,186.8004448657906
-4,9,86.12817606257931
-4,9,89.99223668663284
-4,9,60.900617658261126
-4,10,146.40272976332506
-4,10,50.0
-4,10,50.0
-4,10,79.76043193348173
-4,10,50.0
-4,9,84.51422910025309
-4,9,57.34640096366659
-4,9,140.78892873389984
-4,9,57.891977242076976
-4,9,50.0
-4,8,87.57675711753808
-4,8,64.32327490757918
-4,8,50.0
-4,8,58.17963155764843
-4,8,76.7671553407137
-4,7,76.2960733385294
-4,7,158.65782786336376
-4,7,171.93423406134963
-4,7,76.5471606428315
-4,7,127.89094406564875
-4,6,86.44988047627521
-4,6,289.4670235321392
-4,6,56.109110191990716
-4,6,150.558374548388
-4,6,58.1928134029116
-4,5,149.88035401448644
-4,5,193.6737034183521
-4,5,200.31097269520595
-4,5,154.7481668976664
-4,5,97.1989941874994
-4,4,148.01221060557037
-4,4,132.5524304709056
-4,4,57.09624415246229
-4,4,97.86678938940258
-4,4,66.6593399719798
-4,3,82.10951048092983
-4,3,66.73907355300615
-4,3,108.41873112115796
-4,3,112.87671738827957
-4,3,151.36549438736733
-4,2,134.0730711587642
-4,2,145.61732880523647
-4,2,59.878374868691125
-4,2,133.66217542800163
-4,2,97.20628227377779
-4,1,122.57997463878036
-4,1,100.93672924965432
-4,1,199.09314192455855
-4,1,156.8159064323421
-4,1,101.54597667924739
-4,2,130.60785218869614
-4,2,124.32714922204272
-4,2,157.20040322123089
-4,2,50.0
-4,2,109.43164012599415
-4,3,114.12052524696757
-4,3,50.0
-4,3,60.87758803479547
-4,3,110.51636265259206
-4,3,60.694088585946965
-4,2,89.82398240521286
-4,2,178.28698337761588
-4,2,115.32234601982161
-4,2,107.42172320754187
-4,2,122.30485217515312
-4,1,57.01184345822797
-4,1,174.51911137969145
-4,1,138.028830238255
-4,1,89.15557552428686
-4,1,166.59727062775357
-4,0,106.6185658595547
-4,0,185.49995610957652
-4,0,93.36044266205347
-4,0,65.98454407449735
-4,0,155.12622271853553
-4,-1,135.7893918728314
-4,-1,77.36755976279677
-4,-1,81.33570912779145
-4,-1,51.06801520886443
-4,-1,116.2024257187307
-4,-2,209.09329654226957
-4,-2,144.7556065501817
-4,-2,53.9085370916088
-4,-2,151.1958074400796
-4,-2,72.98509809012826
-4,-3,97.86707902930016
-4,-3,143.5592599012119
-4,-3,127.65514665571371
-4,-3,50.0
-4,-3,68.15465968348741
-4,-4,80.70534333429386
-4,-4,127.02809849561417
-4,-4,110.51620650531801
-4,-4,159.82066554368254
-4,-4,77.92207209078106
-4,-3,164.9369124080377
-4,-3,63.32983161084758
-4,-3,65.3328107579499
-4,-3,192.9467070620825
-4,-3,71.57745028483984
-4,-4,92.50821060259386
-4,-4,109.86816048133181
-4,-4,50.0
-4,-4,97.36580710182291
-4,-4,138.2178966469605
-4,-5,86.21531638916498
-4,-5,94.15318973659743
-4,-5,50.0
-4,-5,102.83924749441941
-4,-5,83.51968011922357
-4,-4,121.78844183019827
-4,-4,122.96876847732545
-4,-4,173.15476214563887
-4,-4,74.70232465915181
-4,-4,171.03932035937152
-4,-5,147.74726587468896
-4,-5,50.0
-4,-5,124.6353826356565
-4,-5,86.32659863616499
-4,-5,92.65911953593847
-4,-6,90.06445371582652
-4,-6,127.57264635153939
-4,-6,108.30736573174053
-4,-6,114.36481523628018
-4,-6,60.50785867493312
-4,-7,55.756681424914156
-4,-7,82.27205136959229
-4,-7,133.08538584022722
-4,-7,90.6754371256998
-4,-7,65.95399065995008
-4,-8,85.05336045555286
-4,-8,66.10315463235527
-4,-8,50.0
-4,-8,70.86550060690459
-4,-8,50.0
-4,-9,50.0
-4,-9,60.0746957946278
-4,-9,50.0
-4,-9,50.0
-4,-9,81.62780496735405
-4,-8,83.28032938933748
-4,-8,108.57784467669144
-4,-8,79.47944681014684
-4,-8,146.89686085181617
-4,-8,186.29462875527784
-4,-9,98.53452851832087
-4,-9,102.48197347116272
-4,-9,69.91077348650934
-4,-9,66.22391989103937
-4,-9,71.52989976746125
-4,-10,51.90830850942221
-4,-10,50.0
-4,-10,50.0
-4,-10,50.0
-4,-10,147.94541081091734
-4,-9,105.58420305946689
-4,-9,102.37056636008283
-4,-9,102.57702677718399
-4,-9,125.46176367545709
-4,-9,50.0
-4,-10,50.0
-4,-10,50.0
-4,-10,75.99268201397079
-4,-10,98.54117045457764
-4,-10,84.83650033109608
-4,-11,50.0
-4,-11,50.0
-4,-11,56.63020817774992
-4,-11,50.0
-4,-11,50.0
-4,-12,64.99806765933133
-4,-12,50.0
-4,-12,50.0
-4,-12,138.44198748208402
-4,-12,50.0
-4,-13,50.0
-4,-13,50.0
-4,-13,50.0
-4,-13,53.68456250003577
-4,-13,93.52988780133796
-4,-12,50.0
-4,-12,60.3804479616301
-4,-12,78.46155164704798
-4,-12,50.0
-4,-12,50.0
-4,-13,87.44290661367255
-4,-13,95.3360602857241
-4,-13,50.0
-4,-13,182.68609576186788
-4,-13,89.99690843446432
-4,-14,50.0
-4,-14,50.0
-4,-14,65.82584915954517
-4,-14,50.0
-4,-14,65.81873311493197
-4,-15,50.0
-4,-15,50.0
-4,-15,51.12428665437872
-4,-15,50.0
-4,-15,63.53740975223027
-4,-16,50.0
-4,-16,58.2383171505124
-4,-16,50.0
-4,-16,50.0
-4,-16,93.41824047528486
-4,-15,115.86073963062687
-4,-15,50.0
-4,-15,50.0
-4,-15,50.0
-4,-15,50.0
-3,-15,50.0
-3,-15,50.0
-3,-15,50.0
-3,-15,50.0
-3,-15,50.0
-2,-15,50.0
-2,-15,61.96754710699456
-2,-15,63.87548501379011
-2,-15,61.737502253937706
-2,-15,50.0
-1,-15,170.9728386822086
-1,-15,91.2726884897699
-1,-15,50.0
-1,-15,134.21543478835883
-1,-15,52.83378872317914
0,-15,50.0
0,-15,71.67567147894854
0,-15,50.0
0,-15,50.0
0,-15,50.0
0,-14,50.0
0,-14,50.0
0,-14,50.0
0,-14,91.25475736939781
0,-14,119.72958497824538
1,-14,78.0016776055773
1,-14,52.51004924953826
1,-14,61.37704881153104
1,-14,91.77031695608154
1,-14,67.8272654167301
2,-14,63.857832400116884
2,-14,80.07912421440503
2,-14,50.0
2,-14,79.28362358588775
2,-14,62.039847909893886
2,-13,82.96559532153245
2,-13,67.7888190873901
2,-13,50.0
2,-13,93.86727415775158
2,-13,112.56144879233196
2,-12,50.0
2,-12,107.61569258351092
2,-12,65.47570357088813
2,-12,92.77148876519522
2,-12,72.02192351209555
3,-12,72.200357246525
3,-12,62.55830027757253
3,-12,149.42234178158662
3,-12,50.0
3,-12,50.0
4,-12,50.0
4,-12,64.52846630471939
4,-12,82.17862152804271
4,-12,50.0
4,-12,122.34818514562255
4,-11,130.5690835219931
4,-11,101.44491100308073
4,-11,50.0
4,-11,147.36746497310503
4,-11,50.0
5,-11,50.0
5,-11,92.60466646072325
5,-11,50.0
5,-11,60.20533868842654
5,-11,68.9947397977207
6,-11,178.08411489042564
6,-11,119.58742147292489
6,-11,66.19887034318161
6,-11,55.820068358041375
6,-11,50.0
6,-10,56.46113740773624
6,-10,50.0
6,-10,50.0
6,-10,50.0
6,-10,50.0
6,-9,50.0
6,-9,109.96304211908956
6,-9,56.31978473841253
6,-9,127.35235277529782
6,-9,55.487755470656275
6,-8,57.62501854436192
6,-8,148.51611836653538
6,-8,50.0
6,-8,71.33123234557873
6,-8,143.15545270059974
6,-7,117.15927334169784
6,-7,50.0
6,-7,50.0
6,-7,153.2968369563219
6,-7,106.2818012734642
7,-7,50.0
7,-7,50.0
7,-7,91.82353280394608
7,-7,85.18972828238799
7,-7,50.0
6,-7,104.47527457371538
6,-7,166.73814051008395
6,-7,73.29030786294915
6,-7,50.0
6,-7,72.86989011807933
6,-6,50.0
6,-6,50.78242618217321
6,-6,50.0
6,-6,135.9063010973348
6,-6,105.8596672258043
6,-5,164.8909693042753
6,-5,50.0
6,-5,98.24725731909268
6,-5,50.0
6,-5,178.87327510189004
6,-4,50.0
6,-4,50.0
6,-4,151.07445077002447
6,-4,78.52311257824928
6,-4,108.75837061248058
7,-4,82.82982698092886
7,-4,124.33062751983297
7,-4,107.82977715473612
7,-4,78.63369233182172
7,-4,121.3490383489895
6,-4,76.5318150729367
6,-4,116.92500716953482
6,-4,167.53403680100644
6,-4,50.0
6,-4,200.5368802612296
6,-3,128.0159540227822
6,-3,70.42117650883284
6,-3,106.85120678169869
6,-3,50.0
6,-3,188.55374094368733
7,-3,83.30543041383393
7,-3,50.0
7,-3,104.39230552399175
7,-3,98.41337259134609
7,-3,52.56329008564733
8,-3,134.39092228601956
8,-3,110.52837200620527
8,-3,126.58920126668752
8,-3,74.55829636750113
8,-3,50.0
8,-2,117.6221845605821
8,-2,123.16065873517618
8,-2,154.1585964753303
8,-2,124.7792528620818
8,-2,127.62033941571178
8,-1,81.61003640143832
8,-1,121.23287046970907
8,-1,69.73228201324571
8,-1,50.0
8,-1,86.45278056092636
9,-1,85.01647703970302
9,-1,150.1216483444465
9,-1,110.56894806595065
9,-1,116.40703646499342
9,-1,122.94279007963488
9,0,75.4081193407518
9,0,83.62436483033355
9,0,146.6965006492242
9,0,50.0
9,0,131.80999783010003
10,0,67.79987565062864
10,0,108.12442665049149
10,0,50.0
10,0,117.76982952802442
10,0,50.0
11,0,70.20032735782696
11,0,90.63591819810517
11,0,115.62187091487056
11,0,96.87948443796284
11,0,66.76355519372493
11,1,50.0
11,1,72.27685070239636
11,1,50.0
11,1,50.0
11,1,129.31957754952975
11,2,50.0
11,2,50.0
11,2,50.0
11,2,50.0
11,2,50.0
12,2,118.10776407460898
12,2,76.16781292391515
12,2,99.26122160850768
12,2,50.0
12,2,50.0
11,2,50.0
11,2,96.5798414151929
11,2,50.0
11,2,93.70758640291983
11,2,68.19292120138931
11,3,50.0
11,3,128.70135307163463
11,3,50.0
11,3,63.2390772252931
11,3,50.0
12,3,50.0
12,3,50.0
12,3,100.96685764522732
12,3,50.0
12,3,99.98116660114277
12,4,65.61040121884382
12,4,50.0
12,4,51.01037605235655
12,4,78.72507613515178
12,4,97.50897043160442
13,4,87.83453726846025
13,4,50.0
13,4,50.0
13,4,50.0
13,4,50.0
12,4,115.98694329976837
12,4,50.0
12,4,64.65913512640955
12,4,50.0
12,4,50.0
13,4,80.96894564248296
13,4,50.0
13,4,82.05449071215176
13,4,90.72222872309666
13,4,50.0
14,4,50.0
14,4,83.83164272628446
14,4,50.0
14,4,176.80834922202402
14,4,50.0
13,4,50.0
13,4,83.84111824480904
13,4,115.69459990595723
13,4,50.0
13,4,50.0
14,4,50.0
14,4,94.3993370095992
14,4,50.0
14,4,79.35768995865962
14,4,50.0
15,4,50.0
15,4,50.0
15,4,50.0
15,4,50.0
15,4,50.0
16,4,50.0
16,4,50.0
16,4,50.0
16,4,50.0
16,4,62.29323596430994
17,4,64.14421150185754
17,4,91.80359454244746
17,4,109.87616440934505
17,4,50.0
17,4,50.0
16,4,50.0
16,4,50.0
16,4,96.474019781854
16,4,50.0
16,4,50.0
17,4,50.0
17,4,50.0
17,4,119.66539919887869
17,4,50.0
17,4,50.0
16,4,50.0
16,4,70.06940991264688
16,4,99.0321961046302
16,4,50.0
16,4,50.0
17,4,50.0
17,4,50.0
17,4,50.0
17,4,50.0
17,4,50.0
18,4,101.84832263074881
18,4,50.0
18,4,50.0
18,4,117.38084666130626
18,4,50.0
19,4,50.0
19,4,50.0
19,4,98.45417980810181
19,4,50.0
19,4,50.0
20,4,50.0
20,4,50.0
20,4,50.0
20,4,50.0
20,4,50.0
20,5,50.0
20,5,50.0
20,5,50.0
20,5,50.0
20,5,50.0
20,6,50.0
20,6,50.0
20,6,73.54818193240618
20,6,50.0
20,6,50.0
20,7,58.401558540315015
20,7,100.23249683745811
20,7,50.0
20,7,50.0
20,7,50.0
20,6,50.0
20,6,73.91912797237923
20,6,50.0
20,6,50.0
20,6,50.0
20,5,50.0
20,5,50.0
20,5,50.0
20,5,50.0
20,5,50.0
20,6,91.02069153505559
20,6,50.0
20,6,50.0
20,6,50.0
20,6,119.01471687875626
20,7,66.17161207871655
20,7,50.0
20,7,50.0
20,7,50.0
20,7,50.0
20,6,50.0
20,6,50.0
20,6,50.0
20,6,50.0
20,6,50.0
20,5,50.0
20,5,50.0
20,5,50.0
20,5,50.0
20,5,50.0
20,6,50.0
20,6,50.0
20,6,50.0
20,6,65.85941982158226
20,6,50.0
20,7,50.0
20,7,53.98761064657577
20,7,50.0
20,7,50.0
20,7,50.0
20,8,50.0
20,8,59.961212940311476
20,8,50.0
20,8,50.0
20,8,50.0
20,9,50.0
20,9,50.0
20,9,50.0
20,9,50.0
20,9,50.0
20,8,50.0
20,8,50.0
20,8,50.0
20,8,50.0
20,8,50.0
20,9,50.0
20,9,58.132657971293256
20,9,87.40811432791902
20,9,50.0
20,9,50.0
20,8,50.0
20,8,50.0
20,8,52.492317274391866
20,8,90.34015974068005
20,8,51.86189821159031
20,9,50.0
20,9,50.0
20,9,50.0
20,9,50.0
20,9,62.183818810672605
20,8,50.0
20,8,50.0
20,8,50.0
20,8,50.0
20,8,50.0
20,9,78.24652859503352
20,9,50.0
20,9,50.0
20,9,50.0
20,9,50.0
20,10,50.0
20,10,50.0
20,10,50.0
20,10,50.0
20,10,90.26526229429365
20,11,50.0
20,11,128.35704828420774
20,11,50.0
20,11,50.0
20,11,50.0
20,12,50.0
20,12,50.0
20,12,50.0
20,12,50.0
20,12,50.0
20,13,55.33375940799202
20,13,50.0
20,13,99.42193969562628
20,13,50.0
20,13,50.0
20,14,50.0
20,14,50.0
20,14,50.0
20,14,50.0
20,14,50.0
20,15,50.0
20,15,50.0
20,15,50.0
20,15,62.61004222742173
20,15,50.0
20,16,50.0
20,16,50.0
20,16,50.0
20,16,50.0
20,16,50.0
20,17,50.0
20,17,50.0
20,17,50.0
20,17,50.0
20,17,50.0
20,18,50.0
20,18,50.0
20,18,50.0
20,18,50.0
20,18,50.0
20,19,60.503199517565406
20,19,50.0
20,19,50.0
20,19,50.0
20,19,50.0
20,20,50.0
20,20,50.0
20,20,50.0
20,20,50.0
20,20,50.0
19,20,50.0
