-15,-8,200.0
-14,-8,428.2776314978213
-14,-8,200.0
-13,-8,227.3287198490051
-13,-8,200.0
-12,-8,200.0
-12,-8,200.0
-11,-8,261.4723225142578
-11,-8,483.30302352164546
-10,-8,484.0989798454921
-10,-8,200.0
-9,-8,200.0
-9,-8,525.069959056549
-8,-8,200.0
-8,-8,502.6750938352407
-7,-8,421.04914763099356
-7,-8,492.1126346809196
-6,-8,279.66407449527236
-6,-8,543.1133696102465
-5,-8,283.5282833313119
-5,-8,486.74206075480583
-4,-8,293.97205034941294
-4,-8,200.0
-3,-8,200.0
-3,-8,200.0
-2,-8,588.2971857458426
-2,-8,1038.416865694849
-1,-8,362.09651936563864
-1,-8,200.0
0,-8,200.0
0,-8,200.0
1,-8,566.4303189439769
1,-8,305.13693137392454
2,-8,423.3611791104208
2,-8,394.63576439644874
3,-8,477.3329283495378
3,-8,944.3443939102682
4,-8,245.61153395937146
4,-8,200.0
5,-8,412.82324767014904
5,-8,457.969436866387
6,-8,490.6133909217591
6,-8,600.4935952937735
5,-8,200.0
5,-8,540.0017759737996
6,-8,279.7729309333024
6,-8,349.0770038592161
7,-8,325.32472620746347
7,-8,509.58205114930036
8,-8,440.01760735972596
8,-8,266.0640310714457
9,-8,715.5676649742279
9,-8,554.9975666105072
10,-8,316.4617018137052
10,-8,200.0
11,-8,388.3904547882636
11,-8,635.1946101349101
12,-8,200.0
12,-8,273.8849002929126
11,-8,265.7037543603632
11,-8,390.57754139761755
11,-7,200.0
11,-7,479.5307131574597
10,-7,446.1149055352386
10,-7,522.8474657341399
10,-6,487.08612716190396
10,-6,252.3794608692064
11,-6,266.0792465557716
11,-6,245.1190855293513
10,-6,200.0
10,-6,200.0
9,-6,200.0
9,-6,921.5768316951264
9,-5,400.4731131328055
9,-5,200.0
9,-4,620.2914303379099
9,-4,335.52575955296777
10,-4,254.3989404429802
10,-4,335.1141873035007
9,-4,200.0
9,-4,335.6392031745705
9,-3,347.905043338445
9,-3,308.2425871620878
8,-3,378.84105443170847
8,-3,332.11446574597267
7,-3,548.1342650749136
7,-3,200.0
7,-2,200.0
7,-2,226.924699529299
7,-1,468.01901698931255
7,-1,508.2323072839178
7,0,560.5365735206893
7,0,398.4662763595828
7,1,447.68254829124066
7,1,439.0894897215996
7,2,575.9863753582542
7,2,388.4206328090437
8,2,639.9609780293341
8,2,661.7781647700858
8,3,200.0
8,3,200.0
7,3,200.0
7,3,448.2058581116343
6,3,694.6777137032644
6,3,207.74122892650263
5,3,384.8354775902885
5,3,429.2388753938086
5,4,450.2804187413697
5,4,592.9579171995963
4,4,487.6927017317671
4,4,615.494787267758
3,4,547.403980561924
3,4,423.8671355568755
3,5,415.92529691830276
3,5,524.972484651098
2,5,506.0030095329767
2,5,200.0
2,6,439.403814968532
2,6,558.0499812556237
1,6,562.4275587040349
1,6,501.7600920090465
1,5,351.05594489661235
1,5,575.8877455067292
1,6,585.7159495685825
1,6,544.8541153544728
0,6,379.39523159534633
0,6,298.6458459087048
0,7,390.37622819593486
0,7,523.0747096209755
-1,7,418.2651855445175
-1,7,631.772895220451
-2,7,506.350192617923
-2,7,200.0
-3,7,314.49629440686607
-3,7,677.9480263337468
-3,8,322.57257395074606
-3,8,347.14633396370687
-4,8,527.0318776450497
-4,8,376.29416525529524
-4,9,200.0
-4,9,235.81339302139423
-4,10,569.7531286635166
-4,10,510.95442465073927
-4,9,205.99375077335156
-4,9,438.98319591720735
-4,8,200.0
-4,8,691.8508646675945
-4,7,379.5681999534332
-4,7,299.91952153203795
-4,6,401.24899414477443
-4,6,409.2290448273358
-4,5,442.6103052322668
-4,5,233.5495244528858
-4,4,513.6301599218225
-4,4,552.1801581159834
-4,3,312.87994670882244
-4,3,693.61833007546
-4,2,258.3001532186856
-4,2,652.4268042995557
-4,1,541.5705400446385
-4,1,200.0
-4,2,587.2024190648564
-4,2,506.9285120562821
-4,3,404.0475399371161
-4,3,200.0
-4,2,654.5578821463021
-4,2,368.91317537034183
-4,1,343.2910562244116
-4,1,698.2141753698709
-4,0,435.3110604989424
-4,0,666.943123811908
-4,-1,255.28442934337778
-4,-1,640.8855666631821
-4,-2,304.6980395981407
-4,-2,836.8385229225466
-4,-3,558.3605675955093
-4,-3,497.75357355452735
-4,-4,476.0949528255512
-4,-4,465.5031681496562
-4,-3,737.2615988361422
-4,-3,280.08814461874346
-4,-4,466.48631514577545
-4,-4,535.8539418766276
-4,-5,803.634869635809
-4,-5,443.7119094891667
-4,-4,542.956866277837
-4,-4,231.71118779477104
-4,-5,525.9494685127357
-4,-5,517.22725510062
-4,-6,584.5467525233278
-4,-6,440.57992799903303
-4,-7,274.4924750417424
-4,-7,488.5578255254336
-4,-8,462.55354589062597
-4,-8,479.00304095656
-4,-9,402.33832484871823
-4,-9,200.0
-4,-8,517.984250516949
-4,-8,380.45772703485443
-4,-9,723.3422316832705
-4,-9,432.091575904026
-4,-10,205.70297291262696
-4,-10,316.6673752490167
-4,-9,200.0
-4,-9,599.7942727183139
-4,-10,325.7545922285211
-4,-10,736.3479889001305
-4,-11,431.9998694025844
-4,-11,388.97786369605046
-4,-12,200.0
-4,-12,319.61335327836315
-4,-13,637.1571273919427
-4,-13,318.1309129880689
-4,-12,411.0136413526903
-4,-12,395.8047844177377
-4,-13,559.4323997745543
-4,-13,257.69135160478277
-4,-14,426.4471962439221
-4,-14,281.9106000506974
-4,-15,200.0
-4,-15,200.0
-4,-16,391.68293548945763
-4,-16,200.0
-4,-15,200.0
-4,-15,200.0
-3,-15,200.0
-3,-15,351.0655689108204
-2,-15,200.0
-2,-15,332.06482271394106
-1,-15,760.2185540834591
-1,-15,211.9987371603957
0,-15,417.4707338922542
0,-15,229.86093274095452
0,-14,546.2094363988349
0,-14,200.0
1,-14,200.0
1,-14,572.1638321551502
2,-14,200.0
2,-14,427.7225655199426
2,-13,200.0
2,-13,200.0
2,-12,229.0959708465905
2,-12,462.4061155307545
3,-12,845.2132161319612
3,-12,258.950686486146
4,-12,305.27701991245544
4,-12,325.8189197240705
4,-11,541.455182327311
4,-11,319.76037311508185
5,-11,469.6440743148436
