-15,-8,70.13802690458837
-15,-8,50.0
-15,-8,50.0
-15,-8,50.0
-14,-8,50.0
-14,-8,50.0
-14,-8,50.0
-14,-8,50.0
-14,-8,50.0
-13,-8,68.38217625619643
-13,-8,50.0
-13,-8,77.61417123507252
-13,-8,50.0
-13,-8,50.0
-12,-8,50.0
-12,-8,50.0
-12,-8,50.0
-12,-8,132.7263360364301
-12,-8,50.0
-11,-8,75.34754488599494
-11,-8,50.0
-11,-8,50.0
-11,-8,59.04911862345735
-11,-8,50.0
-10,-8,89.88120681889538
-10,-8,74.78014590185444
-10,-8,134.7457814527267
-10,-8,167.42846197801015
-10,-8,50.0
-9,-8,112.16176165053565
-9,-8,79.13665589869572
-9,-8,50.0
-9,-8,50.0
-9,-8,65.80681309146598
-8,-8,55.268390474486836
-8,-8,60.20258209622148
-8,-8,50.0
-8,-8,50.0
-8,-8,58.09500249130274
-7,-8,93.88433858582606
-7,-8,50.0
-7,-8,50.0
-7,-8,136.1445091277269
-7,-8,99.44789963972393
-6,-8,90.27565371935309
-6,-8,118.5989571303355
-6,-8,50.0
-6,-8,64.06522150726762
-6,-8,69.03957445634134
-5,-8,151.3509285046955
-5,-8,116.03430231150358
-5,-8,50.0
-5,-8,189.02998958292613
-5,-8,114.37890122604537
-4,-8,50.0
-4,-8,94.17486654223494
-4,-8,50.0
-4,-8,166.76785104062833
-4,-8,50.0
-3,-8,50.0
-3,-8,116.94261539313503
-3,-8,87.67538344112431
-3,-8,139.24995345006656
-3,-8,50.0
-2,-8,74.25681449794835
-2,-8,76.83889694912133
-2,-8,105.70695803445535
-2,-8,107.62891952825898
-2,-8,50.0
-1,-8,50.0
-1,-8,114.35926038458521
-1,-8,93.11913070489169
-1,-8,87.98178165581865
-1,-8,102.28909574910978
0,-8,62.862067372356755
0,-8,62.869846064918775
0,-8,171.11095957244152
0,-8,114.60714255679056
0,-8,88.43723258806803
1,-8,50.0
1,-8,50.0
1,-8,126.78022400911708
1,-8,50.0
1,-8,97.9201293056523
2,-8,59.22171731075734
2,-8,93.42906764698841
2,-8,65.51916496416554
2,-8,85.82938937283787
2,-8,132.01501591185945
3,-8,71.27878052579945
3,-8,84.33812172790371
3,-8,106.83998021818934
3,-8,151.14006707036435
3,-8,139.05774695692133
4,-8,50.0
4,-8,50.0
4,-8,103.49226863274214
4,-8,62.64430774452938
4,-8,73.85760361033174
5,-8,50.0
5,-8,137.12603698699832
5,-8,174.6299616770118
5,-8,63.380574377432126
5,-8,73.59714969252693
6,-8,50.0
6,-8,77.9963829515757
6,-8,53.069254819691665
6,-8,152.85370957478523
6,-8,89.73357059256946
5,-8,80.43471306522092
5,-8,132.12898566907575
5,-8,83.10620261410077
5,-8,50.0
5,-8,105.2936771553832
6,-8,127.41189271233199
6,-8,138.0305649115576
6,-8,71.48060013947885
6,-8,154.4981564561793
6,-8,109.64512002169903
7,-8,95.05904184713324
7,-8,177.97739316164643
7,-8,86.94201228577312
7,-8,86.94223731296438
7,-8,50.0
8,-8,50.0
8,-8,50.0
8,-8,75.41217008547348
8,-8,50.0
8,-8,102.79063848008983
9,-8,185.8080116315429
9,-8,78.0549972719476
9,-8,50.0
9,-8,50.0
9,-8,69.78949904017145
10,-8,50.0
10,-8,104.93928917264438
10,-8,50.0
10,-8,50.0
10,-8,50.0
11,-8,119.70324822879505
11,-8,50.0
11,-8,50.0
11,-8,50.0
11,-8,50.0
12,-8,50.0
12,-8,50.0
12,-8,71.85150698646802
12,-8,50.96811027180072
12,-8,93.39863468741578
11,-8,81.49997661240485
11,-8,58.741257016315764
11,-8,137.86049134139628
11,-8,50.0
11,-8,69.54415196349008
11,-7,97.35107168943779
11,-7,110.32579751921732
11,-7,86.31751469943757
11,-7,127.70931880952575
11,-7,147.6776902292353
10,-7,125.39615580251701
10,-7,86.52943489832005
10,-7,78.32369843347071
10,-7,59.56620200579111
10,-7,50.0
10,-6,50.0
10,-6,94.36689953069055
10,-6,64.43934789849143
10,-6,50.0
10,-6,50.0
11,-6,50.0
11,-6,73.40363545059488
11,-6,97.58109574098228
11,-6,50.0
11,-6,62.34965981463518
10,-6,50.0
10,-6,50.0
10,-6,98.2986763200337
10,-6,50.0
10,-6,102.77959477988986
9,-6,122.23012309597661
9,-6,116.18261609800078
9,-6,84.01906214134931
9,-6,50.0
9,-6,50.0
9,-5,81.32519762678221
9,-5,67.7860258937345
9,-5,92.66316630440826
9,-5,66.53340976121477
9,-5,108.69676543483166
9,-4,109.22367075485208
9,-4,78.6877004679724
9,-4,126.1381333267558
9,-4,85.14779913181411
9,-4,50.0
10,-4,65.44706190242528
10,-4,111.97834793660172
10,-4,82.29116755185899
10,-4,64.42808048036136
10,-4,76.8471857664335
9,-4,65.78518086674364
9,-4,172.75366489454734
9,-4,50.0
9,-4,50.0
9,-4,60.257279848783796
9,-3,95.68218139934521
9,-3,50.0
9,-3,65.15519471871168
9,-3,83.35613255803945
9,-3,50.0
8,-3,132.51657310429562
8,-3,72.95623131036342
8,-3,118.47400508519362
8,-3,89.00227064525143
8,-3,50.0
7,-3,50.0
7,-3,111.29090173302352
7,-3,62.807932061235945
7,-3,71.70724154306035
7,-3,116.31980021873449
7,-2,50.0
7,-2,50.0
7,-2,50.0
7,-2,124.51809532322089
7,-2,50.0
7,-1,129.87209768379486
7,-1,80.75162248136533
7,-1,81.59345325360648
7,-1,121.47362647882159
7,-1,111.3128369443656
7,0,50.0
7,0,75.39926207133753
7,0,64.33288857393049
7,0,205.16376309243762
7,0,167.96210720427803
7,1,103.18471171015534
7,1,167.7898197041207
7,1,117.46110056390151
7,1,50.0
7,1,83.19300597205829
7,2,58.17835274912133
7,2,96.50464764606143
7,2,50.0
7,2,115.08189550018454
7,2,175.284604479804
8,2,123.47294932901215
8,2,73.18005452654842
8,2,89.75447818707192
8,2,50.0
8,2,137.44530888052753
8,3,50.0
8,3,57.54646484977973
8,3,50.0
8,3,150.87674508933668
8,3,103.61569609028346
7,3,50.0
7,3,50.0
7,3,119.96979546172165
7,3,50.0
7,3,84.96163233494585
6,3,134.17257731869032
6,3,97.52344147707954
6,3,98.58905589449365
6,3,50.0
6,3,55.25639228008357
5,3,135.57661689382033
5,3,156.30617711373242
5,3,203.46769885592335
5,3,50.0
5,3,104.23968142770977
5,4,129.33764010559645
5,4,158.7672861908844
5,4,242.59722597931628
5,4,50.0
5,4,106.4282202221772
4,4,126.81612815476325
4,4,52.3265918279773
4,4,182.999184593412
4,4,50.0
4,4,50.0
3,4,118.52782231680523
3,4,255.17454961296016
3,4,108.52681541313147
3,4,117.6246485527905
3,4,142.4301362230967
3,5,111.87174607328598
3,5,50.81165522031994
3,5,133.57346056449018
3,5,207.562080871519
3,5,65.14899990850134
2,5,98.94503122335118
2,5,184.49481792060192
2,5,222.30396341306445
2,5,131.16809460815358
2,5,50.0
2,6,141.36923415554176
2,6,190.13716401187378
2,6,93.25078049627224
2,6,108.77446238845229
2,6,50.0
1,6,76.8569824326889
1,6,65.71933834738707
1,6,90.32113384697955
1,6,108.98106744667646
1,6,119.79148478701008
1,5,64.09120116739994
1,5,65.44074049562319
1,5,61.4398761896923
1,5,50.0
1,5,81.46674210407991
1,6,100.64043758472492
1,6,135.39108907470435
1,6,50.0
1,6,85.42742235015571
1,6,100.33091087630264
0,6,101.66523282148952
0,6,54.00338426101892
0,6,76.65016865653803
0,6,114.92237999243986
0,6,63.379202934605814
0,7,83.14659608706731
0,7,180.91613126103036
0,7,133.19949351073313
0,7,91.39918260657622
0,7,71.95201681852484
-1,7,104.71830582535372
-1,7,147.29556826432437
-1,7,90.43565767668541
-1,7,114.81783626600837
-1,7,50.0
-2,7,50.0
-2,7,131.5162409106094
-2,7,60.6935467566722
-2,7,124.50961457754481
-2,7,92.22046666543291
-3,7,92.74669969444504
-3,7,98.40407870117716
-3,7,57.45817268075038
-3,7,86.69556511997195
-3,7,103.67642246876711
-3,8,50.0
-3,8,74.25296511242868
-3,8,85.06288356695975
-3,8,150.97626735751555
-3,8,109.30115218427719
-4,8,50.0
-4,8,210.9810744259782
-4,8,107.35704889855859
-4,8,95.85675599364099
-4,8,120.43109447382537
-4,9,50.0
-4,9,50.0
-4,9,50.0
-4,9,68.64534094128794
-4,9,109.25292340170299
-4,10,50.0
-4,10,50.75421153426042
-4,10,89.6430275231536
-4,10,82.77874465322179
-4,10,51.51703374489807
-4,9,50.280962656180364
-4,9,50.0
-4,9,54.08058590757341
-4,9,166.18938172614014
-4,9,50.0
-4,8,112.35906127716574
-4,8,50.0
-4,8,59.087906575945915
-4,8,83.25439401023033
-4,8,66.92240939686995
-4,7,53.87765430066743
-4,7,50.0
-4,7,62.55678101277502
-4,7,63.39087799123202
-4,7,50.0
-4,6,50.0
-4,6,75.96501925748098
-4,6,118.69112188879876
-4,6,134.12454640069146
-4,6,89.43358902569034
-4,5,137.1513739586941
-4,5,80.99448663010088
-4,5,115.07704444921586
-4,5,85.00284454778239
-4,5,176.90594277385046
-4,4,82.93636008451298
-4,4,80.58125125458974
-4,4,122.96925010281137
-4,4,79.26264882015464
-4,4,101.5673727665302
-4,3,140.43662379141352
-4,3,50.0
-4,3,182.34367585522529
-4,3,122.61956801704197
-4,3,145.67226593179893
-4,2,90.54886300852951
-4,2,177.69015938731815
-4,2,141.54560732472464
-4,2,57.428430308406824
-4,2,66.00083984403358
-4,1,237.58758009002312
-4,1,104.33612211337407
-4,1,198.85542581973164
-4,1,132.96249322009254
-4,1,110.07107358190451
-4,2,95.89609841821363
-4,2,68.2012828997369
-4,2,75.90775370201155
-4,2,124.0545061621859
-4,2,167.31359054487896
-4,3,129.48050659049426
-4,3,64.7814644077364
-4,3,50.7273279154303
-4,3,112.76690452053131
-4,3,144.98102102338692
-4,2,64.74196078865775
-4,2,117.78080358391911
-4,2,124.91513723625926
-4,2,110.43656168483231
-4,2,142.10374216029496
-4,1,69.54626625801168
-4,1,50.0
-4,1,212.9779754217559
-4,1,146.2315939322633
-4,1,142.65724061211722
-4,0,79.45137333068982
-4,0,112.01813967272119
-4,0,50.0
-4,0,158.86276910192873
-4,0,87.3159797449211
-4,-1,108.75583473539211
-4,-1,113.74702495432065
-4,-1,69.4394001453978
-4,-1,146.6938563905039
-4,-1,108.07286887575773
-4,-2,92.1520631737487
-4,-2,50.0
-4,-2,121.2331502571167
-4,-2,103.91770818876377
-4,-2,129.315816052532
-4,-3,120.4003704406887
-4,-3,103.15770654092643
-4,-3,152.47560708335828
-4,-3,113.67614307810177
-4,-3,195.49543895320113
-4,-4,124.68376365162084
-4,-4,205.0989422377467
-4,-4,96.06718364500615
-4,-4,81.94350284999086
-4,-4,110.95039508334398
-4,-3,187.72783329405314
-4,-3,106.53569560400241
-4,-3,109.88289651020418
-4,-3,51.83660502598163
-4,-3,50.0
-4,-4,147.9075748117409
-4,-4,68.45446723055005
-4,-4,50.0
-4,-4,116.01321278000418
-4,-4,241.5989603111383
-4,-5,50.0
-4,-5,50.0
-4,-5,94.67416501492798
-4,-5,156.0146578806841
-4,-5,50.0
-4,-4,53.44827901421195
-4,-4,98.37999252117294
-4,-4,144.6285604744001
-4,-4,78.70880164289419
-4,-4,90.95494729733959
-4,-5,149.3350046252995
-4,-5,129.13737507841506
-4,-5,170.0715379595393
-4,-5,99.48794715010179
-4,-5,50.0
-4,-6,94.82001822867818
-4,-6,61.01996087186238
-4,-6,158.90368642885977
-4,-6,109.93244218184678
-4,-6,187.14213543601295
-4,-7,168.76836174544695
-4,-7,66.34178282935046
-4,-7,95.22842607581693
-4,-7,54.142964997838234
-4,-7,67.39433569829616
-4,-8,105.64018850863857
-4,-8,93.72598498105224
-4,-8,148.65729676976912
-4,-8,91.29687246053177
-4,-8,61.767965108840286
-4,-9,95.31863336000188
-4,-9,77.06800700628756
-4,-9,50.0
-4,-9,104.07160800779137
-4,-9,74.74478183695874
-4,-8,208.12294316297007
-4,-8,50.0
-4,-8,133.65908172664447
-4,-8,102.76559549589895
-4,-8,101.54352954409079
-4,-9,102.19691484028317
-4,-9,81.83867269225193
-4,-9,90.46065957626703
-4,-9,167.43851889919438
-4,-9,78.54502304783905
-4,-10,50.0
-4,-10,50.0
-4,-10,64.58799063966823
-4,-10,128.54048441976192
-4,-10,206.12629928322968
-4,-9,50.0
-4,-9,50.0
-4,-9,62.65311871025823
-4,-9,96.73779607631943
-4,-9,147.72395385953158
-4,-10,98.54775119354426
-4,-10,50.0
-4,-10,145.96670147412024
-4,-10,50.0
-4,-10,50.0
-4,-11,50.0
-4,-11,50.0
-4,-11,75.32146157142634
-4,-11,50.0
-4,-11,158.44299935431906
-4,-12,50.0
-4,-12,50.0
-4,-12,58.04149700211207
-4,-12,77.2628117249808
-4,-12,50.0
-4,-13,50.0
-4,-13,53.04781610437446
-4,-13,50.0
-4,-13,50.0
-4,-13,50.0
-4,-12,69.19874142188995
-4,-12,54.39532349891678
-4,-12,96.34668997486108
-4,-12,99.35768836021644
-4,-12,66.73967643959189
-4,-13,103.82235591238613
-4,-13,50.0
-4,-13,54.949271411999504
-4,-13,79.94139883766695
-4,-13,53.136264159412036
-4,-14,50.0
-4,-14,83.83183178379562
-4,-14,50.0
-4,-14,50.0
-4,-14,50.0
-4,-15,59.624645472214375
-4,-15,50.0
-4,-15,50.0
-4,-15,50.0
-4,-15,50.0
-4,-16,50.0
-4,-16,50.0
-4,-16,50.0
-4,-16,50.0
-4,-16,50.0
-4,-15,50.0
-4,-15,50.0
-4,-15,50.0
-4,-15,50.0
-4,-15,50.0
-3,-15,50.0
-3,-15,50.0
-3,-15,50.0
-3,-15,50.0
-3,-15,50.0
-2,-15,50.0
-2,-15,50.0
-2,-15,50.0
-2,-15,50.0
-2,-15,50.0
-1,-15,50.0
-1,-15,55.3539839162578
-1,-15,57.03740733169227
-1,-15,50.0
-1,-15,50.0
0,-15,53.11274532028525
0,-15,50.0
0,-15,61.08454523790251
0,-15,77.61271055866752
0,-15,50.0
0,-14,72.65202195373719
0,-14,50.0
0,-14,50.0
0,-14,50.0
0,-14,79.41600683535493
1,-14,50.0
1,-14,50.0
1,-14,93.00004009662311
1,-14,87.06658399976784
1,-14,139.46628739113703
2,-14,83.2423444228399
2,-14,145.9602063713063
2,-14,127.90952103322383
2,-14,105.56287636281893
2,-14,50.0
2,-13,50.0
2,-13,60.062218127305286
2,-13,50.0
2,-13,50.0
2,-13,65.99938524352595
2,-12,153.02308547487422
2,-12,71.96549828545541
2,-12,50.0
2,-12,125.47431509730856
2,-12,105.71579521302857
3,-12,64.96114394296161
3,-12,50.0
3,-12,50.0
3,-12,60.32636852663574
3,-12,124.18579827816843
4,-12,60.39434532785519
4,-12,84.84508760885362
4,-12,50.0
4,-12,50.0
4,-12,50.0
4,-11,50.0
4,-11,74.18981368295708
4,-11,55.12977243271078
4,-11,155.95901622171826
4,-11,50.0
5,-11,50.0
5,-11,146.4625138417492
5,-11,50.0
5,-11,70.48392251386477
5,-11,50.0
6,-11,50.0
6,-11,50.0
6,-11,87.1553223778813
6,-11,50.0
6,-11,71.6514629061965
6,-10,88.23554291011683
6,-10,141.20513465591347
6,-10,62.70623420056448
6,-10,110.29498138953922
6,-10,50.0
6,-9,67.80447380132856
6,-9,77.23394779142637
6,-9,50.0
6,-9,67.4728406910764
6,-9,50.0
6,-8,58.260629002540526
6,-8,50.0
6,-8,137.8578848523618
6,-8,109.16050638722133
6,-8,143.68903408247897
6,-7,98.68720495211667
6,-7,56.84735462716418
6,-7,108.13371865914898
6,-7,108.4374638636399
6,-7,50.0
7,-7,50.0
7,-7,50.0
7,-7,50.0
7,-7,50.0
7,-7,88.9841646961098
6,-7,130.367851821155
6,-7,60.759620737389916
6,-7,50.0
6,-7,197.7377233007157
6,-7,109.33686170874537
6,-6,60.12825842134064
6,-6,79.5529087280671
6,-6,65.84255629689956
6,-6,50.0
6,-6,77.33610485807377
6,-5,82.97438035376746
6,-5,50.0
6,-5,50.0
6,-5,50.0
6,-5,174.51653259396988
6,-4,88.36931359192903
6,-4,147.31009341963846
6,-4,50.14745259452901
6,-4,50.0
6,-4,130.00768752997337
7,-4,67.526067730806
7,-4,50.0
7,-4,120.89170265664184
7,-4,50.72078552610397
7,-4,105.21392623407968
6,-4,153.1900018179585
6,-4,50.0
6,-4,92.17976679955528
6,-4,116.26417243687841
6,-4,50.0
6,-3,83.47550131689638
6,-3,150.28011955626954
6,-3,182.710734892994
6,-3,67.09118901228183
6,-3,160.34759699288043
7,-3,82.7375856293613
7,-3,50.0
7,-3,50.0
7,-3,102.59209564466697
7,-3,151.7983540896799
8,-3,143.14497283076244
8,-3,50.0
8,-3,131.47887018947836
8,-3,142.88648948721604
8,-3,56.255964238293465
8,-2,50.0
8,-2,50.0
8,-2,129.94235909871324
8,-2,152.80633836712713
8,-2,167.09480604090385
8,-1,91.93047253976917
8,-1,101.04372829665427
8,-1,126.53029650900845
8,-1,90.24139740237365
8,-1,50.0
9,-1,54.593798759669326
9,-1,90.43273968023927
9,-1,50.0
9,-1,50.0
9,-1,50.0
9,0,57.9678016039348
9,0,50.0
9,0,50.0
9,0,63.846963981657304
9,0,50.0
10,0,58.28947686675331
10,0,186.35463668112635
10,0,107.7101387557874
10,0,177.13567117011226
10,0,50.0
11,0,153.05625972568242
11,0,50.0
11,0,161.41934782538684
11,0,50.0
11,0,50.0
11,1,91.71928571326472
11,1,107.91525257171864
11,1,50.0
11,1,102.45233325787824
11,1,86.60894977652524
11,2,50.0
11,2,50.0
11,2,58.56560092980767
11,2,66.24024326067635
11,2,50.0
12,2,83.33003908931289
12,2,91.40377852749344
12,2,148.40515754087133
12,2,86.01650899497723
12,2,57.09752550565278
11,2,76.48084438602467
11,2,184.31159645779968
11,2,151.3883020654571
11,2,50.0
11,2,50.0
11,3,50.0
11,3,98.86292403050317
11,3,52.58492891219477
11,3,71.93122620128037
11,3,50.0
12,3,50.0
12,3,175.73225171446546
12,3,50.0
12,3,94.80023183360808
12,3,63.98803810883094
12,4,62.683925631617825
12,4,98.66433045715414
12,4,202.3845883872433
12,4,50.0
12,4,50.0
13,4,155.33809245811267
13,4,50.78883838148613
13,4,53.4202288288576
13,4,64.29905811176587
13,4,95.78604881997921
12,4,125.0889047363177
12,4,50.0
12,4,126.39894672296286
12,4,98.4016005234112
12,4,50.0
13,4,50.0
13,4,50.0
13,4,50.0
13,4,50.0
13,4,50.0
14,4,50.0
14,4,50.0
14,4,55.3039677271217
14,4,60.16408605688113
14,4,104.06692141748226
13,4,123.9844847359216
13,4,50.0
13,4,115.76831546267246
13,4,50.0
13,4,50.0
14,4,93.77104658164372
14,4,69.18110991618302
14,4,83.50016021935097
14,4,50.0
14,4,55.31150935272816
15,4,50.0
15,4,50.0
15,4,72.64035225746406
15,4,50.0
15,4,50.0
16,4,114.21883643709322
16,4,109.85006503665522
16,4,50.0
16,4,50.0
16,4,88.66937196047843
17,4,67.9204140603391
17,4,50.0
17,4,50.0
17,4,50.0
17,4,50.0
16,4,103.9475750790084
16,4,50.0
16,4,50.0
16,4,50.800980472246444
16,4,50.0
17,4,82.69149251602332
17,4,59.10102907743515
17,4,69.09462729867244
17,4,66.42545411856905
17,4,81.24651168575792
16,4,50.05131948992657
16,4,50.0
16,4,50.0
16,4,50.0
16,4,73.64041929043127
17,4,50.0
17,4,50.0
17,4,54.321138352858924
17,4,76.88836901532827
17,4,50.0
18,4,50.0
18,4,50.0
18,4,89.14123578742728
18,4,58.01354535049681
18,4,50.0
19,4,50.0
19,4,50.0
19,4,50.0
19,4,50.0
19,4,50.0
20,4,50.0
20,4,121.92352598327379
20,4,50.0
20,4,50.0
20,4,50.0
20,5,50.0
20,5,50.0
20,5,57.49649836986552
20,5,50.0
20,5,50.0
20,6,50.0
20,6,50.0
20,6,50.0
20,6,50.0
20,6,50.0
20,7,58.89341836064441
20,7,50.0
20,7,50.0
20,7,50.0
20,7,50.0
20,6,50.0
20,6,50.0
20,6,50.0
20,6,63.01865225822176
20,6,50.0
20,5,50.0
20,5,50.0
20,5,50.0
20,5,50.0
20,5,50.0
20,6,50.0
20,6,50.0
20,6,50.0
20,6,109.33550940653745
20,6,50.0
20,7,50.0
20,7,50.0
20,7,50.0
20,7,50.0
20,7,84.55939027868794
20,6,50.0
20,6,50.0
20,6,63.54123940967814
20,6,50.0
20,6,50.0
20,5,50.0
20,5,119.82391848834963
20,5,50.0
20,5,50.0
20,5,50.0
20,6,50.0
20,6,50.0
20,6,50.0
20,6,50.0
20,6,50.0
20,7,50.0
20,7,50.0
20,7,51.08884936579099
20,7,50.0
20,7,64.0203317898785
20,8,50.0
20,8,50.0
20,8,50.0
20,8,50.0
20,8,91.64356242417452
20,9,65.36564112885311
20,9,50.0
20,9,50.0
20,9,57.85800167875074
20,9,50.0
20,8,50.0
20,8,50.0
20,8,56.93877431563744
20,8,75.31005753955347
20,8,50.0
20,9,50.0
20,9,50.0
20,9,50.0
20,9,50.0
20,9,50.0
20,8,50.0
20,8,50.0
20,8,50.0
20,8,50.0
20,8,50.0
20,9,50.0
20,9,50.0
20,9,50.0
20,9,50.0
20,9,57.26116475006427
20,8,64.67185802317778
20,8,50.0
20,8,50.0
20,8,50.0
20,8,50.0
20,9,88.16311212006165
20,9,50.0
20,9,78.03211974419868
20,9,50.0
20,9,53.53272578007551
20,10,83.98680227148131
20,10,50.0
20,10,50.0
20,10,50.0
20,10,50.0
20,11,50.0
20,11,50.0
20,11,50.0
20,11,50.0
20,11,61.733254186533415
20,12,50.0
20,12,50.0
20,12,50.0
20,12,50.0
20,12,50.0
20,13,78.29410349569804
20,13,50.0
20,13,50.0
20,13,50.0
20,13,50.0
20,14,50.0
20,14,50.0
20,14,50.0
20,14,50.0
20,14,50.0
20,15,50.0
20,15,77.35559069461551
20,15,50.0
20,15,50.0
20,15,50.0
20,16,50.0
20,16,50.0
20,16,50.0
20,16,50.0
20,16,50.0
20,17,50.0
20,17,50.0
20,17,50.0
20,17,50.0
20,17,50.0
20,18,50.0
20,18,50.0
20,18,50.0
20,18,50.0
20,18,50.0
20,19,50.0
20,19,50.0
20,19,50.0
20,19,50.0
20,19,50.0
20,20,50.0
20,20,100.50268733307797
20,20,50.0
20,20,50.0
20,20,50.0
19,20,50.0
