-15,-8,200.0
-14,-8,200.0
-14,-8,201.05424799530223
-13,-8,200.0
-13,-8,303.85794044777737
-12,-8,200.0
-12,-8,200.0
-11,-8,200.0
-11,-8,286.50041180789646
-10,-8,262.5155314765736
-10,-8,472.3989546828458
-9,-8,414.8564904668106
-9,-8,427.0208208387503
-8,-8,374.6496442290309
-8,-8,528.7904680510698
-7,-8,351.9922001242956
-7,-8,564.1979034483992
-6,-8,609.0724962178501
-6,-8,324.662535109993
-5,-8,264.38732050306976
-5,-8,442.2874363223752
-4,-8,948.2178679272222
-4,-8,592.5224373930704
-3,-8,369.9879281385426
-3,-8,625.9249831656442
-2,-8,626.8147443973555
-2,-8,298.611167515559
-1,-8,405.90562072442646
-1,-8,469.67488788525714
0,-8,462.40539966126795
0,-8,431.4740273351093
1,-8,200.0
1,-8,243.2970564666704
2,-8,947.3946494105769
2,-8,436.7811412659296
3,-8,340.58680077600405
3,-8,345.22375652437455
4,-8,497.0920887615787
4,-8,318.02073748693317
5,-8,200.0
5,-8,466.9110755345854
6,-8,278.4254234777351
6,-8,331.39433376911916
5,-8,200.0
5,-8,394.06867123119093
6,-8,397.1537054272369
6,-8,610.8288135905412
7,-8,336.04657172802206
7,-8,311.1039985548688
8,-8,200.0
8,-8,483.6064307581827
9,-8,200.0
9,-8,588.0511555193302
10,-8,211.4466933732353
10,-8,200.0
11,-8,200.0
11,-8,209.1192084455889
12,-8,200.0
12,-8,200.0
11,-8,697.7524125740849
11,-8,476.83417095672866
11,-7,220.73041742661115
11,-7,200.0
10,-7,743.4420686189655
10,-7,438.7211937856689
10,-6,200.0
10,-6,389.64375795299486
11,-6,200.0
11,-6,471.60334430452724
10,-6,326.84631575474884
10,-6,200.0
9,-6,251.8291111561942
9,-6,200.0
9,-5,200.0
9,-5,280.02631222707475
9,-4,397.0110496395988
9,-4,200.0
10,-4,479.1385540378526
10,-4,256.1210502672882
9,-4,200.0
9,-4,415.39267682196515
9,-3,200.0
9,-3,289.54414609893627
8,-3,373.92186877126386
8,-3,200.0
7,-3,428.7621351153506
7,-3,731.5185522903319
7,-2,286.3279643961725
7,-2,383.66109289172334
7,-1,200.0
7,-1,517.6862110629007
7,0,686.6181202930525
7,0,674.5837035506147
7,1,864.4004530054975
7,1,492.16379711504896
7,2,279.3742426630539
7,2,699.8422081175675
8,2,200.0
8,2,224.70067390841814
8,3,403.8265326708376
8,3,541.0500817150415
7,3,666.6484157823678
7,3,200.0
6,3,200.0
6,3,392.34178984685434
5,3,646.3291227244206
5,3,286.5165060091004
5,4,200.0
5,4,499.39351354915095
4,4,378.49752867254847
4,4,567.8731538769451
3,4,519.5261101549198
3,4,504.6602566322042
3,5,550.9384971238155
3,5,258.31261822263184
2,5,563.087300701842
2,5,257.6720739323727
2,6,639.25033672839
2,6,556.7956270158805
1,6,857.614410651473
1,6,783.8761342871709
1,5,694.7610392623475
1,5,742.4023442973096
1,6,676.3629973655529
1,6,463.6818039359745
0,6,567.4876244822839
0,6,491.72674116255195
0,7,200.0
0,7,496.443393911179
-1,7,704.7929015225475
-1,7,673.8609750419928
-2,7,596.6249557514487
-2,7,371.453607722675
-3,7,245.70702206983543
-3,7,200.0
-3,8,615.989894650004
-3,8,200.0
-4,8,422.5993816039038
-4,8,708.8888747573305
-4,9,280.16994183153497
-4,9,328.31882864701714
-4,10,359.7625468569115
-4,10,484.4959790287591
-4,9,225.67961311649847
-4,9,600.9347795359638
-4,8,548.8362234722862
-4,8,200.0
-4,7,636.429454094199
-4,7,438.93901386754635
-4,6,524.1280051124728
-4,6,439.7051306196139
-4,5,318.81904305597953
-4,5,665.1291065782173
-4,4,702.956602265971
-4,4,351.19157175206726
-4,3,610.1301044727967
-4,3,356.86421961315534
-4,2,645.4186582314552
-4,2,235.50043983220928
-4,1,207.51723090101063
-4,1,534.1216751193108
-4,2,568.9946844557699
-4,2,385.23511179911463
-4,3,597.5852266923506
-4,3,470.5735137007531
-4,2,503.8473907912059
-4,2,718.3205441196598
-4,1,816.4784930623192
-4,1,211.3082961638589
-4,0,265.37389755287944
-4,0,537.0767760536903
-4,-1,706.9705690610928
-4,-1,430.08717498025464
-4,-2,422.7675151373453
-4,-2,453.43564180259403
-4,-3,897.7245403386306
-4,-3,749.5257276468143
-4,-4,520.5750898646638
-4,-4,480.47230638352676
-4,-3,415.6849265501083
-4,-3,563.9950856912902
-4,-4,406.2834459311981
-4,-4,716.7530609913825
-4,-5,611.8173663916074
-4,-5,488.27410233610937
-4,-4,562.4542879520994
-4,-4,568.1860671748287
-4,-5,236.36799016801064
-4,-5,342.66733419114973
-4,-6,301.070548947799
-4,-6,200.0
-4,-7,709.7074890830074
-4,-7,200.0
-4,-8,598.0534655561925
-4,-8,523.9142492328102
-4,-9,212.00240265399546
-4,-9,418.7464845481595
-4,-8,271.4772858813597
-4,-8,203.3277805029129
-4,-9,518.193284524552
-4,-9,622.2464400190951
-4,-10,223.00883447200465
-4,-10,200.0
-4,-9,618.1379876313177
-4,-9,200.0
-4,-10,901.19088405519
-4,-10,802.6713089794534
-4,-11,303.0805213350599
-4,-11,594.4079146364979
-4,-12,292.90987742964137
-4,-12,346.71717597720453
-4,-13,272.57851724539546
-4,-13,391.43068127162337
-4,-12,200.0
-4,-12,200.0
-4,-13,200.0
-4,-13,469.60285891129627
-4,-14,622.8827835458228
-4,-14,200.0
-4,-15,201.37600749023352
-4,-15,498.09173576002155
-4,-16,200.0
-4,-16,302.7299784486511
-4,-15,265.2420037756893
-4,-15,200.0
-3,-15,200.0
-3,-15,200.0
-2,-15,377.4875049388397
-2,-15,200.0
-1,-15,232.83666057967935
-1,-15,200.0
0,-15,200.0
0,-15,200.0
0,-14,200.0
0,-14,322.73776075193604
1,-14,323.92469210308093
1,-14,561.7847900844092
2,-14,200.0
2,-14,395.2787639415809
2,-13,372.1683787931985
2,-13,200.0
2,-12,569.9086240570155
2,-12,385.8033601069938
3,-12,536.0701846546929
3,-12,200.0
4,-12,301.6408577703941
4,-12,573.4214756062327
4,-11,340.973218392541
4,-11,359.5759157588807
5,-11,215.34675902281293
