-15,-8,200.0
-14,-8,200.0
-14,-8,393.13421570276637
-13,-8,200.0
-13,-8,246.527920378488
-12,-8,200.0
-12,-8,200.0
-11,-8,200.0
-11,-8,310.4547840171941
-10,-8,230.67610070387005
-10,-8,322.6295974669432
-9,-8,583.3640517424603
-9,-8,507.5463744635641
-8,-8,346.7368383632696
-8,-8,218.68293982212066
-7,-8,356.34483982221343
-7,-8,406.1483967887972
-6,-8,200.0
-6,-8,200.0
-5,-8,200.0
-5,-8,836.6975856529409
-4,-8,304.53737937667773
-4,-8,286.12452285841493
-3,-8,334.6174922691595
-3,-8,280.07135680485976
-2,-8,569.1556464869847
-2,-8,200.0
-1,-8,237.0140482437448
-1,-8,366.124160053087
0,-8,523.9671502879272
0,-8,405.23696672558435
1,-8,365.2595059013717
1,-8,549.0662562935472
2,-8,293.17924375168786
2,-8,365.44799315183394
3,-8,200.0
3,-8,496.673080316878
4,-8,419.2659128953771
4,-8,200.0
5,-8,313.7546728474412
5,-8,200.0
6,-8,932.1562080156712
6,-8,205.20255074897085
5,-8,372.5698832602005
5,-8,575.4046432565516
6,-8,469.8926637092801
6,-8,492.03978347672523
7,-8,342.45591250153717
7,-8,362.99921040001266
8,-8,439.3487229581658
8,-8,629.8597479650696
9,-8,216.37257817880194
9,-8,308.68972523090986
10,-8,201.77779380310193
10,-8,200.0
11,-8,200.0
11,-8,403.3288652960092
12,-8,380.93999065593584
12,-8,458.0474016842586
11,-8,475.2989324233369
11,-8,200.0
11,-7,200.0
11,-7,680.0741380383045
10,-7,320.97197263640203
10,-7,200.0
10,-6,625.3597645663724
10,-6,200.0
11,-6,200.0
11,-6,250.1015790386698
10,-6,200.0
10,-6,205.55149829400258
9,-6,200.0
9,-6,411.7682559046927
9,-5,568.204752825193
9,-5,384.81700274781906
9,-4,288.08993014830736
9,-4,432.1796128293336
10,-4,540.473624248138
10,-4,200.0
9,-4,464.16441857584095
9,-4,327.6812639920989
9,-3,396.93101460688086
9,-3,200.0
8,-3,778.7626659560692
8,-3,349.19924414894587
7,-3,267.32613100777877
7,-3,205.99471429658004
7,-2,498.89130754140604
7,-2,728.4052883573315
7,-1,230.51423769652115
7,-1,200.0
7,0,534.1867290083048
7,0,528.1970683263522
7,1,730.3233037729342
7,1,469.75142588907806
7,2,307.58247279187225
7,2,798.414614767415
8,2,631.9183262828836
8,2,374.4450312176565
8,3,525.9506431481343
8,3,456.3242917265959
7,3,549.1258342895915
7,3,257.1076633403273
6,3,402.49221283524855
6,3,707.0894804120215
5,3,393.7947530575749
5,3,646.7006323302871
5,4,200.0
5,4,329.3858307611427
4,4,696.843467098094
4,4,777.497052364271
3,4,607.9166734573658
3,4,271.98609060713204
3,5,549.8663348276627
3,5,702.9839235885182
2,5,582.1927418763771
2,5,312.7219088432974
2,6,200.0
2,6,343.7293498528711
1,6,235.2671189793732
1,6,651.6402135228597
1,5,395.0850028813559
1,5,652.0903187277185
1,6,493.79650678965436
1,6,513.9358899626262
0,6,613.8241224361043
0,6,384.1514282618226
0,7,200.0
0,7,413.48755859408374
-1,7,571.1059568463727
-1,7,389.51439499520563
-2,7,200.0
-2,7,706.3546017769655
-3,7,468.5848528989659
-3,7,696.8537205604878
-3,8,200.0
-3,8,475.5236291500304
-4,8,322.53810045116927
-4,8,367.924291341229
-4,9,556.0731045524275
-4,9,676.0628966814851
-4,10,707.2147759289523
-4,10,550.365377431839
-4,9,536.4905348758891
-4,9,200.0
-4,8,490.1476735078932
-4,8,797.0487715457091
-4,7,230.0552179076045
-4,7,679.9801768646935
-4,6,601.4803800091803
-4,6,303.1101663773617
-4,5,252.4939447347248
-4,5,566.786825382601
-4,4,371.50117809604444
-4,4,897.0698549966017
-4,3,331.80270834289183
-4,3,597.4345407775376
-4,2,416.79090162779335
-4,2,768.621715718926
-4,1,467.3544195108062
-4,1,432.6641817219026
-4,2,860.0755053544601
-4,2,693.3075382420824
-4,3,378.1665020672735
-4,3,562.184784928986
-4,2,756.6407129724606
-4,2,752.2678699735251
-4,1,264.35186742433837
-4,1,582.0760169706425
-4,0,479.5041601668186
-4,0,321.71466266826667
-4,-1,447.6386572455282
-4,-1,847.9433687207204
-4,-2,909.3360662397872
-4,-2,200.0
-4,-3,454.378194114752
-4,-3,592.3937201509326
-4,-4,451.4435269314075
-4,-4,458.7265991507049
-4,-3,519.2010427864494
-4,-3,495.12143764802266
-4,-4,331.2595404327765
-4,-4,476.1793329915592
-4,-5,280.999204656503
-4,-5,525.3823542546954
-4,-4,200.0
-4,-4,514.1279757424539
-4,-5,394.9301978233228
-4,-5,643.6784326163264
-4,-6,1167.1199611393845
-4,-6,641.7993982775088
-4,-7,556.0142719412985
-4,-7,546.1054487825407
-4,-8,287.81550125329863
-4,-8,366.6430430340371
-4,-9,200.0
-4,-9,200.0
-4,-8,504.992120000123
-4,-8,580.3219446946991
-4,-9,499.27026788161197
-4,-9,572.2340251739341
-4,-10,567.5814411301925
-4,-10,334.3114504257163
-4,-9,437.31742387220424
-4,-9,251.91714361062174
-4,-10,321.5305593044349
-4,-10,200.0
-4,-11,318.53996058120987
-4,-11,200.0
-4,-12,357.4315463708814
-4,-12,200.0
-4,-13,274.85801399773123
-4,-13,269.5767451919308
-4,-12,341.15276630448267
-4,-12,226.13272211720948
-4,-13,384.3749543565463
-4,-13,355.23596970054064
-4,-14,200.0
-4,-14,267.9098277910327
-4,-15,200.0
-4,-15,200.0
-4,-16,200.0
-4,-16,338.9611531985223
-4,-15,200.0
-4,-15,200.0
-3,-15,309.2583241462107
-3,-15,209.52271697437897
-2,-15,421.1717203724718
-2,-15,200.0
-1,-15,820.9287538723245
-1,-15,200.0
0,-15,200.0
0,-15,345.6557176228729
0,-14,200.0
0,-14,200.0
1,-14,401.6378685031385
1,-14,200.0
2,-14,688.6475054865027
2,-14,200.0
2,-13,200.0
2,-13,200.0
2,-12,202.52738191189195
2,-12,342.7164024447626
3,-12,442.4114523525252
3,-12,426.04741404316576
4,-12,200.0
4,-12,200.0
4,-11,243.1010392489728
4,-11,200.0
5,-11,303.9460943214031
