-15,-8,200.0
-14,-8,501.22535871776466
-14,-8,200.0
-13,-8,836.9887254722235
-13,-8,292.6748398582786
-12,-8,367.07732435999566
-12,-8,588.3832428352819
-11,-8,200.0
-11,-8,200.0
-10,-8,200.0
-10,-8,284.1042123499581
-9,-8,200.0
-9,-8,473.99998802889434
-8,-8,251.32028186232822
-8,-8,200.0
-7,-8,324.83353291291394
-7,-8,276.8142783937596
-6,-8,472.93239040883145
-6,-8,200.0
-5,-8,216.5475103465079
-5,-8,202.0036038228792
-4,-8,213.31612431014292
-4,-8,470.0510778395729
-3,-8,539.5084971441609
-3,-8,389.7638031377814
-2,-8,507.5432222054531
-2,-8,296.22104921567916
-1,-8,893.8596540721262
-1,-8,439.82735988536626
0,-8,500.0427732278518
0,-8,497.282549164475
1,-8,277.51551443865065
1,-8,350.587407222494
2,-8,395.439053891693
2,-8,640.1808523584159
3,-8,602.3192440562931
3,-8,200.0
4,-8,391.3359242414628
4,-8,514.5587858501036
5,-8,360.78098210908416
5,-8,356.6691264258072
6,-8,200.0
6,-8,200.0
5,-8,200.0
5,-8,356.84433157782087
6,-8,261.63596811601366
6,-8,472.31884932123603
7,-8,200.0
7,-8,200.0
8,-8,452.1187004795387
8,-8,200.0
9,-8,331.8804351629917
9,-8,427.2720663556737
10,-8,200.0
10,-8,200.0
11,-8,200.0
11,-8,200.0
12,-8,721.0351395079659
12,-8,200.0
11,-8,200.0
11,-8,200.0
11,-7,694.487598763965
11,-7,548.0712012360459
10,-7,598.1486347703999
10,-7,405.6763362893781
10,-6,201.0415569196128
10,-6,200.0
11,-6,326.7938129347432
11,-6,304.140002485472
10,-6,200.0
10,-6,373.562353770363
9,-6,200.0
9,-6,200.0
9,-5,352.005639875486
9,-5,200.0
9,-4,200.0
9,-4,423.6137612016151
10,-4,488.08008885060326
10,-4,344.3002158425335
9,-4,502.44827600311635
9,-4,455.53260699074036
9,-3,327.6405096658567
9,-3,429.8826840475857
8,-3,357.2055197173123
8,-3,200.0
7,-3,231.09592026432006
7,-3,230.79867057810546
7,-2,625.3795368565236
7,-2,257.4566902974136
7,-1,203.1530181058081
7,-1,537.1732299982207
7,0,485.7241561188521
7,0,427.8544250645744
7,1,650.2046445284335
7,1,413.0947709877847
7,2,338.8789782629678
7,2,241.7532319323198
8,2,563.6876832492807
8,2,275.6401983179893
8,3,452.5838386178586
8,3,351.1061036884529
7,3,370.2948162765601
7,3,476.0345078618783
6,3,766.5403075177198
6,3,407.1338696836795
5,3,494.5693536987915
5,3,240.3825594317583
5,4,429.13819534309823
5,4,398.1739994091625
4,4,200.0
4,4,857.4710645814573
3,4,679.5031966200315
3,4,647.9864642341704
3,5,779.1407434238329
3,5,469.3145087031084
2,5,283.0063449366747
2,5,260.8505818502707
2,6,721.2486042984704
2,6,540.4453739647769
1,6,451.6552081368613
1,6,292.910437639052
1,5,626.4067226840851
1,5,425.39239371141343
1,6,461.13747986666147
1,6,338.3572188393907
0,6,671.2025010451592
0,6,432.65518009063123
0,7,200.0
0,7,628.6332979477245
-1,7,681.0468481217973
-1,7,275.6570663929931
-2,7,256.95665816637444
-2,7,658.1590958111564
-3,7,342.97861376556955
-3,7,511.758249797493
-3,8,671.1303852522028
-3,8,477.57590561718496
-4,8,349.09803429538476
-4,8,597.2609934685111
-4,9,383.32210796228526
-4,9,541.7616435183845
-4,10,520.4850647690232
-4,10,200.0
-4,9,343.9995588884826
-4,9,426.01875032752196
-4,8,718.3582358010249
-4,8,439.9971682053213
-4,7,212.9497937605385
-4,7,200.0
-4,6,541.0728605973042
-4,6,318.6516001265329
-4,5,200.0
-4,5,546.3650071345076
-4,4,761.9647157521734
-4,4,354.51814467418063
-4,3,416.5773358838155
-4,3,846.1276459951943
-4,2,461.1320220820485
-4,2,622.318931531026
-4,1,632.2683174167182
-4,1,226.687552559781
-4,2,576.4218827771186
-4,2,200.0
-4,3,459.014150277677
-4,3,932.7324437652752
-4,2,1101.5461994035418
-4,2,624.983064236633
-4,1,526.4733038943327
-4,1,548.4682175227102
-4,0,653.5335036775207
-4,0,765.2499883056573
-4,-1,502.2674216324753
-4,-1,590.8907568117845
-4,-2,558.15357981923
-4,-2,592.9571215724793
-4,-3,633.506396747817
-4,-3,494.84245193472344
-4,-4,200.0
-4,-4,692.7179826180926
-4,-3,300.4947943366844
-4,-3,733.1965028775106
-4,-4,231.3777649853207
-4,-4,403.1653141614778
-4,-5,848.0541911035482
-4,-5,824.4831854823303
-4,-4,930.254871026957
-4,-4,882.1547794324365
-4,-5,530.7840720790329
-4,-5,348.6147624279679
-4,-6,644.188931590641
-4,-6,200.0
-4,-7,434.7877403481835
-4,-7,474.75897196346943
-4,-8,221.65753243241764
-4,-8,374.35952234229615
-4,-9,422.7132991520884
-4,-9,362.58788509052454
-4,-8,744.1824612046837
-4,-8,200.0
-4,-9,262.8518163535785
-4,-9,203.78311043371409
-4,-10,548.471828491073
-4,-10,200.0
-4,-9,580.4318107218107
-4,-9,221.14418520246153
-4,-10,200.0
-4,-10,492.50125341357636
-4,-11,200.0
-4,-11,251.58190745176674
-4,-12,225.40581506544459
-4,-12,707.4509818836947
-4,-13,200.0
-4,-13,439.13922794974405
-4,-12,407.5402183751829
-4,-12,294.7117584063096
-4,-13,200.0
-4,-13,294.25441021439843
-4,-14,235.24649188028138
-4,-14,348.3341210436098
-4,-15,200.0
-4,-15,388.7135446808311
-4,-16,397.5893593227936
-4,-16,200.0
-4,-15,200.0
-4,-15,285.1927119798458
-3,-15,200.0
-3,-15,264.36635001611864
-2,-15,417.9074569712375
-2,-15,470.6068187300067
-1,-15,352.2371630836601
-1,-15,308.40126377957233
0,-15,200.0
0,-15,200.0
0,-14,200.0
0,-14,200.0
1,-14,390.4196210721004
1,-14,775.3151816698512
2,-14,215.31142371946208
2,-14,200.0
2,-13,200.0
2,-13,357.34185113028843
2,-12,200.0
2,-12,340.59903278790875
3,-12,1000.6076594764947
3,-12,200.0
4,-12,200.0
4,-12,254.41697945696654
4,-11,200.0
4,-11,200.0
5,-11,200.0
