-15,-8,69.99581325047029
-15,-8,50.0
-15,-8,50.0
-15,-8,62.065298737297994
-14,-8,50.0
-14,-8,50.0
-14,-8,50.0
-14,-8,50.0
-14,-8,50.0
-13,-8,50.0
-13,-8,50.0
-13,-8,55.56074278774405
-13,-8,50.0
-13,-8,50.0
-12,-8,65.66848120554866
-12,-8,50.0
-12,-8,93.98476336620908
-12,-8,64.67477701147625
-12,-8,52.441277414293424
-11,-8,50.0
-11,-8,50.0
-11,-8,81.43011517257038
-11,-8,50.0
-11,-8,50.78532754730496
-10,-8,50.0
-10,-8,84.45450831868165
-10,-8,50.0
-10,-8,50.0
-10,-8,50.0
-9,-8,98.4797938107499
-9,-8,50.0
-9,-8,91.78907867439813
-9,-8,50.0
-9,-8,51.925122049268445
-8,-8,97.04587348027796
-8,-8,54.48317874397846
-8,-8,69.81935090588502
-8,-8,128.94860823689112
-8,-8,56.86077948041959
-7,-8,63.89471333265412
-7,-8,56.73366022312773
-7,-8,98.4319461248705
-7,-8,97.0289423382502
-7,-8,50.0
-6,-8,90.004815087283
-6,-8,140.22249572993525
-6,-8,50.813748533715284
-6,-8,111.22997889939379
-6,-8,162.61619453424862
-5,-8,61.285122240135
-5,-8,94.9893324070869
-5,-8,121.37376124270992
-5,-8,83.77355524382789
-5,-8,50.0
-4,-8,60.43135430979094
-4,-8,80.28784654433392
-4,-8,128.46903478863655
-4,-8,50.0
-4,-8,107.89789706986463
-3,-8,131.9119327497478
-3,-8,154.12253360641813
-3,-8,105.35542658194399
-3,-8,107.7257785222404
-3,-8,50.0
-2,-8,75.35025939569672
-2,-8,69.76597640492575
-2,-8,50.0
-2,-8,114.72032903069639
-2,-8,121.9442041213762
-1,-8,73.38357146596005
-1,-8,145.2132126088026
-1,-8,61.46958327276827
-1,-8,144.49118847397907
-1,-8,80.51717115306893
0,-8,50.0
0,-8,121.70089904507677
0,-8,81.9116100649791
0,-8,143.25655953923038
0,-8,84.45850236554413
1,-8,101.80458310460551
1,-8,55.46688874815865
1,-8,103.05607454528203
1,-8,159.88702378289412
1,-8,200.02676626797532
2,-8,50.0
2,-8,114.85454038411388
2,-8,114.85657078415565
2,-8,50.0
2,-8,79.79428379099275
3,-8,50.0
3,-8,118.8142090671395
3,-8,107.80947241524561
3,-8,70.42430937040062
3,-8,90.70985845572504
4,-8,50.0
4,-8,50.0
4,-8,50.0
4,-8,50.0
4,-8,107.33952661241416
5,-8,50.0
5,-8,50.0
5,-8,66.75165727962404
5,-8,137.1883061537207
5,-8,91.73991439156055
6,-8,123.34535014464109
6,-8,78.07256137702157
6,-8,200.1471081138433
6,-8,50.0
6,-8,73.92740802036504
5,-8,79.4079359143237
5,-8,83.62557187137779
5,-8,50.0
5,-8,63.439949892841895
5,-8,50.0
6,-8,83.48301547883716
6,-8,122.0576492379262
6,-8,52.696183946812525
6,-8,70.76077837084756
6,-8,64.73746554639443
7,-8,50.0
7,-8,50.0
7,-8,256.78415148915883
7,-8,113.85686686056695
7,-8,87.68662143383277
8,-8,115.67190830020917
8,-8,67.34298889795147
8,-8,93.71668385811824
8,-8,71.2221287750925
8,-8,70.44607307845108
9,-8,127.42064480268601
9,-8,50.0
9,-8,73.12640059093042
9,-8,50.0
9,-8,104.31874377108372
10,-8,50.0
10,-8,117.83341112099484
10,-8,71.77571589289471
10,-8,60.08536087974455
10,-8,50.0
11,-8,156.08593330228769
11,-8,50.0
11,-8,85.20350391228757
11,-8,50.0
11,-8,61.053090988106696
12,-8,67.60988962051017
12,-8,50.0
12,-8,120.1382909095471
12,-8,78.29641882848219
12,-8,50.0
11,-8,50.0
11,-8,50.0
11,-8,50.0
11,-8,50.0
11,-8,50.0
11,-7,57.979019710031125
11,-7,50.0
11,-7,50.0
11,-7,58.21227245736719
11,-7,50.0
10,-7,50.0
10,-7,52.087037122542085
10,-7,128.68293770400314
10,-7,50.0
10,-7,93.67146390499063
10,-6,129.04496778280378
10,-6,55.08215035889887
10,-6,51.55997861859257
10,-6,50.0
10,-6,50.0
11,-6,50.0
11,-6,115.1010654567607
11,-6,74.90251568981105
11,-6,70.63278930788759
11,-6,50.0
10,-6,50.0
10,-6,50.0
10,-6,50.0
10,-6,50.0
10,-6,50.0
9,-6,78.25583910337437
9,-6,86.41238503017381
9,-6,156.99978371723694
9,-6,161.38716168496123
9,-6,50.0
9,-5,50.0
9,-5,61.778360944429075
9,-5,86.68130994050125
9,-5,50.0
9,-5,50.0
9,-4,82.23964542173503
9,-4,94.74807225908158
9,-4,50.0
9,-4,53.8679144815172
9,-4,124.78530594717907
10,-4,123.23200001622851
10,-4,50.0
10,-4,102.47990651229236
10,-4,53.81625942745149
10,-4,210.1130555301489
9,-4,64.32306716100327
9,-4,79.92587943345542
9,-4,90.19966067494997
9,-4,119.51306567615246
9,-4,156.667759729921
9,-3,50.0
9,-3,50.0
9,-3,93.0204749218324
9,-3,153.90359786468758
9,-3,50.0
8,-3,70.93016460057751
8,-3,75.07131335749072
8,-3,50.0
8,-3,50.0
8,-3,138.19179198413715
7,-3,176.03275336472785
7,-3,108.84323508475451
7,-3,50.0
7,-3,278.49701691129576
7,-3,121.04441912523751
7,-2,50.0
7,-2,55.32406075030239
7,-2,79.23567443072083
7,-2,100.40770464261124
7,-2,53.14743954459797
7,-1,50.9458897114334
7,-1,99.53706049965646
7,-1,84.67743756758372
7,-1,86.60110119024948
7,-1,93.84995504274133
7,0,118.51721372819256
7,0,50.0
7,0,109.494697189362
7,0,164.62004787625045
7,0,127.27792135725011
7,1,50.0
7,1,113.20878600992289
7,1,103.99314120390895
7,1,50.0
7,1,50.0
7,2,69.73533509934424
7,2,210.54154916500806
7,2,179.90333843357914
7,2,125.11673089241603
7,2,50.05272580877629
8,2,108.88490580719974
8,2,72.72050169525102
8,2,78.09648313875267
8,2,103.27400065048133
8,2,106.23321243618685
8,3,131.74916270735616
8,3,50.0
8,3,50.0
8,3,50.0
8,3,112.94160494855024
7,3,50.796585640567315
7,3,79.02806563408258
7,3,129.97515895493098
7,3,218.09667467451095
7,3,189.9114043753608
6,3,81.91431950777977
6,3,85.93845232870724
6,3,115.60363273998492
6,3,90.78047855105191
6,3,88.38537693275643
5,3,103.69258984767367
5,3,118.54388167022152
5,3,72.37051049120763
5,3,139.27725352451316
5,3,134.7799449742733
5,4,50.0
5,4,131.29344616535562
5,4,56.6390629243993
5,4,179.56350109632075
5,4,83.78040408892817
4,4,50.0
4,4,119.49681911417221
4,4,74.14055871770132
4,4,227.25148849948027
4,4,74.10211079840383
3,4,132.55864536726762
3,4,120.98474391385184
3,4,203.99259511599536
3,4,53.59652111686241
3,4,89.07880788683256
3,5,129.05056416825417
3,5,127.31270138920797
3,5,151.70868383833863
3,5,79.9576817528265
3,5,78.03998493781712
2,5,50.0
2,5,64.88602212034857
2,5,69.5409186959411
2,5,97.31929632405709
2,5,189.58291163690956
2,6,160.33789558124192
2,6,117.3513965218272
2,6,186.67057710772076
2,6,95.42426445687073
2,6,103.36648681885313
1,6,97.13790689559922
1,6,132.87492348481524
1,6,68.38245533153358
1,6,169.36497231605478
1,6,102.48386200803776
1,5,115.11334928214897
1,5,66.23098022082354
1,5,98.74226623901143
1,5,251.38511927296526
1,5,59.87289538998572
1,6,97.51734205709266
1,6,146.80512762322127
1,6,117.76378415140694
1,6,80.20308852339238
1,6,80.10639310987892
0,6,50.0
0,6,81.38674256207179
0,6,113.83688353941565
0,6,50.0
0,6,185.45544861103332
0,7,64.79178945312569
0,7,121.57288209048929
0,7,125.10389774895741
0,7,121.42829176488326
0,7,115.02269816700888
-1,7,131.84081443935563
-1,7,116.17243615727058
-1,7,96.07306822482198
-1,7,59.527918822458794
-1,7,50.0
-2,7,109.13548523449452
-2,7,94.59648680069138
-2,7,132.67501059189553
-2,7,97.1015664159883
-2,7,86.8061823151485
-3,7,79.49157879366653
-3,7,128.12365967703508
-3,7,51.74984190767252
-3,7,51.528974990195536
-3,7,56.02524560736687
-3,8,83.96075223631232
-3,8,98.04085266645401
-3,8,75.90372951507688
-3,8,90.49232334028112
-3,8,50.0
-4,8,125.04410357567994
-4,8,86.11647237149171
-4,8,140.47927455514582
-4,8,50.0
-4,8,115.66557889145322
-4,9,160.68886198578218
-4,9,50.0
-4,9,50.0
-4,9,141.3873613512175
-4,9,95.78071065716316
-4,10,131.63351417881236
-4,10,50.0
-4,10,50.0
-4,10,65.80244779009922
-4,10,60.53872299664826
-4,9,52.53011725847695
-4,9,109.02229964047118
-4,9,81.92198933336874
-4,9,248.22393116222088
-4,9,124.29497264977861
-4,8,163.8693005739126
-4,8,50.0
-4,8,131.76850784045297
-4,8,50.0
-4,8,95.55777774476138
-4,7,50.0
-4,7,50.0
-4,7,63.26373990357812
-4,7,50.0
-4,7,140.89477829411248
-4,6,128.7852564836119
-4,6,116.03273612965303
-4,6,53.29713939276421
-4,6,56.28883114007149
-4,6,130.64465443572416
-4,5,183.76563291227382
-4,5,190.4928017891158
-4,5,159.94789184221617
-4,5,149.26729256552318
-4,5,159.11658105885937
-4,4,53.65375745570904
-4,4,119.33465975357882
-4,4,80.45897308692483
-4,4,123.15811454550266
-4,4,122.23851892432421
-4,3,162.3136612989079
-4,3,51.64450861340848
-4,3,64.1335502965791
-4,3,99.82662115356992
-4,3,100.42754451761235
-4,2,50.61912018973419
-4,2,50.0
-4,2,77.67426107388619
-4,2,143.48207105922154
-4,2,102.98616438959165
-4,1,90.69049249585252
-4,1,127.28432010127085
-4,1,73.06496802592716
-4,1,50.0
-4,1,87.31933408659147
-4,2,82.21662050479141
-4,2,59.416322285331844
-4,2,132.6578048482314
-4,2,88.95487879511846
-4,2,68.8120475075451
-4,3,113.60394548746389
-4,3,169.7906952281089
-4,3,155.9692295349283
-4,3,132.7438688406056
-4,3,50.0
-4,2,59.61171629460139
-4,2,140.61480889424342
-4,2,59.97090382107826
-4,2,160.88020495520408
-4,2,132.11751857942113
-4,1,90.1529141784512
-4,1,88.21146419511194
-4,1,115.52521259712111
-4,1,137.40902660320654
-4,1,117.56838276006306
-4,0,99.44601161364088
-4,0,79.59227689021058
-4,0,166.97616231065234
-4,0,101.73185114149862
-4,0,100.50680451325687
-4,-1,112.57158911524564
-4,-1,162.24077636044476
-4,-1,186.08614547253757
-4,-1,64.44597669942225
-4,-1,163.6811941090119
-4,-2,50.0
-4,-2,70.28865954868078
-4,-2,55.55991844371566
-4,-2,171.39376496818656
-4,-2,99.60812271081275
-4,-3,50.82419590311909
-4,-3,50.0
-4,-3,85.15269575446302
-4,-3,100.18112748168586
-4,-3,167.13028294225592
-4,-4,100.47447777189495
-4,-4,87.88236609192143
-4,-4,70.20469081293065
-4,-4,91.60313278204242
-4,-4,50.0
-4,-3,207.88047964909669
-4,-3,176.03133334460145
-4,-3,50.0
-4,-3,149.1125280716644
-4,-3,136.4346139892656
-4,-4,208.2173015942374
-4,-4,128.55875234219045
-4,-4,55.569120281221444
-4,-4,119.54241556854917
-4,-4,89.88912787983784
-4,-5,50.0
-4,-5,193.51818069472358
-4,-5,124.33339555728796
-4,-5,50.0
-4,-5,61.863040953573886
-4,-4,50.0
-4,-4,58.61819911304204
-4,-4,103.40474352283057
-4,-4,50.0
-4,-4,156.71205060221217
-4,-5,50.0
-4,-5,58.85834225006426
-4,-5,175.99952886704614
-4,-5,158.67713385481682
-4,-5,50.0
-4,-6,58.17731214977225
-4,-6,73.56763250054782
-4,-6,87.51182621710441
-4,-6,50.0
-4,-6,114.98944688362718
-4,-7,55.20332016648673
-4,-7,112.17217671110186
-4,-7,165.14152152916225
-4,-7,135.75434083766874
-4,-7,139.25599254762233
-4,-8,75.04222553141744
-4,-8,74.09660345994524
-4,-8,92.45383050288073
-4,-8,120.1650102244617
-4,-8,93.93707301976572
-4,-9,123.06074071908166
-4,-9,85.85323345131064
-4,-9,50.0
-4,-9,69.6666228562749
-4,-9,59.670996686400166
-4,-8,50.0
-4,-8,117.4224027408778
-4,-8,90.46757484017039
-4,-8,128.9307832772831
-4,-8,126.11489015013734
-4,-9,104.8447407984205
-4,-9,101.86615110416327
-4,-9,52.69696184621032
-4,-9,93.01465572430611
-4,-9,88.3665588831645
-4,-10,95.56413551514018
-4,-10,121.88167879484843
-4,-10,83.66717895371276
-4,-10,50.0
-4,-10,103.04742992309582
-4,-9,61.723316052088485
-4,-9,83.77088358721808
-4,-9,104.37384429048669
-4,-9,50.0
-4,-9,71.10980818549062
-4,-10,60.372667895048586
-4,-10,87.5048966412895
-4,-10,55.20933964745688
-4,-10,59.40309539729385
-4,-10,50.0
-4,-11,50.0
-4,-11,104.09737636522723
-4,-11,78.82686261373013
-4,-11,115.7428183385328
-4,-11,58.93230575106652
-4,-12,50.0
-4,-12,91.70176282587886
-4,-12,50.0
-4,-12,50.0
-4,-12,50.0
-4,-13,70.75298529659904
-4,-13,60.14740239019471
-4,-13,174.77374958043737
-4,-13,50.0
-4,-13,71.6405089326424
-4,-12,50.0
-4,-12,50.0
-4,-12,174.95328978079502
-4,-12,54.04169634395234
-4,-12,50.0
-4,-13,50.0
-4,-13,79.63352785384953
-4,-13,50.0
-4,-13,50.0
-4,-13,60.726745551872256
-4,-14,102.83342759970682
-4,-14,56.118948666778095
-4,-14,50.0
-4,-14,67.74436704266476
-4,-14,50.0
-4,-15,92.38092094747225
-4,-15,50.0
-4,-15,88.7916973356136
-4,-15,50.0
-4,-15,50.0
-4,-16,50.0
-4,-16,50.0
-4,-16,50.0
-4,-16,50.0
-4,-16,50.0
-4,-15,50.0
-4,-15,82.29507184792726
-4,-15,53.35041337958195
-4,-15,57.61596260208462
-4,-15,50.0
-3,-15,100.35189719016358
-3,-15,50.0
-3,-15,55.043121485653586
-3,-15,101.66012284386038
-3,-15,50.0
-2,-15,72.93943559688726
-2,-15,143.51009873017037
-2,-15,50.0
-2,-15,50.0
-2,-15,50.0
-1,-15,50.0
-1,-15,81.20175471698079
-1,-15,50.0
-1,-15,53.66157072731433
-1,-15,50.0
0,-15,50.0
0,-15,50.0
0,-15,50.0
0,-15,50.0
0,-15,70.51049587805511
0,-14,50.0
0,-14,50.0
0,-14,74.48691475488408
0,-14,50.0
0,-14,72.16847380171055
1,-14,50.0
1,-14,86.97564924784785
1,-14,50.0
1,-14,50.0
1,-14,50.0
2,-14,50.0
2,-14,50.0
2,-14,56.43869143328612
2,-14,50.0
2,-14,50.0
2,-13,50.0
2,-13,50.0
2,-13,50.0
2,-13,95.17920502741829
2,-13,50.0
2,-12,59.96672259537855
2,-12,64.72250614094311
2,-12,50.0
2,-12,95.06590530921063
2,-12,101.66419123800122
3,-12,50.0
3,-12,50.0
3,-12,122.03224463369371
3,-12,80.8086310703934
3,-12,50.0
4,-12,50.0
4,-12,106.83031427068045
4,-12,90.0708365314296
4,-12,97.2668534844729
4,-12,50.0
4,-11,50.0
4,-11,50.0
4,-11,85.8479659873383
4,-11,142.49956078095792
4,-11,67.00071806100442
5,-11,138.94157045988715
5,-11,50.0
5,-11,109.00158733594482
5,-11,50.0
5,-11,50.0
6,-11,53.78035306040673
6,-11,50.0
6,-11,50.0
6,-11,51.61391129419316
6,-11,89.05262614261022
6,-10,50.0
6,-10,50.0
6,-10,69.08033293019281
6,-10,73.36647071998237
6,-10,98.04582757422577
6,-9,50.0
6,-9,50.0
6,-9,82.47266159485409
6,-9,50.0
6,-9,63.991125852746926
6,-8,122.35810502641468
6,-8,136.44046182525898
6,-8,145.17251862514755
6,-8,118.30620088082722
6,-8,50.0
6,-7,70.102169732956
6,-7,50.0
6,-7,136.36957734618935
6,-7,107.02115079970817
6,-7,50.0
7,-7,50.0
7,-7,168.84792817552335
7,-7,89.5585189231869
7,-7,148.62128869404728
7,-7,116.93965854541013
6,-7,50.0
6,-7,87.96620338765415
6,-7,159.2934038218184
6,-7,82.14361135020957
6,-7,70.51951052978781
6,-6,50.0
6,-6,148.76935871453298
6,-6,121.40678464071891
6,-6,58.77191334852948
6,-6,95.54664269493672
6,-5,77.1427182644263
6,-5,138.30749715393176
6,-5,129.44015725365523
6,-5,64.2218839126706
6,-5,50.0
6,-4,50.0
6,-4,134.33934585492025
6,-4,158.5953851593178
6,-4,50.0
6,-4,97.07680678179342
7,-4,80.89498377958144
7,-4,88.28186249260872
7,-4,175.15474415708204
7,-4,122.18037460546046
7,-4,70.67767218275036
6,-4,163.3854695094683
6,-4,76.75130083918593
6,-4,146.48160876664383
6,-4,75.85336529921867
6,-4,124.78791609075665
6,-3,50.2778570719144
6,-3,74.58936561695843
6,-3,56.50662372979775
6,-3,109.94588413417725
6,-3,76.18802086548236
7,-3,50.0
7,-3,105.29052565101685
7,-3,90.5433888817295
7,-3,161.83489884866708
7,-3,76.35233896976952
8,-3,50.0
8,-3,89.3553297083421
8,-3,100.49481262001353
8,-3,63.95411002024089
8,-3,101.4967388577274
8,-2,63.047140246959046
8,-2,152.0643760157395
8,-2,113.48450112457814
8,-2,84.68001434581795
8,-2,79.09217939272772
8,-1,102.36714566322541
8,-1,109.46240054076017
8,-1,71.50429227848014
8,-1,96.96682410845123
8,-1,160.69691905967207
9,-1,88.37989674653198
9,-1,50.0
9,-1,154.08214048168404
9,-1,61.0547416771681
9,-1,103.31011977763025
9,0,122.18400053634946
9,0,131.83674945771844
9,0,120.35067484932004
9,0,57.55277563991179
9,0,50.0
10,0,50.0
10,0,50.0
10,0,187.14991412823508
10,0,50.0
10,0,50.0
11,0,50.0
11,0,50.0
11,0,116.59425256916279
11,0,50.0
11,0,50.0
11,1,140.98387832151596
11,1,133.69684521580393
11,1,94.63729866398417
11,1,106.31265471019728
11,1,144.79501550347163
11,2,82.05163842753501
11,2,106.47510330804155
11,2,89.05969010651157
11,2,50.0
11,2,50.0
12,2,93.7499007340266
12,2,64.5049765963661
12,2,50.0
12,2,50.0
12,2,70.97232535885784
11,2,75.47640665172392
11,2,50.0
11,2,69.19827396221042
11,2,162.91837280186473
11,2,89.40699477007473
11,3,105.04506826986183
11,3,74.66581680370274
11,3,50.0
11,3,103.85976844438322
11,3,50.0
12,3,50.0
12,3,136.6166741886101
12,3,61.91672430988781
12,3,60.263946867032914
12,3,225.74321896209005
12,4,50.0
12,4,114.70113543582929
12,4,103.14794568131266
12,4,124.12641431804946
12,4,75.36518584909305
13,4,50.0
13,4,50.0
13,4,59.96477293833146
13,4,156.5865648089889
13,4,76.66908706160754
12,4,50.0
12,4,80.88895636535965
12,4,95.10796878294636
12,4,59.33943385073489
12,4,50.0
13,4,176.50102720449402
13,4,50.0
13,4,50.0
13,4,53.763684512339275
13,4,61.82188051512075
14,4,68.93874462141352
14,4,50.0
14,4,50.0
14,4,60.064262361094194
14,4,63.429746804393
13,4,50.0
13,4,50.0
13,4,65.04055720255798
13,4,90.43852314301571
13,4,96.16141303322681
14,4,141.27896111614
14,4,135.92880281969406
14,4,50.0
14,4,50.0
14,4,59.96649339773096
15,4,72.05615132046208
15,4,50.0
15,4,50.0
15,4,50.0
15,4,50.0
16,4,94.14882192622312
16,4,50.0
16,4,54.42399730171459
16,4,50.0
16,4,50.0
17,4,50.0
17,4,50.412482104513025
17,4,50.0
17,4,50.0
17,4,50.0
16,4,92.7302861311465
16,4,52.71812829383147
16,4,50.0
16,4,50.0
16,4,50.0
17,4,50.0
17,4,72.23674754703643
17,4,50.0
17,4,50.0
17,4,50.0
16,4,122.23322822791782
16,4,50.0
16,4,50.0
16,4,50.0
16,4,50.0
17,4,50.0
17,4,73.35936985416224
17,4,50.0
17,4,57.336104663602
17,4,50.0
18,4,50.0
18,4,50.0
18,4,56.81528812227454
18,4,97.21886121843792
18,4,50.0
19,4,50.0
19,4,50.0
19,4,50.0
19,4,50.0
19,4,50.0
20,4,50.0
20,4,51.94515068730834
20,4,50.0
20,4,50.0
20,4,50.0
20,5,50.0
20,5,50.0
20,5,118.58813505831351
20,5,50.0
20,5,158.78533935260575
20,6,50.0
20,6,50.0
20,6,50.0
20,6,50.0
20,6,50.0
20,7,50.0
20,7,50.0
20,7,50.0
20,7,50.0
20,7,50.0
20,6,50.0
20,6,50.0
20,6,50.0
20,6,50.0
20,6,50.0
20,5,126.93151648380802
20,5,50.0
20,5,50.0
20,5,50.0
20,5,50.0
20,6,50.0
20,6,50.0
20,6,50.0
20,6,50.0
20,6,50.0
20,7,50.0
20,7,50.0
20,7,50.0
20,7,70.92678493168421
20,7,81.99569054884398
20,6,50.0
20,6,50.0
20,6,50.0
20,6,50.0
20,6,50.0
20,5,70.8718771326121
20,5,50.0
20,5,50.0
20,5,50.0
20,5,50.0
20,6,50.0
20,6,50.0
20,6,50.0
20,6,50.0
20,6,50.0
20,7,50.0
20,7,50.0
20,7,149.80407038658967
20,7,50.0
20,7,50.0
20,8,50.0
20,8,50.0
20,8,50.0
20,8,50.0
20,8,50.0
20,9,50.0
20,9,50.0
20,9,50.0
20,9,50.0
20,9,50.0
20,8,86.01065008549365
20,8,50.0
20,8,50.0
20,8,50.0
20,8,50.0
20,9,50.0
20,9,50.0
20,9,50.0
20,9,50.0
20,9,50.0
20,8,64.15951524020716
20,8,50.0
20,8,50.0
20,8,50.0
20,8,50.0
20,9,50.0
20,9,50.0
20,9,50.0
20,9,50.0
20,9,50.0
20,8,50.0
20,8,50.0
20,8,50.0
20,8,59.93121648789691
20,8,50.0
20,9,50.0
20,9,50.0
20,9,53.25819954371751
20,9,50.0
20,9,50.0
20,10,50.0
20,10,50.0
20,10,50.0
20,10,50.0
20,10,74.98936348482297
20,11,50.0
20,11,76.63935968743765
20,11,50.0
20,11,59.15722417385071
20,11,50.0
20,12,70.25157240664134
20,12,50.0
20,12,50.0
20,12,50.0
20,12,50.0
20,13,50.0
20,13,50.0
20,13,50.0
20,13,50.0
20,13,50.0
20,14,50.0
20,14,50.0
20,14,50.0
20,14,50.0
20,14,50.0
20,15,50.0
20,15,50.0
20,15,50.0
20,15,50.0
20,15,50.0
20,16,88.22432851871665
20,16,50.0
20,16,50.0
20,16,50.0
20,16,50.0
20,17,50.0
20,17,50.0
20,17,50.0
20,17,50.0
20,17,50.0
20,18,50.0
20,18,50.0
20,18,50.0
20,18,50.0
20,18,61.55286585662583
20,19,50.0
20,19,82.90365440931969
20,19,50.0
20,19,50.0
20,19,50.0
20,20,50.0
20,20,50.0
20,20,50.0
20,20,50.0
20,20,50.0
19,20,50.0
