-15,-8,229.39478647900467
-14,-8,200.0
-14,-8,454.3083607786391
-13,-8,234.38916994061975
-13,-8,331.22759429216546
-12,-8,200.0
-12,-8,266.8182538598318
-11,-8,200.0
-11,-8,319.66218008528836
-10,-8,200.0
-10,-8,200.0
-9,-8,294.42248989534346
-9,-8,200.0
-8,-8,515.4269636868443
-8,-8,590.1271361843245
-7,-8,431.4552764909196
-7,-8,412.89090501687343
-6,-8,445.9571961018428
-6,-8,478.2433985296147
-5,-8,304.94548091792166
-5,-8,200.0
-4,-8,361.08085628993774
-4,-8,200.0
-3,-8,400.2085830513058
-3,-8,200.0
-2,-8,207.43190784162334
-2,-8,278.74522329846525
-1,-8,280.3684627406419
-1,-8,203.03914180965097
0,-8,635.4662147716496
0,-8,313.2165266733753
1,-8,296.26321387030015
1,-8,483.8496411064068
2,-8,272.23718177152404
2,-8,588.869977746211
3,-8,200.0
3,-8,200.0
4,-8,200.0
4,-8,518.6376679168086
5,-8,442.84178089760996
5,-8,281.0581666233294
6,-8,349.06935859646103
6,-8,298.0060456694911
5,-8,367.75385139784436
5,-8,200.0
6,-8,842.7849294012026
6,-8,598.8794354004029
7,-8,200.0
7,-8,652.4782791665923
8,-8,200.0
8,-8,229.71062771758787
9,-8,612.8162099820372
9,-8,373.1796376266809
10,-8,332.25287898716306
10,-8,427.13041271284976
11,-8,470.69580275001795
11,-8,200.0
12,-8,576.9883896485087
12,-8,200.0
11,-8,200.0
11,-8,281.2042630544631
11,-7,451.64880149920964
11,-7,414.5373719470747
10,-7,610.6449052633279
10,-7,632.8873650056971
10,-6,249.60276514202098
10,-6,200.0
11,-6,262.5009092667146
11,-6,332.49518406510737
10,-6,200.0
10,-6,389.03445579773313
9,-6,320.0906855961713
9,-6,474.26175563858186
9,-5,302.20796954045966
9,-5,235.79983308222336
9,-4,259.18021618967583
9,-4,376.31975388660646
10,-4,271.2953313615845
10,-4,347.2829787288298
9,-4,352.00600628045026
9,-4,388.22578004181827
9,-3,468.8637242981994
9,-3,407.00862275391603
8,-3,316.5005601106278
8,-3,400.375513290817
7,-3,258.03912237022485
7,-3,520.46121320568
7,-2,658.2601970141169
7,-2,257.9377113390427
7,-1,554.1931486879024
7,-1,200.0
7,0,356.6850112265935
7,0,340.1717222592753
7,1,769.9429131557431
7,1,200.0
7,2,748.5750312668594
7,2,500.8361010586117
8,2,714.1787201370189
8,2,482.4058346474677
8,3,754.0126282414316
8,3,387.32713992125923
7,3,363.4435412591305
7,3,605.0150917611577
6,3,560.598147987285
6,3,654.5228977679235
5,3,200.0
5,3,757.1388973401129
5,4,467.72268706621514
5,4,558.5116087445538
4,4,367.57668869216127
4,4,761.2428937979568
3,4,352.1287895877546
3,4,690.4389612099745
3,5,503.3578383367308
3,5,656.739753545342
2,5,247.55421073248755
2,5,906.3101794776834
2,6,661.619611879384
2,6,477.83883995420194
1,6,611.9244803815444
1,6,273.9283258317901
1,5,483.94424717124843
1,5,598.0625365130506
1,6,836.2135084080284
1,6,241.03750039706176
0,6,200.0
0,6,566.1153006430584
0,7,543.2330782642763
0,7,879.643770409353
-1,7,775.111450496603
-1,7,668.5622597328354
-2,7,361.1736913855025
-2,7,530.2346032661194
-3,7,374.88898900233585
-3,7,413.4956887088372
-3,8,551.8183061245949
-3,8,637.8150984500319
-4,8,317.70767430009494
-4,8,429.8304878433611
-4,9,449.6479019528825
-4,9,356.45781404413134
-4,10,310.19241777515106
-4,10,387.47271887617
-4,9,700.5390014251795
-4,9,386.175366180026
-4,8,531.0903824822423
-4,8,493.7316611126747
-4,7,638.1430080202489
-4,7,313.1691172340676
-4,6,506.2857091895463
-4,6,479.64474510446036
-4,5,433.36654057159456
-4,5,256.2767849879099
-4,4,623.9705131059283
-4,4,636.9271268314814
-4,3,608.13866292533
-4,3,200.0
-4,2,569.0392123657153
-4,2,325.4644484958449
-4,1,255.5200058869787
-4,1,599.1396477754456
-4,2,523.671853484346
-4,2,624.8263751740676
-4,3,470.10190409909944
-4,3,550.4967259814141
-4,2,639.5566251241262
-4,2,740.1646457985834
-4,1,772.7409502412588
-4,1,564.200869196296
-4,0,277.4217178543488
-4,0,262.1853642189153
-4,-1,638.8614906309779
-4,-1,528.5468746445798
-4,-2,364.6524624647483
-4,-2,754.7836446624534
-4,-3,416.58534370149505
-4,-3,200.0
-4,-4,384.645754974871
-4,-4,206.0225804531877
-4,-3,508.8035069753933
-4,-3,347.8540249986205
-4,-4,317.82055716001014
-4,-4,563.2443911225866
-4,-5,388.3793038503918
-4,-5,744.2765473381723
-4,-4,200.0
-4,-4,937.907083670015
-4,-5,542.0911266764047
-4,-5,384.82321572815715
-4,-6,200.0
-4,-6,419.9604100082477
-4,-7,469.59963531616796
-4,-7,351.93046786958234
-4,-8,200.0
-4,-8,200.0
-4,-9,200.0
-4,-9,673.6692284518545
-4,-8,361.8909723385849
-4,-8,478.44950497817393
-4,-9,481.97999056897754
-4,-9,374.7253642833841
-4,-10,466.03252121953
-4,-10,573.6067518683053
-4,-9,482.1192924926056
-4,-9,200.0
-4,-10,461.7860742335252
-4,-10,402.7594651401066
-4,-11,200.0
-4,-11,912.5173674211283
-4,-12,200.0
-4,-12,212.78600921673015
-4,-13,200.0
-4,-13,229.16319335042866
-4,-12,380.59844765880194
-4,-12,384.3699901425101
-4,-13,266.3568448900979
-4,-13,200.0
-4,-14,501.3891641323937
-4,-14,447.66553839825457
-4,-15,200.0
-4,-15,200.0
-4,-16,200.0
-4,-16,200.0
-4,-15,485.02491083864214
-4,-15,301.1039103928764
-3,-15,200.0
-3,-15,200.0
-2,-15,253.42120828232032
-2,-15,200.0
-1,-15,200.0
-1,-15,200.0
0,-15,243.977671341159
0,-15,200.0
0,-14,416.9460534001752
0,-14,275.00406094132643
1,-14,200.0
1,-14,285.1301929311223
2,-14,200.0
2,-14,200.0
2,-13,200.0
2,-13,505.7255216766496
2,-12,374.7520771499033
2,-12,265.1108356591124
3,-12,200.0
3,-12,200.0
4,-12,385.01769185849565
4,-12,520.8107532105894
4,-11,200.0
4,-11,377.5037017559843
5,-11,409.8801881747777
