-15,-8,50.0
-15,-8,50.0
-15,-8,88.91296688260448
-15,-8,50.0
-14,-8,50.0
-14,-8,101.52550315586902
-14,-8,69.38422034071525
-14,-8,100.68849850504418
-14,-8,58.617020438098166
-13,-8,71.80837695981128
-13,-8,50.0
-13,-8,50.0
-13,-8,50.0
-13,-8,97.34119134066826
-12,-8,50.0
-12,-8,50.0
-12,-8,50.0
-12,-8,50.0
-12,-8,50.0
-11,-8,80.78778491341741
-11,-8,50.0
-11,-8,61.54009178893805
-11,-8,50.0
-11,-8,50.0
-10,-8,50.0
-10,-8,98.38387066541338
-10,-8,89.3280019524056
-10,-8,50.0
-10,-8,133.956284261351
-9,-8,91.09379294260467
-9,-8,141.77178193665006
-9,-8,114.96040165792206
-9,-8,92.12973495295137
-9,-8,171.8247136541215
-8,-8,74.003422839793
-8,-8,93.24254202135108
-8,-8,74.01007816203582
-8,-8,50.0
-8,-8,50.0
-7,-8,162.74058816043163
-7,-8,55.890118581114166
-7,-8,100.64215785572415
-7,-8,52.08361252983944
-7,-8,50.0
-6,-8,71.50879561254965
-6,-8,128.2709616228818
-6,-8,102.30297083462614
-6,-8,50.0
-6,-8,107.77716894280314
-5,-8,50.0
-5,-8,117.22801315906759
-5,-8,54.793043967277086
-5,-8,83.10984753785362
-5,-8,182.64955707783105
-4,-8,106.04529401594067
-4,-8,50.0
-4,-8,50.0
-4,-8,106.7986958538879
-4,-8,50.0
-3,-8,64.98084233335474
-3,-8,68.65260214253856
-3,-8,50.0
-3,-8,101.4138254331136
-3,-8,98.49344242195592
-2,-8,60.34625642328625
-2,-8,50.0
-2,-8,57.49480831332494
-2,-8,94.8480134213859
-2,-8,73.99633564839334
-1,-8,125.24155433590471
-1,-8,180.62923012822048
-1,-8,157.77234437442172
-1,-8,50.0
-1,-8,50.0
0,-8,74.92824674947632
0,-8,85.85595497667278
0,-8,64.82195363513661
0,-8,57.63978648462225
0,-8,50.0
1,-8,122.47970432064352
1,-8,103.14316605971256
1,-8,123.12672216803628
1,-8,50.0
1,-8,228.16224963313877
2,-8,81.03188627792275
2,-8,109.96382717243782
2,-8,50.0
2,-8,63.89449341525571
2,-8,83.70724067760892
3,-8,102.22850034414152
3,-8,62.59760324706808
3,-8,117.58123179852561
3,-8,50.0
3,-8,62.25525578498296
4,-8,62.93534006389052
4,-8,50.0
4,-8,197.95976107359968
4,-8,115.19095025240384
4,-8,93.60290160912889
5,-8,73.54603788146832
5,-8,50.0
5,-8,50.0
5,-8,50.0
5,-8,50.0
6,-8,50.0
6,-8,50.0
6,-8,78.98300183484996
6,-8,101.3218361391619
6,-8,84.47809589302345
5,-8,65.89302995194527
5,-8,125.10656708574248
5,-8,144.67814525790047
5,-8,93.83087437807588
5,-8,110.02582794338866
6,-8,74.8324499096201
6,-8,87.88662209838019
6,-8,159.6958806679336
6,-8,98.23144764189838
6,-8,50.0
7,-8,50.0
7,-8,50.0
7,-8,59.411038256319124
7,-8,50.0
7,-8,94.2603908190111
8,-8,50.0
8,-8,50.0
8,-8,50.0
8,-8,107.2159689210054
8,-8,79.05787135992219
9,-8,154.01043247180735
9,-8,50.0
9,-8,50.0
9,-8,65.82054173821489
9,-8,79.91597716949545
10,-8,68.13947442517966
10,-8,74.15082802430791
10,-8,50.0
10,-8,50.0
10,-8,50.0
11,-8,50.0
11,-8,50.0
11,-8,50.0
11,-8,50.0
11,-8,50.0
12,-8,58.02783333233749
12,-8,50.0
12,-8,50.0
12,-8,50.0
12,-8,50.0
11,-8,86.22515098157623
11,-8,50.0
11,-8,78.80768719037124
11,-8,65.82845419487278
11,-8,64.89431106913034
11,-7,96.54313928672002
11,-7,131.0826373509191
11,-7,163.09197776120394
11,-7,50.0
11,-7,50.0
10,-7,149.56816975497114
10,-7,50.0
10,-7,62.98618743307058
10,-7,105.74517495207385
10,-7,133.07072505213932
10,-6,50.0
10,-6,85.26118203735581
10,-6,172.1185469640136
10,-6,63.57755058716305
10,-6,101.55671695520851
11,-6,89.12998560719035
11,-6,50.0
11,-6,50.0
11,-6,82.48681774476715
11,-6,55.90747667202186
10,-6,102.1403333157379
10,-6,132.98524812558378
10,-6,73.27820530518495
10,-6,76.69715902152353
10,-6,103.11606769089725
9,-6,85.9929724092607
9,-6,198.539183706659
9,-6,50.0
9,-6,50.0
9,-6,50.0
9,-5,193.34786327478338
9,-5,50.0
9,-5,82.18764730338559
9,-5,145.52188897396013
9,-5,104.78438947054349
9,-4,50.0
9,-4,50.0
9,-4,52.18694496339949
9,-4,50.0
9,-4,127.0455303050111
10,-4,50.0
10,-4,132.33725728944233
10,-4,54.4452401915421
10,-4,70.11914469559308
10,-4,102.1509101243102
9,-4,50.0
9,-4,99.48330935456265
9,-4,54.85243628447135
9,-4,179.39203408846532
9,-4,113.87312176138127
9,-3,80.26756435140479
9,-3,58.07778811963054
9,-3,50.0
9,-3,177.9679290543765
9,-3,86.07007428153462
8,-3,50.0
8,-3,98.078751493086
8,-3,108.84868634456677
8,-3,58.9789948913876
8,-3,173.914937726419
7,-3,97.89123132324004
7,-3,83.29496987912597
7,-3,50.0
7,-3,88.13867208866381
7,-3,82.92032064737768
7,-2,182.6969681124922
7,-2,129.37665014232493
7,-2,97.47435449150629
7,-2,104.60369311786674
7,-2,121.29137722541762
7,-1,116.45264098633665
7,-1,126.63335695126501
7,-1,179.48390211615546
7,-1,101.46039601273023
7,-1,129.02034525167448
7,0,100.64091652705247
7,0,111.91526335420855
7,0,195.63216089925197
7,0,50.0
7,0,50.0
7,1,74.70248082150222
7,1,94.99463786269725
7,1,50.0
7,1,187.46691811989496
7,1,50.0
7,2,50.0
7,2,60.38034693854135
7,2,142.10285881307334
7,2,119.29658378873457
7,2,176.46378561473088
8,2,94.01609184827102
8,2,75.91334486960672
8,2,92.92741271776026
8,2,133.51234599066692
8,2,151.71824572212623
8,3,50.0
8,3,50.0
8,3,52.193526215203484
8,3,50.0
8,3,72.75879945506942
7,3,94.4803894015682
7,3,50.0
7,3,109.01331124714892
7,3,50.0
7,3,144.806337014314
6,3,164.63715803310077
6,3,95.4719783304123
6,3,73.89597011236748
6,3,61.763544174592376
6,3,106.73741080072553
5,3,96.3742997738824
5,3,61.28078193664186
5,3,88.07108734246032
5,3,213.40876562502729
5,3,94.11751865023871
5,4,122.22251532144942
5,4,71.88187666839949
5,4,113.28477990638333
5,4,99.74919910565086
5,4,296.31562315248755
4,4,73.23753698613652
4,4,50.0
4,4,73.4728782932198
4,4,72.8981952459565
4,4,194.09511353746424
3,4,69.73010005422249
3,4,169.94786009877618
3,4,239.56662701517558
3,4,50.0
3,4,205.1133092180828
3,5,60.881970632442766
3,5,55.820811167187955
3,5,65.95770025106681
3,5,190.78570489458005
3,5,194.97003446003214
2,5,50.0
2,5,53.90038839028733
2,5,50.0
2,5,50.0
2,5,69.84601885195588
2,6,79.14743135175563
2,6,50.0
2,6,139.12487918450148
2,6,50.0
2,6,77.71381256861223
1,6,50.0
1,6,163.5544957560633
1,6,143.60034823069353
1,6,94.36570808216193
1,6,231.63979350711753
1,5,104.99901161856926
1,5,199.1971971856228
1,5,94.17280663346767
1,5,102.28615140048583
1,5,64.50183108356994
1,6,69.16943924530864
1,6,50.0
1,6,87.81107151945824
1,6,76.6067536391876
1,6,106.4220459098339
0,6,130.67734473922408
0,6,147.12087407362966
0,6,82.54152336871773
0,6,100.58276875934109
0,6,104.62259390424063
0,7,114.56765171353261
0,7,96.60510758544247
0,7,82.85075505111983
0,7,110.88093969692528
0,7,132.9983376387845
-1,7,82.78673356554766
-1,7,118.38711173866731
-1,7,56.452438146244035
-1,7,77.79840940511255
-1,7,54.10223982447663
-2,7,50.0
-2,7,169.74757870578725
-2,7,118.54019189283785
-2,7,89.48316203516212
-2,7,69.3863597130743
-3,7,102.15386982246903
-3,7,75.15420581850896
-3,7,50.0
-3,7,90.13700397751528
-3,7,50.0
-3,8,91.35189289606431
-3,8,51.0578214184839
-3,8,180.57329724521423
-3,8,121.4085806128137
-3,8,50.0
-4,8,55.67874696934436
-4,8,96.70297147127118
-4,8,96.73794946825241
-4,8,95.13710611758356
-4,8,50.0
-4,9,131.24621973608416
-4,9,50.0
-4,9,50.0
-4,9,50.0
-4,9,94.9794624596195
-4,10,50.0
-4,10,50.0
-4,10,50.0
-4,10,53.871948244295616
-4,10,50.0
-4,9,79.74460764481609
-4,9,63.93933700131022
-4,9,50.0
-4,9,55.4174107963776
-4,9,50.60163188898182
-4,8,103.0315376319801
-4,8,55.58980035084902
-4,8,136.2005624381371
-4,8,70.29664550878867
-4,8,57.11900614782126
-4,7,125.86211171930884
-4,7,50.0
-4,7,62.62861089799864
-4,7,78.14717831162463
-4,7,92.88734878977314
-4,6,95.43347275803731
-4,6,103.71620703111928
-4,6,83.64578523759654
-4,6,146.16132605929283
-4,6,50.0
-4,5,50.0
-4,5,116.42187051050259
-4,5,136.42497294706314
-4,5,50.0
-4,5,81.06794438543871
-4,4,50.0
-4,4,115.54281439570767
-4,4,169.1827156435995
-4,4,51.520637190347564
-4,4,164.0976368180491
-4,3,95.6355693268638
-4,3,139.74071234153178
-4,3,217.08689966449055
-4,3,117.39511442184222
-4,3,144.29995440970356
-4,2,180.2246856540377
-4,2,139.03687230163405
-4,2,144.32044504668423
-4,2,100.11425191499754
-4,2,86.26856497394816
-4,1,123.13624222921784
-4,1,55.53924480307205
-4,1,89.8942919279572
-4,1,165.04815719652345
-4,1,90.02001860957436
-4,2,59.887120591097485
-4,2,236.71619238454923
-4,2,74.68648703280093
-4,2,214.14985768001034
-4,2,114.9246988672308
-4,3,50.0
-4,3,50.0
-4,3,148.64160476675002
-4,3,127.90817227284951
-4,3,63.29579881600665
-4,2,84.81473830784468
-4,2,116.8197609834504
-4,2,110.3217911261766
-4,2,104.05236346220713
-4,2,133.99504858744956
-4,1,69.7327244099304
-4,1,79.03366426555412
-4,1,73.03996466080122
-4,1,159.71854155235008
-4,1,50.0
-4,0,123.81885095637892
-4,0,94.03611202631518
-4,0,106.01807986978753
-4,0,160.80686450267086
-4,0,113.69565702516223
-4,-1,106.73310046460654
-4,-1,169.2486429958222
-4,-1,128.82091002628073
-4,-1,180.31933911750625
-4,-1,121.25595516181427
-4,-2,84.25800486953034
-4,-2,163.41083391405982
-4,-2,50.0
-4,-2,164.81258004195445
-4,-2,156.15194497404627
-4,-3,101.05090647565699
-4,-3,64.4861551643932
-4,-3,186.48918094167908
-4,-3,128.4466286212555
-4,-3,50.0
-4,-4,59.10342229277157
-4,-4,95.5426398417087
-4,-4,128.0378712025549
-4,-4,144.96101862210446
-4,-4,137.61267921830537
-4,-3,133.03284858215622
-4,-3,132.42909608083733
-4,-3,94.60199805699129
-4,-3,123.09435132649602
-4,-3,108.94553891820617
-4,-4,126.07642669248506
-4,-4,66.9115532087871
-4,-4,64.08152665608081
-4,-4,77.24448188367263
-4,-4,161.37885281552292
-4,-5,90.52289586318703
-4,-5,82.80279026841934
-4,-5,108.28024929056286
-4,-5,60.494871496541975
-4,-5,253.0245997753386
-4,-4,58.64893473174797
-4,-4,151.5154169513271
-4,-4,105.14437473827952
-4,-4,50.0
-4,-4,50.0
-4,-5,84.38768295752786
-4,-5,190.6506551233555
-4,-5,50.0
-4,-5,96.25529105751863
-4,-5,92.43231149665067
-4,-6,50.0
-4,-6,91.48726946158598
-4,-6,71.38783576850824
-4,-6,195.74605198338492
-4,-6,66.74200836266873
-4,-7,50.0
-4,-7,58.28386996013789
-4,-7,76.28037627096606
-4,-7,56.85250731942635
-4,-7,63.755538625361226
-4,-8,140.52805737150192
-4,-8,73.52079144193323
-4,-8,63.481511026118454
-4,-8,136.87596785078367
-4,-8,50.0
-4,-9,55.41682651859349
-4,-9,126.32124099070312
-4,-9,55.63615646548382
-4,-9,50.0
-4,-9,127.84402932800435
-4,-8,50.0
-4,-8,105.55606702455118
-4,-8,50.0
-4,-8,65.53487678256688
-4,-8,103.56830189855606
-4,-9,66.3405756318687
-4,-9,50.0
-4,-9,51.748796583941015
-4,-9,80.13587097921288
-4,-9,50.0
-4,-10,50.0
-4,-10,50.0
-4,-10,50.0
-4,-10,86.87675586260112
-4,-10,188.24810508949574
-4,-9,69.7716870940859
-4,-9,72.36577853100327
-4,-9,50.0
-4,-9,86.89701676343837
-4,-9,73.31279475459382
-4,-10,50.0
-4,-10,63.104854072093
-4,-10,106.07923705708546
-4,-10,267.2433002351236
-4,-10,83.1850224544855
-4,-11,72.6451622849628
-4,-11,181.63289711618998
-4,-11,50.0
-4,-11,84.0812058057248
-4,-11,50.0
-4,-12,72.25355944149514
-4,-12,50.0
-4,-12,50.0
-4,-12,118.16024229406298
-4,-12,50.0
-4,-13,50.0
-4,-13,57.37139352961902
-4,-13,50.0
-4,-13,50.0
-4,-13,50.0
-4,-12,50.0
-4,-12,76.05524967777853
-4,-12,86.84251419005835
-4,-12,50.0
-4,-12,191.35471388638652
-4,-13,50.0
-4,-13,106.94535798548412
-4,-13,61.26084018690209
-4,-13,50.0
-4,-13,50.0
-4,-14,50.0
-4,-14,75.65795071333423
-4,-14,75.71429715607607
-4,-14,136.2827534824062
-4,-14,50.0
-4,-15,50.0
-4,-15,50.0
-4,-15,50.0
-4,-15,115.85711244542942
-4,-15,50.0
-4,-16,67.65868959015148
-4,-16,50.0
-4,-16,91.40309949923903
-4,-16,50.0
-4,-16,50.0
-4,-15,79.86918863704877
-4,-15,50.0
-4,-15,50.0
-4,-15,50.0
-4,-15,71.8662876286302
-3,-15,174.37060493421367
-3,-15,96.92703239384207
-3,-15,61.694028930159185
-3,-15,50.0
-3,-15,50.0
-2,-15,50.0
-2,-15,69.43633315308075
-2,-15,50.0
-2,-15,50.0
-2,-15,50.0
-1,-15,50.0
-1,-15,50.0
-1,-15,70.83794235730981
-1,-15,52.140807659458304
-1,-15,63.98382144332661
0,-15,50.0
0,-15,79.84451846974054
0,-15,97.33970385535588
0,-15,87.5146646206069
0,-15,50.0
0,-14,77.26188345407283
0,-14,50.0
0,-14,50.0
0,-14,54.766585030527395
0,-14,104.33886643260712
1,-14,68.98916270369251
1,-14,89.16342190691984
1,-14,50.0
1,-14,50.0
1,-14,86.39236404619436
2,-14,89.83195124551096
2,-14,163.46077673339968
2,-14,50.0
2,-14,50.0
2,-14,51.001190071639044
2,-13,50.0
2,-13,74.53520453111986
2,-13,50.0
2,-13,50.0
2,-13,50.0
2,-12,56.23821596478036
2,-12,50.0
2,-12,68.78082068639011
2,-12,83.67921624642236
2,-12,50.0
3,-12,68.88826112736594
3,-12,50.0
3,-12,96.0443440349832
3,-12,95.03640836111131
3,-12,112.70868715384896
4,-12,50.0
4,-12,148.83103688612346
4,-12,50.0
4,-12,117.36262712798845
4,-12,50.0
4,-11,50.0
4,-11,50.0
4,-11,69.95026329375256
4,-11,133.78896716134602
4,-11,83.55313690197113
5,-11,50.0
5,-11,117.57019247715158
5,-11,50.0
5,-11,84.15565314705873
5,-11,52.580042091344794
6,-11,63.794027780558174
6,-11,191.14464214226348
6,-11,96.40113139308002
6,-11,50.0
6,-11,117.18389921164629
6,-10,50.0
6,-10,50.0
6,-10,80.51100979860561
6,-10,73.7889707553566
6,-10,50.0
6,-9,80.00520319905925
6,-9,50.0
6,-9,64.81478529486967
6,-9,122.19115684112697
6,-9,51.07389458290221
6,-8,93.77529847553255
6,-8,58.12136147867192
6,-8,95.97667147981619
6,-8,107.7342763467434
6,-8,50.0
6,-7,127.56343091948648
6,-7,83.68041644737691
6,-7,147.85766519782283
6,-7,79.31110753330059
6,-7,109.41857047855072
7,-7,50.0
7,-7,157.5210606514899
7,-7,50.0
7,-7,50.0
7,-7,87.87022927558174
6,-7,73.04229649766357
6,-7,50.0
6,-7,50.0
6,-7,100.06929362958391
6,-7,50.0
6,-6,103.85417440824085
6,-6,142.65576200206465
6,-6,62.81634406671627
6,-6,79.73657058168047
6,-6,50.0
6,-5,72.78404925126407
6,-5,97.28465545211309
6,-5,137.86345267649577
6,-5,84.12806615899213
6,-5,50.0
6,-4,50.67695720515979
6,-4,195.7458844429191
6,-4,52.24029195210659
6,-4,101.9836311392022
6,-4,50.0
7,-4,149.78502616790806
7,-4,121.62608162609544
7,-4,60.40628038591572
7,-4,92.72246019040966
7,-4,90.19234802743696
6,-4,223.06500469596904
6,-4,126.36290123803701
6,-4,50.0
6,-4,126.8496410048058
6,-4,92.2925981786458
6,-3,57.48650428450915
6,-3,85.4284390095016
6,-3,120.70635471064442
6,-3,175.93630635601693
6,-3,148.24266002305194
7,-3,115.7597265613274
7,-3,63.617291081237894
7,-3,94.54802936078256
7,-3,50.0
7,-3,134.00513993458222
8,-3,122.10120026441948
8,-3,81.45372255776722
8,-3,50.0
8,-3,50.0
8,-3,50.0
8,-2,92.11915167285393
8,-2,157.2934257518375
8,-2,67.24579842178599
8,-2,93.83439329549503
8,-2,65.58240969945355
8,-1,65.77018635880053
8,-1,131.23713584094236
8,-1,64.38420465665612
8,-1,120.0300219378532
8,-1,152.53886426695732
9,-1,50.0
9,-1,70.64895601979204
9,-1,127.97660974253245
9,-1,81.04060134826435
9,-1,161.15009096209025
9,0,73.06676832713683
9,0,69.43263283431315
9,0,70.71993792621959
9,0,50.0
9,0,94.40881885897356
10,0,50.0
10,0,50.0
10,0,86.7971321354033
10,0,50.0
10,0,50.19987448624221
11,0,50.0
11,0,50.0
11,0,71.4972230752158
11,0,69.82101042777835
11,0,69.72291819698493
11,1,50.0
11,1,111.9694627329357
11,1,180.84609555462205
11,1,50.0
11,1,110.5225981900011
11,2,62.24839408662747
11,2,78.78495191159003
11,2,50.0
11,2,50.25493987619885
11,2,95.34052598896737
12,2,94.01337541775221
12,2,70.93802802298245
12,2,65.14688884283254
12,2,50.0
12,2,59.68846032871086
11,2,50.0
11,2,153.0880621268308
11,2,74.65577329524098
11,2,50.0
11,2,61.57282778826222
11,3,50.0
11,3,108.27659384059214
11,3,50.0
11,3,50.0
11,3,50.0
12,3,50.0
12,3,128.97814704121456
12,3,50.0
12,3,50.0
12,3,56.92635895731175
12,4,50.0
12,4,50.0
12,4,50.0
12,4,80.83873722349801
12,4,193.44795327824136
13,4,50.0
13,4,125.34164686232555
13,4,50.0
13,4,50.0
13,4,50.0
12,4,91.94012410295933
12,4,77.21700115909046
12,4,58.646811622308256
12,4,103.2279691309777
12,4,50.0
13,4,50.0
13,4,94.89498486431208
13,4,58.197919071533136
13,4,76.67430401221804
13,4,51.79011604418534
14,4,50.0
14,4,50.0
14,4,80.71162147265183
14,4,50.0
14,4,50.0
13,4,78.01824623055603
13,4,134.79754151671725
13,4,50.0
13,4,54.01469605204619
13,4,50.0
14,4,141.11297025244306
14,4,64.70636145187908
14,4,56.07710374413547
14,4,50.0
14,4,50.0
15,4,50.0
15,4,56.30451845127677
15,4,77.09903590176297
15,4,50.0
15,4,103.54429342844377
16,4,50.0
16,4,50.0
16,4,50.0
16,4,50.0
16,4,92.0747237155721
17,4,50.0
17,4,80.495227363709
17,4,50.0
17,4,50.0
17,4,95.32069996218604
16,4,50.0
16,4,114.99620677117373
16,4,50.0
16,4,116.59343041097398
16,4,54.20862391442806
17,4,76.91952484430973
17,4,50.0
17,4,50.0
17,4,50.0
17,4,207.7375344720902
16,4,50.0
16,4,50.0
16,4,50.0
16,4,50.0
16,4,50.0
17,4,50.0
17,4,55.16399005083386
17,4,50.0
17,4,50.0
17,4,92.79197021930341
18,4,50.0
18,4,67.89768310256095
18,4,50.0
18,4,50.0
18,4,50.0
19,4,50.0
19,4,50.0
19,4,50.0
19,4,50.0
19,4,50.0
20,4,62.369367151902345
20,4,55.660579830946034
20,4,51.996002322902214
20,4,50.0
20,4,50.0
20,5,80.21475407345655
20,5,59.49992715503085
20,5,52.9989857381414
20,5,75.76380225406864
20,5,50.0
20,6,50.07684248767713
20,6,50.0
20,6,50.0
20,6,104.88918611012726
20,6,50.0
20,7,50.0
20,7,50.0
20,7,53.468288903452795
20,7,50.0
20,7,50.0
20,6,122.02322481709353
20,6,50.0
20,6,116.22366989003159
20,6,50.0
20,6,50.0
20,5,50.0
20,5,50.0
20,5,50.0
20,5,50.0
20,5,50.0
20,6,50.0
20,6,50.0
20,6,50.0
20,6,50.0
20,6,109.88044859797246
20,7,74.53646812152752
20,7,50.0
20,7,50.0
20,7,50.0
20,7,50.0
20,6,50.0
20,6,50.0
20,6,50.0
20,6,50.0
20,6,50.0
20,5,124.4292771277168
20,5,100.40634069779216
20,5,50.0
20,5,111.6151679324356
20,5,50.0
20,6,50.0
20,6,50.0
20,6,50.0
20,6,50.0
20,6,105.95725815190069
20,7,50.0
20,7,50.0
20,7,50.0
20,7,50.0
20,7,50.0
20,8,50.0
20,8,50.0
20,8,50.0
20,8,50.0
20,8,50.0
20,9,50.0
20,9,50.0
20,9,50.0
20,9,50.0
20,9,50.0
20,8,50.0
20,8,50.0
20,8,50.0
20,8,50.0
20,8,50.0
20,9,50.0
20,9,50.0
20,9,50.0
20,9,50.0
20,9,50.0
20,8,50.0
20,8,50.0
20,8,50.0
20,8,50.0
20,8,50.0
20,9,50.0
20,9,50.0
20,9,50.0
20,9,50.0
20,9,50.0
20,8,50.0
20,8,50.0
20,8,50.0
20,8,50.0
20,8,50.0
20,9,50.0
20,9,50.0
20,9,50.0
20,9,50.0
20,9,50.0
20,10,50.0
20,10,50.0
20,10,50.0
20,10,50.0
20,10,50.0
20,11,50.0
20,11,50.0
20,11,50.0
20,11,50.0
20,11,50.0
20,12,50.0
20,12,50.0
20,12,120.15891968936
20,12,50.0
20,12,50.0
20,13,50.0
20,13,50.0
20,13,50.0
20,13,50.0
20,13,50.0
20,14,50.0
20,14,50.0
20,14,50.0
20,14,54.122655983323774
20,14,50.0
20,15,50.0
20,15,50.0
20,15,50.0
20,15,50.0
20,15,50.0
20,16,50.0
20,16,50.0
20,16,50.0
20,16,50.0
20,16,50.0
20,17,50.0
20,17,50.0
20,17,50.0
20,17,50.0
20,17,50.0
20,18,50.0
20,18,50.0
20,18,50.0
20,18,84.40081268163976
20,18,50.0
20,19,50.0
20,19,50.0
20,19,50.0
20,19,50.0
20,19,50.0
20,20,50.0
20,20,50.0
20,20,50.0
20,20,50.0
20,20,50.0
19,20,50.0
