-15,-8,354.81077710361313
-14,-8,200.0
-14,-8,337.4617555274588
-13,-8,200.0
-13,-8,200.0
-12,-8,603.6715330761837
-12,-8,200.0
-11,-8,200.0
-11,-8,200.0
-10,-8,219.86101749513637
-10,-8,268.1385320758923
-9,-8,370.45312508550904
-9,-8,463.54706875793545
-8,-8,775.8325218777418
-8,-8,312.924157862778
-7,-8,431.02737309120675
-7,-8,200.0
-6,-8,266.0461311564237
-6,-8,649.1463518235373
-5,-8,487.43944921253205
-5,-8,200.0
-4,-8,369.68918824138416
-4,-8,504.42734905336545
-3,-8,451.09288364821657
-3,-8,418.13947642519673
-2,-8,544.1841060082348
-2,-8,238.37001431304347
-1,-8,638.1718769407073
-1,-8,562.1693748171807
0,-8,508.0563894923665
0,-8,527.142462848078
1,-8,200.0
1,-8,284.8003201163356
2,-8,652.1852836749861
2,-8,200.0
3,-8,595.6713586949007
3,-8,200.0
4,-8,367.42876223587047
4,-8,639.6158773105359
5,-8,200.0
5,-8,683.9556406042007
6,-8,499.78180073033445
6,-8,955.3161572450379
5,-8,200.0
5,-8,565.3752034381804
6,-8,524.2928951169911
6,-8,200.0
7,-8,206.1797256446431
7,-8,480.7377236246524
8,-8,200.0
8,-8,243.8412943917605
9,-8,200.0
9,-8,483.1957393390436
10,-8,507.08463122153324
10,-8,200.0
11,-8,200.0
11,-8,402.6314440936336
12,-8,200.0
12,-8,200.0
11,-8,200.0
11,-8,200.0
11,-7,200.0
11,-7,375.4442138510227
10,-7,293.9321750940659
10,-7,200.0
10,-6,373.8881087762219
10,-6,200.0
11,-6,419.2924995116566
11,-6,365.71777013333383
10,-6,235.36909306627135
10,-6,577.8794953368129
9,-6,200.0
9,-6,200.0
9,-5,472.4020196946036
9,-5,200.0
9,-4,200.0
9,-4,243.3851855427065
10,-4,432.62056564024465
10,-4,200.0
9,-4,265.98330948765226
9,-4,200.0
9,-3,200.0
9,-3,446.1287646930175
8,-3,200.0
8,-3,343.7223613769937
7,-3,556.9253988153441
7,-3,684.8440822181543
7,-2,200.0
7,-2,622.593125191492
7,-1,589.9901201290901
7,-1,435.3947846483607
7,0,409.5010696291074
7,0,503.3431449099319
7,1,450.3882381996573
7,1,200.0
7,2,636.4816227763845
7,2,501.1457339278991
8,2,309.6750106276828
8,2,200.0
8,3,638.5981031612043
8,3,788.8253818053613
7,3,791.5783641844405
7,3,616.0431357038825
6,3,200.0
6,3,661.5216889684575
5,3,489.2802685681701
5,3,516.1124111487001
5,4,485.67518107874275
5,4,291.1225488637984
4,4,634.2908245910875
4,4,266.14821665671366
3,4,494.88034993396155
3,4,955.0299143844221
3,5,447.49508079233783
3,5,737.8512345899106
2,5,613.3781892541997
2,5,921.9726786923633
2,6,580.8548282994367
2,6,613.8878148083882
1,6,580.3929276910013
1,6,517.5761802311424
1,5,776.1716736166745
1,5,894.1877925177112
1,6,727.2588144121197
1,6,531.2374335937799
0,6,1185.796646090484
0,6,527.3111414085962
0,7,512.9579426150755
0,7,263.8692031817852
-1,7,389.47494106924654
-1,7,359.9754709493693
-2,7,710.9566384577417
-2,7,526.3016447912421
-3,7,319.7805486777185
-3,7,437.4149692179489
-3,8,288.65344224002035
-3,8,299.50695265646016
-4,8,200.0
-4,8,383.6120155333125
-4,9,560.2612772008667
-4,9,710.4965552393589
-4,10,333.5485105566113
-4,10,625.0203565524969
-4,9,353.8701421826524
-4,9,211.50276598456867
-4,8,478.54472634772264
-4,8,352.29575504373645
-4,7,712.9342547151092
-4,7,497.5430728423608
-4,6,554.493199387532
-4,6,400.5290640231097
-4,5,526.8449081342724
-4,5,383.63022527514045
-4,4,632.5718482071027
-4,4,200.0
-4,3,221.1968547266531
-4,3,487.09716951746526
-4,2,290.58727177838404
-4,2,595.9954257806364
-4,1,746.7356459785805
-4,1,520.8256359159732
-4,2,200.0
-4,2,684.5339061449675
-4,3,480.9547521521829
-4,3,876.6057297943994
-4,2,672.2569045636151
-4,2,925.8294615058882
-4,1,700.5327307314942
-4,1,251.8434077666909
-4,0,705.4338362002595
-4,0,453.86165690566315
-4,-1,641.6947627135681
-4,-1,511.1469269366399
-4,-2,461.4623680073705
-4,-2,261.0161613461571
-4,-3,584.7488824932764
-4,-3,275.69963666704245
-4,-4,480.3068685868437
-4,-4,517.3213362578481
-4,-3,670.41030338212
-4,-3,406.7903942333183
-4,-4,270.3438328464413
-4,-4,398.9568113980016
-4,-5,463.96189432663914
-4,-5,744.8247495698317
-4,-4,492.4071529705649
-4,-4,498.92141533041655
-4,-5,200.0
-4,-5,340.93918169439473
-4,-6,242.21717608427335
-4,-6,596.8128359326006
-4,-7,595.3319644821229
-4,-7,335.8474885109453
-4,-8,307.7054988418805
-4,-8,456.2595284414082
-4,-9,580.7654061182035
-4,-9,299.21675815137917
-4,-8,282.72257859780984
-4,-8,392.3469250663837
-4,-9,233.20051430176449
-4,-9,563.6866156597778
-4,-10,365.1324464246991
-4,-10,200.0
-4,-9,225.71341930032128
-4,-9,286.8288106313354
-4,-10,588.7859467684339
-4,-10,601.7709876789105
-4,-11,408.5802220642009
-4,-11,306.97495474745097
-4,-12,200.0
-4,-12,275.0889003324297
-4,-13,580.9550863891802
-4,-13,305.03184256589594
-4,-12,361.89882272571685
-4,-12,293.5298051437925
-4,-13,229.472388402146
-4,-13,200.0
-4,-14,232.82587694431626
-4,-14,200.0
-4,-15,200.0
-4,-15,236.58798770704175
-4,-16,200.0
-4,-16,200.0
-4,-15,325.29188654927907
-4,-15,200.0
-3,-15,200.0
-3,-15,200.0
-2,-15,483.46380794129936
-2,-15,200.0
-1,-15,251.59232417567895
-1,-15,510.11318197716787
0,-15,220.19594174948278
0,-15,206.9603222622391
0,-14,277.6908514096536
0,-14,340.0287893507724
1,-14,200.0
1,-14,200.0
2,-14,503.1689741691936
2,-14,200.0
2,-13,454.2619994570573
2,-13,318.18339959357087
2,-12,468.0506177157926
2,-12,200.0
3,-12,200.0
3,-12,200.0
4,-12,478.1713999883396
4,-12,308.58359486361724
4,-11,471.39955697472567
4,-11,200.0
5,-11,620.9747193839546
