3.33333
3.33333
3.33333
3.33333
3.33333
3.33333
3.33333
3.33333
3.33333
3.33333
3.33333
3.33333
3.33333
3.33333
3.32079
3.27486
3.31046
3.29715
3.24398
3.23224
3.30783
3.32585
3.33333
3.33086
3.32333
3.33333
3.33333
3.33333
3.33333
3.33333
3.33333
3.33333
3.33333
3.33333
3.33333
3.33333
3.33333
3.33333
3.33333
3.33333
3.33333
3.33333
3.33333
3.33333
3.33333
3.33333
3.33086
3.33086
3.32836
3.31823
3.33086
3.32333
3.32585
3.32836
3.32333
3.33333
3.33333
3.33333
3.33333
3.33333
3.33333
3.33333
3.33333
3.33333
3.33333
3.33333
3.33333
3.33333
3.33333
3.33333
3.33333
3.32836
3.33333
3.33333
3.33086
3.32079
3.29571
3.27707
3.27312
3.30519
3.30519
3.31217
3.33086
3.32585
3.33333
3.33333
3.33333
3.33333
3.33333
3.33333
3.33333
3.33333
3.33333
3.33333
3.33086
3.33333
3.33333
3.33333
3.33333
