3.33333
3.33333
3.33333
3.33333
3.33333
3.33333
3.33333
3.33333
3.33333
3.33333
3.33333
3.33333
3.33333
3.33333
3.31306
3.30609
3.29984
3.29984
3.24776
3.27138
3.31566
3.31905
3.33086
3.33333
3.32333
3.33086
3.33333
3.33333
3.33333
3.33333
3.33333
3.33333
3.33333
3.33333
3.33333
3.33333
3.33333
3.33333
3.33333
3.33333
3.33333
3.33333
3.33333
3.33333
3.33333
3.33086
3.33333
3.33086
3.32079
3.32159
3.32836
3.32836
3.33086
3.32836
3.33086
3.33333
3.33086
3.33333
3.33333
3.33333
3.33333
3.33333
3.33333
3.33333
3.33333
3.33333
3.33333
3.33333
3.33333
3.33333
3.33333
3.33333
3.33333
3.33333
3.32497
3.33086
3.30609
3.25215
3.28995
3.31823
3.31392
3.32079
3.33333
3.33333
3.33333
3.33333
3.33333
3.33333
3.33333
3.33333
3.33086
3.33333
3.33086
3.33333
3.33086
3.33333
3.33333
3.33333
3.33333
