3.33333
3.33333
3.33333
3.33333
3.33333
3.33333
3.33333
3.33333
3.33333
3.33333
3.33333
3.33333
3.33333
3.33333
3.33086
3.29366
3.27147
3.29169
3.2371
3.25929
3.30783
3.32836
3.33333
3.33333
3.33086
3.33333
3.33333
3.33333
3.33333
3.33333
3.33333
3.33333
3.33333
3.33333
3.33333
3.33333
3.33333
3.33333
3.33333
3.33333
3.33333
3.33333
3.33333
3.33333
3.33333
3.33333
3.33086
3.32836
3.32585
3.32079
3.32079
3.32079
3.32585
3.32333
3.32585
3.33333
3.33333
3.33333
3.33333
3.33333
3.33333
3.33333
3.33333
3.33333
3.33333
3.33333
3.33333
3.33333
3.33333
3.33333
3.33333
3.33333
3.33333
3.33333
3.33086
3.32079
3.31392
3.27813
3.28545
3.29169
3.31566
3.31823
3.33086
3.33333
3.33333
3.33333
3.33333
3.33333
3.33333
3.33333
3.33333
3.33333
3.33086
3.33333
3.33333
3.33333
3.33333
3.33086
3.33333
