3.33333
3.33333
3.33333
3.33333
3.33333
3.33333
3.33333
3.33333
3.33333
3.33333
3.33333
3.33333
3.33333
3.33333
3.32079
3.28616
3.28995
3.31823
3.24727
3.25754
3.30783
3.31135
3.33086
3.33333
3.32836
3.33086
3.33333
3.33333
3.33333
3.33333
3.33333
3.33333
3.33333
3.33333
3.33333
3.33333
3.33333
3.33333
3.33333
3.33333
3.33333
3.33333
3.33333
3.33333
3.33333
3.33333
3.33333
3.33086
3.32333
3.32333
3.32585
3.32836
3.33086
3.33333
3.32836
3.33086
3.33333
3.33333
3.33333
3.33333
3.33333
3.33333
3.33333
3.33333
3.33333
3.33333
3.33333
3.33333
3.33333
3.33333
3.33333
3.33086
3.33086
3.33333
3.33333
3.30967
3.30451
3.27486
3.2883
3.29169
3.32333
3.30345
3.33333
3.32836
3.33333
3.33333
3.33333
3.33333
3.33333
3.33333
3.33333
3.33333
3.33333
3.32585
3.33333
3.33333
3.33333
3.33333
3.32836
