3.33333
3.33333
3.33333
3.33333
3.33333
3.33333
3.33333
3.33333
3.33333
3.33333
3.33333
3.33333
3.33333
3.33333
3.32333
3.29984
3.30078
3.28755
3.24572
3.24776
3.31306
3.33086
3.32585
3.33333
3.32585
3.33333
3.33333
3.33333
3.33333
3.33333
3.33333
3.33333
3.33333
3.33333
3.33333
3.33333
3.33333
3.33333
3.33333
3.33333
3.33333
3.33333
3.33333
3.33333
3.33333
3.33333
3.33333
3.32585
3.33086
3.31905
3.33086
3.32333
3.33086
3.31823
3.33333
3.32836
3.33333
3.33333
3.33333
3.33333
3.33333
3.33333
3.33333
3.33333
3.33333
3.33333
3.33333
3.33333
3.33333
3.33333
3.33333
3.33333
3.33333
3.33333
3.33086
3.32585
3.29375
3.26973
3.27486
3.31046
3.30872
3.31823
3.33086
3.33333
3.33333
3.33333
3.33333
3.33333
3.33333
3.33333
3.33333
3.33333
3.33333
3.33086
3.33086
3.33333
3.33333
3.33086
3.33333
