3.33333
3.33333
3.33333
3.33333
3.33333
3.33333
3.33333
3.33333
3.33333
3.33333
3.33333
3.33333
3.33333
3.33333
3.32066
3.27708
3.28163
3.26735
3.27707
3.25643
3.30519
3.33086
3.33086
3.33333
3.33333
3.33086
3.33333
3.33333
3.33333
3.33333
3.33333
3.33333
3.33333
3.33333
3.33333
3.33333
3.33333
3.33333
3.33333
3.33333
3.33333
3.33333
3.33333
3.33333
3.33333
3.33333
3.33086
3.32411
3.31649
3.31823
3.32333
3.33086
3.32836
3.32836
3.32836
3.33333
3.33333
3.33333
3.33333
3.33333
3.33333
3.33333
3.33333
3.33333
3.33333
3.33333
3.33333
3.33333
3.33333
3.33333
3.33333
3.33333
3.33333
3.33333
3.33086
3.32488
3.29443
3.27997
3.27367
3.31132
3.29984
3.31905
3.33086
3.33333
3.33333
3.33333
3.33333
3.33333
3.33333
3.33333
3.33333
3.33333
3.33086
3.32585
3.33333
3.33333
3.33333
3.33086
3.33333
