3.33333
3.33333
3.33333
3.33333
3.33333
3.33333
3.33333
3.33333
3.33333
3.33333
3.33333
3.33333
3.33333
3.33086
3.30609
3.30364
3.27592
3.30967
3.25389
3.29715
3.29715
3.31823
3.33333
3.33086
3.33333
3.33086
3.33333
3.33333
3.33333
3.33333
3.33333
3.33333
3.33333
3.33333
3.33333
3.33333
3.33333
3.33333
3.33333
3.33333
3.33333
3.33333
3.33333
3.33333
3.33333
3.33333
3.33333
3.33333
3.31905
3.32333
3.32662
3.33086
3.32585
3.33086
3.33333
3.33086
3.33333
3.33333
3.33333
3.33333
3.33333
3.33333
3.33333
3.33333
3.33333
3.33333
3.33333
3.33333
3.33333
3.33333
3.33333
3.33333
3.33086
3.33086
3.33333
3.32079
3.29984
3.25468
3.31135
3.32411
3.31046
3.31905
3.32836
3.33086
3.33086
3.33333
3.33333
3.33333
3.33333
3.33333
3.33333
3.33333
3.33333
3.33086
3.33333
3.33086
3.33333
3.33333
3.33086
