3.33333
3.33333
3.33333
3.33333
3.33333
3.33333
3.33333
3.33333
3.33333
3.33333
3.33333
3.33333
3.33333
3.33333
3.32836
3.32333
3.27542
3.30519
3.27598
3.25994
3.31046
3.32836
3.33333
3.33333
3.32585
3.33086
3.33333
3.33333
3.33333
3.33333
3.33333
3.33333
3.33333
3.33333
3.33333
3.33333
3.33333
3.33333
3.33333
3.33333
3.33333
3.33333
3.33333
3.33333
3.33333
3.33333
3.33333
3.33159
3.32079
3.33086
3.32836
3.32079
3.32836
3.33333
3.33333
3.33333
3.33333
3.33333
3.33333
3.33333
3.33333
3.33333
3.33333
3.33333
3.33333
3.33333
3.33333
3.33333
3.33333
3.33333
3.33333
3.33333
3.33333
3.33333
3.33333
3.32333
3.30434
3.27084
3.27147
3.31046
3.29303
3.33159
3.33333
3.33086
3.33333
3.33333
3.33333
3.33333
3.33333
3.33333
3.33333
3.32836
3.33333
3.33333
3.33086
3.33333
3.33333
3.33333
3.33333
