6.261110305786133
6.079196929931641
6.118059158325195
6.149053573608398
6.25300407409668
6.144046783447266
6.241083145141602
6.312131881713867
6.2351226806640625
6.389141082763672
6.327152252197266
6.402015686035156
6.42085075378418
6.309986114501953
6.309032440185547
6.249904632568359
6.335973739624023
6.4601898193359375
6.457090377807617
6.297111511230469
6.350040435791016
6.461858749389648
6.527900695800781
6.953954696655273
6.675004959106445
6.544828414916992
6.376981735229492
6.438970565795898
6.371974945068359
6.475925445556641
6.345987319946289
6.433963775634766
6.366968154907227
6.339073181152344
6.437063217163086
6.429910659790039
6.432056427001953
6.299018859863281
6.2408447265625
6.384134292602539
6.417989730834961
6.85882568359375
6.428956985473633
6.31403923034668
6.376981735229492
6.421804428100586
6.501197814941406
6.660938262939453
6.459951400756836
6.473064422607422
6.482124328613281
6.4220428466796875
6.520986557006836
6.500959396362305
6.587028503417969
6.350040435791016
6.429195404052734
6.484031677246094
6.580114364624023
6.537199020385742
6.579875946044922
6.533145904541016
6.422996520996094
6.48188591003418
6.386995315551758
6.582975387573242
6.545066833496094
6.422996520996094
6.473064422607422
6.473064422607422
6.478786468505859
8.04901123046875
6.592035293579102
6.4029693603515625
6.4449310302734375
6.490945816040039
6.482124328613281
6.451845169067383
6.638050079345703
6.489038467407227
6.392955780029297
6.529808044433594
6.371021270751953
6.492137908935547
6.829977035522461
6.521940231323242
6.476879119873047
6.500959396362305
6.447792053222656
6.60395622253418
6.489038467407227
6.309986114501953
6.36601448059082
6.433963775634766
6.590127944946289
6.44993782043457
6.461858749389648
6.465911865234375
6.3190460205078125
6.618976593017578
6.454944610595703
6.561994552612305
6.850004196166992
6.487846374511719
6.440877914428711
6.291866302490234
6.325006484985352
6.346940994262695
6.3991546630859375
6.299018859863281
6.263971328735352
6.317853927612305
6.416082382202148
6.277799606323242
6.381034851074219
6.289005279541016
6.227970123291016
6.350040435791016
6.710052490234375
6.53386116027832
6.325960159301758
6.268978118896484
6.259918212890625
6.2160491943359375
6.3610076904296875
6.407976150512695
6.403923034667969
6.172895431518555
6.185054779052734
6.312847137451172
6.392002105712891
6.313085556030273
6.384849548339844
6.724119186401367
6.392002105712891
6.382942199707031
6.315946578979492
6.408929824829102
6.325960159301758
6.386995315551758
6.328105926513672
6.283044815063477
6.416082382202148
6.335020065307617
6.386995315551758
6.269931793212891
6.207942962646484
6.347179412841797
6.331920623779297
6.846189498901367
6.39796257019043
6.350994110107422
6.236076354980469
6.351947784423828
6.3800811767578125
6.392002105712891
6.306171417236328
6.357908248901367
6.304025650024414
6.334066390991211
6.361961364746094
6.378173828125
6.356000900268555
6.184101104736328
6.298065185546875
6.304025650024414
6.884098052978516
6.428956985473633
6.296873092651367
6.362199783325195
6.273031234741211
6.347894668579102
6.329059600830078
6.389856338500977
6.374120712280273
6.348848342895508
6.270170211791992
6.260156631469727
6.411075592041016
6.500959396362305
6.434917449951172
6.3190460205078125
6.335020065307617
6.391048431396484
6.761789321899414
6.418943405151367
6.433963775634766
6.369829177856445
6.22105598449707
6.379127502441406
6.3018798828125
6.382942199707031
6.381034851074219
6.248950958251953
6.325960159301758
6.2198638916015625
6.373882293701172
6.376981735229492
6.345987319946289
6.440877914428711
6.19816780090332
6.318092346191406
6.325006484985352
6.285905838012695
6.369113922119141
6.350994110107422
6.247997283935547
6.319999694824219
6.335020065307617
6.412982940673828
6.354808807373047
6.330013275146484
6.306886672973633
6.215095520019531
6.443023681640625
6.335973739624023
6.371021270751953
6.226778030395508
6.250143051147461
6.319999694824219
6.386041641235352
6.242990493774414
6.335973739624023
6.363153457641602
6.287813186645508
6.3610076904296875
6.297111511230469
6.328821182250977
6.283998489379883
6.308794021606445
6.24394416809082
6.289005279541016
6.453037261962891
6.37507438659668
6.386041641235352
6.217002868652344
6.16002082824707
6.356954574584961
6.418943405151367
6.333112716674805
6.381988525390625
6.290912628173828
6.310939788818359
6.325006484985352
6.344079971313477
6.431102752685547
6.36601448059082
6.528139114379883
7.549047470092773
6.585121154785156
6.439208984375
6.450176239013672
6.393909454345703
6.242990493774414
6.31403923034668
6.425142288208008
6.391048431396484
6.283998489379883
6.42085075378418
6.526947021484375
6.347179412841797
6.461858749389648
6.320953369140625
6.408929824829102
6.474018096923828
6.2389373779296875
6.344079971313477
6.256103515625
6.331920623779297
6.4640045166015625
6.515026092529297
6.355047225952148
6.200075149536133
6.300926208496094
6.402015686035156
6.271839141845703
6.329059600830078
6.306886672973633
6.2618255615234375
6.353139877319336
6.363153457641602
6.365060806274414
6.360054016113281
6.274938583374023
6.3800811767578125
6.305932998657227
6.376028060913086
6.3419342041015625
6.334066390991211
6.294012069702148
6.263017654418945
6.304025650024414
6.367921829223633
6.312847137451172
6.407022476196289
6.330013275146484
6.315946578979492
6.31403923034668
6.325006484985352
6.413936614990234
6.294965744018555
6.269931793212891
6.285905838012695
6.286144256591797
6.34312629699707
6.337881088256836
6.381034851074219
6.145000457763672
6.188154220581055
6.319999694824219
6.353139877319336
6.260871887207031
6.394147872924805
6.27589225769043
6.285905838012695
6.354093551635742
6.294965744018555
6.371974945068359
6.327152252197266
6.332159042358398
6.355047225952148
6.227970123291016
6.348133087158203
6.330013275146484
6.376028060913086
6.179094314575195
6.133079528808594
6.303071975708008
6.305932998657227
6.312131881713867
6.376981735229492
6.285190582275391
6.260156631469727
6.273031234741211
6.333827972412109
6.349086761474609
6.323099136352539
6.28209114074707
6.250143051147461
6.292819976806641
6.311178207397461
6.442070007324219
6.431102752685547
6.328105926513672
6.327152252197266
6.4067840576171875
6.36601448059082
6.386995315551758
6.615877151489258
6.595849990844727
6.417989730834961
6.494045257568359
6.498098373413086
6.561994552612305
6.601810455322266
6.557941436767578
6.528139114379883
6.450891494750977
6.46209716796875
6.637096405029297
6.565093994140625
6.272077560424805
6.406068801879883
6.510019302368164
6.517171859741211
6.381034851074219
6.372928619384766
6.5670013427734375
6.384134292602539
6.398916244506836
6.445884704589844
6.436824798583984
6.406068801879883
6.3419342041015625
6.442070007324219
6.255865097045898
6.37507438659668
6.469011306762695
6.727933883666992
6.4601898193359375
6.347894668579102
6.435155868530273
6.587982177734375
6.432056427001953
6.483793258666992
6.356954574584961
6.313085556030273
6.510019302368164
6.877899169921875
6.557941436767578
6.597042083740234
6.430864334106445
6.504058837890625
6.376981735229492
6.526947021484375
6.5479278564453125
6.534099578857422
6.398916244506836
6.428003311157227
6.569862365722656
6.643772125244141
6.433963775634766
6.52313232421875
6.442070007324219
6.334066390991211
6.513833999633789
6.499052047729492
6.587982177734375
6.494045257568359
6.465911865234375
6.499052047729492
6.317138671875
6.506204605102539
6.48808479309082
6.453037261962891
6.416797637939453
6.443977355957031
6.405115127563477
6.545066833496094
6.392002105712891
6.8950653076171875
6.510019302368164
6.440162658691406
6.531000137329102
6.501197814941406
6.474971771240234
6.385087966918945
6.351947784423828
6.40416145324707
6.399869918823242
6.411075592041016
6.421089172363281
6.424903869628906
6.2389373779296875
6.257057189941406
6.350994110107422
6.480932235717773
6.389141082763672
6.788015365600586
6.4220428466796875
6.337881088256836
6.3838958740234375
6.316900253295898
6.453990936279297
6.552934646606445
6.384134292602539
6.435155868530273
6.404876708984375
6.426095962524414
6.480932235717773
6.428956985473633
6.37507438659668
6.335020065307617
6.87408447265625
6.539821624755859
6.315946578979492
6.411075592041016
6.434917449951172
6.354808807373047
6.363153457641602
6.2961578369140625
6.379127502441406
6.415843963623047
6.309032440185547
6.299018859863281
6.574869155883789
6.345987319946289
6.609916687011719
6.575107574462891
6.432056427001953
6.464958190917969
6.313085556030273
6.6280364990234375
6.492137908935547
6.588220596313477
6.56890869140625
6.422996520996094
6.56890869140625
6.476879119873047
6.475925445556641
6.559848785400391
6.432056427001953
6.3419342041015625
6.397008895874023
6.433010101318359
6.577014923095703
6.472110748291016
6.325960159301758
6.395101547241211
6.464958190917969
6.658077239990234
6.393909454345703
6.656169891357422
6.523847579956055
6.393909454345703
6.570100784301758
6.466150283813477
6.619930267333984
6.463050842285156
6.327152252197266
