4.18182
4.18182
4.18182
4.18182
4.18182
4.18182
4.18182
4.18182
4.18182
4.18182
4.18182
4.18182
4.18182
4.18182
4.18182
4.18182
4.18182
4.18182
4.18182
4.18182
4.18182
4.18182
4.18182
4.18182
4.18182
4.18182
4.18182
4.18182
4.18182
4.18182
4.18182
4.18182
4.18182
4.18182
4.18182
4.18182
4.18182
4.18182
4.18182
4.18182
4.18182
4.18182
4.18182
4.18182
4.18182
4.18182
4.18182
4.18182
4.18182
4.18182
4.18182
4.18182
4.18182
4.18182
4.18182
4.18182
4.18182
4.18182
4.18182
4.18182
4.18182
4.18182
4.18182
4.18182
4.18182
4.18182
4.18182
4.18182
4.18182
4.18182
4.18182
4.18182
4.18182
4.18182
4.18182
4.18182
4.18182
4.18182
4.18182
4.18182
4.18182
4.18182
4.18182
4.18182
4.18182
4.18182
4.18182
4.18182
4.18182
4.18182
4.18182
4.18182
4.18182
4.18182
4.18182
4.18182
4.18182
4.18182
4.18182
