5,8,50.0
5,8,50.0
5,8,106.14357393440739
5,8,63.547035752872986
6,8,50.47591686680322
6,8,50.0
6,8,118.30385978108221
6,8,50.0
6,8,50.0
7,8,131.02272121111253
7,8,50.0
7,8,104.85199598406322
7,8,75.25113262826136
7,8,98.05814146407151
8,8,79.47154849366015
8,8,84.65163427403306
8,8,68.08688092758057
8,8,106.53466258243103
8,8,50.0
7,8,76.20125147585982
7,8,50.0
7,8,91.47067446610846
7,8,50.0
7,8,50.0
7,9,50.0
7,9,50.0
7,9,66.50925279005239
7,9,82.75632673347934
7,9,50.312479130347185
6,9,55.340030688175766
6,9,90.49042224444537
6,9,50.0
6,9,50.0
6,9,50.0
5,9,92.9689586810046
5,9,52.26337950213947
5,9,84.58324023689516
5,9,86.03634313588346
5,9,95.8936929048286
4,9,50.0
4,9,50.0
4,9,89.78837393484346
4,9,50.0
4,9,90.92459901423098
4,10,76.21162010543121
4,10,106.78219689648566
4,10,50.0
4,10,57.163267868770966
4,10,54.57936140169074
4,11,50.0
4,11,50.0
4,11,50.0
4,11,70.4266029448963
4,11,50.0
3,11,50.0
3,11,71.48304955730337
3,11,50.0
3,11,50.0
3,11,98.64167014389886
3,12,50.0
3,12,133.81561040553177
3,12,50.0
3,12,50.0
3,12,50.0
3,11,78.43975498539173
3,11,81.6705395993909
3,11,96.41453730708743
3,11,72.4017978495785
3,11,50.0
2,11,71.87427401926527
2,11,76.60023914518162
2,11,76.83483646880553
2,11,103.96594934032416
2,11,80.251264140582
1,11,50.0
1,11,83.1160135696371
1,11,50.0
1,11,97.29386711163929
1,11,73.16686175231294
1,10,107.41572300443814
1,10,77.10659313481041
1,10,50.0
1,10,50.0
1,10,62.93513516129633
0,10,50.0
0,10,50.0
0,10,129.52617007969724
0,10,93.29147009410607
0,10,106.96227080087337
-1,10,57.93747349713615
-1,10,50.0
-1,10,50.0
-1,10,73.91327389123776
-1,10,112.64270844874275
-2,10,50.0
-2,10,50.0
-2,10,98.89510827308523
-2,10,50.0
-2,10,54.836951578559024
-2,11,50.0
-2,11,50.0
-2,11,63.15303971063983
-2,11,50.26449616714852
-2,11,84.92121037310847
-3,11,61.39548470839462
-3,11,50.0
-3,11,50.0
-3,11,90.32899784394408
-3,11,50.0
-2,11,50.0
-2,11,95.60610810330166
-2,11,71.85311097683517
-2,11,76.3433524179049
-2,11,81.0954891381309
-3,11,50.0
-3,11,50.0
-3,11,50.0
-3,11,53.02056579189564
-3,11,81.75173747206583
-3,12,50.0
-3,12,82.1342685319931
-3,12,50.0
-3,12,50.0
-3,12,50.0
-4,12,96.58631734949986
-4,12,103.63985279652944
-4,12,95.41436046755494
-4,12,79.67001013067716
-4,12,50.0
-5,12,50.0
-5,12,50.0
-5,12,50.0
-5,12,92.32395862286418
-5,12,50.0
-6,12,84.02555518790906
-6,12,50.0
-6,12,88.29419392419132
-6,12,105.89970495890515
-6,12,50.0
-6,13,50.0
-6,13,52.28223703666923
-6,13,89.67315152727983
-6,13,66.20852900463116
-6,13,91.99909654905078
-7,13,50.0
-7,13,53.13211119462437
-7,13,50.0
-7,13,76.85904009495495
-7,13,50.0
-8,13,50.0
-8,13,50.0
-8,13,80.84700780291999
-8,13,73.94043992806034
-8,13,68.41327636141625
-9,13,57.93747349713615
-9,13,64.02883885583184
-9,13,78.16475585922699
-9,13,85.47780222966611
-9,13,85.8850430149225
-9,14,50.0
-9,14,50.0
-9,14,50.0
-9,14,50.0
-9,14,50.0
-9,15,71.48218064090155
-9,15,50.0
-9,15,70.6464720862665
-9,15,50.0
-9,15,50.0
-10,15,51.49595679434288
-10,15,50.0
-10,15,50.0
-10,15,50.0
-10,15,50.0
-11,15,50.0
-11,15,63.58962300496055
-11,15,68.77988027723181
-11,15,50.0
-11,15,70.6860659367874
-12,15,50.0
-12,15,50.34352746302134
-12,15,50.0
-12,15,50.0
-12,15,50.0
-12,16,69.49396064663993
-12,16,101.03162986533027
-12,16,50.0
-12,16,60.14497233557134
-12,16,57.93747349713615
-13,16,71.61361744605475
-13,16,86.16876368791893
-13,16,70.98128333026678
-13,16,58.232960611992425
-13,16,50.0
-14,16,77.09773972484061
-14,16,50.0
-14,16,56.172141810764074
-14,16,50.0
-14,16,50.0
-14,17,50.0
-14,17,65.86274874902446
-14,17,50.0
-14,17,50.0
-14,17,81.05552810525892
-15,17,50.0
-15,17,50.0
-15,17,50.0
-15,17,50.0
-15,17,50.0
-16,17,50.0
-16,17,50.0
-16,17,50.0
-16,17,60.2184430756255
-16,17,87.57461271305621
-17,17,50.0
-17,17,50.0
-17,17,50.0
-17,17,50.0
-17,17,50.0
-17,18,50.0
-17,18,50.0
-17,18,50.0
-17,18,54.059998597900005
-17,18,50.0
-18,18,57.93747349713615
-18,18,66.9068775475105
-18,18,57.93747349713615
-18,18,50.0
-18,18,57.93747349713615
-18,17,57.93747349713615
-18,17,50.0
-18,17,50.0
-18,17,50.0
-18,17,50.0
-18,16,50.0
-18,16,50.0
-18,16,52.41042273261592
-18,16,75.88807810870118
-18,16,50.0
-19,16,57.93747349713615
-19,16,74.70932977152626
-19,16,50.0
-19,16,65.54286043664328
-19,16,50.0
-19,15,50.0
-19,15,57.93747349713615
-19,15,71.03238932327793
-19,15,50.0
-19,15,50.0
-19,16,57.93747349713615
-19,16,50.0
-19,16,57.93747349713615
-19,16,50.0
-19,16,50.0
-20,16,50.0
-20,16,72.43632672261506
-20,16,50.0
-20,16,58.35083286175276
-20,16,73.27182545296772
-20,17,50.0
-20,17,57.93747349713615
-20,17,74.41754598649726
-20,17,50.0
-20,17,57.93747349713615
-20,18,50.0
-20,18,57.93747349713615
-20,18,59.715271102455574
-20,18,57.93747349713615
-20,18,50.0
-20,17,57.93747349713615
-20,17,74.60042136793984
-20,17,50.0
-20,17,50.0
-20,17,57.93747349713615
-20,18,57.93747349713615
-20,18,50.0
-20,18,50.0
-20,18,50.0
-20,18,77.94572232838466
-20,19,58.278087323385435
-20,19,50.0
-20,19,80.39144158393405
-20,19,50.0
-20,19,57.93747349713615
-20,20,69.23736880494312
-20,20,57.93747349713615
-20,20,50.0
-20,20,50.0
-20,20,50.0
-19,20,50.0
-19,20,57.93747349713615
-19,20,50.0
-19,20,50.0
-19,20,50.0
-20,20,50.0
-20,20,50.0
-20,20,50.0
-20,20,57.93747349713615
-20,20,50.0
-19,20,50.0
-19,20,68.85364231158445
-19,20,57.93747349713615
-19,20,50.0
-19,20,50.0
-20,20,57.93747349713615
-20,20,50.0
-20,20,50.0
-20,20,57.93747349713615
-20,20,87.14211187227703
-19,20,50.0
-19,20,50.0
-19,20,57.93747349713615
-19,20,50.0
-19,20,50.0
-19,19,50.0
-19,19,57.98707544292219
-19,19,50.0
-19,19,50.0
-19,19,71.33617524362714
-19,18,50.0
-19,18,68.03878968345839
-19,18,50.0
-19,18,77.16048232289486
-19,18,50.0
-18,18,50.0
-18,18,57.93747349713615
-18,18,57.93747349713615
-18,18,77.5665589200255
-18,18,83.3593469173535
-17,18,50.0
-17,18,50.0
-17,18,50.0
-17,18,50.0
-17,18,57.93747349713615
-17,17,59.050716961988805
-17,17,50.0
-17,17,66.3433006060128
-17,17,58.667032157094454
-17,17,50.0
-16,17,52.89602094236952
-16,17,50.0
-16,17,50.0
-16,17,59.62347659369957
-16,17,50.0
-15,17,50.0
-15,17,61.4728367515305
-15,17,57.93747349713615
-15,17,62.66298231452309
-15,17,88.8129418423997
-15,16,50.0
-15,16,70.03450349734489
-15,16,57.93747349713615
-15,16,57.93747349713615
-15,16,50.0
-15,15,82.13763155578769
-15,15,57.93747349713615
-15,15,78.27925683279813
-15,15,76.64758547496851
-15,15,57.93747349713615
-15,16,50.0
-15,16,50.0
-15,16,87.93903470795723
-15,16,67.07081218260383
-15,16,83.31538357597667
-15,15,73.79288029774892
-15,15,92.13698629816446
-15,15,71.16084783411365
-15,15,59.70876027708763
-15,15,50.0
-15,16,78.12696341173937
-15,16,50.0
-15,16,50.0
-15,16,50.0
-15,16,50.0
-14,16,50.0
-14,16,50.0
-14,16,50.0
-14,16,82.06567058513977
-14,16,65.09521503740476
-14,15,50.0
-14,15,57.93747349713615
-14,15,74.42927532629768
-14,15,65.4067757380952
-14,15,50.0
-13,15,59.03433900268962
-13,15,50.0
-13,15,65.12755432803263
-13,15,50.0
-13,15,50.0
-13,16,60.43147222767868
-13,16,50.0
-13,16,50.0
-13,16,68.7729575258914
-13,16,50.0
-12,16,64.19428664636041
-12,16,66.98238676302688
-12,16,50.0
-12,16,50.0
-12,16,72.23824333272611
-12,15,67.57236573640802
-12,15,60.18738268888273
-12,15,57.93747349713615
-12,15,64.31535603896617
-12,15,68.14096339805103
-13,15,65.9654494081023
-13,15,50.0
-13,15,50.0
-13,15,60.76190712116134
-13,15,50.0
-13,14,83.53377817990551
-13,14,50.0
-13,14,50.0
-13,14,54.44767300048113
-13,14,50.0
-13,13,78.81163898163072
-13,13,50.0
-13,13,67.22706248678179
-13,13,68.54288333173693
-13,13,50.0
-12,13,87.17861070003757
-12,13,50.0
-12,13,50.0
-12,13,81.31713495104914
-12,13,50.0
-11,13,50.0
-11,13,50.0
-11,13,57.93747349713615
-11,13,68.02281018438002
-11,13,73.55498096389239
-10,13,54.23080748614214
-10,13,85.1930704545689
-10,13,50.0
-10,13,79.18364662564827
-10,13,60.62552544833706
-10,12,50.12157841714294
-10,12,81.43707534348688
-10,12,93.89404627868961
-10,12,50.0
-10,12,50.0
-9,12,50.0
-9,12,50.0
-9,12,51.39301613649005
-9,12,99.51931898960339
-9,12,50.0
-9,11,73.56900371151106
-9,11,62.55194930771694
-9,11,70.80594165517645
-9,11,50.0
-9,11,50.0
-8,11,83.1833972120731
-8,11,50.0
-8,11,50.0
-8,11,51.85823037402751
-8,11,78.24990868523354
-8,10,92.65069333756377
-8,10,54.575410654312485
-8,10,61.899249161953776
-8,10,88.6788268744501
-8,10,50.0
-8,11,83.91652578507167
-8,11,50.0
-8,11,51.66127963765341
-8,11,70.42010488730384
-8,11,77.60067736058153
-9,11,55.31497176688116
-9,11,50.0
-9,11,85.61079012053507
-9,11,50.0
-9,11,50.0
-9,10,95.33009023495407
-9,10,112.04564777620325
-9,10,84.15133940426684
-9,10,50.0
-9,10,50.0
-8,10,50.0
-8,10,73.43778708866333
-8,10,86.99187604861852
-8,10,97.5771580257563
-8,10,94.6912626637036
-7,10,70.23737144971129
-7,10,69.03537474450071
-7,10,71.45719949112184
-7,10,82.92346647941997
-7,10,87.55716004614243
-7,9,50.0
-7,9,50.0
-7,9,64.22076697551327
-7,9,50.0
-7,9,50.0
-7,8,50.0
-7,8,80.51654469548026
-7,8,68.17115772609722
-7,8,50.0
-7,8,81.37171769238043
-7,7,50.0
-7,7,112.14124398876103
-7,7,50.0
-7,7,69.78128589626887
-7,7,50.0
-7,6,50.0
-7,6,73.05420118121273
-7,6,91.452588844751
-7,6,75.70134193273327
-7,6,58.22278359314457
-7,5,82.26752705122463
-7,5,66.51660089494557
-7,5,50.0
-7,5,69.69928028013936
-7,5,53.37680274182712
-7,4,88.36008028212778
-7,4,84.93415205339457
-7,4,50.0
-7,4,81.81875694864112
-7,4,50.0
-6,4,50.0
-6,4,119.51985057492497
-6,4,127.89595954331863
-6,4,50.0
-6,4,50.0
-6,3,82.22538218980476
-6,3,70.92382734543966
-6,3,50.0
-6,3,50.0
-6,3,50.0
-5,3,92.58174297182417
-5,3,92.39931146251149
-5,3,50.0
-5,3,50.83100894553351
-5,3,50.0
-4,3,68.61941323352251
-4,3,79.58608378246251
-4,3,116.5482707716132
-4,3,54.81756539898464
-4,3,51.00453671653981
-3,3,113.5003479625155
-3,3,88.85165414836139
-3,3,50.986608219133224
-3,3,97.15406067150327
-3,3,107.32808687265394
-3,2,93.1457526554584
-3,2,75.64644651695752
-3,2,69.76389521913825
-3,2,101.03993363196929
-3,2,89.18147382813599
-3,1,50.0
-3,1,102.2813303725116
-3,1,52.25525876165945
-3,1,110.11367020497606
-3,1,72.80329096129611
-3,0,59.16327526184835
-3,0,50.0
-3,0,50.0
-3,0,50.0
-3,0,100.8046834156393
-3,-1,87.3262197169998
-3,-1,86.85686728770129
-3,-1,50.0
-3,-1,104.15424411918225
-3,-1,117.40034805870906
-3,-2,92.42264709376326
-3,-2,89.43576242901987
-3,-2,50.0
-3,-2,60.52440145268057
-3,-2,52.72908452397677
-2,-2,50.0
-2,-2,78.20611315228822
-2,-2,50.0
-2,-2,92.72867919901876
-2,-2,52.725730994554844
-2,-3,121.84215183002104
-2,-3,99.9441261063491
-2,-3,99.19637983781031
-2,-3,50.0
-2,-3,85.1945933210394
-2,-4,50.0
-2,-4,116.52377534746773
-2,-4,112.06738376573927
-2,-4,120.36690110383906
-2,-4,100.95542385654159
-2,-5,86.93900304770227
-2,-5,94.51459659119095
-2,-5,54.161095256197086
-2,-5,103.95547718430369
-2,-5,79.76816391472256
-1,-5,79.92730916622348
-1,-5,52.715033576518884
-1,-5,100.95928525336859
-1,-5,53.01614934016188
-1,-5,78.21512536661439
0,-5,53.219366045542074
0,-5,50.0
0,-5,50.0
0,-5,50.0
0,-5,86.98764288241537
0,-6,103.97335271143952
0,-6,96.03842489076807
0,-6,96.91113475961245
0,-6,50.0
0,-6,82.85580687780465
0,-7,94.48599530882237
0,-7,97.6725613581752
0,-7,105.09761059863496
0,-7,89.50291547218391
0,-7,106.11871076158225
1,-7,76.79880073983385
1,-7,50.0
1,-7,50.0
1,-7,54.31025848580008
1,-7,93.02398275430346
2,-7,50.0
2,-7,79.2266949572774
2,-7,51.18518551780573
2,-7,79.93820850762597
2,-7,74.92084813394011
3,-7,83.2726485127798
3,-7,91.14714076536032
3,-7,50.0
3,-7,90.7641577232841
3,-7,61.635783341348564
3,-6,95.96407290775142
3,-6,50.0
3,-6,50.0
3,-6,81.55886018797595
3,-6,50.41541990146152
3,-7,92.70297271660962
3,-7,84.2147271258813
3,-7,84.87428919403887
3,-7,50.0
3,-7,82.93072170035968
3,-8,50.0
3,-8,50.0
3,-8,97.63409521284716
3,-8,78.7753227666205
3,-8,74.8870697667778
3,-9,96.56149589542417
3,-9,93.75106365781939
3,-9,50.0
3,-9,50.0
3,-9,60.52010970653403
4,-9,51.78413415819655
4,-9,73.09722771390389
4,-9,91.41797959844719
4,-9,64.26374453559701
4,-9,72.49445136878919
4,-10,83.03292894442083
4,-10,50.0
4,-10,90.44752414631311
4,-10,50.0
4,-10,50.0
5,-10,81.27505671628414
5,-10,52.17764772560285
5,-10,101.28849705986329
5,-10,75.86519349603199
5,-10,50.0
5,-9,51.24914501407313
5,-9,91.46013829114257
5,-9,64.5111775293652
5,-9,85.97420352438917
5,-9,94.00868238818006
5,-10,59.64247595935013
5,-10,85.62928907632654
5,-10,56.33870658577572
5,-10,93.79733211431358
5,-10,92.72599579255538
5,-9,50.0
5,-9,61.175138971139695
5,-9,50.0
5,-9,63.09820990171147
5,-9,89.66107221200984
5,-8,57.93747349713615
5,-8,50.0
5,-8,70.98948869661785
5,-8,50.0
5,-8,99.45121545083043
5,-9,109.41187805343637
5,-9,63.594678321993804
5,-9,50.0
5,-9,57.43490534709959
5,-9,65.70787004020214
5,-10,90.04991516951927
5,-10,103.25171680960136
5,-10,50.2421180808179
5,-10,50.0
5,-10,78.59779258976666
5,-11,91.75700890474941
5,-11,52.72559773519123
5,-11,50.0
5,-11,73.53454235661513
5,-11,50.0
6,-11,50.0
6,-11,71.35488401396098
6,-11,50.0
6,-11,99.77794308896375
6,-11,50.0
6,-12,79.96557896105024
6,-12,80.84989010970888
6,-12,70.70111549293591
6,-12,69.8329153641788
6,-12,60.57908198888505
7,-12,52.02865007171408
7,-12,50.0
7,-12,65.90818714310983
7,-12,90.8618652971531
7,-12,50.0
7,-13,50.0
7,-13,73.56052931019364
7,-13,50.0
7,-13,50.0
7,-13,81.23852813138393
7,-14,76.65737777123327
7,-14,68.7553619376811
7,-14,50.0
7,-14,50.0
7,-14,82.00341149817983
7,-15,50.0
7,-15,50.0
7,-15,80.94151954103289
7,-15,50.0
7,-15,50.0
8,-15,76.723882867436
8,-15,66.27726405378677
8,-15,85.03919435399123
8,-15,74.04849198727166
8,-15,50.0
8,-16,50.0
8,-16,50.0
8,-16,50.0
8,-16,50.0
8,-16,50.0
8,-17,50.0
8,-17,87.3353157111557
8,-17,50.0
8,-17,83.91531135073535
8,-17,71.0349563399565
8,-16,57.93747349713615
8,-16,90.1444068907433
8,-16,50.0
8,-16,75.66000740847784
8,-16,50.0
9,-16,50.0
9,-16,74.05182828156296
9,-16,57.93747349713615
9,-16,52.90713239570659
9,-16,84.53691674607097
8,-16,50.0
8,-16,50.0
8,-16,80.09778381297133
8,-16,60.93497103477503
8,-16,50.0
7,-16,50.0
7,-16,50.0
7,-16,50.0
7,-16,80.10493840966069
7,-16,50.0
8,-16,57.93747349713615
8,-16,50.0
8,-16,72.6688475432943
8,-16,61.55222140153615
8,-16,71.99582261588944
7,-16,102.74330791159912
7,-16,68.03593079943167
7,-16,50.0
7,-16,50.0
7,-16,59.29512189284735
6,-16,73.2612224963216
6,-16,50.0
6,-16,50.0
6,-16,50.0
6,-16,50.0
5,-16,50.0
5,-16,57.93747349713615
5,-16,50.0
5,-16,50.0
5,-16,61.32390084801939
5,-15,71.01178029556985
5,-15,76.1302775256726
5,-15,57.45793104270899
5,-15,50.058455731823294
5,-15,50.0
4,-15,50.0
4,-15,50.0
4,-15,50.0
4,-15,70.19633778432947
4,-15,50.0
3,-15,57.93747349713615
3,-15,50.0
3,-15,50.0
3,-15,88.23052020414424
3,-15,57.93747349713615
2,-15,50.0
2,-15,98.25696703458546
2,-15,60.65092574334289
2,-15,77.20426968575647
2,-15,52.632886612267086
1,-15,84.89553400074983
1,-15,57.93747349713615
1,-15,50.0
1,-15,56.33342186704367
1,-15,50.0
0,-15,62.494226376509495
0,-15,50.0
0,-15,63.54591651163773
0,-15,50.0
0,-15,61.837131064607725
0,-14,50.0
0,-14,76.80900161855237
0,-14,50.0
0,-14,50.0
0,-14,51.401006906103014
0,-13,50.0
0,-13,59.782787302023614
0,-13,87.33152866004303
0,-13,70.3790414924266
0,-13,50.0
1,-13,50.0
1,-13,50.0
1,-13,50.0
1,-13,77.26672857058884
1,-13,76.17300251877387
0,-13,90.69790841379191
0,-13,60.34212086072464
0,-13,50.0
0,-13,85.31148936024731
0,-13,50.0
-1,-13,61.889017089091965
-1,-13,78.86939792403261
-1,-13,50.0
-1,-13,76.41957531733914
-1,-13,71.0291524190352
0,-13,88.91825928210054
0,-13,50.0
0,-13,58.228640113790426
0,-13,81.24417168361545
0,-13,50.0
0,-12,67.24171670416048
0,-12,50.0
0,-12,113.06719228933719
0,-12,86.2455599253564
0,-12,50.0
-1,-12,84.50544612504741
-1,-12,77.50472060975396
-1,-12,58.34299500041739
-1,-12,90.57488034347324
-1,-12,71.30146855182277
-2,-12,50.0
-2,-12,79.47083055770555
-2,-12,82.99008913267173
-2,-12,92.33637389422569
-2,-12,57.93747349713615
-2,-11,50.0
-2,-11,50.0
-2,-11,55.97706021116702
-2,-11,72.14527379684456
-2,-11,99.43124765638721
-3,-11,88.17604246334933
-3,-11,76.27309959588058
-3,-11,50.0
-3,-11,55.33466315924488
-3,-11,75.1882841061285
-4,-11,53.46259242276276
-4,-11,57.93747349713615
-4,-11,50.0
-4,-11,90.1768010830276
-4,-11,50.0
-4,-12,96.4493607459599
-4,-12,93.7212417580781
-4,-12,50.0
-4,-12,67.75262935893956
-4,-12,103.8205937164183
-4,-11,90.04447134206451
-4,-11,50.0
-4,-11,74.97383470336426
-4,-11,50.0
-4,-11,50.0
-5,-11,57.93747349713615
-5,-11,50.0
-5,-11,50.0
-5,-11,100.12567584153406
-5,-11,50.0
-5,-10,52.73118428136821
-5,-10,50.0
-5,-10,85.39318670844027
-5,-10,87.0905179201311
-5,-10,50.0
-5,-9,50.0
-5,-9,71.76305653289067
-5,-9,50.0
-5,-9,76.66464752486817
-5,-9,109.88738783797444
-5,-8,53.25644576088782
-5,-8,50.0
-5,-8,50.0
-5,-8,50.0
-5,-8,83.34556313532624
-6,-8,72.48145722080231
-6,-8,91.11904597246216
-6,-8,71.67511735567456
-6,-8,50.0
-6,-8,50.0
-5,-8,86.17698603466026
-5,-8,50.0
-5,-8,77.30643808004706
-5,-8,50.0
-5,-8,78.84709523367819
-5,-7,50.0
-5,-7,98.95372171173969
-5,-7,50.0
-5,-7,86.96455536577287
-5,-7,50.0
-5,-6,50.0
-5,-6,51.93398903094464
-5,-6,50.0
-5,-6,74.04837086931225
-5,-6,122.70322463307666
-6,-6,99.46065086066939
-6,-6,119.52046133552938
-6,-6,86.26833120994874
-6,-6,73.84693288539796
-6,-6,97.7195391271317
-7,-6,88.21042420455971
-7,-6,85.22954004846737
-7,-6,50.0
-7,-6,94.07944377839374
-7,-6,99.27951756540538
-7,-5,105.90979242565012
-7,-5,86.15293121204962
-7,-5,50.0
-7,-5,113.1568950536104
-7,-5,74.58328816659412
-7,-4,50.0
-7,-4,107.44782478801883
-7,-4,50.0
-7,-4,50.0
-7,-4,63.93257413925526
-8,-4,64.34009155839294
-8,-4,68.6236915806334
-8,-4,122.17491844365519
-8,-4,50.0
-8,-4,112.47752922605399
-9,-4,111.49762405425389
-9,-4,50.0
-9,-4,96.55520339260698
-9,-4,84.65158359764297
-9,-4,103.05237600218543
-10,-4,50.0
-10,-4,76.05617919034358
-10,-4,84.52771405230166
-10,-4,50.0
-10,-4,62.571893834721095
-11,-4,50.0
-11,-4,59.972147347640835
-11,-4,50.0
-11,-4,69.45280108320718
-11,-4,102.87517867450575
-12,-4,50.0
-12,-4,50.0
-12,-4,82.25219506014142
-12,-4,50.0
-12,-4,68.73836157127266
-13,-4,111.9760414253956
-13,-4,74.75226970948471
-13,-4,57.93747349713615
-13,-4,97.27426975884852
-13,-4,60.740409739718906
-14,-4,62.3943378122493
-14,-4,65.90330809521191
-14,-4,50.0
-14,-4,82.51650498556228
-14,-4,65.11160625043459
-15,-4,57.93747349713615
-15,-4,56.56843256036549
-15,-4,50.0
-15,-4,63.43163134999163
-15,-4,50.0
-16,-4,57.93747349713615
-16,-4,50.0
-16,-4,85.4819255148618
-16,-4,65.47857411736551
-16,-4,56.26172309616186
-17,-4,50.0
-17,-4,50.0
-17,-4,50.0
-17,-4,60.80962803454739
-17,-4,50.0
-18,-4,57.93747349713615
-18,-4,50.0
-18,-4,57.93747349713615
-18,-4,50.0
-18,-4,50.0
-18,-5,50.0
-18,-5,50.0
-18,-5,50.0
-18,-5,50.0
-18,-5,57.93747349713615
-18,-6,59.83135802072806
-18,-6,50.0
-18,-6,74.04286944282926
-18,-6,68.61931206048902
-18,-6,50.0
-19,-6,50.0
