5,8,50.38421667507021
5,8,98.97853623749555
5,8,86.58349482684092
5,8,106.40530926910758
6,8,86.35981012726182
6,8,96.16090200079537
6,8,50.0
6,8,108.4638868338471
6,8,52.43986198930938
7,8,88.45860911989021
7,8,73.6046131955049
7,8,73.4240258329934
7,8,65.79387236133337
7,8,72.89765462804844
8,8,81.71942360307095
8,8,55.1206657884501
8,8,50.0
8,8,68.77624907894936
8,8,97.19726860672831
7,8,50.0
7,8,54.91415135567976
7,8,103.34414449118783
7,8,121.47026394649981
7,8,50.0
7,9,50.0
7,9,50.0
7,9,73.28763079985131
7,9,99.14411426972879
7,9,122.26526807192857
6,9,50.0
6,9,104.88154219162206
6,9,50.0
6,9,100.98346120144726
6,9,50.0
5,9,50.0
5,9,96.9483992297241
5,9,76.26083465316158
5,9,75.28527912703524
5,9,62.8396089234263
4,9,50.0
4,9,76.99831177360984
4,9,57.93747349713615
4,9,97.25866981897447
4,9,50.0
4,10,73.26064034561205
4,10,117.10986852437541
4,10,89.0979143368172
4,10,93.87546803072453
4,10,50.0
4,11,50.0
4,11,50.0
4,11,50.0
4,11,88.56761753293951
4,11,66.78796046575508
3,11,50.0
3,11,88.0715968492578
3,11,57.90800141633699
3,11,50.0
3,11,110.79023289958191
3,12,87.05430119060118
3,12,50.0
3,12,70.23998601506777
3,12,65.39023545117188
3,12,50.0
3,11,100.63595982349362
3,11,50.0
3,11,87.90775529864331
3,11,58.051423491535694
3,11,50.0
2,11,84.35644851886452
2,11,50.0
2,11,50.0
2,11,50.0
2,11,54.500205404830055
1,11,104.93852590917662
1,11,99.03315823846637
1,11,84.67903369540373
1,11,85.5404724749074
1,11,82.70969176182018
1,10,50.0
1,10,76.55501163242992
1,10,50.0
1,10,95.65618587553824
1,10,94.66663821463229
0,10,50.0
0,10,50.0
0,10,84.9138648185527
0,10,64.96462548870447
0,10,50.0
-1,10,89.93908076402585
-1,10,92.96435050709982
-1,10,50.0
-1,10,83.75676753883218
-1,10,50.0
-2,10,50.0
-2,10,80.34378647240207
-2,10,113.04732929882384
-2,10,50.0
-2,10,96.2129873344093
-2,11,83.3733271750946
-2,11,74.28119466846634
-2,11,50.0
-2,11,50.0
-2,11,87.961926921864
-3,11,81.59359006042105
-3,11,76.00054032906698
-3,11,50.138715021643215
-3,11,72.53396939192685
-3,11,71.87072161402051
-2,11,114.81226032643927
-2,11,59.166175733054075
-2,11,98.3211527204579
-2,11,50.0
-2,11,89.30626300221158
-3,11,50.0
-3,11,50.0
-3,11,108.41402950246331
-3,11,50.0
-3,11,72.58638040668352
-3,12,67.3948756047218
-3,12,89.74529726538077
-3,12,65.53470417383167
-3,12,85.33086416094197
-3,12,60.763122271485784
-4,12,104.58872716303745
-4,12,90.22383520807516
-4,12,50.0
-4,12,90.95401861327595
-4,12,83.98675692429464
-5,12,50.0
-5,12,50.03347808954882
-5,12,50.0
-5,12,76.47975920998233
-5,12,90.57585982534172
-6,12,73.97872780199994
-6,12,50.0
-6,12,85.93783121283118
-6,12,84.95954250184505
-6,12,50.0
-6,13,50.0
-6,13,89.610692732669
-6,13,53.09032108209911
-6,13,91.620692490507
-6,13,58.71016452412097
-7,13,50.0
-7,13,69.93344598220418
-7,13,50.0
-7,13,68.14556028908893
-7,13,50.0
-8,13,50.0
-8,13,65.62994631813311
-8,13,82.41297538580412
-8,13,50.0
-8,13,50.0
-9,13,67.79370512491306
-9,13,71.75642196288035
-9,13,84.00073764950827
-9,13,50.0
-9,13,53.52533349761294
-9,14,50.0
-9,14,50.0
-9,14,77.76902142327256
-9,14,64.12211591031648
-9,14,50.0
-9,15,82.1997661015971
-9,15,50.0
-9,15,52.17781172641095
-9,15,50.0
-9,15,83.46757677771528
-10,15,50.0
-10,15,50.0
-10,15,64.89664516531633
-10,15,50.0
-10,15,67.19750436902677
-11,15,83.82163922465085
-11,15,97.18089844637137
-11,15,50.0
-11,15,91.09548284931967
-11,15,50.0
-12,15,106.54964945076789
-12,15,50.783343365199315
-12,15,50.0
-12,15,50.0
-12,15,57.93747349713615
-12,16,50.0
-12,16,50.0
-12,16,65.5423277354151
-12,16,55.67332127651839
-12,16,64.94786713387616
-13,16,57.93747349713615
-13,16,62.31344190258301
-13,16,50.0
-13,16,50.0
-13,16,50.0
-14,16,50.0
-14,16,50.0
-14,16,63.08360446817345
-14,16,50.0
-14,16,66.79277882719887
-14,17,82.40232735677935
-14,17,115.86350579824585
-14,17,50.0
-14,17,71.2109193256818
-14,17,93.79389523595006
-15,17,50.0
-15,17,50.0
-15,17,50.0
-15,17,57.93747349713615
-15,17,50.0
-16,17,50.0
-16,17,57.93747349713615
-16,17,73.69449894217345
-16,17,50.0
-16,17,50.0
-17,17,57.93747349713615
-17,17,52.091155842360266
-17,17,50.0
-17,17,50.0
-17,17,50.0
-17,18,50.0
-17,18,50.0
-17,18,50.0
-17,18,66.96358648816123
-17,18,64.6725942816443
-18,18,50.0
-18,18,50.0
-18,18,50.0
-18,18,70.03713323538238
-18,18,67.32303534774218
-18,17,50.0
-18,17,83.30771019922311
-18,17,57.93747349713615
-18,17,50.0
-18,17,50.0
-18,16,50.0
-18,16,50.0
-18,16,50.0
-18,16,59.660587786733736
-18,16,90.27127145269878
-19,16,50.0
-19,16,65.56908009780454
-19,16,72.00527072691796
-19,16,67.66404744979933
-19,16,50.0
-19,15,50.0
-19,15,50.0
-19,15,50.0
-19,15,57.93747349713615
-19,15,50.0
-19,16,57.93747349713615
-19,16,74.93015421368527
-19,16,57.93747349713615
-19,16,50.0
-19,16,50.0
-20,16,50.0
-20,16,50.0
-20,16,52.51046685289534
-20,16,79.39518200543306
-20,16,50.0
-20,17,50.0
-20,17,57.93747349713615
-20,17,50.0
-20,17,77.2321842180541
-20,17,78.1028584672531
-20,18,50.0
-20,18,57.93747349713615
-20,18,57.93747349713615
-20,18,57.93747349713615
-20,18,57.93747349713615
-20,17,50.0
-20,17,50.0
-20,17,51.371582302292325
-20,17,50.0
-20,17,64.13462539970831
-20,18,50.0
-20,18,64.50075626576982
-20,18,50.0
-20,18,60.98601917056931
-20,18,50.0
-20,19,57.93747349713615
-20,19,50.0
-20,19,50.0
-20,19,58.50940798812688
-20,19,50.0
-20,20,57.93747349713615
-20,20,50.0
-20,20,50.0
-20,20,68.04656841634153
-20,20,57.93747349713615
-19,20,57.93747349713615
-19,20,50.0
-19,20,62.360730163660605
-19,20,50.0
-19,20,50.0
-20,20,50.0
-20,20,50.0
-20,20,50.0
-20,20,57.93747349713615
-20,20,57.93747349713615
-19,20,50.0
-19,20,50.0
-19,20,50.0
-19,20,57.93747349713615
-19,20,50.0
-20,20,50.0
-20,20,57.93747349713615
-20,20,50.0
-20,20,62.73626978263081
-20,20,50.0
-19,20,60.66274496294789
-19,20,50.0
-19,20,50.0
-19,20,61.06368844507765
-19,20,50.0
-19,19,57.93747349713615
-19,19,57.93747349713615
-19,19,50.0
-19,19,57.93747349713615
-19,19,57.93747349713615
-19,18,50.0
-19,18,57.93747349713615
-19,18,57.93747349713615
-19,18,50.0
-19,18,50.0
-18,18,50.0
-18,18,50.0
-18,18,50.0
-18,18,50.0
-18,18,86.3053998987891
-17,18,86.9686331563294
-17,18,50.0
-17,18,71.01213373961069
-17,18,50.0
-17,18,62.76888809895017
-17,17,63.96653206452054
-17,17,58.781814541831736
-17,17,50.0
-17,17,50.0
-17,17,50.0
-16,17,50.0
-16,17,50.0
-16,17,86.26221252117796
-16,17,75.30957505046483
-16,17,50.0
-15,17,50.0
-15,17,63.98619656091515
-15,17,50.0
-15,17,50.0
-15,17,50.0
-15,16,61.891534806777344
-15,16,57.93747349713615
-15,16,96.89146955669284
-15,16,62.760008489830604
-15,16,60.41850987792322
-15,15,70.6388288413843
-15,15,50.0
-15,15,79.45203027304211
-15,15,65.03292817970592
-15,15,50.0
-15,16,50.0
-15,16,72.4138024355021
-15,16,79.83606109657836
-15,16,50.0
-15,16,50.0
-15,15,50.0
-15,15,50.0
-15,15,57.93747349713615
-15,15,68.82912235108009
-15,15,57.93747349713615
-15,16,50.0
-15,16,81.05542881364153
-15,16,57.93747349713615
-15,16,50.0
-15,16,57.93747349713615
-14,16,83.32548120575456
-14,16,91.27555341562166
-14,16,57.93747349713615
-14,16,57.93747349713615
-14,16,50.0
-14,15,50.0
-14,15,57.93747349713615
-14,15,50.0
-14,15,50.0
-14,15,57.93747349713615
-13,15,74.65283193634228
-13,15,50.0
-13,15,50.0
-13,15,50.0
-13,15,56.79877124070871
-13,16,50.0
-13,16,50.0
-13,16,57.93747349713615
-13,16,50.0
-13,16,50.0
-12,16,50.0
-12,16,50.0
-12,16,95.96409902810495
-12,16,50.0
-12,16,67.15161554183996
-12,15,57.93747349713615
-12,15,95.0496980986506
-12,15,71.88575304312518
-12,15,78.38024754361416
-12,15,77.15430493139347
-13,15,83.89822464092896
-13,15,64.52445199983138
-13,15,50.0
-13,15,57.93747349713615
-13,15,80.2533401253928
-13,14,64.08303199338464
-13,14,96.57532629048808
-13,14,50.0
-13,14,50.0
-13,14,88.37244555203127
-13,13,50.0
-13,13,50.0
-13,13,50.0
-13,13,51.53715661164831
-13,13,77.46440944885899
-12,13,59.700837049764935
-12,13,84.78431643735269
-12,13,71.34472019195405
-12,13,50.0
-12,13,50.0
-11,13,62.65895812778987
-11,13,50.0
-11,13,50.0
-11,13,50.0
-11,13,84.81896720343894
-10,13,83.93247418498528
-10,13,105.33502789407922
-10,13,50.0
-10,13,87.64994334814034
-10,13,50.0
-10,12,77.19237425338993
-10,12,57.93747349713615
-10,12,50.0
-10,12,78.09971138583946
-10,12,50.0
-9,12,50.0
-9,12,60.72817721724141
-9,12,57.00235589918018
-9,12,50.0
-9,12,65.59829589744527
-9,11,52.706306668256026
-9,11,50.0
-9,11,80.20073202804925
-9,11,82.2617603637421
-9,11,50.0
-8,11,50.0
-8,11,50.0
-8,11,50.0
-8,11,72.653714970588
-8,11,57.93747349713615
-8,10,50.0
-8,10,55.866654061195646
-8,10,50.0
-8,10,50.0
-8,10,67.39836018797031
-8,11,50.0
-8,11,50.0
-8,11,90.87072866674103
-8,11,54.99069493341095
-8,11,52.685501181934
-9,11,50.0
-9,11,50.0
-9,11,81.50056526171079
-9,11,92.29530317029378
-9,11,50.0
-9,10,50.0
-9,10,50.0
-9,10,82.47934501706914
-9,10,50.0
-9,10,50.0
-8,10,50.0
-8,10,87.50432449426752
-8,10,105.99987587191005
-8,10,78.60283384805152
-8,10,86.73995148044166
-7,10,52.28536636676641
-7,10,71.41840235385253
-7,10,54.36799197414101
-7,10,50.0
-7,10,50.0
-7,9,57.63058316819717
-7,9,79.88657304778533
-7,9,72.89147688334437
-7,9,59.77670635855905
-7,9,115.17273402499669
-7,8,62.18868469580357
-7,8,77.71998627096508
-7,8,50.0
-7,8,65.60931334257505
-7,8,50.0
-7,7,87.03613305728793
-7,7,98.50672556537637
-7,7,82.19203382783581
-7,7,50.0
-7,7,116.22803417015353
-7,6,55.07629747786615
-7,6,88.00831254986959
-7,6,50.0
-7,6,50.0
-7,6,50.0
-7,5,79.67332900154328
-7,5,77.8969446644679
-7,5,69.18858054318395
-7,5,97.48500169084288
-7,5,100.07145204349597
-7,4,112.87788916145976
-7,4,124.72473718609837
-7,4,50.0
-7,4,54.29803559439762
-7,4,63.67854978634806
-6,4,57.00340110188153
-6,4,53.7722803958499
-6,4,86.80175400879236
-6,4,86.53910069383458
-6,4,50.0
-6,3,50.0
-6,3,86.39412948258112
-6,3,50.0
-6,3,67.93897103863014
-6,3,91.37693881712956
-5,3,50.0
-5,3,78.75145507872634
-5,3,50.0
-5,3,67.75339916103516
-5,3,96.92416861108772
-4,3,50.0
-4,3,113.77113687636373
-4,3,66.45919798391903
-4,3,53.76743746601059
-4,3,50.0
-3,3,53.531528582199705
-3,3,108.90192127828047
-3,3,50.0
-3,3,55.14722432914614
-3,3,105.16233527407218
-3,2,75.06164319406284
-3,2,75.63604608941692
-3,2,50.0
-3,2,74.49299990896567
-3,2,50.0
-3,1,113.58011025096192
-3,1,120.4009221998077
-3,1,55.373600120239566
-3,1,50.0
-3,1,83.18084621921736
-3,0,50.0
-3,0,98.32810054651138
-3,0,50.0
-3,0,51.34353134553903
-3,0,50.0
-3,-1,85.69951437284666
-3,-1,114.13574659838437
-3,-1,94.33387744159283
-3,-1,99.238082087654
-3,-1,51.61916376693265
-3,-2,62.21047508331198
-3,-2,50.0
-3,-2,50.0
-3,-2,50.0
-3,-2,77.63017834143304
-2,-2,105.18210506891445
-2,-2,51.88001038382251
-2,-2,91.08974115823881
-2,-2,57.24987872930049
-2,-2,99.71921786309633
-2,-3,79.96707450059509
-2,-3,50.0
-2,-3,51.197392661328955
-2,-3,94.18445403345727
-2,-3,83.93290018735203
-2,-4,50.0
-2,-4,98.49659740785528
-2,-4,50.0
-2,-4,90.22783259123864
-2,-4,99.78078333727822
-2,-5,67.19533190260435
-2,-5,115.31113559113928
-2,-5,50.0
-2,-5,50.0
-2,-5,105.7634629031951
-1,-5,95.31136634975574
-1,-5,94.86783018056227
-1,-5,50.0
-1,-5,92.92635334318399
-1,-5,68.25973431829355
0,-5,50.0
0,-5,83.71902613411876
0,-5,50.0
0,-5,87.06822064438225
0,-5,109.36753402633832
0,-6,50.0
0,-6,105.4679968579991
0,-6,57.93747349713615
0,-6,92.84816831329364
0,-6,50.0
0,-7,94.46870908517654
0,-7,95.63609364458391
0,-7,117.59706877343557
0,-7,80.7432196116662
0,-7,50.0
1,-7,50.0
1,-7,64.09535306079594
1,-7,50.0
1,-7,80.60895417275694
1,-7,96.31645101230893
2,-7,101.41365808030879
2,-7,50.0
2,-7,86.65938753038358
2,-7,84.89962366713968
2,-7,50.0
3,-7,68.30009802846595
3,-7,50.0
3,-7,85.05116085232731
3,-7,95.68798743039419
3,-7,50.0
3,-6,50.0
3,-6,76.20991540805612
3,-6,53.1092037670432
3,-6,76.56767238103534
3,-6,65.35541021087498
3,-7,65.11110643151865
3,-7,94.13849734463794
3,-7,51.975625342358036
3,-7,79.13236032941434
3,-7,50.0
3,-8,82.11218755107186
3,-8,133.44289213108584
3,-8,82.32559915076881
3,-8,78.02308379383597
3,-8,50.0
3,-9,50.0
3,-9,50.76986241247017
3,-9,50.0
3,-9,87.06306815882581
3,-9,50.0
4,-9,50.0
4,-9,50.0
4,-9,96.11337356405636
4,-9,50.0
4,-9,50.0
4,-10,50.0
4,-10,88.64465709968738
4,-10,65.11284512368908
4,-10,50.0
4,-10,50.0
5,-10,62.63346983011951
5,-10,50.0
5,-10,50.0
5,-10,91.90740733170347
5,-10,89.13922309873247
5,-9,78.49144500298453
5,-9,50.0
5,-9,64.06703918517388
5,-9,78.51905233593122
5,-9,50.0
5,-10,50.0
5,-10,78.77585645900713
5,-10,50.0
5,-10,50.0
5,-10,80.02448795606108
5,-9,71.40350506577444
5,-9,113.10578350788828
5,-9,88.4971005947212
5,-9,50.0
5,-9,50.0
5,-8,50.0
5,-8,71.0491250658359
5,-8,65.05877704857478
5,-8,89.70748876694036
5,-8,105.71309090813257
5,-9,50.0
5,-9,68.83855867780693
5,-9,61.07346983551571
5,-9,50.0
5,-9,84.1065644184935
5,-10,50.0
5,-10,50.0
5,-10,50.0
5,-10,50.0
5,-10,86.57057103191335
5,-11,50.0
5,-11,70.46336277831576
5,-11,50.0
5,-11,58.725696999804285
5,-11,50.0
6,-11,80.51211727004402
6,-11,79.57636951497773
6,-11,50.0
6,-11,50.0
6,-11,50.0
6,-12,50.0
6,-12,80.57138246605174
6,-12,50.0
6,-12,50.0
6,-12,71.55511329907355
7,-12,74.17400947007661
7,-12,50.0
7,-12,79.15394172244683
7,-12,96.20138426711866
7,-12,50.0
7,-13,52.03951735772641
7,-13,57.93747349713615
7,-13,74.05835529649616
7,-13,80.5541058748207
7,-13,50.0
7,-14,86.57337986950452
7,-14,50.0
7,-14,57.93747349713615
7,-14,57.93747349713615
7,-14,50.0
7,-15,50.0
7,-15,91.80068043358534
7,-15,57.93747349713615
7,-15,50.0
7,-15,50.0
8,-15,57.93747349713615
8,-15,60.063608410367664
8,-15,64.52081262716
8,-15,50.0
8,-15,50.0
8,-16,95.07631809540041
8,-16,50.0
8,-16,50.0
8,-16,50.0
8,-16,66.75952714067681
8,-17,50.0
8,-17,85.46143005589043
8,-17,50.0
8,-17,50.0
8,-17,50.0
8,-16,50.0
8,-16,70.11021129579022
8,-16,50.0
8,-16,50.0
8,-16,52.763634694572794
9,-16,57.93747349713615
9,-16,50.0
9,-16,50.0
9,-16,102.92422812100367
9,-16,50.0
8,-16,93.7752786615874
8,-16,50.0
8,-16,79.50007616929778
8,-16,50.0
8,-16,50.0
7,-16,50.0
7,-16,57.93747349713615
7,-16,69.99873827148508
7,-16,90.53424779006687
7,-16,50.0
8,-16,66.99949168672453
8,-16,87.08496240539762
8,-16,50.0
8,-16,50.0
8,-16,66.16449888202317
7,-16,50.0
7,-16,50.0
7,-16,70.19312907865007
7,-16,51.39214733834816
7,-16,82.33464717025576
6,-16,66.65172667766143
6,-16,50.0
6,-16,50.0
6,-16,54.6166323976196
6,-16,80.37941757680525
5,-16,50.0
5,-16,50.0
5,-16,57.93747349713615
5,-16,67.17122505941411
5,-16,57.93747349713615
5,-15,50.0
5,-15,70.15561589934075
5,-15,85.77234843315408
5,-15,81.4440741969771
5,-15,61.993220061330064
4,-15,50.0
4,-15,50.0
4,-15,54.20167528765103
4,-15,72.21675117251144
4,-15,50.0
3,-15,88.50638038430886
3,-15,50.0
3,-15,50.0
3,-15,50.0
3,-15,95.16080145574341
2,-15,72.63110852896533
2,-15,86.02982436095348
2,-15,62.46997366164517
2,-15,50.0
2,-15,50.0
1,-15,64.06453109811989
1,-15,83.27477534270135
1,-15,50.0
1,-15,57.93747349713615
1,-15,50.0
0,-15,88.98363510359574
0,-15,50.0
0,-15,78.3780942880687
0,-15,71.12024058757653
0,-15,71.13608151598466
0,-14,70.70828145398909
0,-14,66.66668740938078
0,-14,50.0
0,-14,85.61283767399337
0,-14,74.79178640116123
0,-13,69.22181960983838
0,-13,50.0
0,-13,79.5933036402018
0,-13,50.0
0,-13,50.0
1,-13,50.0
1,-13,50.0
1,-13,80.72333212529857
1,-13,50.0
1,-13,50.0
0,-13,50.0
0,-13,54.322285245842174
0,-13,50.0
0,-13,50.0
0,-13,73.57537370011288
-1,-13,110.737262814784
-1,-13,50.0
-1,-13,50.0
-1,-13,63.689633295089244
-1,-13,62.204179903274195
0,-13,50.0
0,-13,60.02104146223422
0,-13,50.0
0,-13,93.36392904481137
0,-13,50.0
0,-12,64.05440666827424
0,-12,52.6969587089376
0,-12,62.92933165319769
0,-12,50.0
0,-12,50.0
-1,-12,50.0
-1,-12,50.0
-1,-12,91.57629097482666
-1,-12,50.0
-1,-12,60.511356872288566
-2,-12,57.93747349713615
-2,-12,50.0
-2,-12,100.16186514464069
-2,-12,57.93747349713615
-2,-12,50.67263167402334
-2,-11,67.82083546591522
-2,-11,81.5306712416156
-2,-11,101.10183983559051
-2,-11,111.79821122479413
-2,-11,89.89326303506502
-3,-11,50.0
-3,-11,98.8244943748146
-3,-11,50.0
-3,-11,50.0
-3,-11,84.02159122645739
-4,-11,76.87529268172997
-4,-11,50.0
-4,-11,50.0
-4,-11,60.251589614797204
-4,-11,50.0
-4,-12,70.68631130342285
-4,-12,50.0
-4,-12,83.85304334599311
-4,-12,86.27175293368032
-4,-12,83.01994341479839
-4,-11,99.49038154323412
-4,-11,50.0
-4,-11,50.0
-4,-11,65.84298777533536
-4,-11,50.0
-5,-11,63.26032013616412
-5,-11,71.9621422871152
-5,-11,50.0
-5,-11,78.17119794151084
-5,-11,84.3777296434579
-5,-10,50.0
-5,-10,50.0
-5,-10,71.7472369767882
-5,-10,50.0
-5,-10,79.3070827722214
-5,-9,63.16878050784298
-5,-9,71.34895375361076
-5,-9,65.51949867261501
-5,-9,53.070002399004935
-5,-9,87.39418272185976
-5,-8,50.0
-5,-8,50.0
-5,-8,109.85116978585381
-5,-8,50.0
-5,-8,76.4969682301387
-6,-8,96.61525477809616
-6,-8,50.0
-6,-8,83.92284485530546
-6,-8,83.14323033651473
-6,-8,70.93280868074918
-5,-8,98.14792432843348
-5,-8,105.03813999368802
-5,-8,83.612510237696
-5,-8,59.98575367535322
-5,-8,50.0
-5,-7,84.18619168940539
-5,-7,82.55321552571081
-5,-7,88.86177143394508
-5,-7,50.0
-5,-7,59.948748439568014
-5,-6,102.36967702195038
-5,-6,50.30024767123695
-5,-6,50.0
-5,-6,50.0
-5,-6,50.0
-6,-6,54.5002430615492
-6,-6,108.97888941539043
-6,-6,50.0
-6,-6,108.78915463757636
-6,-6,64.25285365258472
-7,-6,106.32265079154651
-7,-6,50.0
-7,-6,84.36694430983934
-7,-6,50.0
-7,-6,50.0
-7,-5,90.79709480894572
-7,-5,80.36919782498555
-7,-5,89.90253044248648
-7,-5,60.78405288437263
-7,-5,50.0
-7,-4,50.0
-7,-4,68.634692016597
-7,-4,100.88416026971012
-7,-4,50.0
-7,-4,62.83242254425849
-8,-4,107.7549190816834
-8,-4,51.5254907701849
-8,-4,71.70314949279204
-8,-4,50.0
-8,-4,53.52655512394295
-9,-4,81.1303187148014
-9,-4,62.3131634597988
-9,-4,95.59778887055703
-9,-4,60.799750143496425
-9,-4,50.0
-10,-4,70.56888744092224
-10,-4,50.0
-10,-4,58.44516504416593
-10,-4,94.64839809506832
-10,-4,102.48099407825498
-11,-4,50.0
-11,-4,60.954410269933696
-11,-4,50.0
-11,-4,50.0
-11,-4,50.0
-12,-4,50.0
-12,-4,50.0
-12,-4,69.89257829629926
-12,-4,59.90303252225902
-12,-4,81.13563290163346
-13,-4,50.0
-13,-4,82.77484679101894
-13,-4,57.93747349713615
-13,-4,50.0
-13,-4,57.93747349713615
-14,-4,50.0
-14,-4,57.93747349713615
-14,-4,81.3472029322677
-14,-4,64.1716428031552
-14,-4,50.0
-15,-4,57.93747349713615
-15,-4,50.0
-15,-4,50.0
-15,-4,67.67703859227905
-15,-4,50.0
-16,-4,50.0
-16,-4,50.0
-16,-4,50.0
-16,-4,62.51744495731819
-16,-4,57.93747349713615
-17,-4,50.0
-17,-4,65.05386265216795
-17,-4,57.93747349713615
-17,-4,57.93747349713615
-17,-4,68.31624838167248
-18,-4,50.0
-18,-4,57.93747349713615
-18,-4,55.060320039605045
-18,-4,50.0
-18,-4,50.0
-18,-5,70.8570278776771
-18,-5,50.0
-18,-5,57.93747349713615
-18,-5,51.457713161766826
-18,-5,101.71145802788598
-18,-6,50.0
-18,-6,50.0
-18,-6,50.0
-18,-6,50.0
-18,-6,68.0341253961565
-19,-6,104.902713177794
