11,-20,100.0
11,-20,119.12415979003256
11,-19,131.6529610111438
11,-19,134.75050473159922
11,-19,100.0
11,-20,100.0
11,-20,100.0
11,-20,100.0
10,-20,101.98446114235279
10,-20,100.0
10,-20,100.0
9,-20,100.0
9,-20,100.0
9,-20,111.50507371469239
8,-20,100.0
8,-20,111.50507371469239
8,-20,111.50507371469239
8,-19,100.0
8,-19,100.0
8,-19,100.0
8,-18,125.1168792754533
8,-18,100.0
8,-18,111.50507371469239
8,-17,149.84264972786096
8,-17,100.0
8,-17,100.33972097111274
7,-17,111.50507371469239
7,-17,111.50507371469239
7,-17,100.0
7,-18,131.99104676761095
7,-18,100.0
7,-18,111.50507371469239
6,-18,111.50507371469239
6,-18,100.0
6,-18,100.0
5,-18,100.0
5,-18,100.0
5,-18,100.0
4,-18,100.0
4,-18,111.50507371469239
4,-18,117.93361180603162
3,-18,100.0
3,-18,100.0
3,-18,100.0
3,-17,100.0
3,-17,100.0
3,-17,100.0
2,-17,158.05200913418668
2,-17,168.1347993050833
2,-17,100.0
2,-18,100.0
2,-18,111.50507371469239
2,-18,100.0
2,-17,111.50507371469239
2,-17,100.0
2,-17,108.40746049912305
2,-16,100.0
2,-16,100.0
2,-16,100.0
1,-16,100.0
1,-16,129.84970945084478
1,-16,100.0
1,-15,100.0
1,-15,135.813300401905
1,-15,100.0
0,-15,123.82466693562405
0,-15,100.0
0,-15,100.0
-1,-15,100.0
-1,-15,100.0
-1,-15,100.0
-1,-14,100.0
-1,-14,100.0
-1,-14,106.0258564225194
-1,-13,100.0
-1,-13,100.0
-1,-13,128.14394818015643
-1,-12,100.0
-1,-12,100.0
-1,-12,100.0
-2,-12,100.0
-2,-12,100.0
-2,-12,157.97398904609727
-3,-12,100.0
-3,-12,100.0
-3,-12,182.43215169588987
-3,-11,100.0
-3,-11,157.90054961524166
-3,-11,169.96093332555637
-4,-11,130.41895984878127
-4,-11,100.0
-4,-11,100.0
-4,-10,100.0
-4,-10,100.0
-4,-10,139.2651273596176
-5,-10,100.0
-5,-10,100.0
-5,-10,165.5955689594124
-5,-9,100.0
-5,-9,100.0
-5,-9,154.45911956875847
-5,-8,100.0
-5,-8,100.0
-5,-8,100.0
-5,-7,100.0
-5,-7,100.0
-5,-7,202.86767085425421
-5,-6,102.18694554832612
-5,-6,100.0
-5,-6,100.0
-4,-6,100.0
-4,-6,218.96068436033121
-4,-6,100.0
-4,-5,100.0
-4,-5,100.0
-4,-5,100.0
-5,-5,184.8852060766727
-5,-5,182.75277360004995
-5,-5,100.0
-6,-5,120.355572105351
-6,-5,100.0
-6,-5,100.0
-7,-5,130.04695388912108
-7,-5,100.0
-7,-5,100.0
-8,-5,100.0
-8,-5,100.0
-8,-5,100.0
-7,-5,100.0
-7,-5,100.0
-7,-5,100.0
-8,-5,100.0
-8,-5,100.0
-8,-5,100.0
-9,-5,100.0
-9,-5,155.58363649401377
-9,-5,100.0
-9,-4,158.26229562131542
-9,-4,100.0
-9,-4,100.0
-10,-4,100.0
-10,-4,162.43355119339236
-10,-4,196.30327891383433
-11,-4,172.66261250038497
-11,-4,132.88335207754176
-11,-4,100.0
-11,-3,100.0
-11,-3,100.0
-11,-3,100.0
-11,-2,100.0
-11,-2,121.37469066258613
-11,-2,100.0
-12,-2,169.94709997140512
-12,-2,100.0
-12,-2,100.0
-13,-2,100.0
-13,-2,100.0
-13,-2,147.28190915080984
-14,-2,100.0
-14,-2,100.0
-14,-2,111.50507371469239
-14,-3,100.0
-14,-3,149.4859551070445
-14,-3,140.8641139846204
-15,-3,100.0
-15,-3,135.9874375222407
-15,-3,100.0
-15,-4,100.0
-15,-4,100.0
-15,-4,100.0
-15,-3,100.0
-15,-3,100.0
-15,-3,100.0
-15,-2,100.0
-15,-2,100.0
-15,-2,100.0
-15,-1,100.0
-15,-1,100.0
-15,-1,100.0
-16,-1,100.0
-16,-1,100.0
-16,-1,100.0
-16,0,136.05784378884115
-16,0,100.0
-16,0,115.03325974658118
-17,0,100.0
-17,0,119.80225652638612
-17,0,100.0
-16,0,100.0
-16,0,100.0
-16,0,100.0
-16,1,100.0
-16,1,100.0
-16,1,100.0
-15,1,159.84354540161345
-15,1,140.39554759347678
-15,1,138.83532831050707
-15,2,100.0
-15,2,100.0
-15,2,100.0
-15,1,100.0
-15,1,100.0
-15,1,140.95745134230384
-14,1,100.0
-14,1,100.0
-14,1,100.0
-15,1,100.0
-15,1,100.0
-15,1,126.8767907774285
-14,1,100.0
-14,1,100.0
-14,1,100.0
-14,2,100.0
-14,2,186.16265050573259
-14,2,100.0
-14,3,100.0
-14,3,100.0
-14,3,100.0
-13,3,100.0
-13,3,100.0
-13,3,100.0
-13,4,100.0
-13,4,100.0
-13,4,100.0
-13,5,100.0
-13,5,147.50395752210622
-13,5,100.0
-12,5,151.07641879494005
-12,5,100.0
-12,5,100.0
-12,6,100.0
-12,6,100.0
-12,6,100.0
-12,5,100.0
-12,5,100.0
-12,5,165.36611996656808
-12,6,131.85569297288203
-12,6,137.86936950211359
-12,6,100.0
-11,6,100.0
-11,6,100.0
-11,6,100.0
-12,6,100.0
-12,6,100.0
-12,6,100.0
-11,6,100.0
-11,6,100.0
-11,6,145.1312822806976
-12,6,100.0
-12,6,140.88951618889504
-12,6,100.0
-11,6,174.45925955982034
-11,6,100.0
-11,6,100.0
-10,6,100.0
-10,6,100.0
-10,6,100.0
-10,7,140.49439789529706
-10,7,100.0
-10,7,155.08559000707226
-10,8,100.0
-10,8,100.0
-10,8,136.39745894962286
-11,8,100.0
-11,8,101.55975919081106
-11,8,100.0
-10,8,126.63729555640326
-10,8,100.0
-10,8,100.0
-9,8,100.0
-9,8,100.0
-9,8,100.0
-9,9,100.0
-9,9,100.0
-9,9,100.0
-8,9,172.54733742821128
-8,9,100.0
-8,9,100.0
-7,9,100.0
-7,9,100.0
-7,9,133.21453174279063
-6,9,100.0
-6,9,155.16726071782603
-6,9,100.0
-5,9,169.5792786324205
-5,9,100.0
-5,9,142.12062936767984
-5,10,100.0
-5,10,100.0
-5,10,100.0
-4,10,100.0
-4,10,100.0
-4,10,100.0
-3,10,121.40687315449206
-3,10,100.0
-3,10,100.0
-2,10,100.0
-2,10,100.0
-2,10,100.0
-2,9,102.74705755752738
-2,9,100.0
-2,9,100.0
-1,9,100.0
-1,9,100.0
-1,9,100.0
-1,10,100.0
-1,10,100.0
-1,10,100.0
0,10,100.0
0,10,143.1323587286506
0,10,100.0
0,11,124.75595230791929
0,11,175.86074966637202
0,11,100.0
0,12,127.39109518872874
0,12,100.0
0,12,100.0
1,12,161.3528500784462
1,12,100.0
1,12,100.0
1,13,163.83323793221606
1,13,100.0
1,13,100.0
1,14,100.0
1,14,100.0
1,14,100.0
2,14,150.2372614489684
2,14,100.0
2,14,139.2020996251615
2,15,100.0
2,15,149.1880297034323
2,15,100.0
2,16,129.97094196763965
2,16,100.0
2,16,100.0
3,16,100.0
3,16,100.0
3,16,100.0
3,17,100.0
3,17,100.0
3,17,155.79471756273918
3,18,100.0
3,18,100.0
3,18,100.0
3,19,111.50507371469239
3,19,111.50507371469239
3,19,100.0
3,20,100.0
3,20,149.0614590760867
3,20,138.89288883335286
4,20,184.06202331095227
4,20,100.0
4,20,100.0
5,20,133.23779643531626
5,20,100.0
5,20,100.0
6,20,100.0
6,20,100.0
6,20,100.0
7,20,100.0
7,20,100.0
7,20,100.0
8,20,100.0
8,20,100.0
8,20,100.0
9,20,100.0
9,20,124.60551657222862
9,20,100.0
10,20,113.69480805856546
10,20,116.0238924079457
10,20,100.0
11,20,100.0
11,20,100.0
11,20,100.0
12,20,100.0
12,20,100.0
12,20,100.0
13,20,100.0
13,20,111.50507371469239
13,20,111.50507371469239
12,20,114.57389578840741
12,20,100.0
12,20,100.0
13,20,100.0
13,20,100.0
13,20,100.0
14,20,100.0
14,20,100.0
14,20,111.50507371469239
15,20,100.0
15,20,100.33972097111274
15,20,100.0
16,20,100.33972097111274
16,20,100.0
16,20,111.50507371469239
17,20,100.0
17,20,111.50507371469239
17,20,100.0
18,20,100.0
18,20,111.50507371469239
18,20,100.0
19,20,100.0
19,20,100.0
19,20,111.50507371469239
20,20,104.36051329602897
20,20,100.0
20,20,100.0
19,20,100.0
19,20,100.0
19,20,100.0
18,20,111.50507371469239
18,20,112.17762887227829
18,20,100.0
19,20,100.0
19,20,100.0
19,20,111.50507371469239
18,20,100.0
18,20,100.0
18,20,100.0
19,20,100.33972097111274
19,20,100.0
19,20,100.0
18,20,100.0
18,20,100.0
18,20,111.50507371469239
17,20,100.0
17,20,100.0
17,20,117.27719296540123
16,20,100.0
16,20,100.0
16,20,100.0
15,20,100.0
15,20,100.0
15,20,111.50507371469239
14,20,100.0
14,20,100.0
14,20,120.17212704396582
15,20,100.0
15,20,100.0
15,20,100.0
14,20,100.0
14,20,100.0
14,20,100.0
15,20,100.0
15,20,100.0
15,20,100.0
14,20,100.0
14,20,100.33972097111274
14,20,111.50507371469239
13,20,100.0
13,20,100.0
13,20,100.0
12,20,124.93225326761602
12,20,100.0
12,20,100.0
11,20,100.0
11,20,100.0
11,20,103.28558538184859
10,20,100.33972097111274
10,20,100.0
10,20,112.54471256913212
9,20,100.0
9,20,111.50507371469239
9,20,100.0
8,20,100.0
8,20,111.50507371469239
8,20,100.0
7,20,100.0
7,20,100.0
7,20,100.0
6,20,100.0
6,20,100.0
6,20,100.0
5,20,100.0
5,20,100.0
5,20,100.0
4,20,139.30645252797623
4,20,100.0
4,20,153.40462024229453
3,20,100.0
3,20,100.0
3,20,121.60844326517578
2,20,111.50507371469239
2,20,166.84666299280087
2,20,100.0
3,20,100.0
3,20,111.50507371469239
3,20,100.0
2,20,100.0
2,20,100.0
2,20,118.26471882878126
3,20,111.65632771057223
3,20,100.0
3,20,100.0
4,20,100.0
4,20,100.0
4,20,100.0
3,20,100.0
3,20,100.0
3,20,100.0
