5,8,88.48427123678898
5,8,60.045212856931144
5,8,50.0
5,8,53.83807739028332
6,8,74.87179415788232
6,8,58.206143325186346
6,8,50.0
6,8,79.79972742824826
6,8,66.06318540790662
7,8,65.6650617254732
7,8,76.43483359883237
7,8,75.76430006335094
7,8,50.0
7,8,50.0
8,8,68.01269486930686
8,8,98.7289562186894
8,8,50.0
8,8,50.0
8,8,50.0
7,8,72.4543428271959
7,8,50.0
7,8,109.63424319498262
7,8,50.0
7,8,68.36773380785849
7,9,98.80313384971834
7,9,66.49354927308474
7,9,50.0
7,9,105.88001793922811
7,9,50.0
6,9,64.74353798760453
6,9,50.0
6,9,85.05228589690921
6,9,102.21519514571766
6,9,53.983192709878345
5,9,90.13698811548362
5,9,50.0
5,9,100.72490379115641
5,9,50.0
5,9,62.52057959231764
4,9,100.81418412977936
4,9,85.6462442104201
4,9,50.0
4,9,102.26133467453903
4,9,83.34592626495343
4,10,50.0
4,10,50.0
4,10,83.54664861308258
4,10,50.0
4,10,89.19142033549308
4,11,100.33709135221395
4,11,77.24688883368844
4,11,50.0
4,11,50.0
4,11,82.60997881714034
3,11,88.45932918162094
3,11,50.0
3,11,76.66619773925865
3,11,55.16057650915317
3,11,65.96265684057354
3,12,111.76923438879845
3,12,70.23494141454978
3,12,80.9538642161771
3,12,57.954881311988125
3,12,101.40821202905107
3,11,50.0
3,11,87.27359330958255
3,11,50.0
3,11,50.0
3,11,65.30817626097638
2,11,65.60861035765069
2,11,50.0
2,11,120.24717331881075
2,11,114.72121163824448
2,11,106.28587951513008
1,11,50.0
1,11,76.91836299328355
1,11,59.09282125080759
1,11,99.83269644925834
1,11,80.12897371881434
1,10,78.35769371296101
1,10,76.88173462237646
1,10,81.26268581200631
1,10,85.8181451608978
1,10,77.05547630476649
0,10,93.14115832185183
0,10,50.0
0,10,87.18160972612426
0,10,50.0
0,10,50.0
-1,10,93.9654478957675
-1,10,75.45698888249257
-1,10,50.0
-1,10,62.8914631874042
-1,10,51.79763302803128
-2,10,63.81808190983335
-2,10,97.61938388255143
-2,10,91.10611775380667
-2,10,96.89443222034171
-2,10,58.19971805749496
-2,11,89.12782024817261
-2,11,55.19292783957852
-2,11,114.23413919645982
-2,11,95.03600051075153
-2,11,50.0
-3,11,51.13058251927499
-3,11,103.38077623402515
-3,11,76.8248607616901
-3,11,86.68172741660223
-3,11,79.19057755609953
-2,11,89.94286697911986
-2,11,101.01544843407179
-2,11,50.0
-2,11,78.91944165397442
-2,11,92.50128240487082
-3,11,105.37622476501208
-3,11,84.35842111004193
-3,11,81.68461461290576
-3,11,50.0
-3,11,62.18776469085655
-3,12,50.0
-3,12,50.0
-3,12,50.0
-3,12,85.32957102479466
-3,12,58.29082962736049
-4,12,73.99266241871733
-4,12,71.79246671456013
-4,12,50.0
-4,12,52.038336826468665
-4,12,125.55417453420282
-5,12,50.0
-5,12,77.64708208802492
-5,12,101.20547008433007
-5,12,50.0
-5,12,97.64207687051685
-6,12,93.08477702174966
-6,12,110.52626437278519
-6,12,50.0
-6,12,50.0
-6,12,82.36438068184597
-6,13,50.0
-6,13,102.96503991086412
-6,13,50.0
-6,13,50.0
-6,13,50.0
-7,13,50.0
-7,13,76.99438442420065
-7,13,57.93747349713615
-7,13,75.63107395446902
-7,13,96.0809256243403
-8,13,108.46993654313455
-8,13,64.73787117549253
-8,13,63.409937503988736
-8,13,78.62425102461494
-8,13,78.36827410933046
-9,13,72.75844880614248
-9,13,50.0
-9,13,53.86473821513344
-9,13,50.0
-9,13,50.0
-9,14,50.0
-9,14,71.51613012706768
-9,14,50.0
-9,14,85.54265211831995
-9,14,50.0
-9,15,50.0
-9,15,68.75893975920759
-9,15,58.30488921510498
-9,15,77.1267709692035
-9,15,62.41676318755739
-10,15,50.0
-10,15,63.653386335958615
-10,15,50.0
-10,15,51.56345361422616
-10,15,60.88350231821142
-11,15,50.0
-11,15,88.12622054750273
-11,15,81.81777317779579
-11,15,50.0
-11,15,50.0
-12,15,58.75556657086341
-12,15,50.0
-12,15,55.349459695041496
-12,15,57.93747349713615
-12,15,60.89579108433298
-12,16,50.0
-12,16,50.0
-12,16,52.03234188317887
-12,16,97.39653947663263
-12,16,50.0
-13,16,57.93747349713615
-13,16,88.44126876763166
-13,16,65.5076039102698
-13,16,50.0
-13,16,77.96694469843074
-14,16,50.0
-14,16,65.63109120323206
-14,16,71.99082695475772
-14,16,74.5602621817401
-14,16,73.54393541524142
-14,17,50.0
-14,17,50.0
-14,17,50.0
-14,17,53.51441151366343
-14,17,50.0
-15,17,57.93747349713615
-15,17,57.93747349713615
-15,17,50.0
-15,17,50.0
-15,17,50.0
-16,17,57.93747349713615
-16,17,57.93747349713615
-16,17,50.0
-16,17,50.0
-16,17,50.0
-17,17,50.0
-17,17,71.96738711753729
-17,17,50.0
-17,17,50.0
-17,17,50.0
-17,18,57.93747349713615
-17,18,50.0
-17,18,65.5479447492799
-17,18,57.93747349713615
-17,18,57.93747349713615
-18,18,57.93747349713615
-18,18,50.0
-18,18,50.0
-18,18,67.40164041263671
-18,18,50.0
-18,17,69.57577937802785
-18,17,50.0
-18,17,83.16754160025756
-18,17,67.61660900453766
-18,17,57.93747349713615
-18,16,57.93747349713615
-18,16,50.0
-18,16,50.0
-18,16,57.93747349713615
-18,16,50.0
-19,16,50.0
-19,16,53.49625989325405
-19,16,57.93747349713615
-19,16,57.93747349713615
-19,16,83.27690241366214
-19,15,50.0
-19,15,50.0
-19,15,52.20920669650136
-19,15,86.40487052597751
-19,15,71.57195313379145
-19,16,50.0
-19,16,50.0
-19,16,50.0
-19,16,50.0
-19,16,57.93747349713615
-20,16,57.93747349713615
-20,16,57.93747349713615
-20,16,50.0
-20,16,50.0
-20,16,50.0
-20,17,50.0
-20,17,57.93747349713615
-20,17,57.93747349713615
-20,17,57.93747349713615
-20,17,50.0
-20,18,50.0
-20,18,50.0
-20,18,57.93747349713615
-20,18,75.18279459006946
-20,18,57.93747349713615
-20,17,50.0
-20,17,57.93747349713615
-20,17,50.0
-20,17,50.0
-20,17,61.28965663683036
-20,18,57.93747349713615
-20,18,50.0
-20,18,50.0
-20,18,82.32876745664221
-20,18,71.75749470645728
-20,19,57.93747349713615
-20,19,50.0
-20,19,50.0
-20,19,50.0
-20,19,50.0
-20,20,50.0
-20,20,50.0
-20,20,50.0
-20,20,57.93747349713615
-20,20,55.10058176295907
-19,20,50.0
-19,20,61.94846515643263
-19,20,50.0
-19,20,57.93747349713615
-19,20,50.0
-20,20,50.0
-20,20,50.0
-20,20,50.0
-20,20,67.6055324972433
-20,20,50.0
-19,20,50.0
-19,20,57.93747349713615
-19,20,50.0
-19,20,50.0
-19,20,50.0
-20,20,50.0
-20,20,50.0
-20,20,57.93747349713615
-20,20,80.25480431858668
-20,20,57.93747349713615
-19,20,57.93747349713615
-19,20,50.0
-19,20,50.0
-19,20,50.0
-19,20,50.0
-19,19,50.0
-19,19,57.93747349713615
-19,19,50.0
-19,19,50.0
-19,19,50.0
-19,18,61.38556493252039
-19,18,50.0
-19,18,57.93747349713615
-19,18,71.95391634393359
-19,18,50.0
-18,18,53.351142526274586
-18,18,57.93747349713615
-18,18,50.0
-18,18,50.0
-18,18,50.0
-17,18,50.0
-17,18,57.93747349713615
-17,18,87.61295947927954
-17,18,62.34066711202723
-17,18,50.0
-17,17,102.79096002008254
-17,17,50.0
-17,17,50.0
-17,17,74.14937744920768
-17,17,57.93747349713615
-16,17,50.0
-16,17,50.0
-16,17,57.93747349713615
-16,17,66.92625652652792
-16,17,50.0
-15,17,50.0
-15,17,65.18883129406476
-15,17,50.0
-15,17,50.0
-15,17,50.0
-15,16,50.0
-15,16,50.0
-15,16,50.0
-15,16,50.0
-15,16,57.93747349713615
-15,15,65.77246496542553
-15,15,75.11827821032149
-15,15,50.0
-15,15,89.85073876892628
-15,15,69.29822912510262
-15,16,64.21877807017738
-15,16,60.18310927047681
-15,16,50.0
-15,16,50.44843829999071
-15,16,76.72804900985865
-15,15,50.0
-15,15,81.87812881104895
-15,15,50.0
-15,15,50.0
-15,15,72.40368941566797
-15,16,50.0
-15,16,65.42015551420027
-15,16,50.0
-15,16,62.76601839570705
-15,16,50.0
-14,16,88.52469069884893
-14,16,50.0
-14,16,90.4327012381681
-14,16,50.0
-14,16,57.93747349713615
-14,15,50.0
-14,15,61.413789662356
-14,15,50.0
-14,15,58.95630874081921
-14,15,86.1084603368783
-13,15,64.9977720757283
-13,15,51.694245794168495
-13,15,60.52016809428266
-13,15,50.0
-13,15,50.0
-13,16,50.0
-13,16,72.27189733694554
-13,16,50.0
-13,16,65.69366758513698
-13,16,50.0
-12,16,73.01585514605358
-12,16,50.0
-12,16,57.93747349713615
-12,16,50.0
-12,16,68.77401672477231
-12,15,50.0
-12,15,50.0
-12,15,57.93747349713615
-12,15,57.93747349713615
-12,15,57.93747349713615
-13,15,50.0
-13,15,50.0
-13,15,81.57526688856147
-13,15,76.7623437155662
-13,15,81.37759750025344
-13,14,50.0
-13,14,50.0
-13,14,58.160936576955955
-13,14,73.33672364266039
-13,14,50.0
-13,13,57.93747349713615
-13,13,77.25308458044219
-13,13,63.99263578720465
-13,13,75.26263185365262
-13,13,50.0
-12,13,57.93747349713615
-12,13,95.3452124499558
-12,13,69.81111432938268
-12,13,50.0
-12,13,72.62612167022537
-11,13,85.16991239006427
-11,13,64.12149144315667
-11,13,50.0
-11,13,52.430582225640556
-11,13,54.08923238242989
-10,13,50.0
-10,13,101.12823975248335
-10,13,69.44827344384461
-10,13,57.93747349713615
-10,13,87.77270884816528
-10,12,57.93747349713615
-10,12,62.027592500674714
-10,12,50.0
-10,12,57.93747349713615
-10,12,50.0
-9,12,57.93747349713615
-9,12,50.0
-9,12,50.0
-9,12,73.99332958228734
-9,12,72.96206685696447
-9,11,81.10410533313
-9,11,50.0
-9,11,66.00823433605977
-9,11,50.0
-9,11,94.12918302404603
-8,11,50.0
-8,11,50.0
-8,11,70.65123939744548
-8,11,79.6936508725622
-8,11,50.0
-8,10,83.0419142622236
-8,10,65.92914806948768
-8,10,50.0
-8,10,50.0
-8,10,50.0
-8,11,50.0
-8,11,50.0
-8,11,71.7627817921674
-8,11,50.0
-8,11,50.0
-9,11,88.90709694004144
-9,11,71.10739801198771
-9,11,76.20608176793142
-9,11,50.0
-9,11,50.0
-9,10,51.8908284925537
-9,10,50.0
-9,10,50.0
-9,10,50.0
-9,10,104.16687299089239
-8,10,87.221752483505
-8,10,89.66518639144341
-8,10,50.0
-8,10,50.0
-8,10,80.03473712615786
-7,10,50.0
-7,10,64.79094571102469
-7,10,70.87837470643345
-7,10,50.0
-7,10,50.0
-7,9,56.068350339572675
-7,9,77.55849499498862
-7,9,57.60152465488825
-7,9,72.80696331605346
-7,9,50.0
-7,8,91.56245878245483
-7,8,50.0
-7,8,57.93144018525795
-7,8,76.82386185119911
-7,8,50.0
-7,7,81.49999202246683
-7,7,50.0
-7,7,50.0
-7,7,57.93747349713615
-7,7,103.82326521333601
-7,6,50.0
-7,6,84.78162721264371
-7,6,64.00575860535538
-7,6,68.94265143954591
-7,6,101.74374991128559
-7,5,76.87710785394441
-7,5,50.0
-7,5,86.31852436731288
-7,5,50.0
-7,5,50.0
-7,4,50.0
-7,4,82.9768394015536
-7,4,100.17085653879636
-7,4,50.0
-7,4,50.0
-6,4,104.43523326032447
-6,4,50.0
-6,4,50.0
-6,4,96.50801599782156
-6,4,50.0
-6,3,50.0
-6,3,94.18514717799141
-6,3,81.42849411449428
-6,3,100.56603730274695
-6,3,84.84178235661889
-5,3,100.67611136938066
-5,3,50.0
-5,3,50.0
-5,3,108.19074477894067
-5,3,122.13504629891001
-4,3,77.75107481762379
-4,3,106.2046876265661
-4,3,113.82238557109889
-4,3,85.93497113791307
-4,3,54.467959131927195
-3,3,83.67490957912702
-3,3,50.0
-3,3,50.0
-3,3,57.21842151372789
-3,3,50.0
-3,2,103.25149252548786
-3,2,50.0
-3,2,90.67140786711198
-3,2,91.56309782462456
-3,2,90.22873052391272
-3,1,113.78184682198187
-3,1,86.0801088105245
-3,1,51.28675851546372
-3,1,101.9374028563259
-3,1,53.58258114506599
-3,0,50.0
-3,0,50.0
-3,0,50.0
-3,0,103.17164912036253
-3,0,51.058694467549095
-3,-1,79.19866437622507
-3,-1,74.87389647744362
-3,-1,50.0
-3,-1,87.51377924806367
-3,-1,85.46946015097866
-3,-2,52.732620342617665
-3,-2,50.0
-3,-2,50.0
-3,-2,107.75404512328348
-3,-2,110.09857857139767
-2,-2,79.25206902245978
-2,-2,107.96154880791964
-2,-2,80.607793777581
-2,-2,75.127149959932
-2,-2,55.603471700562324
-2,-3,74.84618563163826
-2,-3,60.190164199356126
-2,-3,51.47519887930706
-2,-3,89.93944868775787
-2,-3,50.0
-2,-4,80.90219584701984
-2,-4,50.0
-2,-4,101.7733529163476
-2,-4,50.0
-2,-4,50.0
-2,-5,50.38460646215046
-2,-5,66.86763344063525
-2,-5,106.35613457549049
-2,-5,59.01268504941453
-2,-5,56.52792635018777
-1,-5,98.03516515776039
-1,-5,73.87676676413905
-1,-5,58.94943346196446
-1,-5,62.120344652038334
-1,-5,78.61398946035507
0,-5,50.0
0,-5,52.544682764207636
0,-5,50.0
0,-5,50.0
0,-5,95.60387813719842
0,-6,82.15089280012016
0,-6,50.0
0,-6,77.12482941940252
0,-6,97.33520369811629
0,-6,50.0
0,-7,50.0
0,-7,98.58182710408524
0,-7,50.0
0,-7,89.30588000547799
0,-7,50.0
1,-7,68.37383248193679
1,-7,59.75918613893457
1,-7,86.63898171048812
1,-7,50.0
1,-7,50.0
2,-7,50.0
2,-7,54.46253403681751
2,-7,79.31795083523289
2,-7,59.456270094565916
2,-7,93.03709158603449
3,-7,50.0
3,-7,72.90361594673135
3,-7,50.0
3,-7,51.11416289403589
3,-7,119.23950747640426
3,-6,87.19571902681412
3,-6,50.0
3,-6,88.31463649306119
3,-6,75.07560027013481
3,-6,55.75816008727974
3,-7,103.9719423450787
3,-7,50.0
3,-7,50.0
3,-7,58.17333216239962
3,-7,79.46413882249388
3,-8,50.0
3,-8,50.0
3,-8,50.0
3,-8,50.0
3,-8,94.77731277485834
3,-9,50.0
3,-9,92.8105563767706
3,-9,92.80433781030167
3,-9,79.89072075332277
3,-9,74.44257073517173
4,-9,90.10663753257462
4,-9,50.0
4,-9,77.63969253068736
4,-9,50.0
4,-9,60.436290794266185
4,-10,50.0
4,-10,60.81040025602564
4,-10,50.0
4,-10,50.0
4,-10,77.81752173773035
5,-10,94.61128340069591
5,-10,66.43863069894078
5,-10,50.0
5,-10,71.53161319394286
5,-10,50.0
5,-9,74.5816941117572
5,-9,78.87152883840099
5,-9,92.44073105020847
5,-9,50.0
5,-9,50.0
5,-10,50.0
5,-10,50.0
5,-10,50.0
5,-10,50.0
5,-10,69.2258445967214
5,-9,80.41374413955124
5,-9,54.187888010465805
5,-9,69.61624017511025
5,-9,50.0
5,-9,50.0
5,-8,50.0
5,-8,56.666042126295345
5,-8,84.58320980145811
5,-8,125.66073230962746
5,-8,61.801054773802406
5,-9,50.0
5,-9,84.9606990856902
5,-9,50.0
5,-9,50.0
5,-9,50.0
5,-10,95.85172435830802
5,-10,50.0
5,-10,71.82140575702644
5,-10,83.49155362885098
5,-10,57.93747349713615
5,-11,97.9136276520609
5,-11,111.72276844026786
5,-11,50.0
5,-11,50.0
5,-11,69.17869575306185
6,-11,57.93747349713615
6,-11,50.0
6,-11,81.01111922880072
6,-11,57.74597806402598
6,-11,100.60574326826583
6,-12,50.0
6,-12,99.90984745937457
6,-12,50.0
6,-12,50.0
6,-12,50.0
7,-12,50.0
7,-12,72.0795790781886
7,-12,54.075083561143835
7,-12,57.66886586824337
7,-12,78.93354279593306
7,-13,50.0
7,-13,50.0
7,-13,105.30210329494132
7,-13,57.93747349713615
7,-13,53.892251517320794
7,-14,50.0
7,-14,82.17746662678633
7,-14,50.0
7,-14,98.39847726269247
7,-14,85.20088778549415
7,-15,61.67863795237912
7,-15,76.09175794768004
7,-15,74.58623476540923
7,-15,50.0
7,-15,87.4145861149608
8,-15,60.97504801703502
8,-15,67.86207300870235
8,-15,50.0
8,-15,50.0
8,-15,52.20463656072348
8,-16,50.0
8,-16,50.0
8,-16,50.0
8,-16,66.34886599040217
8,-16,62.50213108448335
8,-17,62.850114813907254
8,-17,57.93747349713615
8,-17,68.75323626554018
8,-17,66.3946800780136
8,-17,82.40741365394304
8,-16,51.9484796026733
8,-16,67.3361216667
8,-16,50.0
8,-16,50.0
8,-16,50.0
9,-16,50.94092154730456
9,-16,65.00339317019723
9,-16,50.0
9,-16,62.3892081554726
9,-16,50.0
8,-16,57.93747349713615
8,-16,50.0
8,-16,57.93747349713615
8,-16,50.0
8,-16,76.48976708833811
7,-16,50.0
7,-16,50.0
7,-16,57.93747349713615
7,-16,84.58577831024907
7,-16,57.93747349713615
8,-16,50.0
8,-16,50.0
8,-16,66.8478974065703
8,-16,50.0
8,-16,64.48532505473341
7,-16,50.0
7,-16,66.73713620532925
7,-16,50.0
7,-16,50.0
7,-16,57.93747349713615
6,-16,50.0
6,-16,62.1235493569928
6,-16,50.0
6,-16,50.0
6,-16,65.77619707758268
5,-16,50.0
5,-16,50.0
5,-16,78.32696055302473
5,-16,50.0
5,-16,50.0
5,-15,50.0
5,-15,55.59710293444502
5,-15,67.0107996526157
5,-15,65.92050611369824
5,-15,57.93747349713615
4,-15,50.0
4,-15,68.93196572422937
4,-15,81.93807438045256
4,-15,86.2891450250066
4,-15,50.0
3,-15,85.96293736749038
3,-15,57.93747349713615
3,-15,70.9314276895393
3,-15,50.0
3,-15,58.08951318412035
2,-15,77.53463725532724
2,-15,57.74313370410293
2,-15,61.49049476896265
2,-15,101.5749144794518
2,-15,65.60885025490994
1,-15,50.0
1,-15,50.0
1,-15,50.0
1,-15,50.0
1,-15,65.72045781864061
0,-15,82.3178355191766
0,-15,50.0
0,-15,50.0
0,-15,50.0
0,-15,60.54659887282679
0,-14,50.0
0,-14,76.36740834078155
0,-14,64.81907899003882
0,-14,62.69748443306946
0,-14,88.69441542310355
0,-13,50.0
0,-13,56.666020701670284
0,-13,59.82739262653097
0,-13,93.18678441439332
0,-13,50.0
1,-13,69.8123363508978
1,-13,85.13169351960808
1,-13,57.28576275646046
1,-13,50.0
1,-13,50.0
0,-13,50.0
0,-13,57.26790308519071
0,-13,74.53259450648412
0,-13,95.84293648626469
0,-13,50.0
-1,-13,50.0
-1,-13,50.0
-1,-13,76.93804906365865
-1,-13,97.53169456070941
-1,-13,96.6043717674454
0,-13,94.72491539988175
0,-13,50.0
0,-13,52.14785366336956
0,-13,50.0
0,-13,59.64423796011541
0,-12,50.0
0,-12,77.68080078402625
0,-12,87.72334645789185
0,-12,77.91346969616114
0,-12,65.26721490336294
-1,-12,64.7237849049527
-1,-12,99.1817287493921
-1,-12,118.77122049265856
-1,-12,57.93747349713615
-1,-12,78.36839240537108
-2,-12,50.0
-2,-12,87.29470314608024
-2,-12,50.0
-2,-12,50.0
-2,-12,50.0
-2,-11,50.0
-2,-11,76.35966256706716
-2,-11,50.0
-2,-11,50.0
-2,-11,50.0
-3,-11,50.0
-3,-11,50.0
-3,-11,93.14150593603833
-3,-11,50.0
-3,-11,57.93747349713615
-4,-11,64.74306995386517
-4,-11,66.67571718319351
-4,-11,90.39607814462217
-4,-11,73.33566656894791
-4,-11,50.236157333669574
-4,-12,86.08962331051168
-4,-12,50.0
-4,-12,51.40798368989979
-4,-12,81.91087845700537
-4,-12,50.0
-4,-11,50.0
-4,-11,50.0
-4,-11,101.09242984354621
-4,-11,53.50051423155527
-4,-11,64.46599172795362
-5,-11,50.0
-5,-11,95.66962123943235
-5,-11,50.0
-5,-11,65.94506987628394
-5,-11,50.0
-5,-10,50.0
-5,-10,57.93747349713615
-5,-10,50.0
-5,-10,50.0
-5,-10,51.84790572104418
-5,-9,86.45189994887618
-5,-9,50.0
-5,-9,90.95976717374693
-5,-9,92.95072317515218
-5,-9,100.86426858232497
-5,-8,50.0
-5,-8,50.0
-5,-8,50.0
-5,-8,50.0
-5,-8,97.83179078142433
-6,-8,50.0
-6,-8,76.09783374454663
-6,-8,50.0
-6,-8,99.48193110315356
-6,-8,50.0
-5,-8,50.0
-5,-8,89.63322903054788
-5,-8,78.29411892127644
-5,-8,96.48673938867455
-5,-8,74.61616654799047
-5,-7,93.52258592559889
-5,-7,82.41437637882062
-5,-7,50.0
-5,-7,117.69927643421954
-5,-7,106.65208866890842
-5,-6,57.93747349713615
-5,-6,71.5875426171611
-5,-6,72.93164263035973
-5,-6,111.7962137217607
-5,-6,89.49686539236734
-6,-6,76.59371781251369
-6,-6,50.0
-6,-6,85.85048463742316
-6,-6,79.24895686538949
-6,-6,50.0
-7,-6,67.49366357980921
-7,-6,69.81334020617653
-7,-6,50.14249635158747
-7,-6,101.21465939159482
-7,-6,50.0
-7,-5,50.58146054814035
-7,-5,92.33181797006468
-7,-5,58.88644375134328
-7,-5,50.0
-7,-5,77.15393924004283
-7,-4,75.68150897563055
-7,-4,67.87107066634056
-7,-4,85.72877245255528
-7,-4,50.0
-7,-4,50.0
-8,-4,123.74183507669292
-8,-4,50.0
-8,-4,83.33355821469063
-8,-4,50.0
-8,-4,79.65276304932507
-9,-4,95.56440671368163
-9,-4,50.0
-9,-4,50.0
-9,-4,50.0
-9,-4,50.0
-10,-4,99.14040702875428
-10,-4,70.67752402190834
-10,-4,117.76965247830245
-10,-4,69.00325450366141
-10,-4,50.0
-11,-4,70.73074543999454
-11,-4,59.68212335885172
-11,-4,50.10370728769428
-11,-4,75.32328282281924
-11,-4,57.93747349713615
-12,-4,91.18210553179206
-12,-4,59.043648434319344
-12,-4,50.0
-12,-4,104.1925595360164
-12,-4,76.89946324378208
-13,-4,50.0
-13,-4,92.29973455312926
-13,-4,82.07409592967207
-13,-4,50.0
-13,-4,50.0
-14,-4,50.0
-14,-4,113.07610498135953
-14,-4,50.0
-14,-4,89.81885449046769
-14,-4,76.94589036164622
-15,-4,50.87887937299861
-15,-4,75.02926982311531
-15,-4,50.0
-15,-4,62.53171498633742
-15,-4,75.52167280718065
-16,-4,101.7399933177692
-16,-4,50.0
-16,-4,57.93747349713615
-16,-4,50.0
-16,-4,50.0
-17,-4,51.20696587477643
-17,-4,60.4094993992174
-17,-4,50.0
-17,-4,74.36732675108549
-17,-4,86.49861907813839
-18,-4,50.0
-18,-4,66.36497689407996
-18,-4,84.35608452450458
-18,-4,50.0
-18,-4,50.0
-18,-5,50.0
-18,-5,57.93747349713615
-18,-5,71.96674029111492
-18,-5,50.0
-18,-5,50.0
-18,-6,74.46077173413342
-18,-6,50.0
-18,-6,69.99081335431556
-18,-6,71.53408857092117
-18,-6,61.14759838142919
-19,-6,56.752089094718826
