11,-20,100.0
11,-20,100.0
11,-19,111.50507371469239
11,-19,100.0
11,-19,111.50507371469239
11,-20,100.0
11,-20,100.0
11,-20,111.50507371469239
10,-20,100.0
10,-20,100.0
10,-20,100.0
9,-20,100.0
9,-20,100.0
9,-20,100.0
8,-20,100.0
8,-20,100.0
8,-20,100.0
8,-19,100.0
8,-19,100.0
8,-19,100.0
8,-18,100.0
8,-18,100.0
8,-18,135.01494289040411
8,-17,100.0
8,-17,131.55385144795133
8,-17,124.47061791744218
7,-17,100.0
7,-17,100.0
7,-17,100.0
7,-18,100.0
7,-18,120.38048013075414
7,-18,100.0
6,-18,100.0
6,-18,127.27087054249773
6,-18,100.0
5,-18,115.22959328435333
5,-18,159.04657041440043
5,-18,100.0
4,-18,100.0
4,-18,100.0
4,-18,100.0
3,-18,100.0
3,-18,100.0
3,-18,100.0
3,-17,100.0
3,-17,100.0
3,-17,100.0
2,-17,100.0
2,-17,100.0
2,-17,111.50507371469239
2,-18,100.0
2,-18,100.0
2,-18,100.0
2,-17,100.0
2,-17,100.0
2,-17,100.0
2,-16,100.0
2,-16,100.0
2,-16,100.0
1,-16,100.0
1,-16,100.0
1,-16,118.50750416207656
1,-15,100.0
1,-15,100.0
1,-15,100.0
0,-15,100.0
0,-15,100.0
0,-15,100.0
-1,-15,100.0
-1,-15,100.0
-1,-15,100.0
-1,-14,100.0
-1,-14,100.0
-1,-14,100.0
-1,-13,100.0
-1,-13,100.0
-1,-13,100.0
-1,-12,173.82266695006956
-1,-12,155.8699136900232
-1,-12,100.0
-2,-12,182.26573420193498
-2,-12,145.17654399821896
-2,-12,148.74204653425218
-3,-12,100.0
-3,-12,100.0
-3,-12,100.0
-3,-11,100.0
-3,-11,100.0
-3,-11,100.0
-4,-11,100.0
-4,-11,111.50507371469239
-4,-11,100.0
-4,-10,100.0
-4,-10,100.0
-4,-10,163.77624071971633
-5,-10,100.0
-5,-10,161.47916411124964
-5,-10,110.29388205517643
-5,-9,100.0
-5,-9,100.0
-5,-9,100.0
-5,-8,100.0
-5,-8,191.46072214584257
-5,-8,100.0
-5,-7,128.97255468999117
-5,-7,199.02305876243457
-5,-7,100.0
-5,-6,100.0
-5,-6,181.39290488530423
-5,-6,136.39161111354176
-4,-6,166.49516883901973
-4,-6,100.0
-4,-6,100.0
-4,-5,100.0
-4,-5,100.0
-4,-5,185.0441216410981
-5,-5,100.0
-5,-5,100.0
-5,-5,142.17058397137362
-6,-5,100.0
-6,-5,100.0
-6,-5,100.0
-7,-5,100.0
-7,-5,100.0
-7,-5,100.0
-8,-5,100.33972097111274
-8,-5,100.0
-8,-5,100.0
-7,-5,100.0
-7,-5,160.6274763623834
-7,-5,100.0
-8,-5,100.0
-8,-5,100.0
-8,-5,100.0
-9,-5,185.18452509201546
-9,-5,100.0
-9,-5,146.76059886832732
-9,-4,157.77204683383178
-9,-4,100.0
-9,-4,100.0
-10,-4,100.0
-10,-4,100.0
-10,-4,100.0
-11,-4,166.82917996033538
-11,-4,100.0
-11,-4,199.00217180472592
-11,-3,142.14247513710342
-11,-3,100.0
-11,-3,100.0
-11,-2,100.0
-11,-2,156.13249305731986
-11,-2,100.0
-12,-2,151.14019551645242
-12,-2,100.0
-12,-2,100.0
-13,-2,100.0
-13,-2,100.0
-13,-2,100.33972097111274
-14,-2,100.0
-14,-2,100.0
-14,-2,100.0
-14,-3,121.27143491213894
-14,-3,159.35526597609532
-14,-3,100.0
-15,-3,115.39135788239008
-15,-3,100.0
-15,-3,150.46716528998786
-15,-4,145.2594075823361
-15,-4,100.0
-15,-4,176.5290091610982
-15,-3,100.0
-15,-3,144.52035831809889
-15,-3,100.0
-15,-2,100.0
-15,-2,133.15368702649002
-15,-2,149.90501416075034
-15,-1,100.0
-15,-1,111.50507371469239
-15,-1,168.19056547477453
-16,-1,100.0
-16,-1,100.0
-16,-1,100.0
-16,0,100.0
-16,0,100.0
-16,0,100.0
-17,0,100.0
-17,0,100.0
-17,0,100.0
-16,0,100.0
-16,0,100.0
-16,0,100.0
-16,1,100.0
-16,1,134.5858723514317
-16,1,100.0
-15,1,100.0
-15,1,100.0
-15,1,100.0
-15,2,100.0
-15,2,152.29225629007794
-15,2,100.0
-15,1,100.33972097111274
-15,1,118.48093580168691
-15,1,134.31428886694962
-14,1,100.0
-14,1,150.65490137009118
-14,1,100.0
-15,1,136.5517025398189
-15,1,174.7759784956857
-15,1,100.0
-14,1,100.0
-14,1,100.0
-14,1,100.0
-14,2,100.0
-14,2,100.0
-14,2,100.0
-14,3,100.0
-14,3,100.0
-14,3,151.32077638581848
-13,3,100.0
-13,3,100.0
-13,3,100.0
-13,4,100.0
-13,4,100.0
-13,4,100.0
-13,5,100.0
-13,5,100.0
-13,5,155.90695144459247
-12,5,100.0
-12,5,100.0
-12,5,100.0
-12,6,100.0
-12,6,100.0
-12,6,137.32293356440164
-12,5,100.0
-12,5,100.0
-12,5,163.77149193796822
-12,6,100.33972097111274
-12,6,100.0
-12,6,100.0
-11,6,100.0
-11,6,100.0
-11,6,155.77364069650156
-12,6,152.59685574109622
-12,6,175.23241401483523
-12,6,100.0
-11,6,133.51891426847627
-11,6,100.0
-11,6,165.2280750477202
-12,6,100.0
-12,6,100.0
-12,6,100.0
-11,6,100.0
-11,6,173.92735083916477
-11,6,100.0
-10,6,100.0
-10,6,100.0
-10,6,100.0
-10,7,100.0
-10,7,120.66704023706797
-10,7,119.22070216895105
-10,8,150.99818227488436
-10,8,183.63257544836304
-10,8,181.24592397083677
-11,8,157.98644985413407
-11,8,100.0
-11,8,100.0
-10,8,192.31719472032788
-10,8,165.3056066195989
-10,8,167.7837036611844
-9,8,100.0
-9,8,100.0
-9,8,100.0
-9,9,100.0
-9,9,182.3957423768783
-9,9,100.0
-8,9,173.09193709137048
-8,9,100.0
-8,9,145.1907536548837
-7,9,100.0
-7,9,100.0
-7,9,100.0
-6,9,100.0
-6,9,100.0
-6,9,100.0
-5,9,100.0
-5,9,100.0
-5,9,168.83405411295786
-5,10,100.0
-5,10,100.0
-5,10,139.78186769274424
-4,10,100.0
-4,10,162.23908313441422
-4,10,100.0
-3,10,188.11182166852632
-3,10,196.7305789634243
-3,10,100.0
-2,10,100.0
-2,10,100.0
-2,10,190.58276870341632
-2,9,147.04334510154442
-2,9,150.4013748437168
-2,9,100.05545953843173
-1,9,100.0
-1,9,100.0
-1,9,189.98043095163192
-1,10,136.56959235430608
-1,10,149.7787569092548
-1,10,100.0
0,10,100.0
0,10,100.0
0,10,173.9477894735525
0,11,100.0
0,11,126.41102828027206
0,11,100.0
0,12,100.0
0,12,100.0
0,12,100.0
1,12,100.0
1,12,134.66743333684983
1,12,100.0
1,13,100.0
1,13,100.0
1,13,100.0
1,14,100.0
1,14,125.85480045235921
1,14,100.0
2,14,151.7467725989182
2,14,100.0
2,14,100.0
2,15,100.0
2,15,132.93098347155228
2,15,100.0
2,16,100.0
2,16,100.0
2,16,100.0
3,16,100.0
3,16,111.50507371469239
3,16,100.0
3,17,100.0
3,17,100.0
3,17,100.0
3,18,100.0
3,18,100.0
3,18,120.25473200278947
3,19,111.50507371469239
3,19,100.0
3,19,100.0
3,20,100.0
3,20,100.0
3,20,100.0
4,20,100.0
4,20,131.94086285449274
4,20,100.0
5,20,100.0
5,20,111.50507371469239
5,20,100.0
6,20,100.0
6,20,100.0
6,20,110.79481517710776
7,20,100.0
7,20,100.0
7,20,100.0
8,20,100.0
8,20,100.0
8,20,100.0
9,20,100.0
9,20,100.0
9,20,100.0
10,20,100.33972097111274
10,20,111.50507371469239
10,20,100.0
11,20,100.0
11,20,100.0
11,20,131.15240214494577
12,20,100.0
12,20,100.0
12,20,111.50507371469239
13,20,111.50507371469239
13,20,100.0
13,20,100.0
12,20,100.0
12,20,100.0
12,20,100.0
13,20,100.0
13,20,100.0
13,20,100.0
14,20,100.0
14,20,111.50507371469239
14,20,100.0
15,20,100.0
15,20,100.0
15,20,100.0
16,20,100.0
16,20,100.0
16,20,100.0
17,20,100.0
17,20,111.50507371469239
17,20,100.0
18,20,111.50507371469239
18,20,100.0
18,20,111.50507371469239
19,20,100.0
19,20,111.50507371469239
19,20,100.0
20,20,100.0
20,20,100.0
20,20,100.0
19,20,100.0
19,20,100.0
19,20,100.0
18,20,100.0
18,20,100.0
18,20,100.0
19,20,100.33972097111274
19,20,100.0
19,20,100.0
18,20,100.0
18,20,100.0
18,20,100.0
19,20,100.0
19,20,100.0
19,20,100.0
18,20,100.0
18,20,100.0
18,20,111.50507371469239
17,20,100.0
17,20,111.50507371469239
17,20,100.0
16,20,100.33972097111274
16,20,100.0
16,20,100.0
15,20,100.0
15,20,100.0
15,20,100.0
14,20,100.0
14,20,100.0
14,20,111.50507371469239
15,20,111.50507371469239
15,20,111.50507371469239
15,20,100.0
14,20,100.0
14,20,100.0
14,20,100.0
15,20,111.50507371469239
15,20,100.0
15,20,100.0
14,20,100.0
14,20,100.0
14,20,111.50507371469239
13,20,100.0
13,20,100.0
13,20,100.0
12,20,100.0
12,20,100.0
12,20,100.0
11,20,100.0
11,20,100.0
11,20,100.0
10,20,100.0
10,20,100.0
10,20,121.93821648607509
9,20,100.0
9,20,127.949618333422
9,20,100.0
8,20,100.0
8,20,100.0
8,20,111.50507371469239
7,20,100.0
7,20,111.50507371469239
7,20,111.50507371469239
6,20,100.0
6,20,100.33972097111274
6,20,111.50507371469239
5,20,100.0
5,20,100.0
5,20,152.35406325470436
4,20,100.0
4,20,100.0
4,20,100.0
3,20,100.0
3,20,100.0
3,20,100.0
2,20,100.0
2,20,100.0
2,20,100.0
3,20,100.0
3,20,100.0
3,20,100.0
2,20,100.0
2,20,135.93216311482615
2,20,100.0
3,20,100.0
3,20,111.50507371469239
3,20,100.0
4,20,100.0
4,20,122.00913544760571
4,20,100.0
3,20,100.0
3,20,100.0
3,20,100.0
