5,8,318.70757454356806
6,8,371.42190072377343
6,8,261.8849769109645
7,8,302.799908904674
7,8,392.0809804561817
8,8,229.3377960453534
8,8,373.7757797513003
7,8,283.86728103797446
7,8,293.5845473285197
7,9,279.97692500469105
7,9,292.5220200022889
6,9,346.114271247212
6,9,252.09803400740608
5,9,481.26685873917233
5,9,341.5271982310778
4,9,362.27637680002914
4,9,348.04152994732556
4,10,299.75890438956276
4,10,411.9362085448292
4,11,297.84982499557924
4,11,288.188861893455
3,11,330.028187564768
3,11,256.78634661915964
3,12,335.97734198244245
3,12,283.8094080504728
3,11,268.8423169685978
3,11,324.42549259924624
2,11,409.039960881724
2,11,200.0
1,11,307.74795288715563
1,11,317.7722008094676
1,10,336.8141372103004
1,10,306.105896146035
0,10,294.9140599641422
0,10,245.78705950243972
-1,10,401.3013892355491
-1,10,351.71608291265926
-2,10,416.79674506688195
-2,10,264.46735482924527
-2,11,200.0
-2,11,388.2573140014123
-3,11,254.6381127275081
-3,11,258.8025317052377
-2,11,280.53375782003036
-2,11,320.92590776121307
-3,11,318.1357428772412
-3,11,305.3776671729127
-3,12,251.27706527180737
-3,12,356.99397853971345
-4,12,301.4439075041771
-4,12,284.60667716190943
-5,12,257.8930024343596
-5,12,320.7181020553078
-6,12,322.9358307242508
-6,12,347.12826533724825
-6,13,247.5959305051365
-6,13,326.55837043852387
-7,13,393.30605725414057
-7,13,232.75553785460028
-8,13,302.60312772018136
-8,13,295.7745304236585
-9,13,301.1984987882108
-9,13,249.11378067842531
-9,14,263.37680716816317
-9,14,247.13673092834352
-9,15,242.17358659471657
-9,15,314.93338471712224
-10,15,236.6562035576873
-10,15,241.77086278992826
-11,15,298.4227952234463
-11,15,342.8541625750007
-12,15,286.4113851240743
-12,15,277.89214174796285
-12,16,284.8194882145183
-12,16,339.3902278115528
-13,16,288.57290079318267
-13,16,223.60782982960566
-14,16,264.1911482836642
-14,16,214.19731257732252
-14,17,225.99283495783962
-14,17,222.57264346016922
-15,17,200.0
-15,17,276.27796528929116
-16,17,222.57264346016922
-16,17,215.97095870836182
-17,17,230.2392447456895
-17,17,222.57264346016922
-17,18,225.99283495783962
-17,18,282.9290698480339
-18,18,214.19731257732252
-18,18,328.1461661382384
-18,17,214.19731257732252
-18,17,214.19731257732252
-18,16,214.19731257732252
-18,16,233.23356480009164
-19,16,231.15246473779638
-19,16,214.19731257732252
-19,15,275.4115605215899
-19,15,214.19731257732252
-19,16,255.86424046188463
-19,16,214.19731257732252
-20,16,225.99283495783962
-20,16,230.07156273225505
-20,17,214.19731257732252
-20,17,225.99283495783962
-20,18,222.57264346016922
-20,18,214.19731257732252
-20,17,247.4098907670824
-20,17,227.24875496935957
-20,18,222.57264346016922
-20,18,214.19731257732252
-20,19,214.19731257732252
-20,19,222.57264346016922
-20,20,222.57264346016922
-20,20,238.66355566333485
-19,20,214.19731257732252
-19,20,263.4124696892873
-20,20,222.57264346016922
-20,20,222.57264346016922
-19,20,238.07754327439451
-19,20,214.19731257732252
-20,20,222.57264346016922
-20,20,222.57264346016922
-19,20,214.19731257732252
-19,20,222.57264346016922
-19,19,225.99283495783962
-19,19,225.99283495783962
-19,18,244.7746738889484
-19,18,222.57264346016922
-18,18,272.261031066818
-18,18,254.5305859650549
-17,18,216.43113978705694
-17,18,222.57264346016922
-17,17,214.19731257732252
-17,17,214.19731257732252
-16,17,214.19731257732252
-16,17,214.19731257732252
-15,17,254.29542148317583
-15,17,245.03434667789836
-15,16,214.19731257732252
-15,16,274.6502763829815
-15,15,259.0917216275352
-15,15,322.16067961039425
-15,16,225.99283495783962
-15,16,231.92270490035693
-15,15,225.06760759776907
-15,15,225.99283495783962
-15,16,237.83541734682757
-15,16,214.19731257732252
-14,16,249.5969481575595
-14,16,225.99283495783962
-14,15,245.16040387029815
-14,15,222.57264346016922
-13,15,214.19731257732252
-13,15,330.0787793190944
-13,16,214.19731257732252
-13,16,214.19731257732252
-12,16,293.9973520052851
-12,16,308.57098591690834
-12,15,278.5449738059225
-12,15,225.99283495783962
-13,15,255.81189378233745
-13,15,225.99283495783962
-13,14,292.23536033334653
-13,14,264.7453470221459
-13,13,225.99283495783962
-13,13,269.0463668355351
-12,13,281.90964521295615
-12,13,252.46457596194455
-11,13,261.8222961143561
-11,13,250.5782268834298
-10,13,282.5740063892963
-10,13,315.85238791228244
-10,12,254.16256772600047
-10,12,266.4342498605657
-9,12,248.65015500485
-9,12,273.8129019614162
-9,11,214.19731257732252
-9,11,284.4323865765162
-8,11,269.0112468838498
-8,11,230.00468996977412
-8,10,364.2670067707394
-8,10,281.2681480021876
-8,11,310.8475035234407
-8,11,272.381185420938
-9,11,256.61718895912156
-9,11,296.05356712534535
-9,10,215.94957648939527
-9,10,287.8809131399845
-8,10,267.9551707685015
-8,10,295.86766992889807
-7,10,354.200241137124
-7,10,307.5662734196684
-7,9,403.6149584166609
-7,9,240.02498917128568
-7,8,222.57264346016922
-7,8,407.7807281456642
-7,7,379.6728011433991
-7,7,301.55151565798474
-7,6,337.5648694663484
-7,6,329.35938037924257
-7,5,323.08527081142574
-7,5,279.5650838221692
-7,4,324.10324521854966
-7,4,310.96864019597587
-6,4,375.1100368805013
-6,4,351.0065980631645
-6,3,334.5913886517801
-6,3,335.80125281025073
-5,3,407.5533878708963
-5,3,346.9740481761922
-4,3,357.65984329669146
-4,3,287.33622384689386
-3,3,417.98004424875467
-3,3,379.48534878560923
-3,2,368.72879526613565
-3,2,472.04218996771164
-3,1,354.01641522329567
-3,1,364.15769306445003
-3,0,335.3089921119247
-3,0,363.07155299928485
-3,-1,434.4410661238301
-3,-1,388.0499903439064
-3,-2,383.0289965034135
-3,-2,346.35198140020316
-2,-2,419.5779598640169
-2,-2,331.29525897866483
-2,-3,347.0313810799625
-2,-3,402.9640121718697
-2,-4,462.1024651517651
-2,-4,329.59832327947
-2,-5,213.4697019257515
-2,-5,338.7442076896509
-1,-5,404.37884802782946
-1,-5,420.5275839259249
0,-5,365.7538294166514
0,-5,380.82185275600875
0,-6,314.0711413007597
0,-6,341.4228096122529
0,-7,418.85661977807234
0,-7,423.3576781847731
1,-7,455.94168965463257
1,-7,347.1575551532709
2,-7,368.4268284865666
2,-7,200.0
3,-7,334.4291941133941
3,-7,266.54118259674897
3,-6,472.0006603065688
3,-6,276.5911435237066
3,-7,342.05493087808884
