11,-20,123.13334932946906
11,-20,100.0
11,-19,100.0
11,-19,119.70148339118911
11,-19,120.46247026282296
11,-20,100.0
11,-20,100.0
11,-20,100.0
10,-20,100.0
10,-20,100.0
10,-20,100.0
9,-20,123.38274580099744
9,-20,128.22367860731563
9,-20,100.0
8,-20,100.0
8,-20,100.0
8,-20,133.21761260226162
8,-19,100.0
8,-19,100.0
8,-19,100.0
8,-18,111.50507371469239
8,-18,100.33972097111274
8,-18,140.11162432492722
8,-17,100.0
8,-17,100.0
8,-17,111.50507371469239
7,-17,100.0
7,-17,100.0
7,-17,100.0
7,-18,100.0
7,-18,100.0
7,-18,100.0
6,-18,100.0
6,-18,100.0
6,-18,100.0
5,-18,100.0
5,-18,100.0
5,-18,147.42247144750422
4,-18,161.98399686323458
4,-18,144.7007154420982
4,-18,100.0
3,-18,124.31287666573355
3,-18,100.0
3,-18,100.0
3,-17,158.23948512701557
3,-17,100.0
3,-17,146.97103984921867
2,-17,100.0
2,-17,100.0
2,-17,100.0
2,-18,100.0
2,-18,100.0
2,-18,147.56229925032653
2,-17,100.0
2,-17,100.0
2,-17,111.5969917459498
2,-16,100.0
2,-16,100.0
2,-16,100.0
1,-16,100.0
1,-16,100.0
1,-16,100.0
1,-15,100.0
1,-15,100.0
1,-15,100.0
0,-15,100.0
0,-15,100.0
0,-15,131.19915965086847
-1,-15,100.0
-1,-15,100.0
-1,-15,100.0
-1,-14,100.0
-1,-14,100.0
-1,-14,100.0
-1,-13,100.0
-1,-13,100.0
-1,-13,100.0
-1,-12,100.0
-1,-12,145.89465171218495
-1,-12,131.38081050484084
-2,-12,100.0
-2,-12,100.0
-2,-12,100.0
-3,-12,100.0
-3,-12,100.0
-3,-12,100.0
-3,-11,100.0
-3,-11,100.0
-3,-11,100.0
-4,-11,100.0
-4,-11,100.0
-4,-11,100.0
-4,-10,137.99832704799712
-4,-10,152.85581312713137
-4,-10,100.0
-5,-10,100.0
-5,-10,100.0
-5,-10,100.0
-5,-9,190.2491422557166
-5,-9,100.0
-5,-9,100.0
-5,-8,100.0
-5,-8,100.0
-5,-8,100.0
-5,-7,100.0
-5,-7,100.0
-5,-7,100.0
-5,-6,100.0
-5,-6,200.5643640401127
-5,-6,100.0
-4,-6,100.0
-4,-6,100.0
-4,-6,100.0
-4,-5,100.0
-4,-5,100.0
-4,-5,173.0175598081127
-5,-5,100.0
-5,-5,188.12671427413
-5,-5,175.72566711683507
-6,-5,157.61911423483897
-6,-5,100.0
-6,-5,162.1677428255841
-7,-5,100.0
-7,-5,170.98726318796838
-7,-5,121.83017448832268
-8,-5,100.0
-8,-5,100.0
-8,-5,186.04068816960802
-7,-5,100.0
-7,-5,100.0
-7,-5,100.0
-8,-5,100.0
-8,-5,100.0
-8,-5,100.0
-9,-5,100.0
-9,-5,100.0
-9,-5,100.0
-9,-4,100.0
-9,-4,100.0
-9,-4,100.0
-10,-4,100.0
-10,-4,100.0
-10,-4,115.17948882351416
-11,-4,100.0
-11,-4,171.89761616151227
-11,-4,100.0
-11,-3,100.0
-11,-3,142.04809498438095
-11,-3,100.0
-11,-2,143.12038686737978
-11,-2,100.0
-11,-2,100.0
-12,-2,100.0
-12,-2,100.0
-12,-2,100.0
-13,-2,162.07311769026015
-13,-2,100.0
-13,-2,100.0
-14,-2,100.0
-14,-2,100.0
-14,-2,100.0
-14,-3,100.0
-14,-3,100.0
-14,-3,100.0
-15,-3,100.0
-15,-3,100.0
-15,-3,100.0
-15,-4,100.0
-15,-4,100.0
-15,-4,100.0
-15,-3,100.0
-15,-3,100.0
-15,-3,100.0
-15,-2,100.0
-15,-2,100.0
-15,-2,100.0
-15,-1,100.0
-15,-1,100.0
-15,-1,100.0
-16,-1,100.0
-16,-1,134.17095304795907
-16,-1,137.28903394100763
-16,0,111.50507371469239
-16,0,100.0
-16,0,100.0
-17,0,100.0
-17,0,100.0
-17,0,100.0
-16,0,100.0
-16,0,100.0
-16,0,100.0
-16,1,125.08735235809341
-16,1,100.0
-16,1,100.0
-15,1,100.0
-15,1,100.0
-15,1,100.0
-15,2,100.0
-15,2,164.20325032667077
-15,2,138.15346922458443
-15,1,100.0
-15,1,100.0
-15,1,146.6196660555705
-14,1,100.0
-14,1,100.0
-14,1,100.0
-15,1,100.0
-15,1,157.09549025298855
-15,1,155.46307486716324
-14,1,100.0
-14,1,156.40130022328648
-14,1,100.0
-14,2,100.0
-14,2,100.0
-14,2,100.0
-14,3,100.0
-14,3,162.18972872844708
-14,3,148.7220656912609
-13,3,100.0
-13,3,100.0
-13,3,100.0
-13,4,100.0
-13,4,100.0
-13,4,100.0
-13,5,100.0
-13,5,100.0
-13,5,155.37986711321275
-12,5,100.0
-12,5,100.0
-12,5,100.0
-12,6,100.0
-12,6,145.3317918141337
-12,6,100.0
-12,5,100.0
-12,5,100.0
-12,5,100.0
-12,6,100.0
-12,6,100.0
-12,6,128.92689818657334
-11,6,100.0
-11,6,100.0
-11,6,100.0
-12,6,100.0
-12,6,100.0
-12,6,100.0
-11,6,100.0
-11,6,100.0
-11,6,100.0
-12,6,161.1222139215168
-12,6,100.0
-12,6,100.0
-11,6,100.0
-11,6,100.0
-11,6,100.0
-10,6,100.0
-10,6,125.88825326224041
-10,6,100.0
-10,7,187.92641238898827
-10,7,100.0
-10,7,100.0
-10,8,142.83459742803416
-10,8,100.0
-10,8,172.81638176823003
-11,8,100.0
-11,8,100.0
-11,8,100.0
-10,8,100.0
-10,8,100.0
-10,8,100.0
-9,8,100.0
-9,8,100.0
-9,8,100.0
-9,9,100.0
-9,9,100.0
-9,9,100.0
-8,9,100.0
-8,9,100.0
-8,9,100.0
-7,9,100.0
-7,9,100.0
-7,9,185.18613002056193
-6,9,100.0
-6,9,100.0
-6,9,100.0
-5,9,100.0
-5,9,100.0
-5,9,156.39088730223284
-5,10,142.1338305968721
-5,10,100.0
-5,10,100.0
-4,10,100.0
-4,10,100.0
-4,10,100.0
-3,10,100.0
-3,10,178.48108651009605
-3,10,163.33193602092885
-2,10,100.0
-2,10,100.0
-2,10,111.50507371469239
-2,9,100.0
-2,9,192.33680503950436
-2,9,100.0
-1,9,100.0
-1,9,176.69689423544418
-1,9,191.92979155283538
-1,10,120.58807223013955
-1,10,187.4195378825765
-1,10,100.0
0,10,100.0
0,10,100.0
0,10,100.0
0,11,100.0
0,11,196.89315888502227
0,11,100.0
0,12,100.0
0,12,135.50464734984482
0,12,141.18806015169437
1,12,100.0
1,12,100.0
1,12,100.0
1,13,100.0
1,13,100.0
1,13,100.0
1,14,100.0
1,14,100.0
1,14,100.0
2,14,147.63612384522386
2,14,100.0
2,14,100.0
2,15,100.0
2,15,100.0
2,15,100.0
2,16,100.0
2,16,142.29001914276031
2,16,100.0
3,16,153.89275057967347
3,16,100.0
3,16,100.0
3,17,100.0
3,17,141.8085693328972
3,17,122.1033934440675
3,18,100.0
3,18,100.0
3,18,100.0
3,19,111.50507371469239
3,19,100.0
3,19,100.0
3,20,100.0
3,20,100.33972097111274
3,20,100.0
4,20,100.0
4,20,100.0
4,20,100.0
5,20,111.50507371469239
5,20,100.0
5,20,111.50507371469239
6,20,111.50507371469239
6,20,100.0
6,20,100.0
7,20,100.0
7,20,100.0
7,20,100.0
8,20,100.0
8,20,100.0
8,20,141.00393730675322
9,20,100.0
9,20,100.0
9,20,100.0
10,20,111.50507371469239
10,20,114.07536498557558
10,20,116.12267289928556
11,20,111.50507371469239
11,20,100.0
11,20,100.0
12,20,100.0
12,20,100.0
12,20,100.0
13,20,111.50507371469239
13,20,111.50507371469239
13,20,100.0
12,20,100.0
12,20,100.0
12,20,100.0
13,20,100.0
13,20,100.0
13,20,100.0
14,20,100.0
14,20,100.0
14,20,100.0
15,20,100.0
15,20,100.0
15,20,117.98400558407076
16,20,100.0
16,20,100.0
16,20,100.0
17,20,100.0
17,20,100.0
17,20,111.50507371469239
18,20,100.0
18,20,129.19383778770884
18,20,100.0
19,20,100.0
19,20,100.0
19,20,100.0
20,20,100.0
20,20,100.0
20,20,100.0
19,20,100.0
19,20,100.0
19,20,111.50507371469239
18,20,120.06102241060582
18,20,100.0
18,20,111.50507371469239
19,20,100.0
19,20,111.50507371469239
19,20,100.0
18,20,100.0
18,20,100.0
18,20,100.0
19,20,111.50507371469239
19,20,100.0
19,20,111.50507371469239
18,20,100.0
18,20,144.4032554859152
18,20,100.0
17,20,100.33972097111274
17,20,100.0
17,20,100.0
16,20,100.0
16,20,100.0
16,20,100.0
15,20,100.0
15,20,100.0
15,20,111.50507371469239
14,20,100.0
14,20,100.0
14,20,100.0
15,20,100.0
15,20,100.0
15,20,100.0
14,20,100.0
14,20,100.0
14,20,111.50507371469239
15,20,100.0
15,20,100.0
15,20,100.0
14,20,100.0
14,20,100.0
14,20,100.0
13,20,100.0
13,20,100.0
13,20,135.31250886449544
12,20,100.0
12,20,111.50507371469239
12,20,100.0
11,20,100.0
11,20,140.5169585066521
11,20,100.0
10,20,100.0
10,20,100.0
10,20,120.98992394469448
9,20,100.0
9,20,100.0
9,20,100.0
8,20,100.0
8,20,100.0
8,20,100.0
7,20,100.0
7,20,100.0
7,20,100.0
6,20,100.0
6,20,100.0
6,20,100.0
5,20,100.0
5,20,155.85799751232378
5,20,100.0
4,20,100.0
4,20,100.0
4,20,150.3255841258242
3,20,111.50507371469239
3,20,100.0
3,20,100.0
2,20,100.0
2,20,120.85092236752011
2,20,100.0
3,20,100.0
3,20,111.50507371469239
3,20,100.0
2,20,100.0
2,20,100.0
2,20,100.0
3,20,100.0
3,20,117.80629523554984
3,20,100.0
4,20,100.0
4,20,100.0
4,20,100.0
3,20,100.0
3,20,100.0
3,20,115.03263021871525
