5,8,283.13418082098235
6,8,243.70256917981783
6,8,428.84508168669186
7,8,200.0
7,8,268.6061058901039
8,8,344.43713236047785
8,8,277.3541586158354
7,8,338.9260354731665
7,8,368.55116139487393
7,9,268.76176729227353
7,9,337.79296391127036
6,9,369.073423837893
6,9,298.624851772973
5,9,304.01253487223784
5,9,347.5679323851655
4,9,335.0382563335898
4,9,251.53932820643243
4,10,322.43604540146083
4,10,258.9597918727885
4,11,286.0528244797408
4,11,263.13233921881704
3,11,258.8135769267519
3,11,302.23464353535815
3,12,200.0
3,12,257.24186980256843
3,11,295.52572775999346
3,11,382.117304012624
2,11,289.1246802925663
2,11,236.97994979786705
1,11,250.07523891177988
1,11,407.0174973083826
1,10,352.4287771205392
1,10,289.75978052185053
0,10,359.7708942835162
0,10,405.9079378335339
-1,10,336.21049820820235
-1,10,265.71880278544495
-2,10,358.93355521306285
-2,10,312.0097566801112
-2,11,363.5757641966836
-2,11,334.1953958966987
-3,11,410.50116572874947
-3,11,347.2818505396309
-2,11,379.8994251169464
-2,11,290.38449881303325
-3,11,228.50317826777436
-3,11,266.41876086779064
-3,12,225.99283495783962
-3,12,288.9103937499997
-4,12,290.41527886073135
-4,12,396.4269263770021
-5,12,284.9343510447802
-5,12,306.3789470280197
-6,12,200.0
-6,12,335.1515491094386
-6,13,200.0
-6,13,225.99283495783962
-7,13,273.32812062730574
-7,13,268.7534957500404
-8,13,279.94538334254713
-8,13,277.82301931950155
-9,13,284.5528497752316
-9,13,238.571723941793
-9,14,243.11655800819926
-9,14,343.81487395894226
-9,15,232.90382364522625
-9,15,251.43449886118805
-10,15,270.76140553415934
-10,15,301.4936735350139
-11,15,251.48756253805655
-11,15,251.68880088052367
-12,15,200.0
-12,15,244.5389083555086
-12,16,222.57264346016922
-12,16,214.19731257732252
-13,16,281.7705529962325
-13,16,222.57264346016922
-14,16,214.19731257732252
-14,16,254.59369075878058
-14,17,222.57264346016922
-14,17,220.31305168474165
-15,17,214.19731257732252
-15,17,311.9294139197146
-16,17,230.8385665270903
-16,17,222.57264346016922
-17,17,200.0
-17,17,214.19731257732252
-17,18,239.46013224215346
-17,18,214.19731257732252
-18,18,225.99283495783962
-18,18,226.937872772569
-18,17,222.57264346016922
-18,17,239.74525858458082
-18,16,222.57264346016922
-18,16,247.6308762848738
-19,16,255.13503966657305
-19,16,242.3257925214722
-19,15,222.57264346016922
-19,15,222.57264346016922
-19,16,260.4485094918267
-19,16,225.99283495783962
-20,16,214.19731257732252
-20,16,255.47493006066415
-20,17,214.19731257732252
-20,17,214.19731257732252
-20,18,243.13853823369936
-20,18,254.63208905903556
-20,17,225.99283495783962
-20,17,230.42761331607892
-20,18,200.0
-20,18,214.19731257732252
-20,19,200.0
-20,19,222.57264346016922
-20,20,283.8801509729644
-20,20,232.61798270706066
-19,20,214.19731257732252
-19,20,222.57264346016922
-20,20,200.0
-20,20,222.57264346016922
-19,20,222.57264346016922
-19,20,277.51435533539075
-20,20,214.19731257732252
-20,20,222.57264346016922
-19,20,214.19731257732252
-19,20,214.19731257732252
-19,19,292.14502816714776
-19,19,222.57264346016922
-19,18,214.19731257732252
-19,18,222.57264346016922
-18,18,200.0
-18,18,222.57264346016922
-17,18,214.19731257732252
-17,18,214.19731257732252
-17,17,274.34796133528863
-17,17,222.57264346016922
-16,17,200.0
-16,17,245.12770360366733
-15,17,279.9273915449866
-15,17,226.95233644300188
-15,16,214.19731257732252
-15,16,233.15671086325506
-15,15,296.1717387858937
-15,15,254.10836187729615
-15,16,222.57264346016922
-15,16,222.95343639058234
-15,15,294.7843074043351
-15,15,222.57264346016922
-15,16,222.57264346016922
-15,16,259.7888516245763
-14,16,244.21420884050227
-14,16,222.57264346016922
-14,15,291.6290190240629
-14,15,228.47168056538993
-13,15,240.87566628051897
-13,15,216.08050076913761
-13,16,223.40358589970072
-13,16,214.19731257732252
-12,16,301.00245083416416
-12,16,232.84535143125945
-12,15,214.19731257732252
-12,15,232.47581790984728
-13,15,338.5354723205044
-13,15,335.50580566218963
-13,14,273.0924001042794
-13,14,243.55273887466248
-13,13,307.55031030529915
-13,13,214.19731257732252
-12,13,307.5421919599425
-12,13,219.6057342622239
-11,13,223.08459720664246
-11,13,222.57264346016922
-10,13,253.88378398490963
-10,13,277.8987160000966
-10,12,298.92625080525073
-10,12,272.0156057891334
-9,12,290.13883789267265
-9,12,226.68833530989474
-9,11,414.36379643883146
-9,11,390.44115416126044
-8,11,288.3844879023839
-8,11,236.2236011307944
-8,10,325.28970224051216
-8,10,228.76525825243948
-8,11,341.4751954029879
-8,11,353.27464169779194
-9,11,232.87630979170257
-9,11,348.7457958330362
-9,10,285.6180078132693
-9,10,287.4264752360101
-8,10,389.3633738053894
-8,10,314.6334104831763
-7,10,332.8294074481992
-7,10,309.81472239366224
-7,9,284.30326082422494
-7,9,341.76345065480433
-7,8,329.69844436897927
-7,8,278.6023937013848
-7,7,342.626481728058
-7,7,312.3331054948538
-7,6,363.11745591557883
-7,6,342.94035772779586
-7,5,200.0
-7,5,360.7517921973473
-7,4,256.8218068611937
-7,4,345.29676303685176
-6,4,392.7865061278066
-6,4,333.5403887099937
-6,3,438.43807363966005
-6,3,322.33802995330035
-5,3,354.52061416804054
-5,3,288.5137496059559
-4,3,429.6070641172363
-4,3,411.43650261341656
-3,3,318.7573068381895
-3,3,349.40062975685726
-3,2,200.0
-3,2,334.5989941330965
-3,1,437.46514936965417
-3,1,286.5892971525725
-3,0,344.55942777631293
-3,0,418.91041685919436
-3,-1,490.2494058719815
-3,-1,242.46474130602496
-3,-2,443.1923341471399
-3,-2,355.7835753387217
-2,-2,372.7568224999217
-2,-2,337.83592513399145
-2,-3,386.4386251296553
-2,-3,322.4419385830701
-2,-4,359.6103795078909
-2,-4,346.9938730054867
-2,-5,339.5246034865732
-2,-5,322.3667389705916
-1,-5,365.63490972386387
-1,-5,411.25403440930245
0,-5,417.73836936593557
0,-5,354.66303519421183
0,-6,248.07650413033895
0,-6,370.7187385345434
0,-7,398.37048032447626
0,-7,423.761198559177
1,-7,363.96947530297496
1,-7,310.7537287466172
2,-7,315.90475816663195
2,-7,437.10104410074
3,-7,345.63375550909865
3,-7,315.5210106681766
3,-6,293.5556088628448
3,-6,385.1685683673297
3,-7,398.27538500688615
