11,-20,111.50507371469239
11,-20,100.0
11,-19,100.0
11,-19,100.0
11,-19,100.0
11,-20,100.0
11,-20,100.0
11,-20,100.0
10,-20,100.0
10,-20,100.0
10,-20,100.0
9,-20,100.0
9,-20,100.0
9,-20,100.0
8,-20,100.0
8,-20,100.0
8,-20,113.69541424270254
8,-19,100.0
8,-19,100.0
8,-19,100.0
8,-18,100.0
8,-18,100.0
8,-18,169.32133999081157
8,-17,100.0
8,-17,100.0
8,-17,100.0
7,-17,100.0
7,-17,100.0
7,-17,100.0
7,-18,100.0
7,-18,100.0
7,-18,142.92246087863893
6,-18,100.0
6,-18,100.0
6,-18,152.8281102223933
5,-18,100.0
5,-18,116.37251872365376
5,-18,113.08678773077426
4,-18,100.0
4,-18,111.50507371469239
4,-18,100.0
3,-18,100.0
3,-18,157.16977082550844
3,-18,100.0
3,-17,137.016762141452
3,-17,111.50507371469239
3,-17,143.03143720828464
2,-17,100.0
2,-17,137.2012324453516
2,-17,158.9590132098815
2,-18,100.0
2,-18,100.33972097111274
2,-18,158.19606608781086
2,-17,100.0
2,-17,100.0
2,-17,126.11320682259183
2,-16,100.0
2,-16,100.0
2,-16,100.0
1,-16,137.63368081317083
1,-16,133.704031909974
1,-16,100.0
1,-15,100.0
1,-15,100.0
1,-15,100.0
0,-15,162.669247085363
0,-15,100.0
0,-15,133.251577950088
-1,-15,114.6969771464735
-1,-15,130.85116762283207
-1,-15,100.0
-1,-14,100.0
-1,-14,100.0
-1,-14,170.03688610649195
-1,-13,100.0
-1,-13,100.0
-1,-13,100.0
-1,-12,178.14695882960137
-1,-12,100.0
-1,-12,100.0
-2,-12,100.0
-2,-12,100.0
-2,-12,214.55216263175254
-3,-12,106.93921367017872
-3,-12,100.0
-3,-12,132.200681556868
-3,-11,122.39687777900886
-3,-11,100.0
-3,-11,100.0
-4,-11,100.0
-4,-11,100.0
-4,-11,100.0
-4,-10,100.0
-4,-10,100.0
-4,-10,100.0
-5,-10,138.87548927919994
-5,-10,100.0
-5,-10,100.0
-5,-9,100.0
-5,-9,100.0
-5,-9,124.6834662334267
-5,-8,139.6063132682138
-5,-8,100.0
-5,-8,100.0
-5,-7,100.0
-5,-7,100.0
-5,-7,100.0
-5,-6,100.0
-5,-6,100.0
-5,-6,158.8357293544932
-4,-6,100.0
-4,-6,100.0
-4,-6,100.0
-4,-5,100.0
-4,-5,100.0
-4,-5,219.97551979062087
-5,-5,100.0
-5,-5,152.99337778475953
-5,-5,100.0
-6,-5,100.0
-6,-5,100.0
-6,-5,100.0
-7,-5,100.0
-7,-5,100.0
-7,-5,100.0
-8,-5,158.9067451510256
-8,-5,100.0
-8,-5,100.0
-7,-5,100.0
-7,-5,100.0
-7,-5,100.0
-8,-5,129.657747865141
-8,-5,100.0
-8,-5,100.0
-9,-5,100.0
-9,-5,162.68635553317523
-9,-5,179.61196515064194
-9,-4,100.0
-9,-4,100.0
-9,-4,100.0
-10,-4,100.0
-10,-4,170.47036290709036
-10,-4,100.0
-11,-4,152.73738304524477
-11,-4,100.0
-11,-4,113.91070419687296
-11,-3,171.88128001005757
-11,-3,100.0
-11,-3,100.0
-11,-2,100.0
-11,-2,100.0
-11,-2,171.0568070591501
-12,-2,100.0
-12,-2,100.0
-12,-2,177.91837458000404
-13,-2,100.0
-13,-2,100.0
-13,-2,100.0
-14,-2,100.0
-14,-2,100.0
-14,-2,100.0
-14,-3,100.0
-14,-3,100.0
-14,-3,103.68882317654328
-15,-3,100.0
-15,-3,100.0
-15,-3,100.0
-15,-4,100.0
-15,-4,100.0
-15,-4,100.0
-15,-3,145.24023401629242
-15,-3,130.11710508786032
-15,-3,100.0
-15,-2,100.0
-15,-2,100.0
-15,-2,100.0
-15,-1,100.0
-15,-1,142.8319236522659
-15,-1,100.0
-16,-1,100.0
-16,-1,132.69091087882504
-16,-1,178.15340068188556
-16,0,100.0
-16,0,100.0
-16,0,115.26460429785655
-17,0,100.0
-17,0,100.0
-17,0,122.94310678519065
-16,0,100.0
-16,0,100.0
-16,0,100.0
-16,1,100.0
-16,1,100.0
-16,1,100.0
-15,1,100.0
-15,1,178.77212229996402
-15,1,100.0
-15,2,124.60912007516134
-15,2,100.0
-15,2,134.40910510906346
-15,1,129.11615148236464
-15,1,100.0
-15,1,149.03220228615308
-14,1,100.0
-14,1,100.0
-14,1,100.0
-15,1,100.0
-15,1,100.0
-15,1,158.4415653045411
-14,1,111.50507371469239
-14,1,130.41024634689214
-14,1,100.0
-14,2,159.64135340047204
-14,2,100.0
-14,2,100.0
-14,3,100.0
-14,3,100.0
-14,3,100.0
-13,3,100.0
-13,3,156.46907095717376
-13,3,100.0
-13,4,100.0
-13,4,100.0
-13,4,100.0
-13,5,100.0
-13,5,100.0
-13,5,100.0
-12,5,136.57186325339094
-12,5,100.0
-12,5,156.7617728023999
-12,6,100.0
-12,6,100.0
-12,6,174.59308429575935
-12,5,148.64960423532438
-12,5,100.0
-12,5,100.0
-12,6,100.0
-12,6,100.0
-12,6,100.0
-11,6,100.0
-11,6,100.0
-11,6,100.0
-12,6,100.0
-12,6,100.0
-12,6,100.0
-11,6,100.0
-11,6,100.0
-11,6,100.0
-12,6,100.0
-12,6,171.0829518459115
-12,6,100.0
-11,6,100.0
-11,6,100.0
-11,6,100.0
-10,6,100.0
-10,6,100.0
-10,6,100.0
-10,7,100.0
-10,7,100.0
-10,7,100.0
-10,8,100.0
-10,8,100.0
-10,8,100.0
-11,8,100.0
-11,8,100.0
-11,8,100.0
-10,8,160.7403410770201
-10,8,100.0
-10,8,133.571660704109
-9,8,100.0
-9,8,167.66925026301496
-9,8,100.0
-9,9,123.92053733252128
-9,9,100.0
-9,9,100.0
-8,9,100.0
-8,9,100.0
-8,9,100.0
-7,9,100.0
-7,9,100.0
-7,9,132.74382601156336
-6,9,100.0
-6,9,100.0
-6,9,100.0
-5,9,100.0
-5,9,100.0
-5,9,100.0
-5,10,174.72311076784834
-5,10,100.0
-5,10,100.0
-4,10,139.76342892439897
-4,10,100.0
-4,10,100.0
-3,10,100.0
-3,10,146.50679204196413
-3,10,100.0
-2,10,100.0
-2,10,138.51971644772806
-2,10,150.73160513555422
-2,9,100.0
-2,9,100.0
-2,9,100.0
-1,9,100.0
-1,9,100.0
-1,9,100.0
-1,10,100.0
-1,10,100.0
-1,10,188.15991473223698
0,10,100.0
0,10,100.0
0,10,100.0
0,11,100.0
0,11,100.0
0,11,100.0
0,12,100.0
0,12,100.0
0,12,100.0
1,12,100.0
1,12,100.0
1,12,100.0
1,13,100.0
1,13,100.0
1,13,100.0
1,14,187.6519004205816
1,14,100.0
1,14,100.0
2,14,100.0
2,14,129.89756107286746
2,14,100.0
2,15,100.0
2,15,100.0
2,15,100.0
2,16,100.0
2,16,100.0
2,16,100.0
3,16,147.2777151325652
3,16,100.0
3,16,100.0
3,17,100.0
3,17,100.0
3,17,128.12365545226552
3,18,100.0
3,18,128.62877466388628
3,18,131.00302967778686
3,19,149.96123816296895
3,19,100.0
3,19,100.0
3,20,100.0
3,20,100.0
3,20,100.0
4,20,100.0
4,20,100.0
4,20,100.0
5,20,100.0
5,20,100.0
5,20,100.0
6,20,100.0
6,20,170.6926831693052
6,20,100.0
7,20,100.0
7,20,100.0
7,20,100.0
8,20,100.0
8,20,114.54155874133222
8,20,100.0
9,20,111.50507371469239
9,20,100.0
9,20,100.0
10,20,100.0
10,20,123.00597436360127
10,20,100.0
11,20,111.50507371469239
11,20,100.0
11,20,100.0
12,20,100.0
12,20,100.0
12,20,111.50507371469239
13,20,100.0
13,20,100.0
13,20,111.50507371469239
12,20,111.50507371469239
12,20,100.0
12,20,100.0
13,20,111.50507371469239
13,20,100.0
13,20,100.0
14,20,111.50507371469239
14,20,100.0
14,20,100.0
15,20,100.0
15,20,100.0
15,20,100.0
16,20,100.0
16,20,100.0
16,20,100.0
17,20,100.0
17,20,100.0
17,20,100.0
18,20,100.0
18,20,111.50507371469239
18,20,136.55089772064065
19,20,100.0
19,20,100.0
19,20,100.0
20,20,100.0
20,20,100.0
20,20,111.50507371469239
19,20,100.0
19,20,100.0
19,20,100.0
18,20,100.0
18,20,100.0
18,20,100.0
19,20,111.50507371469239
19,20,100.0
19,20,100.0
18,20,111.50507371469239
18,20,111.50507371469239
18,20,100.0
19,20,100.0
19,20,100.0
19,20,100.0
18,20,100.0
18,20,100.0
18,20,111.50507371469239
17,20,100.0
17,20,100.0
17,20,100.0
16,20,100.0
16,20,100.0
16,20,100.0
15,20,100.0
15,20,100.0
15,20,115.791492660005
14,20,100.0
14,20,100.0
14,20,100.0
15,20,100.0
15,20,100.0
15,20,124.88057828979845
14,20,100.0
14,20,100.0
14,20,100.33972097111274
15,20,100.0
15,20,111.50507371469239
15,20,100.33972097111274
14,20,100.0
14,20,100.0
14,20,100.0
13,20,100.0
13,20,100.0
13,20,100.0
12,20,100.0
12,20,100.0
12,20,100.0
11,20,100.0
11,20,100.0
11,20,143.80552110984297
10,20,100.0
10,20,100.0
10,20,100.0
9,20,100.0
9,20,111.50507371469239
9,20,100.0
8,20,112.84647343174002
8,20,124.37660396987448
8,20,100.0
7,20,100.0
7,20,100.0
7,20,100.0
6,20,100.0
6,20,100.0
6,20,100.0
5,20,100.0
5,20,111.50507371469239
5,20,100.0
4,20,100.0
4,20,100.0
4,20,100.0
3,20,100.0
3,20,100.0
3,20,111.50507371469239
2,20,100.0
2,20,100.0
2,20,100.0
3,20,120.59887095223823
3,20,123.21710120686222
3,20,111.50507371469239
2,20,111.50507371469239
2,20,100.0
2,20,111.50507371469239
3,20,100.0
3,20,100.0
3,20,100.33972097111274
4,20,111.50507371469239
4,20,100.0
4,20,100.0
3,20,129.45577348678285
3,20,100.0
3,20,100.0
