5,8,366.73335593671385
6,8,307.88139550164146
6,8,300.6028477052045
7,8,301.2337098956811
7,8,417.5237939922933
8,8,320.2700871232793
8,8,262.9333667197508
7,8,266.60291111105374
7,8,329.74827704733383
7,9,200.0
7,9,308.2678917479899
6,9,303.810064735888
6,9,281.9941433327658
5,9,254.71658464254352
5,9,420.940028063689
4,9,334.4288048402672
4,9,332.61339989964677
4,10,200.0
4,10,261.5636011193878
4,11,363.6766154315685
4,11,300.2959410141635
3,11,318.41292261222617
3,11,343.5217256840675
3,12,214.19731257732252
3,12,301.71517270575026
3,11,294.3656094873315
3,11,338.2665372991324
2,11,324.00620172323244
2,11,214.19731257732252
1,11,349.2171392220994
1,11,248.3779480758934
1,10,386.23662052142464
1,10,311.5472707433401
0,10,200.0
0,10,271.8139941601856
-1,10,317.3338723707152
-1,10,242.87578788380367
-2,10,200.0
-2,10,380.8128061243763
-2,11,239.90147168650702
-2,11,200.0
-3,11,225.99283495783962
-3,11,312.4685281239369
-2,11,311.7768145324921
-2,11,329.8165626027458
-3,11,307.9288799737344
-3,11,200.0
-3,12,331.5084394340441
-3,12,277.7998485601837
-4,12,293.4078718595867
-4,12,381.5302718348071
-5,12,261.96808975553955
-5,12,222.57264346016922
-6,12,316.1233399011035
-6,12,370.19113580314894
-6,13,288.779411807128
-6,13,236.73486414285827
-7,13,293.9163681881726
-7,13,325.655278669496
-8,13,370.3314536590876
-8,13,333.7257525416498
-9,13,300.24469584121886
-9,13,281.194184605294
-9,14,250.37196327827513
-9,14,336.1930801059947
-9,15,214.19731257732252
-9,15,231.58789885122525
-10,15,276.76423907191327
-10,15,243.0628434573804
-11,15,271.46427664095813
-11,15,276.62242872484984
-12,15,252.50835804793647
-12,15,258.11555015252316
-12,16,353.5966273299319
-12,16,300.2114229546394
-13,16,214.19731257732252
-13,16,243.01101473086487
-14,16,256.4946781450816
-14,16,216.58784245664478
-14,17,228.62672815111722
-14,17,265.03105473846324
-15,17,386.4998728043828
-15,17,229.82219465189573
-16,17,240.42013657508164
-16,17,222.57264346016922
-17,17,222.57264346016922
-17,17,222.57264346016922
-17,18,222.57264346016922
-17,18,355.64356883799303
-18,18,313.6224388229966
-18,18,266.66743925150325
-18,17,214.19731257732252
-18,17,214.19731257732252
-18,16,233.0440631475042
-18,16,255.2231030751557
-19,16,214.19731257732252
-19,16,257.6288820732383
-19,15,200.0
-19,15,258.2642259030506
-19,16,225.99283495783962
-19,16,234.49735078171966
-20,16,226.9363389660183
-20,16,214.19731257732252
-20,17,225.99283495783962
-20,17,214.19731257732252
-20,18,222.57264346016922
-20,18,200.0
-20,17,226.25012270532136
-20,17,214.19731257732252
-20,18,225.99283495783962
-20,18,222.57264346016922
-20,19,222.57264346016922
-20,19,214.19731257732252
-20,20,225.99283495783962
-20,20,214.19731257732252
-19,20,214.19731257732252
-19,20,214.19731257732252
-20,20,225.99283495783962
-20,20,307.3671443485665
-19,20,249.90638021228602
-19,20,200.0
-20,20,231.8308501367879
-20,20,214.19731257732252
-19,20,214.19731257732252
-19,20,222.57264346016922
-19,19,222.57264346016922
-19,19,222.57264346016922
-19,18,225.99283495783962
-19,18,231.2237955221484
-18,18,222.57264346016922
-18,18,222.57264346016922
-17,18,214.19731257732252
-17,18,216.84496053964025
-17,17,222.57264346016922
-17,17,214.8714601194558
-16,17,200.0
-16,17,222.57264346016922
-15,17,288.67852793710506
-15,17,222.57264346016922
-15,16,214.19731257732252
-15,16,237.3445478731246
-15,15,200.0
-15,15,214.19731257732252
-15,16,277.2046295480475
-15,16,257.356727680809
-15,15,214.19731257732252
-15,15,214.19731257732252
-15,16,358.48588862310294
-15,16,214.19731257732252
-14,16,253.33134114655562
-14,16,225.99283495783962
-14,15,235.4111683037529
-14,15,266.16302718813097
-13,15,238.9823852675035
-13,15,244.26350151890227
-13,16,341.33844444358004
-13,16,225.99283495783962
-12,16,214.19731257732252
-12,16,264.4591314238704
-12,15,241.24180549564377
-12,15,255.275371533116
-13,15,293.6439007380516
-13,15,281.86257307156706
-13,14,272.3885442600187
-13,14,304.6823583270851
-13,13,271.7337793266685
-13,13,297.7645251578063
-12,13,200.0
-12,13,214.19731257732252
-11,13,258.59496664613374
-11,13,214.19731257732252
-10,13,335.3314709657384
-10,13,255.31670839722486
-10,12,268.8911838487566
-10,12,375.1766960731553
-9,12,408.87733648260183
-9,12,294.0789904821983
-9,11,315.596020944091
-9,11,258.8874787323924
-8,11,291.48626911994864
-8,11,271.9291701861322
-8,10,351.21358574256726
-8,10,284.2532662243664
-8,11,259.2020715063556
-8,11,306.7589982549406
-9,11,300.9338071052439
-9,11,266.717001303621
-9,10,320.0464052538623
-9,10,225.99283495783962
-8,10,319.8348785236725
-8,10,330.53390907528626
-7,10,397.1411399091709
-7,10,296.78960251832206
-7,9,276.7828039284443
-7,9,327.26058221358136
-7,8,329.10608942422647
-7,8,253.52561601765927
-7,7,242.73439500285463
-7,7,312.5893765506376
-7,6,393.3922378406606
-7,6,396.8113029786756
-7,5,271.64864253609835
-7,5,330.1263104465113
-7,4,284.1508235723545
-7,4,364.39832405966933
-6,4,317.4432760107533
-6,4,317.63874566340206
-6,3,397.1503928855842
-6,3,343.2085936457999
-5,3,367.361800798913
-5,3,315.6479269944559
-4,3,433.93370643776007
-4,3,338.82855047594563
-3,3,300.5927303815074
-3,3,337.19504693173224
-3,2,395.91771810173134
-3,2,395.34218297488576
-3,1,374.01562408392357
-3,1,341.9624411468132
-3,0,425.2754951531644
-3,0,331.4536218518142
-3,-1,328.21540205601923
-3,-1,401.3905156600734
-3,-2,390.0556826343231
-3,-2,435.75312924322844
-2,-2,421.37337902240756
-2,-2,380.9839154749548
-2,-3,369.1631533858875
-2,-3,398.059597519263
-2,-4,405.70873060857235
-2,-4,439.81694874034343
-2,-5,308.1425569808595
-2,-5,334.0353526465396
-1,-5,449.550339445032
-1,-5,358.51362095745475
0,-5,424.01234429516694
0,-5,386.8186369476263
0,-6,339.2153497536615
0,-6,271.2819709475019
0,-7,389.15665021870416
0,-7,416.34114923908766
1,-7,427.9452519291909
1,-7,347.05035875789935
2,-7,286.78535104978005
2,-7,330.94704794735753
3,-7,345.034404468916
3,-7,366.16291451171116
3,-6,248.80892066901907
3,-6,376.8704653411949
3,-7,370.2115103881433
