5,8,51.97159652663688
5,8,50.0
5,8,106.18133674418429
5,8,88.28936221659387
6,8,95.58696486879523
6,8,50.0
6,8,104.72388312404259
6,8,77.61183519729153
6,8,52.10410441447006
7,8,89.57221311600762
7,8,88.15475975477625
7,8,50.0
7,8,50.0
7,8,65.58090548159717
8,8,75.30184036012449
8,8,81.92959584145247
8,8,50.0
8,8,60.30095532196702
8,8,74.15046720061387
7,8,82.42367356908991
7,8,82.68126277633141
7,8,57.93747349713615
7,8,66.3817743330401
7,8,51.63581059948291
7,9,50.0
7,9,50.0
7,9,81.39456352676723
7,9,92.6963594923068
7,9,50.0
6,9,50.0
6,9,50.0
6,9,50.0
6,9,50.0
6,9,93.51902511932877
5,9,50.0
5,9,50.0
5,9,92.15873358166101
5,9,83.46295447206676
5,9,50.0
4,9,70.46804028055935
4,9,106.78706646120193
4,9,107.70456854155636
4,9,50.0
4,9,50.0
4,10,67.54850294537385
4,10,100.91524173152547
4,10,50.0
4,10,77.39713831696587
4,10,60.73141758489995
4,11,50.0
4,11,57.93747349713615
4,11,50.0
4,11,50.0
4,11,91.3017538583024
3,11,50.0
3,11,104.60782474464266
3,11,50.0
3,11,50.0
3,11,50.0
3,12,89.69802128718928
3,12,112.11423355871094
3,12,50.36958148062054
3,12,96.0390250601976
3,12,59.60829766139382
3,11,63.463055745194325
3,11,50.0
3,11,69.56226790164249
3,11,50.0
3,11,50.0
2,11,57.93747349713615
2,11,83.90621051594836
2,11,50.90287607766015
2,11,50.0
2,11,50.0
1,11,50.0
1,11,91.95959884019392
1,11,68.22118990272718
1,11,82.50144958055448
1,11,50.0
1,10,103.29143998733862
1,10,57.93747349713615
1,10,67.22197962510103
1,10,50.0
1,10,50.0
0,10,66.55369060489198
0,10,73.62926392487006
0,10,77.45841704985227
0,10,116.80838135475469
0,10,53.55740235149919
-1,10,50.0
-1,10,51.96567757921594
-1,10,65.91096086708603
-1,10,50.0
-1,10,50.0
-2,10,53.16356633833185
-2,10,56.95520276541123
-2,10,69.08465806835176
-2,10,84.76563001391882
-2,10,102.40403054188623
-2,11,50.994977116010354
-2,11,75.59419669487951
-2,11,66.5836424981131
-2,11,121.08170946558675
-2,11,50.0
-3,11,50.0
-3,11,50.0
-3,11,97.12879243309247
-3,11,99.96042759319727
-3,11,51.1523751367572
-2,11,50.0
-2,11,50.0
-2,11,56.96115120049197
-2,11,52.42041368802865
-2,11,50.0
-3,11,50.0
-3,11,57.93747349713615
-3,11,50.0
-3,11,50.0
-3,11,69.1661408486463
-3,12,95.27143098454818
-3,12,96.03214808582806
-3,12,50.0
-3,12,90.83497090533514
-3,12,88.53455217894414
-4,12,50.0
-4,12,50.0
-4,12,50.0
-4,12,50.0
-4,12,53.58332724674483
-5,12,82.27283732175681
-5,12,73.64550491280603
-5,12,78.14172715173032
-5,12,50.0
-5,12,74.19357784805462
-6,12,83.49048884292516
-6,12,50.0
-6,12,50.0
-6,12,50.0
-6,12,57.93747349713615
-6,13,50.0
-6,13,99.7457989574502
-6,13,100.29999193601982
-6,13,50.0
-6,13,50.0
-7,13,72.1424429919422
-7,13,50.0
-7,13,50.0
-7,13,64.20052009524356
-7,13,50.0
-8,13,70.86459952983566
-8,13,50.0
-8,13,50.0
-8,13,98.5045540354667
-8,13,79.69173181675332
-9,13,57.93747349713615
-9,13,50.0
-9,13,74.60533630455956
-9,13,68.90181000984093
-9,13,57.93747349713615
-9,14,52.34547567653048
-9,14,74.89129313764717
-9,14,94.28027543032901
-9,14,61.861716506702855
-9,14,66.15079543348168
-9,15,87.40775261511264
-9,15,78.22587780991093
-9,15,50.0
-9,15,105.69092860457339
-9,15,59.39254248968832
-10,15,88.66775565164998
-10,15,54.98002026626044
-10,15,77.56233947028309
-10,15,50.0
-10,15,50.0
-11,15,62.730835653728384
-11,15,50.0
-11,15,77.45882610454237
-11,15,50.0
-11,15,50.0
-12,15,57.93747349713615
-12,15,56.42144909152848
-12,15,63.10966331233861
-12,15,50.0
-12,15,50.0
-12,16,67.44806751282614
-12,16,50.0
-12,16,85.47046015977625
-12,16,57.93747349713615
-12,16,65.69516867295862
-13,16,50.0
-13,16,72.31472791406298
-13,16,50.0
-13,16,93.91621888668737
-13,16,50.0
-14,16,50.0
-14,16,50.0
-14,16,57.93747349713615
-14,16,50.0
-14,16,50.13945546895408
-14,17,50.0
-14,17,50.0
-14,17,57.93747349713615
-14,17,50.0
-14,17,57.93747349713615
-15,17,50.0
-15,17,50.0
-15,17,57.93747349713615
-15,17,52.63572586927005
-15,17,82.35044484570969
-16,17,50.0
-16,17,50.0
-16,17,61.3586741927562
-16,17,100.75677864148659
-16,17,50.0
-17,17,62.963051701352704
-17,17,50.0
-17,17,50.0
-17,17,71.82142280045957
-17,17,50.0
-17,18,57.93747349713615
-17,18,50.0
-17,18,71.38527800282596
-17,18,63.998705683480125
-17,18,76.30065007426509
-18,18,50.0
-18,18,50.0
-18,18,50.0
-18,18,50.0
-18,18,50.0
-18,17,50.0
-18,17,50.0
-18,17,50.0
-18,17,50.0
-18,17,63.44309803717853
-18,16,76.37347786045585
-18,16,53.029075517529826
-18,16,51.46798609639339
-18,16,84.44975050966447
-18,16,57.93747349713615
-19,16,50.0
-19,16,57.93747349713615
-19,16,50.0
-19,16,74.00618957081926
-19,16,50.0
-19,15,50.0
-19,15,68.96367961740032
-19,15,50.0
-19,15,50.0
-19,15,50.0
-19,16,50.0
-19,16,50.0
-19,16,57.93747349713615
-19,16,50.0
-19,16,57.93747349713615
-20,16,57.93747349713615
-20,16,50.0
-20,16,50.0
-20,16,50.0
-20,16,57.93747349713615
-20,17,59.15295514369681
-20,17,50.0
-20,17,53.436435944356006
-20,17,50.0
-20,17,50.0
-20,18,50.0
-20,18,72.85745230249961
-20,18,50.0
-20,18,50.0
-20,18,50.0
-20,17,50.0
-20,17,57.93747349713615
-20,17,57.93747349713615
-20,17,50.0
-20,17,50.0
-20,18,63.83148814707677
-20,18,50.0
-20,18,50.0
-20,18,50.0
-20,18,50.0
-20,19,50.0
-20,19,99.98227965240406
-20,19,50.0
-20,19,50.0
-20,19,50.0
-20,20,57.93747349713615
-20,20,57.93747349713615
-20,20,50.0
-20,20,50.0
-20,20,57.93747349713615
-19,20,57.93747349713615
-19,20,57.93747349713615
-19,20,57.93747349713615
-19,20,50.0
-19,20,58.55796023856508
-20,20,57.93747349713615
-20,20,50.0
-20,20,50.0
-20,20,57.93747349713615
-20,20,60.242936471605624
-19,20,60.05487533956821
-19,20,50.0
-19,20,50.0
-19,20,57.93747349713615
-19,20,69.63138846723491
-20,20,78.69953783413632
-20,20,79.96047097906235
-20,20,78.59413053989515
-20,20,50.0
-20,20,50.0
-19,20,50.0
-19,20,50.0
-19,20,75.56364896298267
-19,20,57.93747349713615
-19,20,50.0
-19,19,50.0
-19,19,57.93747349713615
-19,19,57.93747349713615
-19,19,63.62157902644014
-19,19,50.0
-19,18,59.92639328517266
-19,18,57.93747349713615
-19,18,57.93747349713615
-19,18,50.0
-19,18,50.0
-18,18,57.93747349713615
-18,18,57.93747349713615
-18,18,50.0
-18,18,57.93747349713615
-18,18,50.0
-17,18,75.89997815144777
-17,18,50.0
-17,18,50.0
-17,18,50.0
-17,18,58.449311284157574
-17,17,58.0082086071121
-17,17,52.05661319745481
-17,17,50.0
-17,17,57.93747349713615
-17,17,57.93747349713615
-16,17,52.69514702076972
-16,17,50.0
-16,17,50.0
-16,17,50.0
-16,17,57.93747349713615
-15,17,57.93747349713615
-15,17,50.0
-15,17,57.93747349713615
-15,17,50.0
-15,17,57.93747349713615
-15,16,50.0
-15,16,69.29807706986172
-15,16,52.26201943625186
-15,16,50.0
-15,16,50.0
-15,15,60.068971485112705
-15,15,50.0
-15,15,50.0
-15,15,89.51177111566201
-15,15,50.0
-15,16,50.96523248185816
-15,16,50.0
-15,16,80.59641971075166
-15,16,57.93747349713615
-15,16,57.93747349713615
-15,15,57.862295233155386
-15,15,50.0
-15,15,50.0
-15,15,86.53160574246716
-15,15,59.31487523702086
-15,16,50.0
-15,16,85.59509682037684
-15,16,50.0
-15,16,63.40536346133357
-15,16,57.93747349713615
-14,16,50.0
-14,16,57.93747349713615
-14,16,50.0
-14,16,57.93747349713615
-14,16,78.49612486017796
-14,15,50.0
-14,15,81.94679788180933
-14,15,50.0
-14,15,57.93747349713615
-14,15,51.17015334220741
-13,15,88.1348880157436
-13,15,50.0
-13,15,50.0
-13,15,50.0
-13,15,50.0
-13,16,50.0
-13,16,78.30242903233125
-13,16,63.09556808355495
-13,16,50.0
-13,16,53.601277293979635
-12,16,50.0
-12,16,61.90786913070225
-12,16,50.0
-12,16,69.0587761942886
-12,16,74.89337344621009
-12,15,50.0
-12,15,61.388566544080305
-12,15,74.106664946346
-12,15,50.0
-12,15,50.0
-13,15,50.0
-13,15,68.19876584137957
-13,15,50.0
-13,15,91.35447353237136
-13,15,50.0
-13,14,54.854047513567146
-13,14,57.93747349713615
-13,14,56.516137168005265
-13,14,96.90855441376596
-13,14,50.0
-13,13,50.0
-13,13,50.0
-13,13,50.0
-13,13,60.827629560435355
-13,13,50.0
-12,13,76.38869521664283
-12,13,57.93747349713615
-12,13,50.0
-12,13,60.482069973355024
-12,13,50.0
-11,13,71.45571981447934
-11,13,53.72437125599526
-11,13,65.7468471518713
-11,13,76.49262376544554
-11,13,50.0
-10,13,54.96665836186664
-10,13,72.26387029643138
-10,13,50.0
-10,13,50.0
-10,13,50.0
-10,12,137.78953748393255
-10,12,50.0
-10,12,57.243770094568134
-10,12,62.49905846184211
-10,12,50.0
-9,12,111.24791859360873
-9,12,50.0
-9,12,50.0
-9,12,57.93747349713615
-9,12,59.14341954221455
-9,11,76.53119372008432
-9,11,50.0
-9,11,50.0
-9,11,57.93747349713615
-9,11,56.481898979814865
-8,11,50.0
-8,11,95.30061772775285
-8,11,73.19308836019354
-8,11,69.40359492707789
-8,11,50.0
-8,10,50.0
-8,10,66.9880724019256
-8,10,50.0
-8,10,50.0
-8,10,67.35276828788395
-8,11,76.58235593909639
-8,11,50.0
-8,11,73.31388600792656
-8,11,94.01357566429215
-8,11,50.0
-9,11,53.10595907404962
-9,11,50.0
-9,11,50.0
-9,11,50.0
-9,11,54.18908345532877
-9,10,50.0
-9,10,88.68594012477583
-9,10,50.0
-9,10,50.0
-9,10,50.0
-8,10,95.1412571673413
-8,10,87.75442550398161
-8,10,65.58798675898355
-8,10,50.0
-8,10,50.0
-7,10,50.0
-7,10,100.28216944663392
-7,10,50.0
-7,10,50.10908985063255
-7,10,62.1795161066689
-7,9,105.98863351387868
-7,9,50.0
-7,9,75.35386920403955
-7,9,50.0
-7,9,69.97049017675263
-7,8,50.0
-7,8,50.0
-7,8,50.0
-7,8,50.0
-7,8,70.62827761079946
-7,7,50.0
-7,7,75.68265968255214
-7,7,68.69834454653542
-7,7,81.96002703241334
-7,7,50.0
-7,6,93.94702847998832
-7,6,50.0
-7,6,109.37414297630758
-7,6,86.48450700339878
-7,6,85.93376923926769
-7,5,96.99947649558507
-7,5,50.0
-7,5,104.99597351975444
-7,5,98.11513811983176
-7,5,50.0
-7,4,50.0
-7,4,56.745274261487836
-7,4,87.1723606447078
-7,4,50.0
-7,4,50.0
-6,4,50.0
-6,4,83.76914970876645
-6,4,78.48327578251185
-6,4,50.0
-6,4,50.0
-6,3,56.845341190038525
-6,3,82.39646174970926
-6,3,112.7856914093559
-6,3,50.0
-6,3,113.75069199636744
-5,3,92.88924119934421
-5,3,50.0
-5,3,58.537019094074736
-5,3,88.5911456400546
-5,3,85.15285428815662
-4,3,50.76892342774116
-4,3,103.06091526608624
-4,3,72.66477290064317
-4,3,50.0
-4,3,50.0
-3,3,105.0782447843713
-3,3,50.0
-3,3,50.0
-3,3,95.4882890669397
-3,3,57.39486379336147
-3,2,83.35062139629113
-3,2,82.9140773087777
-3,2,63.90845902528932
-3,2,106.82635944623789
-3,2,55.90955793420292
-3,1,57.592762712991316
-3,1,93.6377563808739
-3,1,71.35535591162099
-3,1,50.0
-3,1,54.18555247733723
-3,0,108.7575494100172
-3,0,86.60293465636498
-3,0,53.13661248964959
-3,0,50.0
-3,0,111.5752059412562
-3,-1,105.24563098456052
-3,-1,106.70146226844751
-3,-1,112.64820854068518
-3,-1,86.83611535100297
-3,-1,50.0
-3,-2,87.18591012820869
-3,-2,53.698676079644294
-3,-2,71.35048130415348
-3,-2,56.72328119286919
-3,-2,110.42659054084753
-2,-2,90.79929431425013
-2,-2,85.6792444918576
-2,-2,97.71613301577894
-2,-2,54.41704466534627
-2,-2,52.2820082079295
-2,-3,57.93747349713615
-2,-3,50.0
-2,-3,51.56262648720883
-2,-3,86.34953507678054
-2,-3,109.76163179380794
-2,-4,83.78341831274366
-2,-4,50.0
-2,-4,102.198954612728
-2,-4,72.23998307754712
-2,-4,102.20772866366222
-2,-5,50.0
-2,-5,82.26852202418566
-2,-5,69.93481216469362
-2,-5,50.0
-2,-5,50.0
-1,-5,89.44598834441966
-1,-5,116.46050951468258
-1,-5,93.98665200156438
-1,-5,112.59087034542821
-1,-5,100.18621547595542
0,-5,54.73369926865938
0,-5,70.12338418457234
0,-5,106.14968547763608
0,-5,50.0
0,-5,50.0
0,-6,109.76234046802134
0,-6,96.98701211058706
0,-6,58.32230829564783
0,-6,54.42583185370129
0,-6,107.76235903642736
0,-7,50.0
0,-7,72.63287847600435
0,-7,50.0
0,-7,105.6478966565247
0,-7,78.48454264378898
1,-7,76.32097078882335
1,-7,50.0
1,-7,52.19414994520973
1,-7,90.77600957707213
1,-7,51.679511845737686
2,-7,51.2750746081773
2,-7,117.86148671627316
2,-7,51.348199421897334
2,-7,75.28992046758272
2,-7,57.26796317656763
3,-7,52.901305741321885
3,-7,50.0
3,-7,50.0
3,-7,50.0
3,-7,101.52289700859023
3,-6,63.80165029063174
3,-6,50.0
3,-6,57.14764923250224
3,-6,87.57123574457731
3,-6,50.0
3,-7,50.0
3,-7,50.0
3,-7,50.0
3,-7,78.04274107517247
3,-7,51.311505100062476
3,-8,50.0
3,-8,77.83626552005825
3,-8,80.3765483087535
3,-8,50.0
3,-8,50.0
3,-9,73.49832072105342
3,-9,50.0
3,-9,59.30743549572665
3,-9,86.4082189194751
3,-9,92.14905848388113
4,-9,61.80412941331404
4,-9,50.0
4,-9,59.88777191131866
4,-9,50.0
4,-9,88.34869608871276
4,-10,50.0
4,-10,50.0
4,-10,50.0
4,-10,50.0
4,-10,92.16105333429186
5,-10,50.0
5,-10,50.0
5,-10,76.85261863190019
5,-10,108.6937669065258
5,-10,61.52605425917863
5,-9,64.24137165735236
5,-9,109.42894945535028
5,-9,68.44729984367552
5,-9,50.0
5,-9,50.0
5,-10,50.766975994403765
5,-10,60.068824499454074
5,-10,82.12019587580467
5,-10,50.0
5,-10,50.0
5,-9,50.0
5,-9,106.39678138271002
5,-9,88.18420140750239
5,-9,56.274669874385616
5,-9,50.0
5,-8,78.77188848027706
5,-8,50.0
5,-8,50.0
5,-8,74.72086235150434
5,-8,58.580554629757934
5,-9,71.92574841881859
5,-9,53.59624630240585
5,-9,50.0
5,-9,87.32921657284001
5,-9,50.0
5,-10,50.0
5,-10,99.67773252066239
5,-10,50.0
5,-10,50.0
5,-10,50.0
5,-11,77.87526618999618
5,-11,50.0
5,-11,70.1205925667895
5,-11,88.38993257795204
5,-11,63.41742916722236
6,-11,58.11078993298941
6,-11,76.98574453871689
6,-11,50.0
6,-11,100.8800110961227
6,-11,50.0
6,-12,116.56473403179564
6,-12,85.84331811602912
6,-12,85.48050799150268
6,-12,50.0
6,-12,50.0
7,-12,50.0
7,-12,78.46430584512667
7,-12,108.68448981392865
7,-12,50.0
7,-12,92.69814120074938
7,-13,87.79536102577447
7,-13,50.0
7,-13,74.8278592694211
7,-13,87.92438395413716
7,-13,50.0
7,-14,57.93747349713615
7,-14,70.36965008393827
7,-14,50.0
7,-14,50.0
7,-14,50.0
7,-15,50.0
7,-15,50.0
7,-15,50.0
7,-15,70.63556011674955
7,-15,67.46983242168244
8,-15,50.0
8,-15,50.0
8,-15,77.98007071215306
8,-15,50.0
8,-15,50.0
8,-16,109.58553790796353
8,-16,57.93747349713615
8,-16,90.45840850953257
8,-16,50.0
8,-16,50.0
8,-17,50.023025916681775
8,-17,53.54751071257809
8,-17,50.0
8,-17,50.0
8,-17,50.0
8,-16,72.93221685115391
8,-16,50.0
8,-16,98.66856247301251
8,-16,50.0
8,-16,51.47098745657416
9,-16,50.0
9,-16,52.12400396410791
9,-16,96.78467531869074
9,-16,57.93747349713615
9,-16,50.0
8,-16,50.0
8,-16,62.215397589482954
8,-16,50.0
8,-16,76.96774799642328
8,-16,57.93747349713615
7,-16,57.93747349713615
7,-16,50.0
7,-16,87.97222569377656
7,-16,50.0
7,-16,50.0
8,-16,57.93747349713615
8,-16,100.6772382643281
8,-16,66.30098550605486
8,-16,50.0
8,-16,50.0
7,-16,53.78245169669338
7,-16,86.32531978188776
7,-16,50.0
7,-16,65.44890342909731
7,-16,50.0
6,-16,93.87581192311139
6,-16,50.0
6,-16,90.65360319820658
6,-16,50.0
6,-16,50.0
5,-16,50.0
5,-16,67.64289757458192
5,-16,50.0
5,-16,50.0
5,-16,74.68427416982571
5,-15,69.94629538786471
5,-15,50.0
5,-15,50.0
5,-15,50.0
5,-15,80.00457511208825
4,-15,50.0
4,-15,50.0
4,-15,71.86738884297431
4,-15,75.12045228597108
4,-15,88.72330310677573
3,-15,50.0
3,-15,75.19398832910919
3,-15,85.8710983123839
3,-15,50.0
3,-15,50.0
2,-15,57.93747349713615
2,-15,57.93747349713615
2,-15,50.0
2,-15,88.45633009538615
2,-15,50.0
1,-15,65.10729376592573
1,-15,50.0
1,-15,117.4928954617098
1,-15,80.91454640711648
1,-15,50.0
0,-15,50.0
0,-15,50.0
0,-15,86.44378817032069
0,-15,50.0
0,-15,50.0
0,-14,50.0
0,-14,50.0
0,-14,81.48010698658264
0,-14,68.57760697056946
0,-14,50.0
0,-13,89.9145041627259
0,-13,86.97763600789621
0,-13,50.0
0,-13,50.0
0,-13,50.0
1,-13,77.39767446220061
1,-13,77.09878824159536
1,-13,50.0
1,-13,50.0
1,-13,50.0
0,-13,70.89619426606863
0,-13,50.0
0,-13,84.02791081259335
0,-13,50.0
0,-13,60.67028406556588
-1,-13,90.278581122975
-1,-13,50.0
-1,-13,57.93747349713615
-1,-13,50.0
-1,-13,109.19945771204583
0,-13,50.0
0,-13,53.158691656781095
0,-13,50.0
0,-13,50.0
0,-13,50.0
0,-12,75.91644086821722
0,-12,104.37056142969736
0,-12,50.0
0,-12,82.44981970340112
0,-12,74.62281650786761
-1,-12,72.71066356798119
-1,-12,77.36067960700933
-1,-12,58.24168249721222
-1,-12,65.80129816154643
-1,-12,52.36564186447259
-2,-12,90.7472213335903
-2,-12,80.11350110792307
-2,-12,50.0
-2,-12,111.90552995857914
-2,-12,80.04544758504836
-2,-11,63.28331262479807
-2,-11,77.01127479295195
-2,-11,78.62916908239268
-2,-11,50.0
-2,-11,50.0
-3,-11,83.81187452136396
-3,-11,50.0
-3,-11,81.41005013274163
-3,-11,82.65615801775543
-3,-11,57.22958283969111
-4,-11,73.80778929666002
-4,-11,81.45324398097671
-4,-11,58.628419875410344
-4,-11,50.0
-4,-11,50.0
-4,-12,50.28393601073392
-4,-12,50.0
-4,-12,56.79850093066973
-4,-12,50.0
-4,-12,50.0
-4,-11,55.07424814233478
-4,-11,61.07316612159675
-4,-11,64.88386743333703
-4,-11,108.02044138979277
-4,-11,73.03786551952633
-5,-11,50.0
-5,-11,50.0
-5,-11,50.0
-5,-11,89.78698778466396
-5,-11,57.93747349713615
-5,-10,50.0
-5,-10,59.858590272838214
-5,-10,50.0
-5,-10,73.35925020084981
-5,-10,75.75828217230165
-5,-9,50.0
-5,-9,58.49154190663553
-5,-9,50.0
-5,-9,50.0
-5,-9,57.93747349713615
-5,-8,50.0
-5,-8,76.31916935720147
-5,-8,52.584651144400304
-5,-8,50.0
-5,-8,102.58370028678685
-6,-8,96.66474205862409
-6,-8,50.0
-6,-8,50.0
-6,-8,50.0
-6,-8,50.0
-5,-8,50.0
-5,-8,50.0
-5,-8,50.0
-5,-8,92.05257417015996
-5,-8,62.56249856231379
-5,-7,73.72334821567665
-5,-7,75.53849868080597
-5,-7,77.4848487021948
-5,-7,50.0
-5,-7,57.12028281782129
-5,-6,50.0
-5,-6,82.35414333961515
-5,-6,50.0
-5,-6,50.0
-5,-6,84.05864463716024
-6,-6,93.0625002777322
-6,-6,103.59295196367772
-6,-6,50.0
-6,-6,119.07229930307176
-6,-6,50.0
-7,-6,57.93747349713615
-7,-6,50.0
-7,-6,50.0
-7,-6,50.0
-7,-6,81.91686021549786
-7,-5,83.51482913971142
-7,-5,50.0
-7,-5,50.96020260749305
-7,-5,57.93747349713615
-7,-5,68.04635391534433
-7,-4,79.67654532629187
-7,-4,65.58470257854557
-7,-4,50.0
-7,-4,112.42186729599298
-7,-4,112.43145037535882
-8,-4,92.37470675173086
-8,-4,89.66938854939346
-8,-4,71.02525934033075
-8,-4,54.932648463831725
-8,-4,83.52392922127763
-9,-4,53.14845456545693
-9,-4,62.16562900944878
-9,-4,81.53171032044811
-9,-4,105.08052292144039
-9,-4,78.39633375021316
-10,-4,96.19336141937978
-10,-4,50.0
-10,-4,50.0
-10,-4,89.60478096633645
-10,-4,75.6158233719231
-11,-4,66.82996509815851
-11,-4,50.0
-11,-4,50.0
-11,-4,50.0
-11,-4,71.52401397775299
-12,-4,50.0
-12,-4,50.0
-12,-4,92.2955588006979
-12,-4,50.0
-12,-4,50.0
-13,-4,77.48961301711857
-13,-4,50.0
-13,-4,70.32793286498189
-13,-4,50.0
-13,-4,65.49431559475411
-14,-4,50.0
-14,-4,50.0
-14,-4,50.0
-14,-4,50.0
-14,-4,89.13251146171767
-15,-4,50.0
-15,-4,67.20163265121207
-15,-4,77.31608634579132
-15,-4,98.0730030225121
-15,-4,57.93747349713615
-16,-4,86.67519821007761
-16,-4,68.28186238203672
-16,-4,55.36915302681851
-16,-4,50.0
-16,-4,75.0247272717633
-17,-4,50.0
-17,-4,83.3846074557739
-17,-4,77.6012254935596
-17,-4,79.4942787866259
-17,-4,74.1434892710083
-18,-4,50.0
-18,-4,80.32630377127234
-18,-4,88.20137482182447
-18,-4,75.78249136817459
-18,-4,50.0
-18,-5,73.25204364682276
-18,-5,77.11750345168062
-18,-5,50.0
-18,-5,73.0661315075468
-18,-5,93.87985179418966
-18,-6,91.34781877689376
-18,-6,50.0
-18,-6,57.93747349713615
-18,-6,50.0
-18,-6,64.72150006699856
-19,-6,50.0
