5,8,52.86901534458332
5,8,50.0
5,8,100.5814653178629
5,8,50.0
6,8,99.67772229815738
6,8,50.0
6,8,59.3533271661056
6,8,102.4556214091198
6,8,95.35540348991044
7,8,68.38429403325162
7,8,50.0
7,8,50.0
7,8,86.12533684531695
7,8,50.0
8,8,50.0
8,8,105.65566377506286
8,8,81.46112613550264
8,8,85.16552519865701
8,8,50.0
7,8,50.0
7,8,64.78853521100116
7,8,50.0
7,8,50.0
7,8,106.22147105751907
7,9,75.67476625549537
7,9,55.90194110434854
7,9,63.46226533949925
7,9,50.0
7,9,100.03188023127785
6,9,91.17478660564963
6,9,51.60082475219549
6,9,50.0
6,9,50.0
6,9,50.0
5,9,50.0
5,9,50.0
5,9,96.76761429418454
5,9,50.0
5,9,50.0
4,9,98.27160386743678
4,9,60.806914374146416
4,9,82.90598907274273
4,9,57.968683447642384
4,9,50.0
4,10,84.79635896709601
4,10,64.31539800980272
4,10,64.04419949699951
4,10,50.0
4,10,50.0
4,11,72.13832695162391
4,11,50.0
4,11,65.42539191874873
4,11,87.82864014278113
4,11,50.0
3,11,113.75695165026025
3,11,67.32729589749823
3,11,50.0
3,11,72.3723225614873
3,11,57.93747349713615
3,12,50.0
3,12,119.17125774363558
3,12,54.25678321334175
3,12,50.0
3,12,72.16238950996231
3,11,77.47884974864228
3,11,67.34249139630967
3,11,50.0
3,11,75.96870888325309
3,11,79.94593729348489
2,11,50.0
2,11,89.31776179065493
2,11,54.42787338293266
2,11,114.88147931105802
2,11,108.91467633310819
1,11,92.09904526639947
1,11,62.072430735874256
1,11,50.0
1,11,92.71887468882746
1,11,84.84913352351646
1,10,95.30479323122917
1,10,90.39084730467698
1,10,95.12510435506792
1,10,50.18411545252914
1,10,50.0
0,10,87.97088254034492
0,10,87.18424811228921
0,10,77.95704648507731
0,10,65.47871409303714
0,10,82.42636506810331
-1,10,50.0
-1,10,87.90923251845365
-1,10,75.75572801090804
-1,10,58.62389130599868
-1,10,67.9806883784459
-2,10,67.95529598841443
-2,10,102.86497425316111
-2,10,94.20206734270164
-2,10,50.0
-2,10,58.575828838511015
-2,11,84.05026417242368
-2,11,50.0
-2,11,69.92892628854273
-2,11,78.94268983759743
-2,11,81.46568558363167
-3,11,86.53533502296452
-3,11,108.74632902505182
-3,11,50.0
-3,11,50.0
-3,11,79.75444167274802
-2,11,80.39767370985109
-2,11,73.3902012783748
-2,11,76.01357464478713
-2,11,50.0
-2,11,50.76494283096042
-3,11,69.12085231189715
-3,11,102.64364630628651
-3,11,111.4835029321142
-3,11,69.11766645575574
-3,11,74.73144473415925
-3,12,50.0
-3,12,80.13013246299175
-3,12,71.94950443012164
-3,12,89.41700771672402
-3,12,102.06252908910022
-4,12,102.37279989410547
-4,12,50.0
-4,12,50.0
-4,12,91.09313459163376
-4,12,67.9466420603332
-5,12,69.01827953809584
-5,12,65.27854437436001
-5,12,57.93747349713615
-5,12,83.21522301246003
-5,12,62.792938480339146
-6,12,66.58295902045165
-6,12,50.0
-6,12,50.0
-6,12,50.0
-6,12,57.189495256243966
-6,13,95.04827074679751
-6,13,74.33926044477217
-6,13,50.0
-6,13,50.0
-6,13,94.58671801546846
-7,13,50.0
-7,13,95.92526009063884
-7,13,90.6061431294296
-7,13,50.0
-7,13,50.0
-8,13,50.0
-8,13,59.675734184997154
-8,13,50.0
-8,13,50.0
-8,13,57.97577968363018
-9,13,104.61309095528304
-9,13,83.9349817262073
-9,13,50.0
-9,13,50.0
-9,13,74.45552869520382
-9,14,76.63094511680495
-9,14,56.029313085976824
-9,14,92.98648139869103
-9,14,103.13182940015861
-9,14,58.246512824709285
-9,15,50.0
-9,15,50.0
-9,15,76.79404562839785
-9,15,50.0
-9,15,50.0
-10,15,98.58234272211443
-10,15,97.8639372554265
-10,15,70.07824271985847
-10,15,77.60650995915692
-10,15,50.0
-11,15,89.83568567362569
-11,15,50.0
-11,15,50.0
-11,15,50.0
-11,15,75.35626795851786
-12,15,50.0
-12,15,50.0
-12,15,53.15113407343081
-12,15,91.00282944937032
-12,15,50.0
-12,16,50.0
-12,16,58.873693921561724
-12,16,62.98980191532624
-12,16,59.060081391615356
-12,16,50.0
-13,16,57.93747349713615
-13,16,63.46284057444848
-13,16,71.32027139966479
-13,16,50.0
-13,16,50.0
-14,16,50.0
-14,16,69.47668211137807
-14,16,50.0
-14,16,58.59402360762892
-14,16,50.0
-14,17,50.0
-14,17,72.35653721128696
-14,17,61.305501310729305
-14,17,50.0
-14,17,50.0
-15,17,57.93747349713615
-15,17,63.36736836280095
-15,17,57.93747349713615
-15,17,50.0
-15,17,61.558948324939585
-16,17,50.0
-16,17,80.98173481253093
-16,17,50.0
-16,17,50.0
-16,17,76.1539022298264
-17,17,50.0
-17,17,50.0
-17,17,57.93747349713615
-17,17,57.93747349713615
-17,17,77.02449182041255
-17,18,57.93747349713615
-17,18,59.870032140184605
-17,18,57.93747349713615
-17,18,76.94759139386933
-17,18,50.0
-18,18,50.0
-18,18,50.0
-18,18,50.0
-18,18,50.0
-18,18,50.0
-18,17,57.993640964436466
-18,17,50.0
-18,17,50.0
-18,17,50.0
-18,17,76.1365945273907
-18,16,72.61153841298437
-18,16,50.0
-18,16,60.9623208856743
-18,16,50.0
-18,16,57.93747349713615
-19,16,66.6696021706656
-19,16,78.71108573586916
-19,16,50.0
-19,16,50.0
-19,16,57.93747349713615
-19,15,50.0
-19,15,58.44562252266964
-19,15,57.93747349713615
-19,15,88.55662641555145
-19,15,50.0
-19,16,74.42972495913064
-19,16,61.41328069872184
-19,16,50.0
-19,16,57.93747349713615
-19,16,50.0
-20,16,81.95865575283082
-20,16,50.0
-20,16,67.56911071565088
-20,16,50.0
-20,16,57.93747349713615
-20,17,67.83929258516632
-20,17,50.0
-20,17,53.11429771606642
-20,17,50.0
-20,17,50.0
-20,18,50.0
-20,18,72.87187390037427
-20,18,57.93747349713615
-20,18,50.0
-20,18,50.0
-20,17,50.0
-20,17,50.0
-20,17,57.93747349713615
-20,17,50.0
-20,17,50.0
-20,18,57.93747349713615
-20,18,57.93747349713615
-20,18,57.93747349713615
-20,18,57.93747349713615
-20,18,57.93747349713615
-20,19,50.0
-20,19,57.93747349713615
-20,19,50.0
-20,19,50.0
-20,19,50.0
-20,20,74.46541338697105
-20,20,50.0
-20,20,57.93747349713615
-20,20,57.93747349713615
-20,20,50.0
-19,20,57.93747349713615
-19,20,50.0
-19,20,63.534261446544775
-19,20,82.1050558089667
-19,20,57.93747349713615
-20,20,50.0
-20,20,50.0
-20,20,50.0
-20,20,50.0
-20,20,50.0
-19,20,50.0
-19,20,50.0
-19,20,76.04916537280704
-19,20,50.0
-19,20,50.0
-20,20,50.0
-20,20,83.92797365897033
-20,20,50.0
-20,20,57.93747349713615
-20,20,50.0
-19,20,57.93747349713615
-19,20,60.86997490640547
-19,20,57.93747349713615
-19,20,57.93747349713615
-19,20,86.76662508632322
-19,19,57.93747349713615
-19,19,57.93747349713615
-19,19,83.70473351431676
-19,19,57.93747349713615
-19,19,50.0
-19,18,50.0
-19,18,50.0
-19,18,57.93747349713615
-19,18,57.93747349713615
-19,18,50.0
-18,18,50.0
-18,18,57.93747349713615
-18,18,50.0
-18,18,57.93747349713615
-18,18,68.48319025585957
-17,18,50.0
-17,18,50.0
-17,18,50.0
-17,18,50.0
-17,18,50.0
-17,17,57.93747349713615
-17,17,57.93747349713615
-17,17,50.0
-17,17,57.93747349713615
-17,17,62.26190961066016
-16,17,57.93747349713615
-16,17,52.83215000465175
-16,17,50.0
-16,17,50.0
-16,17,57.93747349713615
-15,17,74.6729690720119
-15,17,62.937484007764205
-15,17,50.0
-15,17,50.0
-15,17,50.0
-15,16,50.0
-15,16,73.33594026642159
-15,16,58.39733656266813
-15,16,85.90009546799595
-15,16,50.0
-15,15,50.0
-15,15,50.0
-15,15,57.93747349713615
-15,15,64.64406495750897
-15,15,50.0
-15,16,57.93747349713615
-15,16,50.0
-15,16,59.1479395708977
-15,16,50.0
-15,16,64.88770281763645
-15,15,50.0
-15,15,57.93747349713615
-15,15,50.0
-15,15,78.46580921302457
-15,15,58.355238712565125
-15,16,51.528752876935414
-15,16,57.93747349713615
-15,16,50.0
-15,16,65.0384290965442
-15,16,78.02067153711764
-14,16,50.0
-14,16,50.0
-14,16,50.0
-14,16,73.94456769878123
-14,16,69.17530363212853
-14,15,57.93747349713615
-14,15,53.187991736369874
-14,15,74.12342279322935
-14,15,57.93747349713615
-14,15,99.07317002390985
-13,15,89.36576692850664
-13,15,50.0
-13,15,50.0
-13,15,91.87061369276348
-13,15,57.93747349713615
-13,16,50.0
-13,16,58.061251001387475
-13,16,50.0
-13,16,50.0
-13,16,76.59985922142442
-12,16,50.0
-12,16,69.74304415422333
-12,16,60.831119079673755
-12,16,57.93747349713615
-12,16,57.93747349713615
-12,15,61.148313507392395
-12,15,76.37459483695079
-12,15,55.02085967846245
-12,15,58.36328079592036
-12,15,50.0
-13,15,59.61574672605102
-13,15,72.20626353323675
-13,15,50.0
-13,15,57.93747349713615
-13,15,50.0
-13,14,76.32739237427502
-13,14,50.0
-13,14,50.0
-13,14,50.0
-13,14,50.0
-13,13,50.0
-13,13,71.39398060307305
-13,13,57.53037860906021
-13,13,50.0
-13,13,62.55714402843364
-12,13,73.10484442992335
-12,13,67.35460659664479
-12,13,63.53344619575432
-12,13,74.19132559724743
-12,13,50.0
-11,13,50.0
-11,13,57.93747349713615
-11,13,50.0
-11,13,70.87289218071481
-11,13,67.5045321275007
-10,13,57.97618770376565
-10,13,50.0
-10,13,50.0
-10,13,50.0
-10,13,50.0
-10,12,66.97916796689303
-10,12,64.35991096387572
-10,12,50.0
-10,12,64.66796286012381
-10,12,95.90740127910605
-9,12,57.93747349713615
-9,12,80.71875232190308
-9,12,72.65985327103056
-9,12,50.0
-9,12,50.0
-9,11,81.04817200527305
-9,11,58.321274799095804
-9,11,50.0
-9,11,93.45492648638447
-9,11,50.0
-8,11,65.649317627233
-8,11,50.0
-8,11,55.699902664572534
-8,11,70.11333359815436
-8,11,50.0
-8,10,50.0
-8,10,82.99882669885551
-8,10,63.838383234609076
-8,10,57.93747349713615
-8,10,92.20858451488273
-8,11,50.0
-8,11,55.626815528236435
-8,11,68.977764217885
-8,11,50.0
-8,11,50.535742839722495
-9,11,50.0
-9,11,102.82944880657794
-9,11,50.0
-9,11,89.3576706149313
-9,11,50.0
-9,10,50.0
-9,10,90.13414353862444
-9,10,84.68679146306212
-9,10,57.93747349713615
-9,10,67.61233048877742
-8,10,61.79321950791878
-8,10,57.93747349713615
-8,10,72.67020003656087
-8,10,50.0
-8,10,50.0
-7,10,93.39203116248957
-7,10,50.0
-7,10,89.91631108100891
-7,10,66.94792635905692
-7,10,81.28005677604878
-7,9,50.0
-7,9,85.53411521064227
-7,9,52.42203771173264
-7,9,50.0
-7,9,82.42083374517112
-7,8,89.38180992756105
-7,8,88.93101019638456
-7,8,83.24255842586102
-7,8,96.56940612670873
-7,8,59.140608949679546
-7,7,97.46649416192773
-7,7,50.50199172090265
-7,7,50.0
-7,7,50.0
-7,7,50.0
-7,6,53.12006356994953
-7,6,84.25750680690156
-7,6,50.0
-7,6,79.49337725931993
-7,6,59.82632065922109
-7,5,80.98200032412383
-7,5,59.61027777059519
-7,5,51.39189158913273
-7,5,50.58704808810173
-7,5,71.2146364126433
-7,4,109.02332940595802
-7,4,78.39095766287122
-7,4,50.0
-7,4,95.56847932461046
-7,4,50.0
-6,4,94.88090786203219
-6,4,101.11789479527312
-6,4,91.60771756473518
-6,4,50.0
-6,4,90.50652413289356
-6,3,68.09197961182875
-6,3,64.73384893683006
-6,3,50.0
-6,3,50.0
-6,3,50.0
-5,3,110.43347700763445
-5,3,99.43122905770679
-5,3,96.7590064137322
-5,3,91.03702926946293
-5,3,50.0
-4,3,69.72783736521865
-4,3,57.73918945431152
-4,3,50.0
-4,3,50.0
-4,3,50.0
-3,3,50.0
-3,3,51.04798419016665
-3,3,109.0355258402401
-3,3,55.65658103645866
-3,3,72.31989814834552
-3,2,128.9540892758572
-3,2,73.83529117889333
-3,2,50.0
-3,2,85.53275608508201
-3,2,70.72936418391032
-3,1,50.0
-3,1,73.22956779690047
-3,1,50.0
-3,1,60.760312069436026
-3,1,97.2986095306751
-3,0,50.0
-3,0,95.804840795363
-3,0,50.0
-3,0,50.0
-3,0,50.0
-3,-1,102.20942477684473
-3,-1,116.018614803501
-3,-1,126.59304802629467
-3,-1,54.432100619676746
-3,-1,52.506572658488416
-3,-2,50.0
-3,-2,58.61143974620619
-3,-2,50.0
-3,-2,55.61156935583359
-3,-2,85.0799735521895
-2,-2,50.15465479383137
-2,-2,50.0
-2,-2,56.7351611649071
-2,-2,94.29174665499788
-2,-2,96.47605266910898
-2,-3,118.99487271040846
-2,-3,71.09060043381064
-2,-3,107.15824220521453
-2,-3,50.0
-2,-3,85.83408262321811
-2,-4,89.13727509819786
-2,-4,101.1045097779408
-2,-4,95.88574203308502
-2,-4,95.00574092702207
-2,-4,50.0
-2,-5,70.23686968365247
-2,-5,116.25792798230867
-2,-5,90.87841540851744
-2,-5,71.66435848852723
-2,-5,51.45282015821299
-1,-5,50.0
-1,-5,61.03140282980178
-1,-5,89.48049451179531
-1,-5,50.0
-1,-5,86.75000150805089
0,-5,88.34859088263798
0,-5,90.74907563054174
0,-5,96.93198887372998
0,-5,79.90797751065548
0,-5,50.0
0,-6,74.42240828364055
0,-6,50.0
0,-6,57.97184483135134
0,-6,76.36661740877928
0,-6,87.43576253984496
0,-7,50.0
0,-7,50.0
0,-7,93.20929259979238
0,-7,96.19855475301382
0,-7,93.44422237803559
1,-7,50.0
1,-7,89.06767111079546
1,-7,78.9659621572993
1,-7,50.0
1,-7,83.10152660867199
2,-7,50.0
2,-7,90.00451656861475
2,-7,50.0
2,-7,50.0
2,-7,66.33858878151479
3,-7,50.0
3,-7,115.22134600286742
3,-7,81.45004611860678
3,-7,86.01734866796946
3,-7,107.86132489951677
3,-6,56.947063017490414
3,-6,89.0005609984935
3,-6,50.0
3,-6,50.0
3,-6,90.11867605497508
3,-7,82.49568152650323
3,-7,77.67470816105944
3,-7,65.81093511050074
3,-7,83.1675891338141
3,-7,69.91860348263347
3,-8,50.0
3,-8,50.0
3,-8,50.0
3,-8,114.66448654154368
3,-8,50.0
3,-9,50.0
3,-9,112.13082311881678
3,-9,116.4610160769286
3,-9,109.6573564815437
3,-9,53.74975579382695
4,-9,83.59146531516117
4,-9,93.75462462301091
4,-9,99.9814229915766
4,-9,83.37268245742659
4,-9,75.17159898685448
4,-10,113.97376677955744
4,-10,50.0
4,-10,57.93747349713615
4,-10,90.83213313913464
4,-10,78.5092510940212
5,-10,67.00767511104637
5,-10,50.0
5,-10,50.0
5,-10,50.0
5,-10,50.0
5,-9,83.52634439291673
5,-9,99.53730912035574
5,-9,72.40120677430178
5,-9,50.0
5,-9,87.68879023390205
5,-10,50.0
5,-10,80.99338167246219
5,-10,64.01014076068053
5,-10,112.59202227537514
5,-10,50.0
5,-9,50.0
5,-9,50.0
5,-9,50.0
5,-9,50.0
5,-9,50.0
5,-8,72.69250048805904
5,-8,71.11897884903239
5,-8,50.0
5,-8,50.0
5,-8,96.71823223272867
5,-9,50.0
5,-9,73.3430976457676
5,-9,50.291590886622565
5,-9,82.44126921082966
5,-9,84.83298679660331
5,-10,50.0
5,-10,50.0
5,-10,50.0
5,-10,61.416913662731574
5,-10,68.97459856206994
5,-11,97.90505912502081
5,-11,50.0
5,-11,65.54913222442849
5,-11,50.0
5,-11,65.81672310369584
6,-11,50.0
6,-11,98.68175278687922
6,-11,84.52293499640481
6,-11,52.229090568952415
6,-11,99.05084213170193
6,-12,50.0
6,-12,50.0
6,-12,100.56992764084043
6,-12,57.711702047351
6,-12,56.54244268605169
7,-12,76.86841997518533
7,-12,104.39842903560807
7,-12,50.0
7,-12,50.0
7,-12,50.0
7,-13,66.09740936400279
7,-13,50.0
7,-13,78.51940905208913
7,-13,57.93747349713615
7,-13,87.19144070974303
7,-14,71.23415045095553
7,-14,63.55076411983443
7,-14,50.0
7,-14,50.0
7,-14,50.0
7,-15,81.03104749738179
7,-15,69.19320582445046
7,-15,54.652274010537894
7,-15,50.0
7,-15,53.08193035312712
8,-15,50.0
8,-15,50.0
8,-15,61.08649991392175
8,-15,83.72927788612677
8,-15,73.31694837402206
8,-16,50.0
8,-16,50.0
8,-16,50.0
8,-16,57.93747349713615
8,-16,50.0
8,-17,50.0
8,-17,57.93747349713615
8,-17,50.0
8,-17,70.83859232474713
8,-17,77.55273142265631
8,-16,78.14585484990701
8,-16,50.0
8,-16,50.0
8,-16,85.88114573086271
8,-16,50.0
9,-16,50.0
9,-16,57.93747349713615
9,-16,50.0
9,-16,66.58025935523554
9,-16,50.0
8,-16,50.0
8,-16,50.0
8,-16,82.90624335738389
8,-16,85.19375457888867
8,-16,50.0
7,-16,85.48945141985631
7,-16,77.14725339923848
7,-16,50.0
7,-16,50.0
7,-16,50.0
8,-16,50.0
8,-16,61.03642970296514
8,-16,50.0
8,-16,50.0
8,-16,67.72884382656301
7,-16,81.18686578392978
7,-16,50.596858128720626
7,-16,50.0
7,-16,62.52193912748088
7,-16,59.671576862551184
6,-16,50.0
6,-16,50.0
6,-16,70.97202995811513
6,-16,50.0
6,-16,58.937323864710564
5,-16,69.22794435164244
5,-16,50.0
5,-16,73.03033965023137
5,-16,50.0
5,-16,63.81993571361083
5,-15,52.610436050770616
5,-15,81.90266361618833
5,-15,84.20844572250422
5,-15,50.0
5,-15,50.0
4,-15,64.30118437154596
4,-15,50.0
4,-15,73.4195049798734
4,-15,67.25648970649681
4,-15,50.0
3,-15,50.0
3,-15,50.0
3,-15,64.44429851082094
3,-15,64.40288758707621
3,-15,50.0
2,-15,61.1389797444331
2,-15,50.0
2,-15,78.14635000291442
2,-15,50.0
2,-15,63.34414197876744
1,-15,50.33539849954504
1,-15,50.0
1,-15,103.32945163596165
1,-15,52.33858385802087
1,-15,50.0
0,-15,50.06211099239217
0,-15,50.0
0,-15,80.40567977803151
0,-15,50.0
0,-15,74.79689583566703
0,-14,69.78490587251768
0,-14,50.0
0,-14,50.0
0,-14,60.86303075777299
0,-14,72.50348304618622
0,-13,50.0
0,-13,50.0
0,-13,65.52928296647165
0,-13,59.80549968761907
0,-13,72.99496666088693
1,-13,80.34581233353356
1,-13,77.96076334744357
1,-13,65.14112598019692
1,-13,50.0
1,-13,50.0
0,-13,75.77413084279968
0,-13,50.0
0,-13,50.0
0,-13,89.97877659976125
0,-13,51.62784826641572
-1,-13,50.0
-1,-13,50.0
-1,-13,81.75302390246348
-1,-13,50.0
-1,-13,76.57294853056538
0,-13,50.0
0,-13,104.5499107751483
0,-13,99.69010102462835
0,-13,72.15257841491191
0,-13,112.35097799712146
0,-12,79.36894335869533
0,-12,85.27284696315269
0,-12,60.347885439656245
0,-12,66.42646795536511
0,-12,66.46327395850854
-1,-12,50.0
-1,-12,76.76127355156478
-1,-12,61.28582495124761
-1,-12,50.0
-1,-12,50.0
-2,-12,50.0
-2,-12,93.9387239358044
-2,-12,50.0
-2,-12,57.93747349713615
-2,-12,72.42230343189502
-2,-11,50.0
-2,-11,50.0
-2,-11,50.0
-2,-11,63.6294801117193
-2,-11,96.95295166454494
-3,-11,76.57738712266091
-3,-11,101.25441729172796
-3,-11,113.62465990058064
-3,-11,50.0
-3,-11,60.30571011559201
-4,-11,50.0
-4,-11,110.81116720432014
-4,-11,106.16923787972962
-4,-11,50.0
-4,-11,76.19816459188313
-4,-12,50.0
-4,-12,50.0
-4,-12,57.93747349713615
-4,-12,94.61461030240994
-4,-12,64.77676298536451
-4,-11,65.43256723703865
-4,-11,75.84259024369972
-4,-11,110.91969762869908
-4,-11,51.50816459206875
-4,-11,50.0
-5,-11,96.81920468390568
-5,-11,50.0
-5,-11,50.0
-5,-11,77.89971453675194
-5,-11,79.32908524224325
-5,-10,102.85833134638408
-5,-10,99.87950230684018
-5,-10,50.0
-5,-10,78.56056445946594
-5,-10,50.0
-5,-9,122.49471898271784
-5,-9,69.07566936997762
-5,-9,50.0
-5,-9,107.77620401349861
-5,-9,79.72134865964028
-5,-8,58.52373388584163
-5,-8,50.0
-5,-8,70.59928833465436
-5,-8,50.0
-5,-8,96.03676507717363
-6,-8,50.0
-6,-8,54.58964511588139
-6,-8,50.0
-6,-8,50.0
-6,-8,84.83924406413033
-5,-8,107.4210828141651
-5,-8,50.0
-5,-8,50.0
-5,-8,50.0
-5,-8,90.10978842312262
-5,-7,112.70616940995846
-5,-7,53.94443758972169
-5,-7,50.0
-5,-7,91.07859309608192
-5,-7,64.83392426690322
-5,-6,86.28949126732219
-5,-6,86.260560943852
-5,-6,54.35655768514042
-5,-6,50.0
-5,-6,93.4748336824817
-6,-6,50.0
-6,-6,108.5770925661381
-6,-6,76.24472740150428
-6,-6,50.0
-6,-6,64.47672380282161
-7,-6,50.0
-7,-6,68.19661705422115
-7,-6,51.81250346935084
-7,-6,50.96912085091223
-7,-6,62.40150087450481
-7,-5,75.42474786089657
-7,-5,56.87389679093889
-7,-5,50.0
-7,-5,114.84996846830785
-7,-5,50.0
-7,-4,87.86432494354449
-7,-4,88.257593786984
-7,-4,50.0
-7,-4,50.0
-7,-4,96.78943994339562
-8,-4,50.0
-8,-4,50.84705425352907
-8,-4,74.17548119838962
-8,-4,50.0
-8,-4,50.0
-9,-4,110.94266732105136
-9,-4,97.28703173710213
-9,-4,78.12195695996535
-9,-4,70.2721270224383
-9,-4,78.21740139764653
-10,-4,61.59250527964312
-10,-4,92.30530093689026
-10,-4,50.0
-10,-4,50.0
-10,-4,56.22397248130237
-11,-4,84.50681955899016
-11,-4,66.56269780973811
-11,-4,51.07525812124538
-11,-4,50.0
-11,-4,105.61479292080266
-12,-4,50.0
-12,-4,58.21864055580079
-12,-4,50.0
-12,-4,50.0
-12,-4,78.81047500964615
-13,-4,51.85125017421676
-13,-4,50.0
-13,-4,52.27401498785378
-13,-4,63.98515809996801
-13,-4,77.1723950541337
-14,-4,50.0
-14,-4,78.8446379172409
-14,-4,50.0
-14,-4,87.0417898317647
-14,-4,89.9044914597806
-15,-4,57.93747349713615
-15,-4,50.0
-15,-4,50.0
-15,-4,50.0
-15,-4,57.64440558486975
-16,-4,50.0
-16,-4,64.31195031156366
-16,-4,57.461678240645824
-16,-4,50.0
-16,-4,50.0
-17,-4,50.0
-17,-4,60.55003705391988
-17,-4,77.12405045101283
-17,-4,50.0
-17,-4,50.28201392810618
-18,-4,50.0
-18,-4,50.0
-18,-4,87.75185037784338
-18,-4,50.0
-18,-4,82.55311553697415
-18,-5,50.0
-18,-5,57.93747349713615
-18,-5,78.48468251731396
-18,-5,50.0
-18,-5,50.0
-18,-6,50.0
-18,-6,50.0
-18,-6,50.0
-18,-6,50.0
-18,-6,81.94776774226085
-19,-6,50.0
