5,8,102.50724083006506
5,8,73.62408434696401
5,8,84.72526355413147
5,8,64.98301109683271
6,8,97.57075882904307
6,8,92.727932886361
6,8,81.67653326936298
6,8,50.293813483755386
6,8,50.0
7,8,69.51862642039569
7,8,61.86319941428168
7,8,121.27807882385494
7,8,111.61654614758682
7,8,56.17464694514624
8,8,87.4564945489199
8,8,88.79793273911508
8,8,84.15856905054197
8,8,73.65952268777238
8,8,109.3577112029065
7,8,74.5956821111967
7,8,50.0
7,8,100.6751750843352
7,8,87.27846083933078
7,8,75.23607045536833
7,9,54.8587562098291
7,9,50.0
7,9,77.58686334598012
7,9,95.9097136521685
7,9,91.62673597053569
6,9,50.0
6,9,92.4282889716111
6,9,50.0
6,9,50.0
6,9,76.89940142177691
5,9,92.79720921120733
5,9,98.8388559016541
5,9,106.20305152181825
5,9,50.0
5,9,79.66855633330543
4,9,71.1406573047708
4,9,109.91468209109802
4,9,65.83769512393106
4,9,70.62933027403352
4,9,77.92575961840116
4,10,50.0
4,10,62.83988815569255
4,10,50.0
4,10,55.107793405216974
4,10,64.07798362321724
4,11,64.46475547883864
4,11,96.48412280869223
4,11,50.0
4,11,50.0
4,11,82.73383343597298
3,11,50.0
3,11,128.82668317132647
3,11,76.57446071375932
3,11,91.34738816265093
3,11,80.110480703993
3,12,90.9451757236572
3,12,80.27912214637453
3,12,50.0
3,12,50.0
3,12,118.09001093902117
3,11,50.0
3,11,72.45065592800103
3,11,66.07028845863343
3,11,84.91084613242914
3,11,52.03711730663893
2,11,62.91625636236399
2,11,50.0
2,11,84.44315192144711
2,11,67.60358801817775
2,11,90.43279662180751
1,11,67.15538166223695
1,11,50.0
1,11,90.46748932927426
1,11,68.39775932261303
1,11,99.82948510636027
1,10,50.0
1,10,72.32618835038801
1,10,63.18267509778309
1,10,108.7428735408619
1,10,104.70609414036147
0,10,71.49566252247361
0,10,50.0
0,10,91.7022231590648
0,10,50.0
0,10,50.0
-1,10,84.01370373234602
-1,10,50.0
-1,10,50.0
-1,10,50.0
-1,10,98.32707652143856
-2,10,72.64889617233474
-2,10,76.7401497898156
-2,10,50.0
-2,10,83.20076037176725
-2,10,50.0
-2,11,85.18361861199205
-2,11,52.56419197936714
-2,11,50.0
-2,11,96.92124929924869
-2,11,50.0
-3,11,84.72419330269908
-3,11,50.0
-3,11,50.0
-3,11,68.50770375556833
-3,11,50.0
-2,11,54.260789482126675
-2,11,50.0
-2,11,56.14179854852553
-2,11,61.829544324674686
-2,11,50.0
-3,11,50.0
-3,11,50.0
-3,11,51.20851794673655
-3,11,50.0
-3,11,62.19626270869601
-3,12,50.0
-3,12,86.24879197470831
-3,12,50.0
-3,12,52.47819822540861
-3,12,76.918462863541
-4,12,82.43882739284686
-4,12,110.93755748038555
-4,12,50.0
-4,12,50.0
-4,12,97.21257119668947
-5,12,87.98174076850809
-5,12,75.96129397585526
-5,12,92.91090698274692
-5,12,50.0
-5,12,50.0
-6,12,63.797868603036854
-6,12,61.42250300425794
-6,12,78.55460193285789
-6,12,71.95690134523491
-6,12,50.0
-6,13,91.61109623465448
-6,13,50.0
-6,13,50.0
-6,13,50.0
-6,13,50.0
-7,13,75.08315268553437
-7,13,65.39193676137539
-7,13,50.0
-7,13,50.0
-7,13,89.81140600787498
-8,13,80.19270287209469
-8,13,50.0
-8,13,50.0
-8,13,82.6683540867513
-8,13,65.4988373080852
-9,13,89.41322860033726
-9,13,91.45495401420335
-9,13,50.0
-9,13,50.0
-9,13,64.55492041973216
-9,14,50.0
-9,14,78.55861247531304
-9,14,93.92388689540756
-9,14,84.75674217046101
-9,14,50.0
-9,15,66.9517132515599
-9,15,86.99749986772075
-9,15,127.17623100008102
-9,15,76.93660944149217
-9,15,97.60419470133654
-10,15,67.21446833752594
-10,15,87.033531919695
-10,15,70.68879086728968
-10,15,50.0
-10,15,50.0
-11,15,67.54115145513597
-11,15,50.0
-11,15,50.0
-11,15,89.12297211167652
-11,15,50.0
-12,15,50.0
-12,15,50.0
-12,15,50.0
-12,15,64.87254870426763
-12,15,50.0
-12,16,74.07133452019876
-12,16,73.11098856811721
-12,16,50.0
-12,16,84.24044068729796
-12,16,57.93747349713615
-13,16,50.0
-13,16,53.22703773526853
-13,16,50.0
-13,16,50.0
-13,16,50.0
-14,16,50.0
-14,16,50.0
-14,16,50.0
-14,16,57.93747349713615
-14,16,74.89484190153516
-14,17,59.02143115233678
-14,17,50.0
-14,17,63.95476928203022
-14,17,57.93747349713615
-14,17,50.0
-15,17,70.72309787283123
-15,17,52.30142565774047
-15,17,50.0
-15,17,50.0
-15,17,57.93747349713615
-16,17,59.8694170423041
-16,17,57.93747349713615
-16,17,50.0
-16,17,57.93747349713615
-16,17,50.0
-17,17,50.0
-17,17,50.0
-17,17,50.0
-17,17,50.0
-17,17,71.50745052164635
-17,18,50.0
-17,18,63.18939612085943
-17,18,50.0
-17,18,63.72333526169507
-17,18,50.0
-18,18,59.89501665116178
-18,18,50.0
-18,18,50.0
-18,18,57.93747349713615
-18,18,50.0
-18,17,50.0
-18,17,95.15556482865667
-18,17,51.828955241642056
-18,17,50.0
-18,17,106.00951494961122
-18,16,50.0
-18,16,50.0
-18,16,75.70832676749265
-18,16,50.0
-18,16,76.9818811678244
-19,16,50.0
-19,16,50.0
-19,16,50.0
-19,16,50.0
-19,16,57.93747349713615
-19,15,50.0
-19,15,50.0
-19,15,57.93747349713615
-19,15,50.0
-19,15,50.0
-19,16,50.0
-19,16,50.0
-19,16,50.0
-19,16,50.0
-19,16,50.0
-20,16,50.0
-20,16,50.0
-20,16,57.93747349713615
-20,16,69.80418627426498
-20,16,67.03892224364746
-20,17,50.0
-20,17,50.0
-20,17,57.93747349713615
-20,17,50.0
-20,17,50.0
-20,18,50.0
-20,18,57.93747349713615
-20,18,50.0
-20,18,59.72815118942462
-20,18,50.0
-20,17,68.38186283810765
-20,17,50.0
-20,17,50.0
-20,17,50.0
-20,17,93.02103048549492
-20,18,61.75573265260297
-20,18,50.0
-20,18,50.0
-20,18,73.55050130921467
-20,18,62.13456218640136
-20,19,60.2204374743347
-20,19,50.0
-20,19,50.0
-20,19,50.0
-20,19,50.0
-20,20,50.0
-20,20,50.0
-20,20,50.0
-20,20,57.93747349713615
-20,20,50.0
-19,20,57.93747349713615
-19,20,50.0
-19,20,50.0
-19,20,57.93747349713615
-19,20,50.0
-20,20,64.68823428113795
-20,20,57.93747349713615
-20,20,60.746735916643914
-20,20,50.0
-20,20,66.72087117713643
-19,20,50.0
-19,20,57.93747349713615
-19,20,50.0
-19,20,78.1494404786248
-19,20,50.0
-20,20,57.93747349713615
-20,20,59.43071919979057
-20,20,50.0
-20,20,50.0
-20,20,50.0
-19,20,57.93747349713615
-19,20,50.0
-19,20,57.93747349713615
-19,20,57.93747349713615
-19,20,50.0
-19,19,53.34841171900472
-19,19,57.93747349713615
-19,19,50.0
-19,19,50.0
-19,19,50.0
-19,18,83.90356468192466
-19,18,50.0
-19,18,62.75610633310455
-19,18,50.0
-19,18,50.0
-18,18,50.0
-18,18,50.0
-18,18,75.79996535638048
-18,18,50.0
-18,18,50.0
-17,18,57.93747349713615
-17,18,58.53935670142229
-17,18,50.0
-17,18,50.0
-17,18,72.23886854295014
-17,17,58.84519464903562
-17,17,57.93747349713615
-17,17,75.66699635203837
-17,17,71.79826716011323
-17,17,63.28206589239709
-16,17,50.0
-16,17,50.0
-16,17,50.0
-16,17,57.93747349713615
-16,17,64.50274789069506
-15,17,67.85659328859157
-15,17,60.81786683132491
-15,17,50.0
-15,17,57.93747349713615
-15,17,59.65439582734651
-15,16,50.0
-15,16,50.0
-15,16,50.0
-15,16,50.0
-15,16,50.0
-15,15,50.0
-15,15,50.0
-15,15,59.90124910756551
-15,15,57.96156988607188
-15,15,60.48098658931952
-15,16,88.67256777895386
-15,16,50.0
-15,16,50.0
-15,16,50.0
-15,16,50.0
-15,15,63.42269664697237
-15,15,50.0
-15,15,50.0
-15,15,67.349578891811
-15,15,57.93747349713615
-15,16,50.0
-15,16,53.551460697997186
-15,16,50.0
-15,16,50.0
-15,16,50.0
-14,16,50.0
-14,16,50.0
-14,16,50.0
-14,16,50.0
-14,16,57.93747349713615
-14,15,67.40047122264939
-14,15,57.93747349713615
-14,15,50.0
-14,15,50.0
-14,15,50.0
-13,15,69.3079435535194
-13,15,50.0
-13,15,57.93747349713615
-13,15,50.0
-13,15,50.0
-13,16,57.93747349713615
-13,16,53.06134837534786
-13,16,71.74773672111594
-13,16,50.0
-13,16,50.0
-12,16,50.0
-12,16,50.0
-12,16,50.0
-12,16,79.41568516961317
-12,16,50.0
-12,15,77.81541535930225
-12,15,50.0
-12,15,50.0
-12,15,67.03983323294052
-12,15,68.8407328660991
-13,15,50.0
-13,15,50.0
-13,15,50.0
-13,15,98.91406184424542
-13,15,50.0
-13,14,50.0
-13,14,57.93747349713615
-13,14,57.696157944352684
-13,14,50.0
-13,14,65.46167663953932
-13,13,50.0
-13,13,54.35253610125467
-13,13,50.0
-13,13,50.0
-13,13,86.25384597927899
-12,13,50.58538960605251
-12,13,61.94343124505578
-12,13,75.67606817732745
-12,13,50.0
-12,13,50.0
-11,13,90.8404719680962
-11,13,52.28281905576046
-11,13,57.93747349713615
-11,13,57.93747349713615
-11,13,79.12573135704562
-10,13,50.0
-10,13,50.0
-10,13,50.0
-10,13,61.70712475533054
-10,13,50.0
-10,12,72.62028344329927
-10,12,96.94868299371672
-10,12,50.0
-10,12,56.34184813603479
-10,12,89.0029580322873
-9,12,69.45793525508707
-9,12,50.0
-9,12,91.07550233316587
-9,12,50.0
-9,12,50.0
-9,11,50.0
-9,11,66.17733525897239
-9,11,86.34897481332267
-9,11,50.0
-9,11,50.0
-8,11,50.0
-8,11,56.64757006558133
-8,11,50.0
-8,11,50.0
-8,11,50.72266236544782
-8,10,50.0
-8,10,72.02069988483014
-8,10,50.0
-8,10,50.0
-8,10,82.32919451106085
-8,11,50.0
-8,11,50.0
-8,11,80.20403852332
-8,11,50.0
-8,11,50.0
-9,11,50.0
-9,11,84.82013387107867
-9,11,105.36198008668845
-9,11,50.0
-9,11,60.94198071208845
-9,10,50.0
-9,10,50.0
-9,10,50.0
-9,10,65.64099939797633
-9,10,50.0
-8,10,64.48790285766725
-8,10,50.0
-8,10,50.0
-8,10,50.0
-8,10,71.3089999668207
-7,10,72.66051000901892
-7,10,50.0
-7,10,80.39560318031141
-7,10,80.97948139756403
-7,10,62.7258416568888
-7,9,95.03662460972441
-7,9,84.13587569277014
-7,9,50.0
-7,9,50.0
-7,9,85.4634543784123
-7,8,88.05164505983522
-7,8,50.0
-7,8,94.1964020843439
-7,8,50.0
-7,8,50.0
-7,7,87.36376356350392
-7,7,50.0
-7,7,50.0
-7,7,89.96171603222423
-7,7,84.76129399872792
-7,6,57.93747349713615
-7,6,50.0
-7,6,91.2920598674003
-7,6,88.74685917796124
-7,6,109.90049910261324
-7,5,77.50791465563465
-7,5,73.32628753068973
-7,5,50.0
-7,5,58.530729036032916
-7,5,50.0
-7,4,79.88942675793386
-7,4,50.0
-7,4,50.0
-7,4,50.0
-7,4,55.00622702482877
-6,4,50.0
-6,4,99.7867293157856
-6,4,107.34265694778458
-6,4,50.0
-6,4,50.0
-6,3,53.29894050480408
-6,3,50.0
-6,3,60.45270555653906
-6,3,77.00734738478636
-6,3,109.80171961917911
-5,3,50.0
-5,3,50.0
-5,3,73.41746805456957
-5,3,50.0
-5,3,50.0
-4,3,127.49334732746027
-4,3,95.83443902411888
-4,3,104.60359881805982
-4,3,104.50764224793531
-4,3,53.43744025299108
-3,3,95.79828875460113
-3,3,50.0
-3,3,59.48230122756043
-3,3,50.0
-3,3,80.0316087261941
-3,2,81.98011981348182
-3,2,52.46444215705353
-3,2,100.02407273795556
-3,2,90.2121497246889
-3,2,54.334779943639155
-3,1,101.82652067227899
-3,1,106.48208862622417
-3,1,93.73687482688422
-3,1,50.0
-3,1,55.1418763599405
-3,0,59.555256693914316
-3,0,103.71343802759617
-3,0,91.15497588129766
-3,0,69.45996539372291
-3,0,93.91736168162463
-3,-1,113.36077741373852
-3,-1,58.40028552727962
-3,-1,53.4727281062837
-3,-1,104.96046794954066
-3,-1,60.74372373534896
-3,-2,86.25140201389938
-3,-2,74.16211837776957
-3,-2,96.94305763522894
-3,-2,65.02220828573219
-3,-2,53.908947955552165
-2,-2,70.9315660884932
-2,-2,52.14388476790192
-2,-2,50.0
-2,-2,131.34678765357205
-2,-2,101.92882138637405
-2,-3,70.32257090149731
-2,-3,76.0611970229282
-2,-3,107.34529607640137
-2,-3,87.03174472155024
-2,-3,50.0
-2,-4,116.78057614700589
-2,-4,50.0
-2,-4,50.0
-2,-4,76.7256717519377
-2,-4,76.87842871562054
-2,-5,50.0
-2,-5,50.0
-2,-5,75.06498601039522
-2,-5,77.19055691321675
-2,-5,50.0
-1,-5,111.80409885782086
-1,-5,50.0
-1,-5,50.0
-1,-5,75.46645823397597
-1,-5,81.53982352995584
0,-5,51.13313068279442
0,-5,50.0
0,-5,50.0
0,-5,50.0
0,-5,92.06105306948788
0,-6,56.40969431693246
0,-6,80.70799411562886
0,-6,85.73559215338321
0,-6,55.83397221583144
0,-6,78.80514355229543
0,-7,50.0
0,-7,50.0
0,-7,85.67453097301903
0,-7,116.22000265258743
0,-7,50.0
1,-7,98.15546430802877
1,-7,103.36286092232851
1,-7,80.07338197777464
1,-7,50.0
1,-7,81.4838039949488
2,-7,61.69320815226608
2,-7,90.78397832481286
2,-7,50.0
2,-7,50.0
2,-7,56.17734371690788
3,-7,50.0
3,-7,63.671749157206136
3,-7,91.137157719473
3,-7,50.0
3,-7,50.0
3,-6,59.96854961442054
3,-6,76.51545163320839
3,-6,96.48038160771068
3,-6,78.32153898225107
3,-6,50.0
3,-7,101.20177353778026
3,-7,50.0
3,-7,108.63546770510158
3,-7,50.0
3,-7,54.02588085670989
3,-8,95.32167804747664
3,-8,69.3536521930723
3,-8,103.1969860910404
3,-8,50.0
3,-8,95.30487080725459
3,-9,102.59917543282657
3,-9,74.44420376895702
3,-9,50.0
3,-9,70.42751210454998
3,-9,62.86710779584225
4,-9,85.12666211060586
4,-9,63.374123124803575
4,-9,50.0
4,-9,94.38837677385574
4,-9,53.99755498739201
4,-10,75.90668564531465
4,-10,73.93803138769647
4,-10,50.0
4,-10,50.0
4,-10,83.9496092540202
5,-10,57.979625122188175
5,-10,73.15926064655439
5,-10,63.17533467137596
5,-10,50.0
5,-10,53.9453170095002
5,-9,66.98551916297487
5,-9,99.69927331434424
5,-9,66.25463043636522
5,-9,50.0
5,-9,50.0
5,-10,50.0
5,-10,50.0
5,-10,50.0
5,-10,50.0
5,-10,58.810000970358836
5,-9,75.6838969443306
5,-9,74.32156199180679
5,-9,93.3943149568789
5,-9,92.58385942276142
5,-9,95.8080379495664
5,-8,65.46933147449073
5,-8,94.0741077838106
5,-8,50.0
5,-8,50.0
5,-8,57.93747349713615
5,-9,50.0
5,-9,63.39683613579383
5,-9,88.01203095873824
5,-9,62.13389575291908
5,-9,50.0
5,-10,76.56074977588337
5,-10,89.53210482332132
5,-10,57.93747349713615
5,-10,80.24206821483541
5,-10,94.66601604280238
5,-11,57.93747349713615
5,-11,87.75864285940807
5,-11,83.1807832495466
5,-11,69.96417787092078
5,-11,68.2996397321916
6,-11,50.0
6,-11,50.0
6,-11,50.0
6,-11,102.701495315082
6,-11,107.21388455179492
6,-12,50.0
6,-12,57.93747349713615
6,-12,65.32085791586069
6,-12,50.0
6,-12,50.0
7,-12,79.9579207781355
7,-12,57.93747349713615
7,-12,66.03626726300487
7,-12,50.0
7,-12,50.0
7,-13,50.0
7,-13,50.0
7,-13,50.0
7,-13,84.73804961917314
7,-13,74.08763118106616
7,-14,50.0
7,-14,57.93747349713615
7,-14,61.85990265641173
7,-14,67.89243382172826
7,-14,62.23990418298453
7,-15,73.07749074025631
7,-15,50.0
7,-15,50.0
7,-15,54.27190475728697
7,-15,82.21445001209477
8,-15,58.138584668148305
8,-15,63.3725753266079
8,-15,50.0
8,-15,50.0
8,-15,64.96709063992378
8,-16,50.0
8,-16,50.0
8,-16,50.0
8,-16,50.0
8,-16,96.5623696409233
8,-17,79.6566914260564
8,-17,57.93747349713615
8,-17,50.0
8,-17,50.0
8,-17,50.0
8,-16,50.0
8,-16,66.31892340387637
8,-16,63.430106752834554
8,-16,114.64649935521106
8,-16,50.0
9,-16,80.69862375803618
9,-16,57.93747349713615
9,-16,50.0
9,-16,50.0
9,-16,56.3493757355029
8,-16,50.0
8,-16,50.0
8,-16,50.0
8,-16,106.7421628281711
8,-16,53.86044871347438
7,-16,79.12016932836052
7,-16,50.0
7,-16,50.0
7,-16,76.6528129716667
7,-16,67.30139729769067
8,-16,50.0
8,-16,50.0
8,-16,64.28764056570597
8,-16,50.0
8,-16,64.80976539126797
7,-16,50.0
7,-16,50.0
7,-16,95.44765763977264
7,-16,50.0
7,-16,50.910895841351596
6,-16,68.56399263731575
6,-16,50.0
6,-16,50.0
6,-16,71.2635220996086
6,-16,82.17017041649305
5,-16,72.97947450307811
5,-16,71.78020067767704
5,-16,57.396669219708784
5,-16,50.0
5,-16,50.0
5,-15,50.0
5,-15,95.47438184535808
5,-15,50.0
5,-15,74.79327933521833
5,-15,50.0
4,-15,50.0
4,-15,50.0
4,-15,69.72977503982213
4,-15,50.0
4,-15,97.76350617660505
3,-15,70.29933652105329
3,-15,50.0
3,-15,50.0
3,-15,50.0
3,-15,50.0
2,-15,50.0
2,-15,67.94534619266169
2,-15,83.8028687529146
2,-15,62.905539659324404
2,-15,80.4075048057999
1,-15,50.0
1,-15,59.20584468959194
1,-15,50.0
1,-15,50.0
1,-15,50.0
0,-15,63.52169661819195
0,-15,50.0
0,-15,108.94494000191776
0,-15,82.00972201304579
0,-15,50.0
0,-14,80.32682091365022
0,-14,50.0
0,-14,67.40327390275901
0,-14,87.42460277670688
0,-14,50.0
0,-13,50.0
0,-13,84.06282020028634
0,-13,97.38941315586284
0,-13,50.0
0,-13,82.63247745041465
1,-13,102.59437757449248
1,-13,50.0
1,-13,51.555945271643296
1,-13,71.99537554980105
1,-13,60.831240212119695
0,-13,114.09162369937943
0,-13,50.0
0,-13,50.0
0,-13,50.0
0,-13,50.0
-1,-13,88.98510962878125
-1,-13,54.262078537183186
-1,-13,50.0
-1,-13,65.03201890161893
-1,-13,50.0
0,-13,50.384923974134814
0,-13,50.0
0,-13,83.87242872074886
0,-13,94.0163584068603
0,-13,50.0
0,-12,50.0
0,-12,50.0
0,-12,97.02287414342517
0,-12,90.7159202894676
0,-12,76.35410628538638
-1,-12,50.0
-1,-12,121.25605830359962
-1,-12,104.12797257844396
-1,-12,50.0
-1,-12,50.0
-2,-12,76.93499653330986
-2,-12,58.419814665701736
-2,-12,77.47666132741075
-2,-12,82.54931863441692
-2,-12,50.0
-2,-11,75.45777965119899
-2,-11,57.93747349713615
-2,-11,69.81007397096815
-2,-11,53.04731442508939
-2,-11,79.14047933791954
-3,-11,93.3622753299618
-3,-11,50.0
-3,-11,50.0
-3,-11,50.0
-3,-11,50.0
-4,-11,50.0
-4,-11,50.0
-4,-11,79.98460463097
-4,-11,88.45612489862597
-4,-11,50.0
-4,-12,88.39927370987816
-4,-12,50.0
-4,-12,78.00175489292032
-4,-12,50.0
-4,-12,50.0
-4,-11,50.0
-4,-11,87.95780267259512
-4,-11,90.78438501827955
-4,-11,73.38595387983281
-4,-11,101.80860891123837
-5,-11,67.5531741395665
-5,-11,50.0
-5,-11,104.64192088088909
-5,-11,91.88725955306941
-5,-11,50.0
-5,-10,50.0
-5,-10,50.0
-5,-10,83.33912426173269
-5,-10,67.40806461042308
-5,-10,50.0
-5,-9,50.0
-5,-9,67.70730659993835
-5,-9,92.4203874523387
-5,-9,75.01171830000571
-5,-9,88.08955872337752
-5,-8,92.70898929050892
-5,-8,78.92192046228318
-5,-8,97.19829469032479
-5,-8,50.0
-5,-8,95.51358247907832
-6,-8,93.05900596199064
-6,-8,67.75514882591014
-6,-8,55.86903641654605
-6,-8,50.0
-6,-8,99.18318880747172
-5,-8,50.0
-5,-8,118.87770906675507
-5,-8,50.0
-5,-8,50.0
-5,-8,66.4620567775427
-5,-7,99.42665656425638
-5,-7,77.77113276240829
-5,-7,99.3911152010007
-5,-7,50.0
-5,-7,86.99917121232004
-5,-6,90.70496695862975
-5,-6,76.10102805975448
-5,-6,113.89528401678618
-5,-6,96.67775513798618
-5,-6,50.0
-6,-6,58.47983225416606
-6,-6,50.0
-6,-6,50.0
-6,-6,50.0
-6,-6,84.46971696372108
-7,-6,84.878188697732
-7,-6,72.82874344017334
-7,-6,87.5604798535571
-7,-6,50.0
-7,-6,60.74201943194724
-7,-5,78.26017789650574
-7,-5,50.0
-7,-5,88.86787209218068
-7,-5,67.73370326746377
-7,-5,58.47556985107816
-7,-4,84.45025499677772
-7,-4,92.79979500831797
-7,-4,50.0
-7,-4,103.66496054567894
-7,-4,65.19096451893368
-8,-4,50.0
-8,-4,56.06747381293416
-8,-4,81.21958117696636
-8,-4,82.00367107197336
-8,-4,50.0
-9,-4,73.77077073012977
-9,-4,50.0
-9,-4,50.0
-9,-4,50.0
-9,-4,50.0
-10,-4,111.81785767858453
-10,-4,94.50428675727072
-10,-4,50.0
-10,-4,50.0
-10,-4,57.68863312279038
-11,-4,58.340818687786424
-11,-4,59.95889392211918
-11,-4,57.93747349713615
-11,-4,50.0
-11,-4,50.0
-12,-4,58.76473521053808
-12,-4,50.0
-12,-4,50.0
-12,-4,50.0
-12,-4,74.77894934987084
-13,-4,81.21401397072351
-13,-4,71.48171024532355
-13,-4,50.0
-13,-4,54.39890007285702
-13,-4,62.202651353991016
-14,-4,75.32776410315302
-14,-4,52.234070064322324
-14,-4,73.89668618664936
-14,-4,80.54623280766249
-14,-4,89.31820323805474
-15,-4,75.7660333649252
-15,-4,82.05233156094371
-15,-4,85.23266468116167
-15,-4,57.93747349713615
-15,-4,50.0
-16,-4,78.9003751374456
-16,-4,81.28238933764077
-16,-4,72.10706999930396
-16,-4,55.68410146802424
-16,-4,68.87566011750656
-17,-4,80.52244678708001
-17,-4,91.01227057072059
-17,-4,50.0
-17,-4,100.32082820413785
-17,-4,50.0
-18,-4,50.0
-18,-4,51.72936431651297
-18,-4,50.0
-18,-4,50.0
-18,-4,79.99296995781594
-18,-5,50.0
-18,-5,70.90292891822936
-18,-5,51.67799325795437
-18,-5,50.0
-18,-5,50.0
-18,-6,50.0
-18,-6,50.0
-18,-6,69.25249306554944
-18,-6,50.0
-18,-6,50.0
-19,-6,50.0
