11,-20,111.50507371469239
11,-20,100.0
11,-19,100.0
11,-19,111.50507371469239
11,-19,100.0
11,-20,100.0
11,-20,100.0
11,-20,100.0
10,-20,100.0
10,-20,100.0
10,-20,100.0
9,-20,100.0
9,-20,115.32769274230213
9,-20,100.0
8,-20,100.0
8,-20,100.0
8,-20,100.0
8,-19,151.00967020458796
8,-19,150.42846772270832
8,-19,100.0
8,-18,100.0
8,-18,100.0
8,-18,179.96059574493927
8,-17,100.0
8,-17,100.0
8,-17,117.03636712670279
7,-17,100.0
7,-17,154.1937301517259
7,-17,149.85538594441425
7,-18,100.0
7,-18,100.0
7,-18,100.0
6,-18,100.0
6,-18,168.49436296958774
6,-18,127.5448756452257
5,-18,100.0
5,-18,100.0
5,-18,100.0
4,-18,100.0
4,-18,100.0
4,-18,100.0
3,-18,100.0
3,-18,100.0
3,-18,100.0
3,-17,100.0
3,-17,100.0
3,-17,100.0
2,-17,142.34622770365624
2,-17,100.0
2,-17,100.0
2,-18,145.58376029616005
2,-18,100.0
2,-18,100.0
2,-17,100.0
2,-17,100.0
2,-17,100.0
2,-16,100.0
2,-16,100.0
2,-16,100.0
1,-16,100.0
1,-16,100.0
1,-16,100.0
1,-15,100.0
1,-15,154.21640598529834
1,-15,100.0
0,-15,114.95114683672483
0,-15,157.00630465363906
0,-15,100.0
-1,-15,111.50507371469239
-1,-15,100.0
-1,-15,141.21042645996164
-1,-14,100.0
-1,-14,158.08360073179628
-1,-14,100.0
-1,-13,100.0
-1,-13,100.0
-1,-13,100.0
-1,-12,172.4232763668525
-1,-12,100.0
-1,-12,100.0
-2,-12,100.0
-2,-12,100.0
-2,-12,153.45272412065248
-3,-12,100.0
-3,-12,128.37389327662115
-3,-12,100.0
-3,-11,100.0
-3,-11,100.0
-3,-11,131.97283132865127
-4,-11,100.0
-4,-11,100.0
-4,-11,100.0
-4,-10,100.0
-4,-10,111.53022673038798
-4,-10,100.0
-5,-10,100.0
-5,-10,100.0
-5,-10,209.60387133284752
-5,-9,135.7798045740836
-5,-9,124.81170171309395
-5,-9,100.0
-5,-8,100.0
-5,-8,100.0
-5,-8,139.37719374557497
-5,-7,100.0
-5,-7,100.0
-5,-7,171.2738040452729
-5,-6,100.0
-5,-6,100.0
-5,-6,100.0
-4,-6,100.0
-4,-6,100.0
-4,-6,100.0
-4,-5,100.0
-4,-5,193.5686215291879
-4,-5,181.85996482138646
-5,-5,100.0
-5,-5,100.0
-5,-5,100.0
-6,-5,100.0
-6,-5,100.0
-6,-5,100.0
-7,-5,100.0
-7,-5,100.0
-7,-5,100.0
-8,-5,145.5472568844729
-8,-5,100.0
-8,-5,100.0
-7,-5,100.0
-7,-5,175.43437657838703
-7,-5,100.0
-8,-5,128.58949223220597
-8,-5,100.0
-8,-5,161.0706343995488
-9,-5,100.0
-9,-5,100.0
-9,-5,171.96108379280486
-9,-4,174.14353771165446
-9,-4,100.0
-9,-4,151.44415029058072
-10,-4,100.0
-10,-4,172.9397827889591
-10,-4,100.0
-11,-4,100.0
-11,-4,100.0
-11,-4,100.0
-11,-3,100.0
-11,-3,100.0
-11,-3,100.0
-11,-2,100.0
-11,-2,131.09283958817673
-11,-2,187.29448380708138
-12,-2,157.75822854503707
-12,-2,146.77676944635834
-12,-2,125.28416703898144
-13,-2,165.57330531955185
-13,-2,100.0
-13,-2,100.0
-14,-2,147.87384311575383
-14,-2,100.0
-14,-2,100.33972097111274
-14,-3,100.0
-14,-3,149.06120407265277
-14,-3,101.54540738311914
-15,-3,123.72688176593539
-15,-3,100.0
-15,-3,100.0
-15,-4,149.05741032704424
-15,-4,100.0
-15,-4,100.0
-15,-3,100.0
-15,-3,100.0
-15,-3,100.0
-15,-2,132.13914293490612
-15,-2,100.0
-15,-2,100.0
-15,-1,100.0
-15,-1,100.0
-15,-1,100.0
-16,-1,116.74603971519116
-16,-1,147.10260424818657
-16,-1,100.0
-16,0,100.0
-16,0,125.14562066798491
-16,0,111.50507371469239
-17,0,100.0
-17,0,151.45237817752817
-17,0,100.0
-16,0,100.0
-16,0,100.0
-16,0,100.0
-16,1,149.86252222749806
-16,1,144.1856801643635
-16,1,100.0
-15,1,100.0
-15,1,100.0
-15,1,100.0
-15,2,100.0
-15,2,100.0
-15,2,100.0
-15,1,100.0
-15,1,178.82691723660702
-15,1,109.06789905636401
-14,1,100.0
-14,1,100.0
-14,1,100.0
-15,1,100.0
-15,1,100.0
-15,1,188.37108098871215
-14,1,130.45665873848128
-14,1,100.0
-14,1,100.0
-14,2,100.0
-14,2,140.3149904204817
-14,2,100.0
-14,3,100.0
-14,3,183.7733574791996
-14,3,153.16125161279692
-13,3,100.0
-13,3,146.03538879825066
-13,3,100.0
-13,4,133.68190056875733
-13,4,140.5497964247655
-13,4,100.0
-13,5,100.0
-13,5,100.0
-13,5,118.47020053787463
-12,5,100.0
-12,5,100.0
-12,5,144.03548419795558
-12,6,100.0
-12,6,100.0
-12,6,141.55874062847047
-12,5,100.0
-12,5,100.0
-12,5,100.0
-12,6,100.0
-12,6,100.0
-12,6,100.0
-11,6,163.13591852225056
-11,6,100.0
-11,6,111.50507371469239
-12,6,166.0270293188351
-12,6,100.0
-12,6,100.0
-11,6,148.17224260396435
-11,6,100.0
-11,6,100.0
-12,6,100.0
-12,6,180.82619742809044
-12,6,100.0
-11,6,100.0
-11,6,100.0
-11,6,100.0
-10,6,100.0
-10,6,100.0
-10,6,146.33546472336027
-10,7,100.0
-10,7,100.0
-10,7,100.0
-10,8,100.0
-10,8,100.0
-10,8,100.0
-11,8,174.66947691159567
-11,8,100.0
-11,8,100.0
-10,8,146.84125547407922
-10,8,100.0
-10,8,100.0
-9,8,100.0
-9,8,100.0
-9,8,100.0
-9,9,100.0
-9,9,167.94793264948035
-9,9,100.0
-8,9,100.0
-8,9,145.63706508941834
-8,9,100.0
-7,9,162.885955022969
-7,9,100.0
-7,9,100.0
-6,9,145.48239866479773
-6,9,100.0
-6,9,100.0
-5,9,100.0
-5,9,100.0
-5,9,100.0
-5,10,100.0
-5,10,100.0
-5,10,100.0
-4,10,100.0
-4,10,100.0
-4,10,100.0
-3,10,113.44678763539352
-3,10,126.72884640431778
-3,10,143.57013176442948
-2,10,100.0
-2,10,100.0
-2,10,100.0
-2,9,184.3612218290045
-2,9,100.0
-2,9,100.0
-1,9,100.0
-1,9,100.0
-1,9,100.0
-1,10,164.05797324383224
-1,10,100.0
-1,10,100.0
0,10,100.0
0,10,100.0
0,10,153.85869977551783
0,11,100.0
0,11,100.0
0,11,123.69623462237337
0,12,183.30573685978678
0,12,154.7741739131219
0,12,121.45253154598508
1,12,100.0
1,12,185.60039460490677
1,12,143.7952315679557
1,13,148.2225381508328
1,13,100.0
1,13,100.0
1,14,100.0
1,14,111.50507371469239
1,14,171.16031196652156
2,14,100.0
2,14,100.0
2,14,100.0
2,15,100.0
2,15,100.0
2,15,100.0
2,16,100.0
2,16,100.0
2,16,145.37807270875606
3,16,100.0
3,16,100.0
3,16,177.57301491553525
3,17,111.50507371469239
3,17,100.0
3,17,100.0
3,18,100.0
3,18,100.0
3,18,127.01552356873574
3,19,100.0
3,19,100.0
3,19,100.0
3,20,100.0
3,20,100.0
3,20,111.50507371469239
4,20,182.44980388589687
4,20,100.0
4,20,100.33972097111274
5,20,100.0
5,20,124.94660231692869
5,20,100.0
6,20,148.07540846424726
6,20,100.0
6,20,100.0
7,20,100.0
7,20,100.0
7,20,100.0
8,20,100.0
8,20,100.0
8,20,100.0
9,20,100.0
9,20,100.0
9,20,100.0
10,20,100.0
10,20,100.0
10,20,100.0
11,20,141.15162773283112
11,20,100.0
11,20,100.0
12,20,100.0
12,20,100.0
12,20,100.0
13,20,111.50507371469239
13,20,100.0
13,20,100.0
12,20,100.0
12,20,100.0
12,20,100.0
13,20,125.79547437502482
13,20,100.0
13,20,100.0
14,20,100.0
14,20,127.27175853873668
14,20,100.0
15,20,100.0
15,20,100.0
15,20,111.50507371469239
16,20,100.0
16,20,100.0
16,20,111.50507371469239
17,20,100.0
17,20,100.0
17,20,100.0
18,20,100.0
18,20,100.0
18,20,100.0
19,20,100.0
19,20,115.5217665970915
19,20,111.50507371469239
20,20,100.0
20,20,100.0
20,20,100.0
19,20,100.0
19,20,100.0
19,20,100.0
18,20,100.0
18,20,145.01101865214625
18,20,100.0
19,20,100.0
19,20,100.0
19,20,100.0
18,20,100.0
18,20,100.0
18,20,100.33972097111274
19,20,100.0
19,20,100.0
19,20,100.0
18,20,100.0
18,20,100.0
18,20,100.0
17,20,111.50507371469239
17,20,100.0
17,20,147.95669962083286
16,20,139.16727016645592
16,20,100.0
16,20,100.0
15,20,137.92057796283927
15,20,100.0
15,20,100.0
14,20,100.0
14,20,100.0
14,20,111.50507371469239
15,20,100.0
15,20,100.0
15,20,100.0
14,20,100.0
14,20,100.0
14,20,100.0
15,20,124.78126969065478
15,20,100.0
15,20,100.0
14,20,100.0
14,20,100.0
14,20,100.0
13,20,100.0
13,20,100.0
13,20,100.0
12,20,100.0
12,20,100.0
12,20,100.0
11,20,100.0
11,20,100.0
11,20,151.14813797192164
10,20,100.0
10,20,100.0
10,20,100.0
9,20,100.0
9,20,100.0
9,20,116.62411928037102
8,20,100.33972097111274
8,20,100.0
8,20,107.53214520233617
7,20,100.0
7,20,125.70204867944969
7,20,116.55124992930202
6,20,149.60944700597784
6,20,100.0
6,20,100.0
5,20,124.9621143047616
5,20,100.0
5,20,100.0
4,20,100.0
4,20,100.0
4,20,111.50507371469239
3,20,141.3153241114958
3,20,100.0
3,20,100.0
2,20,100.0
2,20,100.0
2,20,111.50507371469239
3,20,100.0
3,20,100.0
3,20,161.17462769709653
2,20,100.0
2,20,100.0
2,20,138.2635671965523
3,20,100.0
3,20,111.50507371469239
3,20,100.0
4,20,100.0
4,20,100.0
4,20,112.00704173607042
3,20,121.75893849281206
3,20,100.0
3,20,126.9042895975299
