11,-20,100.0
11,-20,100.33972097111274
11,-19,111.50507371469239
11,-19,100.0
11,-19,100.0
11,-20,153.21931014150124
11,-20,100.0
11,-20,160.24797659229796
10,-20,100.0
10,-20,100.0
10,-20,159.54014236145073
9,-20,100.0
9,-20,100.0
9,-20,118.7378271460095
8,-20,100.0
8,-20,100.0
8,-20,100.0
8,-19,100.0
8,-19,100.0
8,-19,100.0
8,-18,100.0
8,-18,100.0
8,-18,100.0
8,-17,113.20685889956613
8,-17,100.0
8,-17,130.54914339742143
7,-17,100.0
7,-17,100.0
7,-17,122.01528171828294
7,-18,100.0
7,-18,100.0
7,-18,162.6232377712515
6,-18,153.57335663411217
6,-18,121.29303402156305
6,-18,100.0
5,-18,100.0
5,-18,100.0
5,-18,100.0
4,-18,100.0
4,-18,100.0
4,-18,100.0
3,-18,100.0
3,-18,100.0
3,-18,100.0
3,-17,100.0
3,-17,100.0
3,-17,100.0
2,-17,100.0
2,-17,100.0
2,-17,100.0
2,-18,100.0
2,-18,100.0
2,-18,100.0
2,-17,140.37692382849045
2,-17,100.0
2,-17,100.0
2,-16,100.0
2,-16,100.0
2,-16,100.0
1,-16,100.0
1,-16,100.0
1,-16,100.0
1,-15,185.07268862530782
1,-15,137.3842601015564
1,-15,100.0
0,-15,100.0
0,-15,144.69049209950543
0,-15,128.034604555379
-1,-15,100.33972097111274
-1,-15,100.0
-1,-15,100.0
-1,-14,100.0
-1,-14,100.0
-1,-14,100.0
-1,-13,179.39585572093327
-1,-13,100.0
-1,-13,100.0
-1,-12,100.0
-1,-12,184.56620000631435
-1,-12,100.0
-2,-12,100.0
-2,-12,100.0
-2,-12,170.87919232603159
-3,-12,100.0
-3,-12,100.0
-3,-12,100.0
-3,-11,100.0
-3,-11,150.1363665395141
-3,-11,100.0
-4,-11,100.0
-4,-11,100.0
-4,-11,157.19954010266503
-4,-10,100.0
-4,-10,100.0
-4,-10,100.0
-5,-10,150.31930719782886
-5,-10,100.0
-5,-10,100.0
-5,-9,100.0
-5,-9,100.0
-5,-9,100.0
-5,-8,100.0
-5,-8,100.0
-5,-8,189.0086916026656
-5,-7,100.0
-5,-7,100.0
-5,-7,100.0
-5,-6,218.33582037174733
-5,-6,100.0
-5,-6,100.0
-4,-6,171.1044877075978
-4,-6,101.5121386755086
-4,-6,100.0
-4,-5,100.0
-4,-5,100.0
-4,-5,197.16041506074205
-5,-5,100.0
-5,-5,100.0
-5,-5,100.0
-6,-5,100.0
-6,-5,100.0
-6,-5,100.0
-7,-5,100.0
-7,-5,156.07714825417202
-7,-5,154.04470682760808
-8,-5,100.0
-8,-5,185.16586416436866
-8,-5,188.62138569137096
-7,-5,100.0
-7,-5,100.0
-7,-5,100.0
-8,-5,174.84641815484625
-8,-5,100.0
-8,-5,100.0
-9,-5,183.90627658340472
-9,-5,100.0
-9,-5,100.0
-9,-4,100.0
-9,-4,100.0
-9,-4,184.10979174956617
-10,-4,100.0
-10,-4,100.0
-10,-4,100.0
-11,-4,100.0
-11,-4,100.0
-11,-4,100.0
-11,-3,100.0
-11,-3,100.0
-11,-3,100.0
-11,-2,100.0
-11,-2,100.0
-11,-2,204.2408934544724
-12,-2,190.70719369500216
-12,-2,100.0
-12,-2,196.28922017788523
-13,-2,100.0
-13,-2,170.8246418217586
-13,-2,182.3474429339964
-14,-2,100.0
-14,-2,100.0
-14,-2,149.43754931276746
-14,-3,100.0
-14,-3,161.34260751620866
-14,-3,100.0
-15,-3,125.43944798543308
-15,-3,153.4967043372483
-15,-3,100.0
-15,-4,131.70818444077437
-15,-4,147.8135162446435
-15,-4,100.0
-15,-3,100.0
-15,-3,100.0
-15,-3,165.7394525408844
-15,-2,129.20788399963678
-15,-2,100.0
-15,-2,100.0
-15,-1,100.0
-15,-1,100.0
-15,-1,100.0
-16,-1,100.0
-16,-1,100.0
-16,-1,100.0
-16,0,109.84186693434432
-16,0,100.0
-16,0,100.0
-17,0,100.0
-17,0,100.0
-17,0,100.0
-16,0,166.48416756777226
-16,0,100.0
-16,0,136.49624617174712
-16,1,134.41917981369116
-16,1,100.0
-16,1,100.0
-15,1,105.85187815687877
-15,1,100.0
-15,1,100.0
-15,2,123.0195536685037
-15,2,138.5956228199643
-15,2,100.0
-15,1,100.0
-15,1,100.0
-15,1,100.0
-14,1,100.0
-14,1,100.0
-14,1,100.0
-15,1,100.0
-15,1,107.00504852393317
-15,1,100.0
-14,1,100.0
-14,1,100.0
-14,1,100.0
-14,2,100.0
-14,2,100.0
-14,2,100.0
-14,3,110.2297457363873
-14,3,100.0
-14,3,100.0
-13,3,130.65569932650754
-13,3,100.0
-13,3,100.0
-13,4,149.1273206131572
-13,4,139.20151336242918
-13,4,100.0
-13,5,100.0
-13,5,100.0
-13,5,141.67436917310295
-12,5,100.0
-12,5,100.0
-12,5,100.0
-12,6,100.0
-12,6,100.0
-12,6,100.0
-12,5,100.0
-12,5,100.0
-12,5,147.68077212982564
-12,6,100.0
-12,6,100.0
-12,6,100.0
-11,6,100.0
-11,6,100.0
-11,6,136.8513437021609
-12,6,100.0
-12,6,100.0
-12,6,100.0
-11,6,100.0
-11,6,100.0
-11,6,100.0
-12,6,100.0
-12,6,100.0
-12,6,100.0
-11,6,100.0
-11,6,140.78088276293764
-11,6,156.81717727124916
-10,6,100.0
-10,6,156.66286632527604
-10,6,100.0
-10,7,100.0
-10,7,151.42977644647843
-10,7,100.0
-10,8,100.0
-10,8,100.0
-10,8,100.0
-11,8,100.0
-11,8,100.0
-11,8,141.27129286924608
-10,8,100.0
-10,8,100.0
-10,8,129.34456439568595
-9,8,100.0
-9,8,141.96574258481505
-9,8,100.0
-9,9,100.0
-9,9,100.0
-9,9,147.09420272335467
-8,9,181.19326642926933
-8,9,100.0
-8,9,153.01413460683497
-7,9,100.0
-7,9,100.0
-7,9,100.0
-6,9,100.0
-6,9,100.0
-6,9,100.0
-5,9,100.0
-5,9,100.0
-5,9,184.27780336704396
-5,10,100.0
-5,10,100.0
-5,10,117.76330347044507
-4,10,100.0
-4,10,100.0
-4,10,100.0
-3,10,144.90594213054288
-3,10,155.76638778924058
-3,10,100.0
-2,10,100.0
-2,10,100.0
-2,10,100.0
-2,9,163.83764009386948
-2,9,100.0
-2,9,100.0
-1,9,100.0
-1,9,167.66506836686338
-1,9,100.0
-1,10,100.0
-1,10,100.0
-1,10,100.0
0,10,100.0
0,10,100.0
0,10,100.0
0,11,100.0
0,11,100.0
0,11,100.0
0,12,100.0
0,12,100.0
0,12,100.0
1,12,100.0
1,12,100.0
1,12,100.0
1,13,100.0
1,13,100.0
1,13,100.0
1,14,100.0
1,14,100.0
1,14,100.0
2,14,100.0
2,14,100.0
2,14,111.50507371469239
2,15,100.0
2,15,100.0
2,15,100.0
2,16,144.3139597098976
2,16,100.0
2,16,145.0342237152878
3,16,100.0
3,16,100.0
3,16,133.1702488177061
3,17,100.0
3,17,100.0
3,17,100.0
3,18,111.50507371469239
3,18,100.0
3,18,100.0
3,19,131.07931563353614
3,19,100.0
3,19,112.58398637534575
3,20,100.0
3,20,122.50215922945449
3,20,100.0
4,20,111.50507371469239
4,20,117.78296831241691
4,20,100.0
5,20,100.0
5,20,100.0
5,20,100.0
6,20,100.0
6,20,100.0
6,20,100.0
7,20,100.0
7,20,100.0
7,20,100.0
8,20,100.0
8,20,105.06140764568208
8,20,134.28977519322382
9,20,100.33972097111274
9,20,111.50507371469239
9,20,100.0
10,20,100.0
10,20,100.0
10,20,100.0
11,20,111.50507371469239
11,20,100.0
11,20,100.0
12,20,100.0
12,20,100.0
12,20,100.0
13,20,111.50507371469239
13,20,100.0
13,20,100.0
12,20,100.0
12,20,100.0
12,20,100.0
13,20,138.69988320845312
13,20,100.0
13,20,100.0
14,20,100.0
14,20,100.0
14,20,100.0
15,20,111.50507371469239
15,20,100.0
15,20,100.0
16,20,100.0
16,20,100.0
16,20,111.50507371469239
17,20,100.0
17,20,111.50507371469239
17,20,100.0
18,20,100.0
18,20,100.33972097111274
18,20,100.0
19,20,100.0
19,20,100.0
19,20,100.0
20,20,100.0
20,20,100.0
20,20,100.0
19,20,111.50507371469239
19,20,100.0
19,20,100.0
18,20,100.0
18,20,100.0
18,20,111.50507371469239
19,20,100.0
19,20,100.0
19,20,100.0
18,20,100.33972097111274
18,20,100.0
18,20,100.0
19,20,100.0
19,20,111.50507371469239
19,20,100.0
18,20,100.0
18,20,100.0
18,20,100.0
17,20,100.0
17,20,100.0
17,20,100.0
16,20,100.0
16,20,100.0
16,20,100.0
15,20,100.0
15,20,133.89129410557473
15,20,100.0
14,20,100.0
14,20,100.0
14,20,100.0
15,20,111.50507371469239
15,20,100.0
15,20,100.0
14,20,100.0
14,20,100.0
14,20,140.91731306711816
15,20,100.0
15,20,100.0
15,20,100.0
14,20,102.36085976690205
14,20,100.0
14,20,111.50507371469239
13,20,100.0
13,20,100.0
13,20,100.0
12,20,100.0
12,20,100.0
12,20,100.0
11,20,100.0
11,20,100.0
11,20,120.50119433891736
10,20,143.55612653527754
10,20,100.0
10,20,100.0
9,20,100.0
9,20,119.42931547450067
9,20,100.0
8,20,100.0
8,20,150.60190419208325
8,20,126.1132734198777
7,20,100.0
7,20,100.0
7,20,100.0
6,20,100.0
6,20,100.0
6,20,111.50507371469239
5,20,100.0
5,20,100.0
5,20,100.0
4,20,100.0
4,20,118.51123610389321
4,20,100.0
3,20,128.16411475177304
3,20,151.14499638861702
3,20,100.0
2,20,100.0
2,20,100.0
2,20,100.0
3,20,100.0
3,20,100.0
3,20,130.94003302187173
2,20,100.0
2,20,100.0
2,20,100.0
3,20,100.0
3,20,100.0
3,20,115.93717845172587
4,20,100.0
4,20,111.50507371469239
4,20,100.0
3,20,100.0
3,20,100.0
3,20,100.0
