5,8,386.9512187376251
6,8,446.2919744320062
6,8,218.54130623254582
7,8,242.62761992223074
7,8,200.0
8,8,263.03944935558656
8,8,258.64245797516327
7,8,346.36656776172987
7,8,272.2917904043271
7,9,304.32308098908334
7,9,297.60383658676005
6,9,320.12464672998294
6,9,275.81053818491745
5,9,274.957314448182
5,9,261.75143120625575
4,9,287.78635416017744
4,9,412.6677652749552
4,10,315.81744468140926
4,10,310.00462929283617
4,11,200.0
4,11,302.614115514507
3,11,312.96861687721514
3,11,291.69206829764744
3,12,402.3035678504378
3,12,353.4641227139711
3,11,333.19570529809783
3,11,389.0593284678446
2,11,339.746231797302
2,11,390.60296684322805
1,11,200.0
1,11,329.0270315600153
1,10,323.3888726676243
1,10,200.0
0,10,227.43606757528227
0,10,279.4035166561425
-1,10,265.4114267868754
-1,10,323.1817386558417
-2,10,303.54197420129935
-2,10,385.70249924735623
-2,11,364.3849536141362
-2,11,200.0
-3,11,348.2931553366469
-3,11,270.89252268021124
-2,11,265.7564631437072
-2,11,267.9935611709318
-3,11,355.8883816669442
-3,11,422.6700888884469
-3,12,244.32499066394922
-3,12,225.99283495783962
-4,12,348.27687739150497
-4,12,282.011796232546
-5,12,258.09794870295366
-5,12,240.21474570310232
-6,12,361.300868671457
-6,12,282.8954086416481
-6,13,274.7397919814276
-6,13,200.0
-7,13,299.45232143222336
-7,13,214.19731257732252
-8,13,277.7255416265013
-8,13,298.5820402636013
-9,13,228.93623427372253
-9,13,233.70515653360272
-9,14,386.50922835290953
-9,14,242.7087330089571
-9,15,316.3402261431313
-9,15,257.0922641845124
-10,15,200.0
-10,15,284.51917811669057
-11,15,330.60879893467745
-11,15,248.73260543684242
-12,15,222.57264346016922
-12,15,214.19731257732252
-12,16,214.19731257732252
-12,16,245.94336606007732
-13,16,293.2374337064417
-13,16,214.19731257732252
-14,16,214.19731257732252
-14,16,259.4267888309736
-14,17,226.5103838230135
-14,17,222.57264346016922
-15,17,222.57264346016922
-15,17,225.99283495783962
-16,17,214.19731257732252
-16,17,222.57264346016922
-17,17,222.57264346016922
-17,17,247.80432059541167
-17,18,225.99283495783962
-17,18,214.19731257732252
-18,18,200.0
-18,18,225.99283495783962
-18,17,222.57264346016922
-18,17,214.19731257732252
-18,16,271.5009016746844
-18,16,214.19731257732252
-19,16,224.5286079146214
-19,16,262.0194170252267
-19,15,269.4408429274429
-19,15,216.28625323629572
-19,16,288.3174613332476
-19,16,240.72684504280556
-20,16,249.40241386899868
-20,16,214.19731257732252
-20,17,252.08241430938872
-20,17,214.19731257732252
-20,18,252.2656140004995
-20,18,225.99283495783962
-20,17,222.57264346016922
-20,17,258.432435582231
-20,18,200.0
-20,18,200.0
-20,19,225.99283495783962
-20,19,306.42466707513233
-20,20,214.19731257732252
-20,20,214.19731257732252
-19,20,309.5010461525682
-19,20,225.99283495783962
-20,20,222.57264346016922
-20,20,222.57264346016922
-19,20,214.19731257732252
-19,20,222.57264346016922
-20,20,225.99283495783962
-20,20,214.19731257732252
-19,20,214.19731257732252
-19,20,214.19731257732252
-19,19,222.57264346016922
-19,19,275.32971983285944
-19,18,214.19731257732252
-19,18,214.19731257732252
-18,18,214.19731257732252
-18,18,225.99283495783962
-17,18,222.57264346016922
-17,18,311.6794834159204
-17,17,256.4839593951623
-17,17,200.0
-16,17,222.57264346016922
-16,17,214.19731257732252
-15,17,221.63148469550435
-15,17,222.57264346016922
-15,16,343.5921483365232
-15,16,214.19731257732252
-15,15,222.57264346016922
-15,15,348.077550818868
-15,16,225.99283495783962
-15,16,251.1489340035979
-15,15,200.0
-15,15,214.19731257732252
-15,16,222.57264346016922
-15,16,214.19731257732252
-14,16,236.33468126235465
-14,16,323.40034209613833
-14,15,225.99283495783962
-14,15,295.99876478410755
-13,15,275.7392438170303
-13,15,222.57264346016922
-13,16,286.4525958526386
-13,16,232.1360707093132
-12,16,224.2714028413968
-12,16,232.18818567628017
-12,15,223.9792847634807
-12,15,235.78691327210845
-13,15,227.5623751795611
-13,15,248.8259066358478
-13,14,258.15375091875114
-13,14,331.5630697130514
-13,13,305.3447718142546
-13,13,296.8165896948866
-12,13,329.6759243336542
-12,13,329.7569565585859
-11,13,397.2078714116286
-11,13,231.20917688921193
-10,13,246.9797598322259
-10,13,312.06754823950735
-10,12,320.7684034610046
-10,12,230.28860043975862
-9,12,280.6193323675333
-9,12,249.79244361329606
-9,11,363.9611087450665
-9,11,319.3562758128613
-8,11,285.0129855856751
-8,11,232.73887084062045
-8,10,261.1025190038822
-8,10,255.38857062076949
-8,11,224.17508645297204
-8,11,234.27657119126502
-9,11,246.57043789722022
-9,11,308.60182582206255
-9,10,332.38325536273084
-9,10,335.2219518900385
-8,10,320.843422850388
-8,10,354.7508083941249
-7,10,268.26171956621175
-7,10,287.7016098360688
-7,9,248.72407757331118
-7,9,316.1505192065207
-7,8,334.2819669950299
-7,8,287.79627173664386
-7,7,326.6652181298139
-7,7,333.6848473898532
-7,6,426.567195587485
-7,6,437.545117901824
-7,5,324.8965821532559
-7,5,325.1781038499804
-7,4,486.52818095878104
-7,4,284.57391045205384
-6,4,379.36538201278313
-6,4,310.45442963686855
-6,3,403.25381826070236
-6,3,362.99589305844773
-5,3,362.93313683431
-5,3,287.6076784751784
-4,3,391.81234512342985
-4,3,372.4906508877271
-3,3,200.0
-3,3,332.2384665749467
-3,2,377.6491824463477
-3,2,339.82594640157566
-3,1,391.02433246971793
-3,1,323.71693292182533
-3,0,285.2847828694241
-3,0,402.4959945116785
-3,-1,467.75081206412307
-3,-1,456.3903637274897
-3,-2,361.7524368916438
-3,-2,302.9899541453046
-2,-2,483.5320221538853
-2,-2,425.5542834838253
-2,-3,407.81461761395565
-2,-3,420.82965556025357
-2,-4,401.3557815462445
-2,-4,405.86480259139887
-2,-5,361.3797029835811
-2,-5,287.50754818294683
-1,-5,281.56444163776007
-1,-5,421.8617424728452
0,-5,305.49041086890475
0,-5,392.5931270533692
0,-6,361.75638034329756
0,-6,330.63202970308214
0,-7,357.3455252990997
0,-7,307.114630904927
1,-7,342.4292640971513
1,-7,371.2135604393225
2,-7,373.61199229696047
2,-7,270.4175636942699
3,-7,200.0
3,-7,398.72484505969146
3,-6,379.19042791055534
3,-6,379.703809267747
3,-7,310.75292595168884
