11,-20,100.0
11,-20,100.0
11,-19,100.0
11,-19,100.0
11,-19,100.0
11,-20,131.85545526165222
11,-20,100.0
11,-20,114.56497301656904
10,-20,100.0
10,-20,167.82956274240115
10,-20,118.17622102929018
9,-20,100.0
9,-20,100.0
9,-20,111.50507371469239
8,-20,100.0
8,-20,100.0
8,-20,100.0
8,-19,100.0
8,-19,100.0
8,-19,100.0
8,-18,100.0
8,-18,100.0
8,-18,100.0
8,-17,100.0
8,-17,112.13583809993432
8,-17,100.0
7,-17,100.0
7,-17,100.0
7,-17,123.19521323082142
7,-18,131.65187309230237
7,-18,100.0
7,-18,100.0
6,-18,100.0
6,-18,100.0
6,-18,100.0
5,-18,100.0
5,-18,127.33346103458216
5,-18,100.0
4,-18,100.0
4,-18,100.0
4,-18,100.0
3,-18,150.48239798382517
3,-18,133.07652583109524
3,-18,100.0
3,-17,100.0
3,-17,100.0
3,-17,100.0
2,-17,100.0
2,-17,100.0
2,-17,100.0
2,-18,100.0
2,-18,111.50507371469239
2,-18,125.46172362103188
2,-17,100.0
2,-17,100.0
2,-17,100.0
2,-16,100.0
2,-16,100.0
2,-16,100.0
1,-16,100.0
1,-16,100.0
1,-16,100.0
1,-15,100.0
1,-15,100.0
1,-15,162.6741434475149
0,-15,100.0
0,-15,100.0
0,-15,100.0
-1,-15,100.0
-1,-15,165.31980686159156
-1,-15,100.0
-1,-14,100.0
-1,-14,100.0
-1,-14,100.0
-1,-13,100.0
-1,-13,100.0
-1,-13,100.0
-1,-12,100.0
-1,-12,154.09734274215538
-1,-12,100.0
-2,-12,164.05978872191935
-2,-12,100.0
-2,-12,143.5540386993792
-3,-12,100.0
-3,-12,100.0
-3,-12,100.0
-3,-11,100.0
-3,-11,100.0
-3,-11,100.0
-4,-11,100.0
-4,-11,100.0
-4,-11,100.0
-4,-10,150.78952148373753
-4,-10,190.30946116877612
-4,-10,100.0
-5,-10,100.0
-5,-10,100.0
-5,-10,100.0
-5,-9,100.0
-5,-9,100.0
-5,-9,156.90572079596956
-5,-8,100.0
-5,-8,100.0
-5,-8,100.0
-5,-7,100.0
-5,-7,100.0
-5,-7,100.0
-5,-6,100.0
-5,-6,106.05361205483575
-5,-6,100.0
-4,-6,100.0
-4,-6,100.0
-4,-6,100.0
-4,-5,100.0
-4,-5,100.0
-4,-5,100.0
-5,-5,108.92896150120637
-5,-5,100.0
-5,-5,100.0
-6,-5,174.74083201253148
-6,-5,115.51746240803061
-6,-5,100.0
-7,-5,100.0
-7,-5,100.0
-7,-5,149.9449805234445
-8,-5,174.42445067365958
-8,-5,100.0
-8,-5,173.2063128521039
-7,-5,121.47849158532577
-7,-5,100.0
-7,-5,204.92846084586475
-8,-5,100.0
-8,-5,100.0
-8,-5,100.0
-9,-5,100.0
-9,-5,100.0
-9,-5,100.0
-9,-4,100.0
-9,-4,100.0
-9,-4,210.76895810576525
-10,-4,100.0
-10,-4,100.0
-10,-4,100.0
-11,-4,100.0
-11,-4,100.0
-11,-4,100.0
-11,-3,168.96589773884688
-11,-3,180.67735511670452
-11,-3,100.0
-11,-2,100.0
-11,-2,132.2035643110879
-11,-2,191.2649597128455
-12,-2,100.0
-12,-2,100.0
-12,-2,100.0
-13,-2,100.0
-13,-2,161.64876023555286
-13,-2,100.0
-14,-2,100.0
-14,-2,111.50507371469239
-14,-2,100.0
-14,-3,100.0
-14,-3,100.0
-14,-3,111.50507371469239
-15,-3,100.0
-15,-3,100.0
-15,-3,173.58531819523546
-15,-4,100.0
-15,-4,100.0
-15,-4,100.0
-15,-3,100.0
-15,-3,100.33972097111274
-15,-3,143.429771671703
-15,-2,100.0
-15,-2,100.0
-15,-2,100.0
-15,-1,100.0
-15,-1,100.0
-15,-1,145.25491838004376
-16,-1,100.0
-16,-1,100.0
-16,-1,146.95426996533283
-16,0,100.0
-16,0,100.0
-16,0,186.31249545251117
-17,0,122.85309384665963
-17,0,100.0
-17,0,100.33972097111274
-16,0,100.0
-16,0,153.19967202499276
-16,0,100.0
-16,1,100.0
-16,1,129.0282024375689
-16,1,159.07657782117138
-15,1,111.50507371469239
-15,1,100.0
-15,1,100.0
-15,2,100.0
-15,2,100.0
-15,2,146.79306201985256
-15,1,100.0
-15,1,100.0
-15,1,113.11319881291998
-14,1,100.0
-14,1,100.0
-14,1,112.86870190643323
-15,1,157.92773679212766
-15,1,100.0
-15,1,100.0
-14,1,100.0
-14,1,100.0
-14,1,158.45204090000772
-14,2,100.0
-14,2,100.0
-14,2,143.65189425444845
-14,3,100.0
-14,3,100.0
-14,3,119.17922113013051
-13,3,100.0
-13,3,100.0
-13,3,160.27371239040664
-13,4,100.0
-13,4,100.0
-13,4,100.0
-13,5,100.0
-13,5,100.0
-13,5,197.0164616287917
-12,5,100.0
-12,5,100.0
-12,5,100.0
-12,6,100.0
-12,6,100.0
-12,6,100.0
-12,5,100.0
-12,5,100.0
-12,5,100.0
-12,6,100.0
-12,6,100.0
-12,6,100.0
-11,6,100.0
-11,6,100.0
-11,6,100.33972097111274
-12,6,100.0
-12,6,100.0
-12,6,100.0
-11,6,141.49976000723444
-11,6,100.0
-11,6,100.0
-12,6,100.0
-12,6,100.0
-12,6,169.53660445240055
-11,6,100.0
-11,6,170.17215940722298
-11,6,100.0
-10,6,100.0
-10,6,100.0
-10,6,100.0
-10,7,100.0
-10,7,100.0
-10,7,100.0
-10,8,100.0
-10,8,100.0
-10,8,164.69563602623134
-11,8,146.09799745756635
-11,8,146.56292277587426
-11,8,100.0
-10,8,100.0
-10,8,154.84201159334023
-10,8,100.0
-9,8,100.0
-9,8,157.04272679562538
-9,8,149.3211232029299
-9,9,100.0
-9,9,100.0
-9,9,100.0
-8,9,100.0
-8,9,100.0
-8,9,100.0
-7,9,100.0
-7,9,152.5757615124166
-7,9,100.0
-6,9,100.0
-6,9,156.70839827127986
-6,9,100.0
-5,9,100.0
-5,9,167.31165970231558
-5,9,156.82220874187013
-5,10,100.0
-5,10,214.49432763416345
-5,10,100.0
-4,10,100.0
-4,10,100.0
-4,10,100.0
-3,10,119.9991124797132
-3,10,100.0
-3,10,100.0
-2,10,164.69106459826162
-2,10,100.0
-2,10,100.0
-2,9,100.0
-2,9,100.0
-2,9,100.0
-1,9,100.0
-1,9,130.80071779437472
-1,9,197.15651718123556
-1,10,100.0
-1,10,100.0
-1,10,100.0
0,10,100.0
0,10,100.0
0,10,100.0
0,11,100.0
0,11,100.0
0,11,151.00582931140886
0,12,100.0
0,12,100.0
0,12,100.0
1,12,130.79126731037144
1,12,100.0
1,12,100.0
1,13,100.0
1,13,100.0
1,13,133.31213610900795
1,14,138.465573912431
1,14,100.0
1,14,100.0
2,14,100.0
2,14,100.0
2,14,110.62341506269837
2,15,174.41515177471913
2,15,100.0
2,15,151.5062610451815
2,16,100.0
2,16,100.0
2,16,100.0
3,16,100.0
3,16,166.27186228598558
3,16,131.45717291598706
3,17,100.0
3,17,100.0
3,17,100.0
3,18,100.0
3,18,100.0
3,18,100.0
3,19,100.0
3,19,100.0
3,19,100.0
3,20,100.0
3,20,100.0
3,20,100.0
4,20,100.0
4,20,100.0
4,20,111.50507371469239
5,20,100.0
5,20,100.0
5,20,129.0577222575259
6,20,100.0
6,20,100.0
6,20,100.0
7,20,100.0
7,20,100.0
7,20,132.83816104009
8,20,100.0
8,20,100.0
8,20,100.0
9,20,100.0
9,20,100.0
9,20,100.0
10,20,111.50507371469239
10,20,100.0
10,20,111.87299183607922
11,20,100.0
11,20,111.50507371469239
11,20,100.0
12,20,100.0
12,20,100.0
12,20,100.0
13,20,111.50507371469239
13,20,100.0
13,20,100.0
12,20,135.97919599299902
12,20,100.0
12,20,100.0
13,20,100.0
13,20,100.0
13,20,100.0
14,20,100.0
14,20,128.90146780560423
14,20,100.0
15,20,100.0
15,20,100.0
15,20,100.0
16,20,100.0
16,20,100.0
16,20,100.0
17,20,111.50507371469239
17,20,100.0
17,20,100.0
18,20,100.0
18,20,100.33972097111274
18,20,100.0
19,20,100.0
19,20,100.0
19,20,111.50507371469239
20,20,100.0
20,20,100.0
20,20,100.0
19,20,100.0
19,20,100.0
19,20,100.0
18,20,137.3685851663312
18,20,100.0
18,20,111.50507371469239
19,20,100.0
19,20,100.0
19,20,100.0
18,20,100.0
18,20,100.0
18,20,100.0
19,20,100.0
19,20,100.0
19,20,100.0
18,20,100.0
18,20,100.0
18,20,111.50507371469239
17,20,100.0
17,20,151.4413430441775
17,20,100.33972097111274
16,20,100.0
16,20,100.0
16,20,100.0
15,20,100.0
15,20,100.0
15,20,160.65835869513373
14,20,100.0
14,20,100.0
14,20,100.0
15,20,114.91068590109322
15,20,100.0
15,20,111.50507371469239
14,20,100.33972097111274
14,20,100.0
14,20,100.0
15,20,100.0
15,20,100.0
15,20,100.0
14,20,100.0
14,20,100.0
14,20,100.0
13,20,100.0
13,20,100.0
13,20,100.0
12,20,100.0
12,20,111.50507371469239
12,20,100.0
11,20,100.0
11,20,100.33972097111274
11,20,111.50507371469239
10,20,100.0
10,20,100.33972097111274
10,20,100.0
9,20,100.0
9,20,172.35341110695964
9,20,100.0
8,20,180.1871549946828
8,20,100.0
8,20,111.50507371469239
7,20,100.0
7,20,111.50507371469239
7,20,100.33972097111274
6,20,112.87826025120641
6,20,100.0
6,20,100.0
5,20,100.0
5,20,100.0
5,20,100.0
4,20,137.93132201462186
4,20,100.0
4,20,100.33972097111274
3,20,100.0
3,20,100.0
3,20,100.0
2,20,147.18262764203877
2,20,100.0
2,20,100.0
3,20,111.50507371469239
3,20,100.0
3,20,100.0
2,20,100.0
2,20,100.0
2,20,100.0
3,20,126.55594204649118
3,20,100.0
3,20,100.0
4,20,171.4550328330845
4,20,111.50507371469239
4,20,100.0
3,20,100.0
3,20,100.0
3,20,126.88971242488509
