5,8,348.2765990932473
6,8,332.26798261719
6,8,292.8817554571367
7,8,353.25326706719756
7,8,385.2017224821219
8,8,214.19731257732252
8,8,343.9368474061808
7,8,273.26860312091765
7,8,335.4936968767512
7,9,374.5276906222442
7,9,214.19731257732252
6,9,267.0506416204747
6,9,268.01108368618986
5,9,275.22670062491534
5,9,315.06880323037507
4,9,331.8372792016901
4,9,472.3027682635759
4,10,294.13723954577966
4,10,313.77496457649886
4,11,370.47671115369974
4,11,240.06139115141048
3,11,270.8898275158162
3,11,246.29311213222036
3,12,336.3732501786351
3,12,308.5823421203268
3,11,242.9382824237901
3,11,353.5053187983596
2,11,359.5175213199416
2,11,225.03914031912385
1,11,376.1580549753039
1,11,305.56897533902696
1,10,200.0
1,10,225.99283495783962
0,10,310.847710746799
0,10,306.7752942802197
-1,10,342.12207059604907
-1,10,373.0208378920368
-2,10,298.3105655358774
-2,10,282.82036201567286
-2,11,281.40879084909614
-2,11,416.0785501917644
-3,11,340.32072978764836
-3,11,273.9209679598522
-2,11,453.9533305363317
-2,11,309.0990382340033
-3,11,275.5861300486497
-3,11,379.97207366122825
-3,12,339.243135135182
-3,12,388.34833648377906
-4,12,362.4057644908921
-4,12,214.97300085245178
-5,12,303.57467208658676
-5,12,291.65939874313773
-6,12,262.12308532207237
-6,12,348.1348336411341
-6,13,237.21649132404605
-6,13,327.7324012001557
-7,13,319.18894976701336
-7,13,254.2612703792846
-8,13,225.99283495783962
-8,13,274.7169277914438
-9,13,333.88919950715945
-9,13,257.19132302767923
-9,14,214.19731257732252
-9,14,214.19731257732252
-9,15,317.2539652451025
-9,15,285.3697449841562
-10,15,224.72354268799208
-10,15,259.3541558155821
-11,15,214.19731257732252
-11,15,253.6527141962072
-12,15,214.19731257732252
-12,15,214.19731257732252
-12,16,236.01684038051698
-12,16,261.6135417178186
-13,16,235.39957907580958
-13,16,256.08655862856466
-14,16,252.18500330105712
-14,16,237.3365546408963
-14,17,246.39874148185746
-14,17,276.78189163660545
-15,17,222.57264346016922
-15,17,259.4650514879994
-16,17,214.19731257732252
-16,17,200.0
-17,17,222.57264346016922
-17,17,214.19731257732252
-17,18,222.57264346016922
-17,18,214.19731257732252
-18,18,222.57264346016922
-18,18,225.99283495783962
-18,17,214.19731257732252
-18,17,214.19731257732252
-18,16,282.0672814707025
-18,16,222.57264346016922
-19,16,236.5629641216477
-19,16,214.19731257732252
-19,15,270.3959709134174
-19,15,223.06952253165565
-19,16,225.99283495783962
-19,16,225.99283495783962
-20,16,200.0
-20,16,214.19731257732252
-20,17,310.05715573022565
-20,17,288.67796058464853
-20,18,225.99283495783962
-20,18,225.99283495783962
-20,17,222.57264346016922
-20,17,228.6205140766172
-20,18,245.21810367305923
-20,18,222.57264346016922
-20,19,267.6110650783079
-20,19,300.67042089314106
-20,20,222.57264346016922
-20,20,214.19731257732252
-19,20,214.19731257732252
-19,20,222.57264346016922
-20,20,251.00861544170326
-20,20,222.57264346016922
-19,20,200.0
-19,20,243.0409462188869
-20,20,214.19731257732252
-20,20,214.19731257732252
-19,20,274.9119806631024
-19,20,214.19731257732252
-19,19,251.69371452415072
-19,19,224.7484427271925
-19,18,214.19731257732252
-19,18,245.21399028298788
-18,18,225.99283495783962
-18,18,274.8357225392949
-17,18,200.0
-17,18,222.57264346016922
-17,17,225.99283495783962
-17,17,222.57264346016922
-16,17,214.19731257732252
-16,17,264.7505333277277
-15,17,214.19731257732252
-15,17,225.99283495783962
-15,16,200.0
-15,16,265.3703695679365
-15,15,225.99283495783962
-15,15,214.19731257732252
-15,16,225.26898718929044
-15,16,222.57264346016922
-15,15,271.11342001951476
-15,15,214.19731257732252
-15,16,225.99283495783962
-15,16,265.56165077957706
-14,16,239.78009278161565
-14,16,248.66419452556764
-14,15,200.0
-14,15,240.20017426333607
-13,15,360.8688030585844
-13,15,200.0
-13,16,230.16251950999322
-13,16,299.41103245825605
-12,16,318.4260484072614
-12,16,214.19731257732252
-12,15,269.0405134929965
-12,15,214.19731257732252
-13,15,299.47967913529766
-13,15,217.71439880642086
-13,14,258.2563894081236
-13,14,200.0
-13,13,235.35664583796907
-13,13,400.88509828439044
-12,13,290.9236356064927
-12,13,324.66820355436795
-11,13,265.17788891499055
-11,13,240.00581246056154
-10,13,222.57264346016922
-10,13,322.52451853243474
-10,12,337.38213733510975
-10,12,262.94767997441784
-9,12,394.0169058845164
-9,12,231.0234628379616
-9,11,225.99283495783962
-9,11,214.19731257732252
-8,11,293.58452470443825
-8,11,312.95470360164603
-8,10,322.6621864366669
-8,10,369.5954173660542
-8,11,300.79543359009534
-8,11,231.50466778555972
-9,11,241.99130351202626
-9,11,249.35359970311282
-9,10,278.90347995345525
-9,10,307.5772574339296
-8,10,354.78891230748354
-8,10,320.57518369272003
-7,10,290.9291108924903
-7,10,391.3527663098371
-7,9,229.88331362242218
-7,9,347.0471398034249
-7,8,342.3456186865796
-7,8,330.26166270729635
-7,7,347.35624910009267
-7,7,274.474854826927
-7,6,360.54556436989486
-7,6,331.18875880308616
-7,5,329.3518906839832
-7,5,290.5035182707921
-7,4,349.5323171550084
-7,4,399.7883711282194
-6,4,376.24129955549245
-6,4,345.9949312818271
-6,3,374.66432556829665
-6,3,397.9536780445327
-5,3,403.2735350603025
-5,3,310.7685382418199
-4,3,400.0025723709817
-4,3,325.06678501814207
-3,3,413.4509169853025
-3,3,283.6758978206903
-3,2,392.4987235857845
-3,2,393.5715607423995
-3,1,478.08753901449813
-3,1,362.2425757199554
-3,0,336.78039438910866
-3,0,397.9742037376975
-3,-1,423.8541831306257
-3,-1,305.03745589883516
-3,-2,391.8107664440187
-3,-2,402.8645182870921
-2,-2,326.39428771743303
-2,-2,387.79753702416525
-2,-3,429.0292989409657
-2,-3,374.66540521460763
-2,-4,423.72215811891726
-2,-4,460.5431101188931
-2,-5,380.69244507611756
-2,-5,426.1784843907914
-1,-5,417.5063514966794
-1,-5,409.6481462109101
0,-5,308.50647928703074
0,-5,381.4672609983386
0,-6,315.0545453137351
0,-6,423.73847731880113
0,-7,318.94476505940224
0,-7,358.05469843397634
1,-7,350.94313633744304
1,-7,364.5832357646081
2,-7,350.7768340203267
2,-7,253.81883092694602
3,-7,357.7888035662084
3,-7,309.5035934171721
3,-6,322.5593372615478
3,-6,446.43456886250374
3,-7,379.5673208743487
