5,8,405.3095785398343
6,8,371.45999900345845
6,8,281.30546445966263
7,8,255.36195019762067
7,8,252.9099375744373
8,8,289.0873946920538
8,8,368.04103016948267
7,8,285.00134938710715
7,8,320.6937212506076
7,9,250.13693668636455
7,9,322.8145603646152
6,9,365.5491858221817
6,9,247.86945227054326
5,9,200.0
5,9,222.57264346016922
4,9,310.6118914388089
4,9,255.33442297692966
4,10,339.2422727892553
4,10,306.33582123436855
4,11,275.1628077589654
4,11,324.05391663465366
3,11,286.30532639367823
3,11,325.104631794794
3,12,274.1117949964817
3,12,258.60183096188536
3,11,354.9788855403472
3,11,417.7088995354043
2,11,296.76289398911723
2,11,304.49324551151585
1,11,309.0169078349806
1,11,230.52655327858236
1,10,307.37524125717033
1,10,280.0470870063816
0,10,302.90236356679685
0,10,306.7170446137201
-1,10,317.47874001526344
-1,10,308.31979931193337
-2,10,339.9127052053441
-2,10,288.03148419776926
-2,11,275.98296932474454
-2,11,363.5721387771972
-3,11,250.66520057445655
-3,11,306.90122107373054
-2,11,267.52408814546476
-2,11,301.8946244201871
-3,11,291.04670673759676
-3,11,395.5035627051869
-3,12,376.12190438382964
-3,12,200.79273137839806
-4,12,265.698464093732
-4,12,330.07623627702435
-5,12,282.22499365417866
-5,12,255.17617982874677
-6,12,266.3545720780746
-6,12,289.60316961694133
-6,13,226.81819093713466
-6,13,313.56687012826126
-7,13,266.7161565734713
-7,13,284.637272098994
-8,13,264.8977717550527
-8,13,268.3499272515758
-9,13,272.4101742621868
-9,13,295.2494920519866
-9,14,265.3331083338035
-9,14,245.18644530333694
-9,15,320.02227257895754
-9,15,228.14251532043917
-10,15,365.5037884961608
-10,15,253.654152563468
-11,15,225.99283495783962
-11,15,277.8081622962234
-12,15,236.06531717293288
-12,15,405.0854910444531
-12,16,222.57264346016922
-12,16,339.81651792319576
-13,16,214.19731257732252
-13,16,292.84271045344565
-14,16,328.087864890402
-14,16,214.19731257732252
-14,17,313.20795924973805
-14,17,288.8310968166466
-15,17,244.82771762942457
-15,17,226.66561081623402
-16,17,200.0
-16,17,222.57264346016922
-17,17,222.57264346016922
-17,17,214.19731257732252
-17,18,225.99283495783962
-17,18,214.19731257732252
-18,18,237.80847351503468
-18,18,294.74871661779554
-18,17,200.0
-18,17,200.0
-18,16,270.4060871300636
-18,16,214.19731257732252
-19,16,250.25841027825808
-19,16,248.11454141270033
-19,15,214.19731257732252
-19,15,226.31341013988208
-19,16,218.3169046160367
-19,16,222.57264346016922
-20,16,222.57264346016922
-20,16,225.99283495783962
-20,17,239.77346529595744
-20,17,222.57264346016922
-20,18,376.51632847453965
-20,18,222.57264346016922
-20,17,240.80303904712633
-20,17,227.43904099555982
-20,18,214.19731257732252
-20,18,214.19731257732252
-20,19,238.67878931380454
-20,19,225.99283495783962
-20,20,222.57264346016922
-20,20,214.19731257732252
-19,20,214.19731257732252
-19,20,214.19731257732252
-20,20,214.19731257732252
-20,20,222.57264346016922
-19,20,222.57264346016922
-19,20,222.57264346016922
-20,20,225.99283495783962
-20,20,263.4215223032372
-19,20,214.19731257732252
-19,20,214.19731257732252
-19,19,225.99283495783962
-19,19,222.57264346016922
-19,18,214.80085857395505
-19,18,222.57264346016922
-18,18,214.19731257732252
-18,18,222.57264346016922
-17,18,283.82462391397655
-17,18,315.8219570334915
-17,17,222.57264346016922
-17,17,298.62984430127517
-16,17,228.14143581341241
-16,17,223.79240368786026
-15,17,254.39330845956744
-15,17,222.57264346016922
-15,16,242.01821861826437
-15,16,219.93400353077178
-15,15,225.99283495783962
-15,15,214.19731257732252
-15,16,284.70718536388614
-15,16,236.50260527712172
-15,15,225.99283495783962
-15,15,289.08428626686725
-15,16,214.19731257732252
-15,16,214.19731257732252
-14,16,214.19731257732252
-14,16,214.19731257732252
-14,15,225.99283495783962
-14,15,251.2048444849468
-13,15,222.57264346016922
-13,15,325.47283817426006
-13,16,234.89095662337633
-13,16,214.19731257732252
-12,16,200.0
-12,16,222.57264346016922
-12,15,317.2252628945205
-12,15,237.98101497733282
-13,15,260.6323806764176
-13,15,214.19731257732252
-13,14,289.7792843065411
-13,14,251.9882279246443
-13,13,238.34632994177556
-13,13,242.90544179787435
-12,13,247.04874674393022
-12,13,379.6723994238264
-11,13,261.0402297621164
-11,13,235.53103954181785
-10,13,237.31373317238518
-10,13,298.8834730151502
-10,12,222.57264346016922
-10,12,224.7244688209198
-9,12,200.0
-9,12,259.49054005627636
-9,11,370.96928582360124
-9,11,238.30332950536337
-8,11,261.00030448221827
-8,11,310.57868034135777
-8,10,214.19731257732252
-8,10,246.2110205584472
-8,11,320.3656664899105
-8,11,347.42076140720326
-9,11,246.7280272738083
-9,11,260.88530339804413
-9,10,429.38976058311766
-9,10,372.7730682033301
-8,10,343.970186081761
-8,10,200.0
-7,10,225.99283495783962
-7,10,225.99283495783962
-7,9,259.0794346273904
-7,9,394.1784611055154
-7,8,347.68331352339106
-7,8,323.1809086441396
-7,7,349.79981011857876
-7,7,285.8947875073442
-7,6,338.1257510033509
-7,6,264.18369160765724
-7,5,433.20308966425983
-7,5,321.7348643913548
-7,4,425.9519594448922
-7,4,266.21651939841274
-6,4,375.48214918700364
-6,4,383.67747522228433
-6,3,352.56026140426513
-6,3,326.41214385432266
-5,3,399.0222654986225
-5,3,388.7443679274581
-4,3,488.0446557681849
-4,3,269.0279693320056
-3,3,410.9425826131589
-3,3,417.1127248887208
-3,2,399.79242267113864
-3,2,339.6225948725295
-3,1,325.2308821284681
-3,1,339.8625591609766
-3,0,409.9855206140588
-3,0,375.5606548264885
-3,-1,459.10489696713614
-3,-1,417.4420020857859
-3,-2,315.913711022777
-3,-2,381.09805606800984
-2,-2,324.7696827814497
-2,-2,417.86507375493505
-2,-3,363.3741289331581
-2,-3,432.75075185263535
-2,-4,392.6472479950831
-2,-4,367.946956452928
-2,-5,384.67052638189745
-2,-5,303.86887574929784
-1,-5,329.73971861711703
-1,-5,321.9818405065002
0,-5,387.24382613979583
0,-5,401.9293985995133
0,-6,368.4968771459314
0,-6,263.15254069188654
0,-7,387.44564319881556
0,-7,402.5280335120347
1,-7,432.39696254903913
1,-7,253.51262546171245
2,-7,339.4159123545521
2,-7,365.77186185829925
3,-7,393.03998816327135
3,-7,369.38125471714284
3,-6,319.60831392677244
3,-6,316.7042366218152
3,-7,371.6054338424805
