11,-20,219.4865954436911
11,-19,294.4130715613261
11,-19,255.92081556179772
11,-20,256.19560012796603
11,-20,340.0575197153136
10,-20,256.79075761484205
10,-20,232.7642075228808
9,-20,326.7956294373198
9,-20,350.6215882181108
8,-20,248.73833913129883
8,-20,267.6896082553735
8,-19,242.45083073500152
8,-19,207.9487999585217
8,-18,362.4311725508097
8,-18,207.66472661697875
8,-17,336.4929331246416
8,-17,207.9487999585217
7,-17,308.8429566370092
7,-17,322.495084604043
7,-18,281.35084285472743
7,-18,419.70718015226345
6,-18,329.7612098780677
6,-18,207.66472661697875
5,-18,467.63723334988174
5,-18,242.99653152934653
4,-18,227.4419159519868
4,-18,220.37739880567645
3,-18,258.19137435597804
3,-18,331.6867591103316
3,-17,410.7325406976937
3,-17,260.4515367280884
2,-17,278.00485679459445
2,-17,282.06850990579613
2,-18,401.1383517219888
2,-18,365.26772126881247
2,-17,264.0041183803054
2,-17,273.6483105046819
2,-16,225.71389210041548
2,-16,229.69366907958013
1,-16,233.37685533386986
1,-16,347.88505842303664
1,-15,242.99653152934653
1,-15,225.84185175011896
0,-15,289.95588956611994
0,-15,207.66472661697875
-1,-15,271.75306538190387
-1,-15,233.03451108876595
-1,-14,433.54114326239744
-1,-14,338.07919647575204
-1,-13,428.2012197106839
-1,-13,353.0814473310782
-1,-12,276.6653351965158
-1,-12,382.6486331727175
-2,-12,357.74605027916385
-2,-12,240.46073670313348
-3,-12,290.79217379874746
-3,-12,325.08369033724097
-3,-11,355.3403898687314
-3,-11,286.833570389149
-4,-11,423.5006766014253
-4,-11,325.2608809416607
-4,-10,406.07048237135444
-4,-10,418.1858247425378
-5,-10,271.5900628080472
-5,-10,330.31206188780277
-5,-9,291.5168606479688
-5,-9,300.9050660700218
-5,-8,333.09911027441893
-5,-8,278.0920807553253
-5,-7,321.2919481690892
-5,-7,295.69939564591385
-5,-6,356.59201211112617
-5,-6,339.381121379116
-4,-6,277.8162046843434
-4,-6,437.44759023796604
-4,-5,423.67704065068665
-4,-5,335.16701711212795
-5,-5,411.3227968245137
-5,-5,357.03113402033836
-6,-5,377.9660666114151
-6,-5,314.870264252178
-7,-5,292.1950610023798
-7,-5,335.08098535135645
-8,-5,353.45526815987995
-8,-5,314.68945571994055
-7,-5,383.66571356569114
-7,-5,200.0
-8,-5,365.9406480058312
-8,-5,312.57542041728436
-9,-5,315.8417973751085
-9,-5,434.67846804561583
-9,-4,200.0
-9,-4,306.69862369356383
-10,-4,290.6788400745348
-10,-4,200.0
-11,-4,292.12946598321287
-11,-4,342.07329110612056
-11,-3,280.883254685296
-11,-3,355.87521905984477
-11,-2,298.17730518879665
-11,-2,286.12157330623415
-12,-2,330.6175996209696
-12,-2,268.7675638108185
-13,-2,255.38822599994015
-13,-2,268.0318450032615
-14,-2,250.14872529423803
-14,-2,338.67422677033824
-14,-3,294.03112855431544
-14,-3,261.12757462357143
-15,-3,408.15768935156774
-15,-3,311.7071583699073
-15,-4,321.04226091014874
-15,-4,370.8402942087831
-15,-3,288.9163367530949
-15,-3,262.9311675375515
-15,-2,220.34506859806072
-15,-2,345.8861559553509
-15,-1,383.0823118624712
-15,-1,268.0803175619064
-16,-1,326.05293289469523
-16,-1,242.99653152934653
-16,0,207.66472661697875
-16,0,289.21376793840653
-17,0,352.79850803155944
-17,0,271.69654236253274
-16,0,315.21437975866115
-16,0,352.03928189364757
-16,1,234.1267363558879
-16,1,280.6472077981981
-15,1,276.95292696360406
-15,1,365.59780025965495
-15,2,300.1646636722458
-15,2,275.7661751958252
-15,1,207.9487999585217
-15,1,200.0
-14,1,355.144545113203
-14,1,310.1747225167879
-15,1,337.4915187339459
-15,1,286.3835516813758
-14,1,283.7275904753523
-14,1,254.4744368803782
-14,2,340.2069109722002
-14,2,295.6803413248332
-14,3,311.3210633106938
-14,3,406.2552176535466
-13,3,394.50266500101924
-13,3,360.6005515212067
-13,4,250.1387041442173
-13,4,302.6323802492881
-13,5,285.35299152340303
-13,5,311.074325503922
-12,5,342.9399893962916
-12,5,200.0
-12,6,309.12103305525045
-12,6,285.26555040146354
-12,5,200.0
-12,5,268.7914034446366
-12,6,300.57150412400586
-12,6,330.82634257839464
-11,6,341.9723658222768
-11,6,264.0612890491786
-12,6,263.97797665308286
-12,6,316.8167083781922
-11,6,313.96515477861516
-11,6,323.7409497213876
-12,6,207.66472661697875
-12,6,272.5805776885585
-11,6,291.32767272439963
-11,6,207.66472661697875
-10,6,378.4876766687781
-10,6,290.17818639715375
-10,7,320.91084970272624
-10,7,261.9070769738926
-10,8,215.80889695272288
-10,8,392.1508106809722
-11,8,406.6547314054705
-11,8,358.62203298457547
-10,8,365.98009485385626
-10,8,281.3838774938863
-9,8,337.2664586430274
-9,8,267.8921955831188
-9,9,328.7454765023839
-9,9,343.09732131716044
-8,9,239.39025017639648
-8,9,305.0214555614175
-7,9,325.5393419551393
-7,9,237.22940701927263
-6,9,350.227840209685
-6,9,252.93170136141822
-5,9,318.7824040080975
-5,9,303.72335707473934
-5,10,200.0
-5,10,262.6523888247337
-4,10,324.8163482071141
-4,10,387.12848001222864
-3,10,294.40509798706853
-3,10,255.25799084174298
-2,10,320.0241638949405
-2,10,361.67299058662246
-2,9,384.26708365769514
-2,9,286.58880491121806
-1,9,466.08467026471476
-1,9,411.2023416644343
-1,10,333.03313044193146
-1,10,341.4784016294809
0,10,254.47695760197473
0,10,344.37840428022196
0,11,276.67233669819416
0,11,207.9487999585217
0,12,425.4339505571523
0,12,364.1194071393694
1,12,278.33102344908775
1,12,372.4999970610285
1,13,317.92189645920956
1,13,316.2030562857393
1,14,255.7809730924074
1,14,309.822660081594
2,14,259.1945775396533
2,14,307.1197580104913
2,15,242.99653152934653
2,15,369.43647048987617
2,16,242.99653152934653
2,16,207.66472661697875
3,16,360.6265467337238
3,16,277.7547909457758
3,17,286.58605972637014
3,17,251.10983988233204
3,18,372.753198685233
3,18,275.8610946382217
3,19,207.9487999585217
3,19,270.95598831616184
3,20,294.72266412976575
3,20,255.55836104471015
4,20,268.0891940428728
4,20,207.66472661697875
5,20,290.4832417024661
5,20,207.66472661697875
6,20,207.66472661697875
6,20,222.13146883451378
7,20,326.0612187222202
7,20,207.66472661697875
8,20,340.61207917429095
8,20,207.9487999585217
9,20,241.73026255454238
9,20,304.79692625083794
10,20,280.92288980999365
10,20,363.5428858415849
11,20,242.99653152934653
11,20,243.22437595511997
12,20,247.08544406042316
