5,8,294.95351506977534
6,8,380.2375800482877
6,8,303.4941052497897
7,8,313.09938480684457
7,8,372.79841311939873
8,8,222.57264346016922
8,8,200.0
7,8,214.19731257732252
7,8,351.6575850479166
7,9,300.30640884088183
7,9,234.6867468073812
6,9,242.5433204354984
6,9,321.73277868792275
5,9,214.19731257732252
5,9,273.39624422653117
4,9,301.64843887237384
4,9,362.9964476969175
4,10,256.87826137323424
4,10,292.489922369452
4,11,408.99106348752053
4,11,269.2333867726766
3,11,314.7205025693918
3,11,399.8779872645725
3,12,289.2914220768819
3,12,344.2616435903367
3,11,289.2417655333477
3,11,300.33709879444797
2,11,234.10216364603554
2,11,349.0685563849077
1,11,375.60311170353884
1,11,348.14175805275784
1,10,318.20573675895105
1,10,222.57264346016922
0,10,264.72425956355573
0,10,361.4023319143851
-1,10,314.890280359607
-1,10,310.39565580301195
-2,10,307.56899390593844
-2,10,284.77056776054144
-2,11,379.28588411361875
-2,11,299.00461779714817
-3,11,268.6092805390554
-3,11,225.99283495783962
-2,11,357.99842778423147
-2,11,286.1912033747532
-3,11,349.0153394662542
-3,11,392.6545083059225
-3,12,265.606030914306
-3,12,261.6691498758632
-4,12,246.6649333533795
-4,12,328.6603287643569
-5,12,310.81099837130074
-5,12,285.828308712443
-6,12,278.41540210957095
-6,12,343.25123252391074
-6,13,235.11397484332247
-6,13,335.66700567082364
-7,13,244.337489978999
-7,13,338.2105378186026
-8,13,351.70922366388726
-8,13,315.5973982365018
-9,13,327.409047371112
-9,13,325.76717379538536
-9,14,268.849204718331
-9,14,237.87212020295664
-9,15,315.5641128912249
-9,15,312.99794742384245
-10,15,319.64634462956315
-10,15,353.09145912125575
-11,15,272.69631562799896
-11,15,200.0
-12,15,254.20373456327684
-12,15,259.7162654452593
-12,16,327.8763101182823
-12,16,290.23745140722156
-13,16,266.646598713046
-13,16,344.3259843032499
-14,16,266.6352164822145
-14,16,222.57264346016922
-14,17,214.19731257732252
-14,17,200.0
-15,17,258.39857148871863
-15,17,220.68163740930567
-16,17,297.0057359693516
-16,17,305.2445665330322
-17,17,226.2469565666612
-17,17,222.57264346016922
-17,18,339.49715531443144
-17,18,214.19731257732252
-18,18,223.72169759682026
-18,18,235.76918583341595
-18,17,214.19731257732252
-18,17,222.57264346016922
-18,16,326.7307704321374
-18,16,214.19731257732252
-19,16,214.19731257732252
-19,16,251.66248679136655
-19,15,200.0
-19,15,248.85835835155444
-19,16,242.9824150246324
-19,16,225.99283495783962
-20,16,239.57793012263727
-20,16,288.10213346664324
-20,17,299.8253115844095
-20,17,231.4629901474671
-20,18,222.57264346016922
-20,18,214.19731257732252
-20,17,214.19731257732252
-20,17,214.19731257732252
-20,18,222.57264346016922
-20,18,222.57264346016922
-20,19,214.19731257732252
-20,19,225.99283495783962
-20,20,265.4682069257996
-20,20,242.8060732075711
-19,20,214.19731257732252
-19,20,242.9797776603446
-20,20,222.57264346016922
-20,20,268.1578122434293
-19,20,222.57264346016922
-19,20,214.19731257732252
-20,20,214.19731257732252
-20,20,222.57264346016922
-19,20,222.57264346016922
-19,20,214.19731257732252
-19,19,215.6935855212914
-19,19,222.57264346016922
-19,18,222.57264346016922
-19,18,214.19731257732252
-18,18,258.8284738694475
-18,18,343.81266654992737
-17,18,225.99283495783962
-17,18,200.0
-17,17,214.19731257732252
-17,17,214.19731257732252
-16,17,237.1660128328661
-16,17,259.5508090587613
-15,17,284.26899534204944
-15,17,218.36668818847397
-15,16,246.9280913540891
-15,16,372.4101687952857
-15,15,269.25183794452863
-15,15,214.19731257732252
-15,16,285.22706278919424
-15,16,225.99283495783962
-15,15,200.0
-15,15,340.1161701255902
-15,16,231.1884844958145
-15,16,348.76578078616734
-14,16,262.5887208796392
-14,16,214.19731257732252
-14,15,220.2831412961028
-14,15,266.7144995707883
-13,15,237.06345972931376
-13,15,214.19731257732252
-13,16,225.99283495783962
-13,16,260.5361985032948
-12,16,307.807696095096
-12,16,260.3624064327664
-12,15,295.8051998223432
-12,15,214.19731257732252
-13,15,225.99283495783962
-13,15,218.009048335387
-13,14,311.41285003511405
-13,14,328.5719955236563
-13,13,298.00755022154294
-13,13,285.74739740257104
-12,13,228.52512955924828
-12,13,222.57264346016922
-11,13,235.2688471583684
-11,13,276.4719509118432
-10,13,344.81433822959224
-10,13,357.8217072203157
-10,12,312.21605985609153
-10,12,298.7816921134834
-9,12,289.1674623411611
-9,12,281.6540775589128
-9,11,356.8476026786206
-9,11,306.3256019413574
-8,11,222.57264346016922
-8,11,271.4738232350382
-8,10,200.0
-8,10,372.63727824287014
-8,11,295.65665250110766
-8,11,236.6302658231573
-9,11,290.02682527886446
-9,11,317.7093587256498
-9,10,245.34039385271672
-9,10,305.8296232438696
-8,10,290.65676735089824
-8,10,235.8044690758053
-7,10,278.2305580484519
-7,10,245.6766665331661
-7,9,281.56069807256625
-7,9,332.03823672323557
-7,8,214.19731257732252
-7,8,320.8499627934015
-7,7,394.9130252757401
-7,7,297.5467293919513
-7,6,381.4096519351576
-7,6,447.4818860914971
-7,5,353.3214136418463
-7,5,366.4001257679065
-7,4,385.829458340079
-7,4,277.7275809615579
-6,4,285.0695430220113
-6,4,374.24412891608586
-6,3,276.54812172964284
-6,3,438.25139114012325
-5,3,274.8624591428249
-5,3,321.8647889307496
-4,3,208.32465369566023
-4,3,409.27912763847337
-3,3,386.8629583260507
-3,3,374.43644317298094
-3,2,315.2327922594292
-3,2,298.4284404936049
-3,1,314.77067650126986
-3,1,403.855432255282
-3,0,269.5701676432192
-3,0,235.59566292043462
-3,-1,440.9941325804934
-3,-1,353.95940234707484
-3,-2,335.7633750770457
-3,-2,405.4181477314415
-2,-2,358.4573364747105
-2,-2,412.0919941652999
-2,-3,362.23936297881664
-2,-3,377.08005292291443
-2,-4,324.6335180553479
-2,-4,342.6805374612057
-2,-5,451.7542343685174
-2,-5,382.691218101213
-1,-5,386.14184137196986
-1,-5,318.2919559665702
0,-5,252.57114524468764
0,-5,349.530614386224
0,-6,417.38354682530314
0,-6,285.3791021919491
0,-7,293.3349405180234
0,-7,394.71788061771014
1,-7,380.5479787173669
1,-7,200.0
2,-7,319.20265900887165
2,-7,266.0102161426259
3,-7,371.7959231922126
3,-7,280.86115633610905
3,-6,388.6508621035622
3,-6,372.21101758474566
3,-7,292.87554065836673
