11,-20,247.25412048833098
11,-19,208.54523860197617
11,-19,259.717702999018
11,-20,293.5459830256992
11,-20,272.7356366363322
10,-20,207.9487999585217
10,-20,238.5168798545994
9,-20,276.6194794337352
9,-20,242.99653152934653
8,-20,229.52014571898164
8,-20,284.00687321300194
8,-19,249.0075860711366
8,-19,303.67187585467667
8,-18,200.0
8,-18,266.368472278808
8,-17,322.9711267024593
8,-17,253.1351604823628
7,-17,292.9889830647387
7,-17,244.59890326981838
7,-18,207.9487999585217
7,-18,207.9487999585217
6,-18,207.9487999585217
6,-18,264.49223146868974
5,-18,218.79891055159294
5,-18,207.9487999585217
4,-18,280.5904575248852
4,-18,364.6695483387552
3,-18,269.88724988871445
3,-18,212.13890801781307
3,-17,233.81354593620614
3,-17,218.69337531339937
2,-17,327.07934046718776
2,-17,314.4715768218098
2,-18,296.3306509106191
2,-18,371.7075650010162
2,-17,248.4671530783076
2,-17,275.56485969420083
2,-16,228.79955685087504
2,-16,215.35488078082327
1,-16,257.56273416949205
1,-16,394.3298293654143
1,-15,281.1668854917369
1,-15,345.837040836243
0,-15,354.05129245127114
0,-15,302.8629094270027
-1,-15,226.30724629451768
-1,-15,379.1766837885659
-1,-14,293.97509346430934
-1,-14,415.4419346138073
-1,-13,348.0491023636331
-1,-13,226.245794414809
-1,-12,275.3699223617473
-1,-12,207.9487999585217
-2,-12,325.27959469855364
-2,-12,288.9364253220739
-3,-12,297.6099187905338
-3,-12,429.6283428815301
-3,-11,334.69260808953425
-3,-11,280.2952918008756
-4,-11,272.2143997719238
-4,-11,200.0
-4,-10,343.575015653623
-4,-10,207.66472661697875
-5,-10,249.69391231304843
-5,-10,305.80847221901405
-5,-9,276.72967457884704
-5,-9,304.17349565704416
-5,-8,379.0674168031026
-5,-8,298.68987806211464
-5,-7,207.9487999585217
-5,-7,422.42260657141327
-5,-6,339.81063923325024
-5,-6,393.42371915228887
-4,-6,238.46887336262915
-4,-6,381.2666344926625
-4,-5,295.13889552584317
-4,-5,294.10989138847583
-5,-5,433.40798931714176
-5,-5,314.0603906098542
-6,-5,419.7396257537686
-6,-5,398.746452908623
-7,-5,296.3396607550933
-7,-5,374.7446928614918
-8,-5,236.8973598188907
-8,-5,294.2271358245413
-7,-5,255.24287128467068
-7,-5,296.58126360552853
-8,-5,401.46271292993634
-8,-5,350.7728343560524
-9,-5,395.4807544755089
-9,-5,375.17548832289054
-9,-4,365.4156959852417
-9,-4,421.12251160495225
-10,-4,322.8297420162701
-10,-4,304.57674718278656
-11,-4,310.15453307290795
-11,-4,299.8034538399581
-11,-3,295.59865518916877
-11,-3,219.35947104698036
-11,-2,456.03191134413055
-11,-2,220.51299013058798
-12,-2,388.05890703710224
-12,-2,389.12742660196153
-13,-2,302.8756481929686
-13,-2,266.06811911981225
-14,-2,308.3315993029349
-14,-2,233.3962623196819
-14,-3,376.96623757615237
-14,-3,251.63892919318948
-15,-3,237.5454590501381
-15,-3,291.2425756241378
-15,-4,261.87225110912465
-15,-4,304.0636154944767
-15,-3,207.9487999585217
-15,-3,301.99155623251283
-15,-2,244.4487907616785
-15,-2,333.9170246579183
-15,-1,252.3625832178051
-15,-1,322.8768466279981
-16,-1,271.86581439743
-16,-1,207.9487999585217
-16,0,230.9014281663562
-16,0,313.7221750933214
-17,0,275.089475527539
-17,0,289.67985191122233
-16,0,219.0930776940098
-16,0,312.6185633385379
-16,1,261.0204961771581
-16,1,337.3974290057255
-15,1,302.68519701382604
-15,1,288.9684131416979
-15,2,343.2123493514865
-15,2,263.12459569398175
-15,1,384.06769094391325
-15,1,309.17592836743285
-14,1,302.5902789106427
-14,1,369.9597105881671
-15,1,239.7917185380697
-15,1,265.698252431703
-14,1,359.50573650815875
-14,1,314.60534635071565
-14,2,258.39127189977273
-14,2,311.6757073603229
-14,3,398.8823126434187
-14,3,409.12960766756424
-13,3,304.15572030367457
-13,3,345.06581210061944
-13,4,316.30735970134936
-13,4,239.2073651196814
-13,5,358.74939569954
-13,5,207.66472661697875
-12,5,279.9069776928486
-12,5,242.99653152934653
-12,6,350.05039183055595
-12,6,379.9041694390274
-12,5,360.1167921480784
-12,5,349.16405903688724
-12,6,398.9369900316485
-12,6,333.7990421171786
-11,6,307.7747552567458
-11,6,228.42117978568794
-12,6,253.45045214455388
-12,6,303.5064282385929
-11,6,251.428561977298
-11,6,278.9344759944191
-12,6,276.01188291252686
-12,6,294.1873742426757
-11,6,292.70563132455686
-11,6,244.27134713610687
-10,6,339.88047364491683
-10,6,293.1676957574508
-10,7,233.07690644608988
-10,7,207.66472661697875
-10,8,415.5484461896196
-10,8,271.6209366633052
-11,8,333.1529303050479
-11,8,366.84812483468863
-10,8,333.97551556392597
-10,8,331.72924679889394
-9,8,209.68603379961118
-9,8,366.0885069262181
-9,9,322.5445413359471
-9,9,227.97138332158647
-8,9,373.8673547417393
-8,9,311.4296892877879
-7,9,301.245652126984
-7,9,207.9487999585217
-6,9,394.04143269645715
-6,9,382.0364834560443
-5,9,404.97895229895596
-5,9,359.1789507139007
-5,10,276.0343934281542
-5,10,357.48661351809477
-4,10,425.4190433938495
-4,10,326.0675954124285
-3,10,334.1727808405537
-3,10,315.88757564513713
-2,10,286.70849833415025
-2,10,310.22042362468784
-2,9,249.6609369974414
-2,9,322.19657989021385
-1,9,343.74305697930765
-1,9,343.9496295796616
-1,10,334.6866719134594
-1,10,383.65886600972954
0,10,301.584721103672
0,10,296.46107563895055
0,11,275.58991033339953
0,11,292.89366182185165
0,12,310.9788636449355
0,12,216.7001009882888
1,12,243.03752296061748
1,12,290.49523298932013
1,13,260.3130405626215
1,13,269.75118522194487
1,14,242.99653152934653
1,14,239.62304023248254
2,14,359.54392809684146
2,14,267.7090406346777
2,15,387.22973524501083
2,15,350.77684701059076
2,16,314.3789263338014
2,16,249.27001346310314
3,16,200.0
3,16,207.66472661697875
3,17,378.6306693904413
3,17,207.66472661697875
3,18,207.66472661697875
3,18,332.9509191063082
3,19,332.5775240795116
3,19,271.7165565720524
3,20,207.66472661697875
3,20,207.66472661697875
4,20,344.21373564125054
4,20,278.8080168816339
5,20,268.87896039637087
5,20,298.22867293926817
6,20,280.49541798257155
6,20,200.0
7,20,236.34491856473818
7,20,269.37014215234444
8,20,235.85610658651046
8,20,331.27908578770706
9,20,258.28102725499974
9,20,324.03996129063376
10,20,242.99653152934653
10,20,222.27398572300325
11,20,207.66472661697875
11,20,242.99653152934653
12,20,250.64155461381407
