11,-20,312.11747510185546
11,-19,242.99653152934653
11,-19,240.28713132466
11,-20,242.99653152934653
11,-20,207.9487999585217
10,-20,242.05480440279058
10,-20,334.60517963587523
9,-20,227.94945829263207
9,-20,232.4361603394214
8,-20,200.0
8,-20,242.99653152934653
8,-19,250.08891781745353
8,-19,207.9487999585217
8,-18,221.03170267390743
8,-18,284.2092449277004
8,-17,288.1800011298775
8,-17,332.4561531686994
7,-17,380.53622360139116
7,-17,320.29147098491717
7,-18,207.9487999585217
7,-18,343.65813215996235
6,-18,209.36917098357566
6,-18,341.99985044652055
5,-18,368.5018247047578
5,-18,305.7227184431648
4,-18,200.0
4,-18,313.93849166740017
3,-18,394.7646385316857
3,-18,271.4793894299664
3,-17,349.0015087898091
3,-17,207.66472661697875
2,-17,322.8970703079255
2,-17,323.16315512461273
2,-18,200.0
2,-18,316.8529806558407
2,-17,207.9487999585217
2,-17,237.83963856590879
2,-16,241.02940537677748
2,-16,314.35262535493115
1,-16,200.0
1,-16,223.09133914280864
1,-15,200.0
1,-15,400.3248377395953
0,-15,207.66472661697875
0,-15,242.99653152934653
-1,-15,320.7024406472643
-1,-15,240.71814169925398
-1,-14,305.96666768104905
-1,-14,289.9975329994862
-1,-13,371.5670420671383
-1,-13,271.62495027156297
-1,-12,316.9011737902789
-1,-12,250.00018998975062
-2,-12,307.1548011562335
-2,-12,255.2888414683033
-3,-12,364.52817903790583
-3,-12,406.1219043139706
-3,-11,291.74866783837757
-3,-11,375.32632928141715
-4,-11,387.872690836398
-4,-11,397.4506794956293
-4,-10,375.23720925261114
-4,-10,346.8667558170759
-5,-10,281.3916451245792
-5,-10,309.63991775810166
-5,-9,284.0264125742124
-5,-9,215.50124376642674
-5,-8,324.6512531475928
-5,-8,200.0
-5,-7,203.05615443488836
-5,-7,389.9319086768049
-5,-6,414.04940432393926
-5,-6,413.5816911511771
-4,-6,389.83862990102836
-4,-6,459.0170823326304
-4,-5,207.9487999585217
-4,-5,207.9487999585217
-5,-5,428.66622291880617
-5,-5,332.6977795066914
-6,-5,406.81133584789126
-6,-5,302.3617455700442
-7,-5,420.6311297517879
-7,-5,373.0128036158296
-8,-5,368.45120340529627
-8,-5,277.8791210742653
-7,-5,329.65791634272665
-7,-5,354.1480025938205
-8,-5,298.7895185831393
-8,-5,377.73893500310146
-9,-5,306.09546515912353
-9,-5,390.26878110001735
-9,-4,485.78737358767063
-9,-4,370.41027720655495
-10,-4,333.712705528274
-10,-4,307.4155358307983
-11,-4,306.83887514579425
-11,-4,339.60884287553864
-11,-3,294.69374228415916
-11,-3,330.90437327807825
-11,-2,361.0718011971738
-11,-2,364.73639696346874
-12,-2,242.99653152934653
-12,-2,272.2537479084565
-13,-2,266.2193617008043
-13,-2,261.3638639805628
-14,-2,382.60248477973494
-14,-2,348.0361616659642
-14,-3,235.01250810655415
-14,-3,338.7653931059119
-15,-3,210.00681572171956
-15,-3,226.35185594643255
-15,-4,373.77806309345783
-15,-4,303.1183855731829
-15,-3,210.52444192033823
-15,-3,280.30035853507366
-15,-2,329.2061202117663
-15,-2,223.9885947140021
-15,-1,220.80033036168518
-15,-1,285.1140747191162
-16,-1,307.1202436131004
-16,-1,207.9487999585217
-16,0,275.751298209875
-16,0,299.80629988867054
-17,0,259.0696921715676
-17,0,306.24923802026683
-16,0,248.36361371085417
-16,0,257.30528953856253
-16,1,280.80074909613637
-16,1,294.8990618362417
-15,1,311.2285760424388
-15,1,355.5024271707541
-15,2,340.4742401873492
-15,2,333.61304795898405
-15,1,330.52219687619765
-15,1,210.7820659465099
-14,1,255.17117815565018
-14,1,529.3515251247867
-15,1,301.13390742428476
-15,1,383.1962562473143
-14,1,225.20032201077487
-14,1,344.92154184722443
-14,2,207.9487999585217
-14,2,271.79494187622095
-14,3,332.5633223566217
-14,3,329.36263220203807
-13,3,215.6829293784611
-13,3,344.97014763641323
-13,4,406.8980439541922
-13,4,220.42767842039268
-13,5,344.4390291539304
-13,5,365.41560324490797
-12,5,255.27870069541763
-12,5,322.3676572876426
-12,6,289.7513885362444
-12,6,279.0525493173907
-12,5,200.0
-12,5,306.11258713600773
-12,6,338.71964038097076
-12,6,239.55655191588642
-11,6,250.59512530026586
-11,6,250.25463345260712
-12,6,416.3905114749257
-12,6,295.0463093319256
-11,6,251.03716700141035
-11,6,254.66572967561817
-12,6,200.0
-12,6,356.7993661426257
-11,6,296.1022564928572
-11,6,355.3027076455088
-10,6,346.4828073468432
-10,6,340.9465050814783
-10,7,434.7468694590385
-10,7,242.99653152934653
-10,8,242.36937802302705
-10,8,283.6526706399844
-11,8,200.0
-11,8,207.66472661697875
-10,8,310.7349299205631
-10,8,437.11578997110803
-9,8,228.64851710142966
-9,8,278.84584440782413
-9,9,291.8179885693716
-9,9,261.4644603115678
-8,9,207.9487999585217
-8,9,245.61637885350441
-7,9,253.52832815053665
-7,9,315.51582977658154
-6,9,370.8053011539824
-6,9,258.86336576061757
-5,9,200.0
-5,9,272.9439159037525
-5,10,305.724618832725
-5,10,382.8872579302224
-4,10,280.01853745185105
-4,10,288.4439273825625
-3,10,270.3263087048185
-3,10,388.71482637309515
-2,10,385.73422624618473
-2,10,323.70058786677816
-2,9,360.04889833702777
-2,9,322.93548240646544
-1,9,325.32178048234704
-1,9,360.4375165945532
-1,10,359.9532742231964
-1,10,320.02124372933184
0,10,354.26989130396873
0,10,328.2926574189402
0,11,308.59234840442014
0,11,399.80980972208954
0,12,335.00203718971807
0,12,333.73038608112654
1,12,410.2283640450105
1,12,243.07435874041573
1,13,267.3234221166608
1,13,301.60993374139787
1,14,304.96977639981594
1,14,431.1743475200096
2,14,311.7257828331084
2,14,268.3975892835183
2,15,342.54639373700616
2,15,242.99653152934653
2,16,261.62903082619664
2,16,365.7112514637257
3,16,277.4526993325915
3,16,207.66472661697875
3,17,207.66472661697875
3,17,305.1251636802967
3,18,242.99653152934653
3,18,207.66472661697875
3,19,297.1839504823702
3,19,242.99653152934653
3,20,238.5839242317168
3,20,244.15006476151288
4,20,255.84388289863782
4,20,207.9487999585217
5,20,358.7431735954551
5,20,290.2505635597276
6,20,242.99653152934653
6,20,207.66472661697875
7,20,207.9487999585217
7,20,207.9487999585217
8,20,325.19624670716456
8,20,207.9487999585217
9,20,223.0464380061563
9,20,242.99653152934653
10,20,242.99653152934653
10,20,211.63993004859316
11,20,207.66472661697875
11,20,228.2954978066309
12,20,219.46420573224322
