11,-20,207.66472661697875
11,-19,207.66472661697875
11,-19,242.99653152934653
11,-20,207.66472661697875
11,-20,207.9487999585217
10,-20,207.9487999585217
10,-20,278.94263163971107
9,-20,344.85712510316273
9,-20,292.7102412264412
8,-20,323.5287669303264
8,-20,213.41748695051055
8,-19,286.24032647141837
8,-19,290.4710609294657
8,-18,276.72947882060726
8,-18,242.24328979897035
8,-17,273.0491014003188
8,-17,210.80524166878382
7,-17,232.90216575902733
7,-17,244.06271173642446
7,-18,207.9487999585217
7,-18,242.99653152934653
6,-18,207.9487999585217
6,-18,287.10619286403795
5,-18,309.0115160970098
5,-18,208.38231816293597
4,-18,282.8629939413918
4,-18,258.27344817957805
3,-18,207.9487999585217
3,-18,371.63419456243986
3,-17,302.3008706167898
3,-17,402.55115465904004
2,-17,262.127266017135
2,-17,324.54795467972855
2,-18,273.15481186554604
2,-18,215.5304606420977
2,-17,263.6714941327326
2,-17,269.41835674654953
2,-16,207.66472661697875
2,-16,373.89283170031155
1,-16,266.1006667087315
1,-16,336.8223603632462
1,-15,379.2655904316184
1,-15,222.3575566899982
0,-15,266.147872419059
0,-15,327.08639694872915
-1,-15,257.1291569104411
-1,-15,200.0
-1,-14,376.8759909514956
-1,-14,200.0
-1,-13,298.52572467581297
-1,-13,457.18734426368667
-1,-12,347.2296748280524
-1,-12,383.8200284888688
-2,-12,217.12478321336508
-2,-12,390.64164584737773
-3,-12,347.92523277135206
-3,-12,430.46630693256895
-3,-11,403.8745656670264
-3,-11,265.6973927129296
-4,-11,255.415142685028
-4,-11,345.346777352308
-4,-10,340.7170512628651
-4,-10,332.1209464761197
-5,-10,384.05641692047226
-5,-10,346.13966140330604
-5,-9,414.74803142046613
-5,-9,332.9622528545491
-5,-8,369.9795905651945
-5,-8,270.80792247107706
-5,-7,261.8882353171779
-5,-7,342.1005882488418
-5,-6,465.11486338570387
-5,-6,407.2705535733057
-4,-6,399.0839341573324
-4,-6,433.88981036287464
-4,-5,296.12515564883165
-4,-5,343.4213472668916
-5,-5,272.33676025620935
-5,-5,428.8397729745064
-6,-5,200.0
-6,-5,234.84337421805043
-7,-5,342.6850843540473
-7,-5,438.0182242906878
-8,-5,385.9119266681024
-8,-5,408.7405204299382
-7,-5,200.0
-7,-5,246.79995861295987
-8,-5,275.27042599156755
-8,-5,300.0274313418643
-9,-5,225.7960038761873
-9,-5,331.837640906704
-9,-4,288.26326702994766
-9,-4,342.0932695592036
-10,-4,329.48036799024646
-10,-4,292.68963172226864
-11,-4,285.5908542922484
-11,-4,367.7889832645927
-11,-3,426.6266728527577
-11,-3,377.5709088942193
-11,-2,392.7366709652742
-11,-2,315.1368195754047
-12,-2,207.66472661697875
-12,-2,243.7011644525896
-13,-2,440.1507177919766
-13,-2,233.48199192172711
-14,-2,447.28715579142136
-14,-2,279.41565584382363
-14,-3,219.70758146156078
-14,-3,353.20191925865396
-15,-3,222.88310536214328
-15,-3,357.5886099734056
-15,-4,331.22182257337994
-15,-4,200.0
-15,-3,305.2677186302366
-15,-3,282.8116969332699
-15,-2,200.0
-15,-2,207.9487999585217
-15,-1,207.66472661697875
-15,-1,207.9487999585217
-16,-1,405.2893092938911
-16,-1,246.6324929470592
-16,0,297.15873195112795
-16,0,227.95934849042445
-17,0,232.33987465884812
-17,0,253.41896340625632
-16,0,372.09589740457034
-16,0,255.2778293028402
-16,1,240.49700409759356
-16,1,335.3905166999908
-15,1,265.3122501687778
-15,1,335.8020880170987
-15,2,249.84734977198838
-15,2,304.78227789176947
-15,1,267.9451753572687
-15,1,251.7593329016726
-14,1,291.87923555935373
-14,1,376.4740454000374
-15,1,279.5017721628705
-15,1,246.2273756846607
-14,1,392.9706994495638
-14,1,271.130086056383
-14,2,309.9684024857751
-14,2,370.5022476425157
-14,3,200.0
-14,3,237.49200601203287
-13,3,358.847216357152
-13,3,292.72378624225775
-13,4,268.91509500068423
-13,4,270.51144721583483
-13,5,252.4507945915426
-13,5,287.50917314070404
-12,5,242.24823089233962
-12,5,332.4959778677391
-12,6,211.62961270757904
-12,6,207.9487999585217
-12,5,200.0
-12,5,353.2667648483103
-12,6,280.16746565459295
-12,6,200.0
-11,6,210.25183525926846
-11,6,309.97358052123883
-12,6,232.59329215177948
-12,6,348.7773781202524
-11,6,315.8438267644262
-11,6,268.1924784575458
-12,6,258.78880836187807
-12,6,321.0331233813943
-11,6,270.1094680252273
-11,6,253.60089883684094
-10,6,303.38425204854246
-10,6,220.86205635909238
-10,7,372.0176891263555
-10,7,269.4630703151117
-10,8,282.45542633792525
-10,8,388.37955479112287
-11,8,287.2188599827178
-11,8,260.0734234211731
-10,8,257.6304523592921
-10,8,359.19144264296267
-9,8,236.5247175065335
-9,8,414.631304141218
-9,9,388.94699604239366
-9,9,348.4945573553026
-8,9,215.44718095235547
-8,9,396.25750325259355
-7,9,251.38114506764651
-7,9,298.297468487192
-6,9,291.9309374766702
-6,9,376.7842433540694
-5,9,341.26566015220635
-5,9,373.1057072314091
-5,10,351.66463017057447
-5,10,299.1828682363991
-4,10,339.62406943052395
-4,10,382.9345082177508
-3,10,345.1551212212046
-3,10,275.60616606258
-2,10,308.5860764394782
-2,10,381.9878150228305
-2,9,402.55678102944006
-2,9,345.364027329316
-1,9,200.0
-1,9,351.5727555563308
-1,10,487.20068486300715
-1,10,327.67265725054705
0,10,418.9987067000428
0,10,345.05894345792643
0,11,283.5556111253641
0,11,353.95037252553664
0,12,268.64017690595654
0,12,279.3625491470358
1,12,214.2417675349248
1,12,313.14427066653064
1,13,297.3567740692815
1,13,353.30853396865456
1,14,291.7737855143195
1,14,335.9492295696625
2,14,242.99653152934653
2,14,315.1052273519774
2,15,270.96717519447805
2,15,242.99653152934653
2,16,333.95033820511634
2,16,215.27952039044501
3,16,365.5708592392094
3,16,259.6514690551571
3,17,311.00621084792454
3,17,304.49216440466677
3,18,242.99653152934653
3,18,200.0
3,19,254.9739354693846
3,19,218.40529758590753
3,20,225.00590330324866
3,20,222.1942008792202
4,20,207.66472661697875
4,20,383.3095615108151
5,20,207.66472661697875
5,20,319.8323310722126
6,20,291.8125849105544
6,20,264.3982777680519
7,20,320.8228447056347
7,20,242.32156758328313
8,20,333.27344345568685
8,20,293.47447744711974
9,20,235.40265843004784
9,20,242.99653152934653
10,20,254.4197501774656
10,20,200.0
11,20,207.66472661697875
11,20,265.66995729276556
12,20,200.0
