11,-20,207.66472661697875
11,-19,324.17763469576636
11,-19,242.99653152934653
11,-20,242.3831071262421
11,-20,296.95705671327653
10,-20,356.4482069860654
10,-20,207.66472661697875
9,-20,306.1904140589417
9,-20,281.39814640617743
8,-20,266.66119844529254
8,-20,318.4869878990973
8,-19,258.42307697552303
8,-19,269.72329747062696
8,-18,259.71572548264834
8,-18,385.4696254254173
8,-17,421.8654932470944
8,-17,374.7806503591765
7,-17,200.0
7,-17,299.26353403279296
7,-18,421.8863189799512
7,-18,208.32135215379984
6,-18,319.0383083833109
6,-18,207.66472661697875
5,-18,207.66472661697875
5,-18,338.35524298524103
4,-18,207.66472661697875
4,-18,234.3387191927958
3,-18,207.9487999585217
3,-18,246.21097210417219
3,-17,322.29763085731423
3,-17,200.0
2,-17,255.3853369190418
2,-17,269.50651646722235
2,-18,276.99656433579935
2,-18,299.10128438362796
2,-17,336.5723106454749
2,-17,200.0
2,-16,311.0284613498987
2,-16,207.9487999585217
1,-16,361.9422951736981
1,-16,282.7989790832185
1,-15,365.7385335695615
1,-15,249.51916219065458
0,-15,243.10449818473498
0,-15,357.32685668635
-1,-15,242.99653152934653
-1,-15,304.08086808352476
-1,-14,257.59128942402003
-1,-14,209.06508123771715
-1,-13,307.430625236499
-1,-13,352.86119930220826
-1,-12,311.3574351805462
-1,-12,263.04755472094024
-2,-12,436.37570164078005
-2,-12,276.3478124137944
-3,-12,339.3483409110061
-3,-12,315.2524070836807
-3,-11,352.02203106164814
-3,-11,261.2719473676377
-4,-11,350.6662470456512
-4,-11,287.64844986003084
-4,-10,313.22048301011574
-4,-10,363.0040025330103
-5,-10,210.97365503544572
-5,-10,319.32141076346954
-5,-9,406.5214714061125
-5,-9,420.3344582142811
-5,-8,346.6525856878245
-5,-8,382.38834010867686
-5,-7,383.05898530824817
-5,-7,444.54283083588473
-5,-6,347.3622435004879
-5,-6,370.2441039093605
-4,-6,326.36996609572213
-4,-6,404.9858155162679
-4,-5,395.66962045736216
-4,-5,351.98305391662205
-5,-5,477.55546702045376
-5,-5,369.00938512174554
-6,-5,336.68561620882554
-6,-5,328.69444111336827
-7,-5,313.4301155985043
-7,-5,307.5128253012416
-8,-5,358.31720326344487
-8,-5,369.220832431084
-7,-5,434.48849620005865
-7,-5,308.74320808011413
-8,-5,236.89249807826002
-8,-5,297.64957480731135
-9,-5,260.4562476690346
-9,-5,346.2553506456991
-9,-4,371.3294865260918
-9,-4,272.90418884724215
-10,-4,390.35300134230295
-10,-4,354.9811620366105
-11,-4,230.24059537004848
-11,-4,333.45623588681434
-11,-3,299.61395326086705
-11,-3,377.2007259587084
-11,-2,293.1147673243559
-11,-2,342.34711633102955
-12,-2,332.91051115410255
-12,-2,261.1755599019734
-13,-2,311.319564087687
-13,-2,289.6952612960225
-14,-2,261.8701785490384
-14,-2,239.50548163884125
-14,-3,324.5360719571429
-14,-3,281.1848887038273
-15,-3,245.52471108427977
-15,-3,222.72515834794564
-15,-4,207.66472661697875
-15,-4,305.09025296660514
-15,-3,207.66472661697875
-15,-3,284.5749825005488
-15,-2,223.3284431682921
-15,-2,300.9676328297038
-15,-1,365.1173976220186
-15,-1,251.92569082672594
-16,-1,200.0
-16,-1,280.6993897716461
-16,0,309.4844227050234
-16,0,275.6129530388471
-17,0,257.2123516848593
-17,0,242.95295218433992
-16,0,242.99653152934653
-16,0,288.2264065960854
-16,1,227.5580239565121
-16,1,321.5983442136695
-15,1,292.30942618667945
-15,1,343.82503465473667
-15,2,228.8648742867543
-15,2,312.49073565953415
-15,1,257.8725343539853
-15,1,314.1581150424826
-14,1,372.25438758329216
-14,1,200.0
-15,1,337.62089206720486
-15,1,373.3445914102392
-14,1,270.20285630851197
-14,1,413.97764038160665
-14,2,207.66472661697875
-14,2,309.6512230527738
-14,3,307.15316306863997
-14,3,220.05513114518266
-13,3,252.7216914692926
-13,3,283.7439895992123
-13,4,347.2753129323376
-13,4,252.0760614874855
-13,5,292.4702695926343
-13,5,289.7781099960635
-12,5,386.00580752333883
-12,5,283.75997968270144
-12,6,469.2454886973733
-12,6,275.79984112819926
-12,5,244.71383217547304
-12,5,383.4395036040445
-12,6,393.30716878787797
-12,6,263.26860754795797
-11,6,242.99653152934653
-11,6,359.2176776260751
-12,6,337.3864040230507
-12,6,341.14470408692193
-11,6,333.7500585231439
-11,6,511.46139865325694
-12,6,391.7022348545557
-12,6,223.67025049479415
-11,6,262.9418897030776
-11,6,334.0861243454835
-10,6,267.80320972975386
-10,6,332.5959458821887
-10,7,299.185876434673
-10,7,333.4512497374002
-10,8,252.315814166178
-10,8,420.4134525750426
-11,8,327.64388908096515
-11,8,422.5510396827593
-10,8,256.91773175374686
-10,8,370.8951453860734
-9,8,350.3662068804407
-9,8,310.7769052458066
-9,9,255.83702310057433
-9,9,296.4846351046131
-8,9,363.39910338065283
-8,9,304.17158335702936
-7,9,250.1295412631878
-7,9,262.67740075724186
-6,9,371.98245938163143
-6,9,326.8060386099213
-5,9,433.4802509383833
-5,9,333.38114629922467
-5,10,359.7040593993781
-5,10,386.88068148575735
-4,10,207.9487999585217
-4,10,259.43746841929243
-3,10,337.58156779107514
-3,10,262.835837741592
-2,10,390.37362375200945
-2,10,261.2983180564552
-2,9,241.94275700093763
-2,9,459.04172769135056
-1,9,331.5883475209273
-1,9,322.0905450656971
-1,10,393.5508663340704
-1,10,286.11356497504363
0,10,286.2512827123533
0,10,307.46262216989135
0,11,347.7246966530585
0,11,264.2851251771676
0,12,325.40491963873484
0,12,207.9487999585217
1,12,227.15768638444962
1,12,341.37655130087666
1,13,242.99653152934653
1,13,291.342828623491
1,14,300.7139214548689
1,14,200.0
2,14,295.03570407820644
2,14,243.8797948688768
2,15,441.00248403473324
2,15,300.47027803848044
2,16,207.66472661697875
2,16,347.0496422930203
3,16,243.30070094337748
3,16,293.83206305907646
3,17,368.8715387726159
3,17,393.98087535746083
3,18,320.21976361448947
3,18,245.0620442251832
3,19,261.4659848072992
3,19,242.99653152934653
3,20,301.51471752432525
3,20,255.1064630910697
4,20,243.3396754848941
4,20,222.8335312133783
5,20,296.41763210995987
5,20,262.3595142216149
6,20,280.78508200627846
6,20,207.66472661697875
7,20,242.99653152934653
7,20,242.99653152934653
8,20,235.80558778465019
8,20,207.9487999585217
9,20,348.3251505822077
9,20,213.44608310536742
10,20,207.66472661697875
10,20,267.57841580738915
11,20,326.4653614934973
11,20,211.60218122846058
12,20,225.78328913243254
