11,-20,100.33972097111274
11,-20,100.0
11,-19,145.15477250138218
11,-19,100.0
11,-19,100.0
11,-20,100.0
11,-20,100.0
11,-20,100.0
10,-20,181.73693549453384
10,-20,100.0
10,-20,100.0
9,-20,100.0
9,-20,100.0
9,-20,111.50507371469239
8,-20,100.0
8,-20,100.0
8,-20,100.0
8,-19,100.0
8,-19,100.0
8,-19,100.0
8,-18,100.0
8,-18,123.70161665654852
8,-18,132.82256130381612
8,-17,125.2514781856386
8,-17,100.0
8,-17,100.0
7,-17,124.7791513270738
7,-17,100.0
7,-17,100.0
7,-18,140.8184900455415
7,-18,100.0
7,-18,100.0
6,-18,100.0
6,-18,100.0
6,-18,100.0
5,-18,100.0
5,-18,100.0
5,-18,100.0
4,-18,100.0
4,-18,111.50507371469239
4,-18,100.0
3,-18,100.0
3,-18,100.0
3,-18,100.0
3,-17,154.5534133391986
3,-17,100.0
3,-17,147.16910628837346
2,-17,101.16378968928214
2,-17,100.0
2,-17,100.0
2,-18,100.0
2,-18,111.50507371469239
2,-18,100.0
2,-17,132.80069650571772
2,-17,100.0
2,-17,100.0
2,-16,100.0
2,-16,100.0
2,-16,100.0
1,-16,100.0
1,-16,112.0329203658583
1,-16,100.0
1,-15,175.99593877879832
1,-15,100.0
1,-15,162.8166806409374
0,-15,100.0
0,-15,100.0
0,-15,100.0
-1,-15,157.03690179356803
-1,-15,100.0
-1,-15,100.0
-1,-14,100.0
-1,-14,100.0
-1,-14,100.0
-1,-13,100.0
-1,-13,156.463151696902
-1,-13,100.0
-1,-12,100.0
-1,-12,100.0
-1,-12,100.0
-2,-12,100.0
-2,-12,100.0
-2,-12,150.3505914535451
-3,-12,100.0
-3,-12,100.0
-3,-12,100.0
-3,-11,100.0
-3,-11,134.79551098446552
-3,-11,100.0
-4,-11,100.0
-4,-11,146.11282094677316
-4,-11,100.0
-4,-10,100.0
-4,-10,100.0
-4,-10,100.0
-5,-10,100.0
-5,-10,100.0
-5,-10,100.0
-5,-9,100.0
-5,-9,100.0
-5,-9,100.0
-5,-8,100.0
-5,-8,100.0
-5,-8,100.0
-5,-7,159.21581133134634
-5,-7,100.0
-5,-7,100.0
-5,-6,100.0
-5,-6,100.0
-5,-6,100.0
-4,-6,100.0
-4,-6,142.15705181887006
-4,-6,100.0
-4,-5,100.0
-4,-5,100.0
-4,-5,100.0
-5,-5,100.0
-5,-5,100.0
-5,-5,100.0
-6,-5,100.0
-6,-5,141.16248324503397
-6,-5,214.9179376629086
-7,-5,100.0
-7,-5,100.0
-7,-5,100.0
-8,-5,100.0
-8,-5,100.0
-8,-5,100.0
-7,-5,100.0
-7,-5,159.66716205933605
-7,-5,173.33564307469274
-8,-5,152.06093300451903
-8,-5,100.0
-8,-5,143.7036982639862
-9,-5,134.9886213399628
-9,-5,155.69066520101308
-9,-5,100.0
-9,-4,100.0
-9,-4,100.0
-9,-4,190.17710556779718
-10,-4,124.6906154634544
-10,-4,100.0
-10,-4,100.0
-11,-4,100.0
-11,-4,111.50507371469239
-11,-4,100.0
-11,-3,100.0
-11,-3,139.74258849779056
-11,-3,100.0
-11,-2,100.0
-11,-2,175.2197679737671
-11,-2,100.0
-12,-2,100.0
-12,-2,100.0
-12,-2,100.0
-13,-2,100.0
-13,-2,106.11132004761203
-13,-2,100.0
-14,-2,100.0
-14,-2,145.79304509102218
-14,-2,100.0
-14,-3,100.0
-14,-3,100.0
-14,-3,176.0270549397116
-15,-3,100.0
-15,-3,100.0
-15,-3,100.0
-15,-4,100.0
-15,-4,100.0
-15,-4,100.0
-15,-3,136.3234469132284
-15,-3,100.0
-15,-3,100.0
-15,-2,100.0
-15,-2,100.0
-15,-2,100.0
-15,-1,100.0
-15,-1,100.0
-15,-1,100.0
-16,-1,138.22411672980596
-16,-1,100.0
-16,-1,100.0
-16,0,100.0
-16,0,100.0
-16,0,123.75464258549086
-17,0,100.0
-17,0,100.0
-17,0,100.0
-16,0,138.96742667641428
-16,0,113.3863463283651
-16,0,100.0
-16,1,146.62254897973835
-16,1,100.0
-16,1,120.94282182840459
-15,1,100.0
-15,1,176.84716244253133
-15,1,100.0
-15,2,100.0
-15,2,178.38103046853522
-15,2,139.9225557128129
-15,1,100.0
-15,1,111.50507371469239
-15,1,100.0
-14,1,148.28197788925928
-14,1,100.0
-14,1,100.0
-15,1,125.93091502017444
-15,1,139.67446085301052
-15,1,155.4378418778519
-14,1,111.57245982083487
-14,1,100.0
-14,1,100.0
-14,2,129.91413219192782
-14,2,155.50382452335327
-14,2,100.0
-14,3,167.10489979536493
-14,3,154.14990641671864
-14,3,100.0
-13,3,100.0
-13,3,100.0
-13,3,100.0
-13,4,100.0
-13,4,100.0
-13,4,100.0
-13,5,173.6737476847458
-13,5,131.86090555896385
-13,5,100.0
-12,5,100.0
-12,5,117.8247831867356
-12,5,157.2996290179471
-12,6,100.0
-12,6,100.0
-12,6,143.0711466056235
-12,5,100.0
-12,5,100.0
-12,5,100.0
-12,6,100.0
-12,6,100.0
-12,6,133.8300008570932
-11,6,148.48118293830484
-11,6,152.86626817032692
-11,6,100.0
-12,6,100.0
-12,6,100.0
-12,6,100.0
-11,6,100.0
-11,6,100.0
-11,6,100.0
-12,6,118.17727491128944
-12,6,100.0
-12,6,205.2782107287922
-11,6,100.0
-11,6,100.0
-11,6,100.0
-10,6,100.0
-10,6,100.0
-10,6,100.0
-10,7,100.0
-10,7,100.0
-10,7,100.0
-10,8,100.0
-10,8,100.0
-10,8,123.42004699964217
-11,8,170.8857034085247
-11,8,100.0
-11,8,100.0
-10,8,100.0
-10,8,100.0
-10,8,100.0
-9,8,100.0
-9,8,100.0
-9,8,138.06387594910873
-9,9,100.0
-9,9,100.0
-9,9,100.0
-8,9,100.0
-8,9,100.0
-8,9,100.0
-7,9,100.0
-7,9,100.0
-7,9,100.0
-6,9,100.0
-6,9,179.5601995035238
-6,9,100.0
-5,9,100.0
-5,9,100.0
-5,9,100.0
-5,10,100.0
-5,10,196.76431372354503
-5,10,208.5170875369297
-4,10,164.15104684343675
-4,10,100.0
-4,10,158.0374026489375
-3,10,100.0
-3,10,100.0
-3,10,100.0
-2,10,100.0
-2,10,100.0
-2,10,188.0312295240925
-2,9,100.0
-2,9,100.0
-2,9,147.2312789234782
-1,9,100.0
-1,9,100.0
-1,9,189.75861748574962
-1,10,159.41268711891445
-1,10,100.0
-1,10,100.0
0,10,100.0
0,10,100.0
0,10,189.77938787886643
0,11,114.33957682213804
0,11,143.7110944560865
0,11,100.0
0,12,100.0
0,12,123.5642134064284
0,12,100.0
1,12,100.0
1,12,100.0
1,12,100.0
1,13,100.0
1,13,100.0
1,13,140.11373804704914
1,14,153.6766613436966
1,14,100.0
1,14,111.50507371469239
2,14,100.0
2,14,100.53387640686933
2,14,100.0
2,15,100.0
2,15,152.36494716179664
2,15,100.0
2,16,100.0
2,16,152.16104779237415
2,16,100.0
3,16,100.0
3,16,142.82924831965443
3,16,143.33529424604467
3,17,100.0
3,17,100.0
3,17,100.0
3,18,100.0
3,18,100.0
3,18,100.0
3,19,131.82760041187834
3,19,100.0
3,19,100.0
3,20,160.82450408631163
3,20,111.50507371469239
3,20,100.0
4,20,100.0
4,20,100.0
4,20,100.0
5,20,151.25117852732654
5,20,100.0
5,20,135.57778100222444
6,20,111.50507371469239
6,20,100.0
6,20,100.0
7,20,111.50507371469239
7,20,100.0
7,20,115.9845461611174
8,20,100.0
8,20,100.0
8,20,100.0
9,20,123.02167432921405
9,20,100.0
9,20,100.0
10,20,100.0
10,20,100.0
10,20,100.0
11,20,100.0
11,20,100.0
11,20,100.0
12,20,100.0
12,20,100.0
12,20,111.50507371469239
13,20,100.0
13,20,117.55355354092057
13,20,132.7578226999826
12,20,100.0
12,20,100.0
12,20,100.0
13,20,100.0
13,20,100.0
13,20,100.33972097111274
14,20,100.33972097111274
14,20,100.0
14,20,100.0
15,20,100.0
15,20,111.50507371469239
15,20,111.50507371469239
16,20,111.50507371469239
16,20,100.0
16,20,100.0
17,20,100.0
17,20,100.0
17,20,100.0
18,20,100.0
18,20,100.0
18,20,111.50507371469239
19,20,100.0
19,20,100.0
19,20,111.50507371469239
20,20,100.0
20,20,118.36591270409996
20,20,100.0
19,20,100.0
19,20,100.0
19,20,100.0
18,20,100.0
18,20,100.0
18,20,100.0
19,20,100.0
19,20,100.33972097111274
19,20,100.0
18,20,100.0
18,20,100.0
18,20,100.33972097111274
19,20,100.0
19,20,100.0
19,20,100.0
18,20,100.0
18,20,111.50507371469239
18,20,100.0
17,20,100.0
17,20,122.26546022076754
17,20,111.50507371469239
16,20,151.9167028902106
16,20,100.0
16,20,100.33972097111274
15,20,100.0
15,20,100.0
15,20,100.0
14,20,111.50507371469239
14,20,150.84906486386186
14,20,144.73390749665376
15,20,100.0
15,20,100.0
15,20,100.0
14,20,100.0
14,20,100.0
14,20,100.0
15,20,100.0
15,20,100.0
15,20,100.0
14,20,100.0
14,20,100.0
14,20,100.0
13,20,111.50507371469239
13,20,100.0
13,20,100.0
12,20,100.0
12,20,111.50507371469239
12,20,100.0
11,20,100.0
11,20,131.27198945531399
11,20,100.0
10,20,100.0
10,20,111.50507371469239
10,20,100.0
9,20,100.0
9,20,100.0
9,20,100.0
8,20,100.0
8,20,100.0
8,20,100.0
7,20,121.2635380154932
7,20,100.0
7,20,100.0
6,20,100.0
6,20,111.50507371469239
6,20,100.0
5,20,100.0
5,20,100.0
5,20,100.0
4,20,112.59546373519537
4,20,100.0
4,20,100.0
3,20,142.76935660843873
3,20,131.44341118346645
3,20,112.09975842556396
2,20,100.0
2,20,100.0
2,20,100.0
3,20,100.0
3,20,111.50507371469239
3,20,100.0
2,20,127.40960053424651
2,20,100.0
2,20,136.50102596139627
3,20,100.0
3,20,100.0
3,20,100.0
4,20,100.0
4,20,100.0
4,20,145.50102989403376
3,20,151.40180102770182
3,20,100.0
3,20,100.0
