5,8,50.0
5,8,55.4246181634195
5,8,50.0
5,8,50.0
6,8,50.0
6,8,50.0
6,8,50.0
6,8,50.0
6,8,58.10601887006793
7,8,77.94177403943662
7,8,105.44497729077652
7,8,70.52547427770989
7,8,74.58148373750022
7,8,106.97759452094843
8,8,95.48659416132669
8,8,75.11107867801653
8,8,106.52323113121815
8,8,81.03677568564683
8,8,50.0
7,8,56.700366953067345
7,8,92.68860724915857
7,8,88.60713352143873
7,8,50.0
7,8,50.0
7,9,65.97744407836282
7,9,74.79033769538378
7,9,57.93747349713615
7,9,50.0
7,9,94.70257811438243
6,9,73.39468424645513
6,9,50.0
6,9,100.86754140136908
6,9,50.0
6,9,76.10949643539696
5,9,70.93973605967433
5,9,67.91190070020156
5,9,85.12630077225442
5,9,50.0
5,9,50.0
4,9,50.0
4,9,50.0
4,9,53.82122999301405
4,9,53.078240012829696
4,9,93.59702126397875
4,10,79.28643591667921
4,10,50.0
4,10,50.0
4,10,65.80048103619352
4,10,80.84128000712684
4,11,65.16053538829249
4,11,65.09515678647853
4,11,77.73409386453721
4,11,74.1524751685934
4,11,65.79435800344042
3,11,110.90890210571959
3,11,50.0
3,11,50.0
3,11,50.0
3,11,75.59621077553821
3,12,50.0
3,12,50.0
3,12,50.0
3,12,62.418384786926225
3,12,50.0
3,11,50.0
3,11,50.0
3,11,50.0
3,11,77.81237230621174
3,11,87.05471436334754
2,11,89.41292479715331
2,11,105.88063272655131
2,11,50.0
2,11,50.0
2,11,50.0
1,11,50.0
1,11,82.1250233075823
1,11,78.24986172187273
1,11,79.97233493280248
1,11,115.11364279334181
1,10,50.0
1,10,93.08409825166959
1,10,85.05845726901805
1,10,50.0
1,10,101.04882413620912
0,10,97.26012801617203
0,10,50.0
0,10,69.83572779288946
0,10,50.0
0,10,96.5137655069924
-1,10,50.0
-1,10,91.09292656334465
-1,10,69.92205333038652
-1,10,50.0
-1,10,98.682883575756
-2,10,50.0
-2,10,51.310248414425786
-2,10,50.0
-2,10,66.98466830007837
-2,10,106.36879491536233
-2,11,63.79602812822141
-2,11,77.78540957468655
-2,11,54.604087776946
-2,11,79.14272973424154
-2,11,50.0
-3,11,104.438529759509
-3,11,50.0
-3,11,76.21208018930001
-3,11,50.0
-3,11,74.14831125327257
-2,11,96.70297236163796
-2,11,50.0
-2,11,87.07248065929633
-2,11,97.06803776982905
-2,11,98.13174991400508
-3,11,73.23025589502666
-3,11,50.0
-3,11,97.23641433968943
-3,11,50.0
-3,11,63.50902282369083
-3,12,84.51440468205553
-3,12,50.0
-3,12,64.43008422247031
-3,12,50.0
-3,12,83.67542601111765
-4,12,53.345760439845655
-4,12,82.56779035868868
-4,12,50.0
-4,12,92.9430909135194
-4,12,50.0
-5,12,95.59873945376931
-5,12,97.78792862833414
-5,12,50.0
-5,12,98.03891099153535
-5,12,50.0
-6,12,50.0
-6,12,50.0
-6,12,50.0
-6,12,58.78412077445044
-6,12,50.0
-6,13,76.56519145378958
-6,13,66.60689627066128
-6,13,51.7300934556976
-6,13,50.0
-6,13,61.68182589858569
-7,13,50.0
-7,13,50.0
-7,13,66.0935203218409
-7,13,83.48790953667589
-7,13,50.0
-8,13,72.91574172753764
-8,13,82.40675356190972
-8,13,50.0
-8,13,50.0
-8,13,50.0
-9,13,50.0
-9,13,50.0
-9,13,50.0
-9,13,50.0
-9,13,50.0
-9,14,76.36020208010704
-9,14,50.0
-9,14,81.17319485445604
-9,14,50.0
-9,14,50.0
-9,15,57.93747349713615
-9,15,50.0
-9,15,50.0
-9,15,71.55638054123561
-9,15,50.0
-10,15,73.7653208428141
-10,15,77.92764096422701
-10,15,73.92559008852604
-10,15,99.95808963109772
-10,15,50.0
-11,15,57.93747349713615
-11,15,50.0
-11,15,57.93747349713615
-11,15,50.0
-11,15,65.55052135461243
-12,15,52.498035261789134
-12,15,50.0
-12,15,83.9478336227173
-12,15,79.65587042484206
-12,15,79.61604049684135
-12,16,56.55275280387652
-12,16,50.0
-12,16,77.65835338020655
-12,16,50.0
-12,16,57.93747349713615
-13,16,50.0
-13,16,50.0
-13,16,60.87952972769449
-13,16,57.93747349713615
-13,16,50.0
-14,16,50.0
-14,16,69.40798898033796
-14,16,57.93747349713615
-14,16,50.0
-14,16,50.0
-14,17,50.0
-14,17,57.93747349713615
-14,17,53.14480494174736
-14,17,50.0
-14,17,50.0
-15,17,101.4871992602264
-15,17,50.0
-15,17,50.0
-15,17,57.93747349713615
-15,17,50.0
-16,17,50.0
-16,17,56.742950037502425
-16,17,50.0
-16,17,80.39200156183503
-16,17,50.0
-17,17,50.0
-17,17,50.0
-17,17,54.471463920675504
-17,17,64.59497272609937
-17,17,50.0
-17,18,66.74182747534134
-17,18,50.0
-17,18,50.0
-17,18,50.0
-17,18,66.10060626531639
-18,18,50.0
-18,18,59.86458226789852
-18,18,50.0
-18,18,61.14644898343263
-18,18,58.61995872874392
-18,17,50.0
-18,17,57.93747349713615
-18,17,50.0
-18,17,57.93747349713615
-18,17,57.93747349713615
-18,16,57.93747349713615
-18,16,62.31203308026028
-18,16,50.0
-18,16,50.0
-18,16,50.0
-19,16,57.93747349713615
-19,16,57.93747349713615
-19,16,57.93747349713615
-19,16,50.0
-19,16,57.93747349713615
-19,15,50.0
-19,15,55.4303828317276
-19,15,50.0
-19,15,50.0
-19,15,50.0
-19,16,65.69080327761151
-19,16,50.0
-19,16,79.65602812785046
-19,16,50.0
-19,16,80.721855420617
-20,16,50.0
-20,16,50.0
-20,16,57.93747349713615
-20,16,50.0
-20,16,66.40563042325766
-20,17,60.7084684452815
-20,17,80.8801455884144
-20,17,50.0
-20,17,50.0
-20,17,50.0
-20,18,50.0
-20,18,50.0
-20,18,61.81974768889215
-20,18,50.0
-20,18,50.0
-20,17,57.93747349713615
-20,17,102.44552294394711
-20,17,57.93747349713615
-20,17,50.0
-20,17,50.0
-20,18,57.93747349713615
-20,18,50.0
-20,18,50.0
-20,18,50.0
-20,18,50.0
-20,19,58.453156145037
-20,19,50.0
-20,19,57.93747349713615
-20,19,62.188454969602546
-20,19,78.86834215187244
-20,20,50.0
-20,20,57.93747349713615
-20,20,68.91220474414078
-20,20,57.93747349713615
-20,20,50.0
-19,20,50.0
-19,20,50.0
-19,20,50.07791902967537
-19,20,50.0
-19,20,50.0
-20,20,57.93747349713615
-20,20,50.0
-20,20,63.90773279535886
-20,20,50.0
-20,20,50.0
-19,20,58.2169251784755
-19,20,50.0
-19,20,64.75551412274687
-19,20,50.0
-19,20,57.93747349713615
-20,20,57.93747349713615
-20,20,57.93747349713615
-20,20,64.5177560315122
-20,20,57.93747349713615
-20,20,57.93747349713615
-19,20,57.93747349713615
-19,20,61.985802920817406
-19,20,50.0
-19,20,57.93747349713615
-19,20,50.0
-19,19,61.92307410190168
-19,19,50.0
-19,19,50.0
-19,19,50.0
-19,19,57.93747349713615
-19,18,82.96628487831816
-19,18,50.0
-19,18,57.93747349713615
-19,18,50.0
-19,18,81.10421421146106
-18,18,50.0
-18,18,50.0
-18,18,59.91972671375438
-18,18,59.696683637232624
-18,18,64.38465193638427
-17,18,61.76532895669781
-17,18,50.0
-17,18,50.0
-17,18,50.0
-17,18,50.0
-17,17,57.93747349713615
-17,17,50.0
-17,17,57.93747349713615
-17,17,50.0
-17,17,52.79050446028058
-16,17,50.0
-16,17,50.0
-16,17,64.85218208348027
-16,17,57.93747349713615
-16,17,50.0
-15,17,50.0
-15,17,55.83805527404316
-15,17,73.55771593198732
-15,17,50.0
-15,17,50.0
-15,16,50.0
-15,16,58.78939048715764
-15,16,50.0
-15,16,50.0
-15,16,50.0
-15,15,50.0
-15,15,83.55722426106894
-15,15,50.0
-15,15,50.0
-15,15,79.90083754657002
-15,16,50.0
-15,16,50.0
-15,16,58.73077390892168
-15,16,86.09848990497407
-15,16,50.0
-15,15,80.16531433778091
-15,15,50.0
-15,15,57.93747349713615
-15,15,50.0
-15,15,50.0
-15,16,50.0
-15,16,50.0
-15,16,50.0
-15,16,57.93747349713615
-15,16,50.0
-14,16,106.80447171574272
-14,16,59.568390890729376
-14,16,72.39058453375662
-14,16,57.56179832493024
-14,16,50.0
-14,15,50.0
-14,15,50.0
-14,15,50.0
-14,15,57.93747349713615
-14,15,57.93747349713615
-13,15,50.0
-13,15,50.0
-13,15,50.0
-13,15,71.1821670081874
-13,15,77.78638228268188
-13,16,50.0
-13,16,50.0
-13,16,64.55170264669749
-13,16,50.0
-13,16,71.24842085452211
-12,16,57.93747349713615
-12,16,50.0
-12,16,50.169385940183766
-12,16,50.0
-12,16,50.0
-12,15,50.0
-12,15,50.0
-12,15,50.0
-12,15,57.93747349713615
-12,15,70.23154764301763
-13,15,61.81341721599872
-13,15,50.0
-13,15,83.28742150223572
-13,15,67.40262453777494
-13,15,50.0
-13,14,89.15653197121891
-13,14,64.05028906435953
-13,14,88.8324670814463
-13,14,50.0
-13,14,50.0
-13,13,76.13355544012802
-13,13,50.0
-13,13,57.93747349713615
-13,13,50.0
-13,13,57.93747349713615
-12,13,50.0
-12,13,50.0
-12,13,79.0244630892481
-12,13,111.00311023418728
-12,13,50.0
-11,13,50.0
-11,13,50.0
-11,13,59.43394150348473
-11,13,50.0
-11,13,59.324422299521885
-10,13,69.1718565655353
-10,13,50.0
-10,13,50.0
-10,13,63.33037537739558
-10,13,87.06499202314929
-10,12,82.76679854822264
-10,12,50.0
-10,12,50.0
-10,12,63.64558207501084
-10,12,50.0
-9,12,103.70059618782963
-9,12,83.68189316561563
-9,12,50.0
-9,12,80.2382001737725
-9,12,87.23904273975668
-9,11,55.47672491188895
-9,11,50.0
-9,11,80.46223461669733
-9,11,50.0
-9,11,50.0
-8,11,57.93747349713615
-8,11,68.86708555481954
-8,11,50.0
-8,11,82.80901938145138
-8,11,50.77068155438193
-8,10,57.66430206053992
-8,10,71.66721373255723
-8,10,50.0
-8,10,69.42114864486425
-8,10,109.16522090465557
-8,11,58.05075055865713
-8,11,50.0
-8,11,50.0
-8,11,81.1546079336301
-8,11,58.83625115961972
-9,11,50.0
-9,11,82.48419284753314
-9,11,50.83781572230734
-9,11,50.0
-9,11,75.76503702464278
-9,10,50.0
-9,10,59.00611447381488
-9,10,51.86198446164346
-9,10,94.9052285028065
-9,10,64.16950786258303
-8,10,102.23489294206468
-8,10,90.27101386882917
-8,10,50.0
-8,10,50.0
-8,10,50.0
-7,10,87.0376577743007
-7,10,50.0
-7,10,50.0
-7,10,89.21618426263949
-7,10,50.0
-7,9,50.0
-7,9,82.18587460596336
-7,9,50.0
-7,9,83.7169103650379
-7,9,81.66649937663313
-7,8,50.0
-7,8,50.0
-7,8,118.36813193424828
-7,8,50.0
-7,8,50.0
-7,7,68.40111909732984
-7,7,73.33189640017656
-7,7,79.56424962650586
-7,7,92.31640182965248
-7,7,50.0
-7,6,74.53593344939408
-7,6,82.99988841815397
-7,6,50.0
-7,6,80.24022466246407
-7,6,50.0
-7,5,53.93828276628599
-7,5,92.49634083426545
-7,5,50.0
-7,5,50.0
-7,5,102.16313811429067
-7,4,50.0
-7,4,50.0
-7,4,50.0
-7,4,50.65230064474014
-7,4,93.78126079917685
-6,4,99.59400745423834
-6,4,122.82864546517696
-6,4,89.85892100688773
-6,4,50.0
-6,4,68.06597606748338
-6,3,50.0
-6,3,78.58945679384247
-6,3,50.18387514090982
-6,3,50.2259486773754
-6,3,86.55186065902221
-5,3,50.0
-5,3,105.20967168181863
-5,3,86.64132822833245
-5,3,99.25722340794998
-5,3,91.40758693413386
-4,3,58.88985252278633
-4,3,50.0
-4,3,78.37063981176189
-4,3,112.09378429754251
-4,3,89.67439535768322
-3,3,96.42001976879145
-3,3,113.30586547242079
-3,3,91.27598573301663
-3,3,50.0
-3,3,91.0605781554732
-3,2,64.90226994859025
-3,2,94.79914370399788
-3,2,85.55101684703877
-3,2,53.14421482322867
-3,2,101.80783474404534
-3,1,113.09197844355998
-3,1,107.39617287396769
-3,1,66.72355764592567
-3,1,60.32714625831673
-3,1,69.05723459890129
-3,0,94.13082163162595
-3,0,50.6802420607314
-3,0,50.0
-3,0,108.86715560300618
-3,0,110.32922311392802
-3,-1,79.36879105781782
-3,-1,50.0
-3,-1,50.0
-3,-1,87.50052199587724
-3,-1,50.0
-3,-2,95.79568457711223
-3,-2,97.5985734318292
-3,-2,84.91596079720965
-3,-2,64.44107923308735
-3,-2,93.67030727432903
-2,-2,50.0
-2,-2,107.43340229814397
-2,-2,105.93010491853528
-2,-2,102.30669917284246
-2,-2,93.69642548008719
-2,-3,54.970612501639174
-2,-3,51.48268396012478
-2,-3,121.31234933645264
-2,-3,103.2044812722273
-2,-3,50.0
-2,-4,65.17839448673625
-2,-4,74.46421781023875
-2,-4,52.59247154003427
-2,-4,50.0
-2,-4,50.6091884975807
-2,-5,50.0
-2,-5,51.39212541749795
-2,-5,101.06002934972264
-2,-5,102.96036927654274
-2,-5,88.28570070951508
-1,-5,105.04211848179204
-1,-5,95.25731859900901
-1,-5,69.95528310804139
-1,-5,93.63729030498641
-1,-5,103.28720018306673
0,-5,50.0
0,-5,91.4207221550966
0,-5,50.0
0,-5,100.60682614533131
0,-5,105.86408137176068
0,-6,107.55509238679976
0,-6,50.0
0,-6,60.019859967859055
0,-6,105.11587965662804
0,-6,66.68052304815139
0,-7,71.064253898853
0,-7,53.668283875757794
0,-7,50.0
0,-7,50.0
0,-7,91.00911650144772
1,-7,59.2142817098802
1,-7,92.76271124529237
1,-7,50.0
1,-7,75.38144668281068
1,-7,71.36741404465837
2,-7,63.89366343307618
2,-7,115.69391616178922
2,-7,50.0
2,-7,50.0
2,-7,50.0
3,-7,78.79214833311507
3,-7,50.0
3,-7,93.20691327950536
3,-7,84.41324277747889
3,-7,83.70283913629588
3,-6,50.0
3,-6,54.62145496890195
3,-6,50.0
3,-6,50.0
3,-6,72.34732932086973
3,-7,82.87594609083656
3,-7,53.773555505344234
3,-7,90.95833677959344
3,-7,50.0
3,-7,81.96561485072219
3,-8,101.4604407694477
3,-8,50.0
3,-8,57.93747349713615
3,-8,62.31946593033909
3,-8,59.43576782678902
3,-9,50.0
3,-9,50.0
3,-9,59.923241523509645
3,-9,81.26414162304897
3,-9,50.0
4,-9,50.0
4,-9,83.56827873309922
4,-9,84.59128700259166
4,-9,50.0
4,-9,80.48844947330952
4,-10,88.24437527090235
4,-10,50.0
4,-10,50.0
4,-10,50.0
4,-10,50.0
5,-10,50.0
5,-10,92.8128652103276
5,-10,50.0
5,-10,77.14903566269372
5,-10,50.0
5,-9,105.33555855584726
5,-9,50.0
5,-9,82.07595439849597
5,-9,50.0
5,-9,54.34204382286578
5,-10,88.96253759486763
5,-10,70.68077817594637
5,-10,50.0
5,-10,50.0
5,-10,105.32793185955312
5,-9,67.01355154237854
5,-9,58.18116478041746
5,-9,88.0878523612975
5,-9,57.93747349713615
5,-9,50.0
5,-8,90.07500438085177
5,-8,67.48546148137791
5,-8,111.32824616935126
5,-8,50.0
5,-8,91.61897759331063
5,-9,50.0
5,-9,50.0
5,-9,105.17457909594569
5,-9,91.04161491620792
5,-9,58.85229131372174
5,-10,50.0
5,-10,57.93747349713615
5,-10,66.2400274448455
5,-10,50.0
5,-10,69.12103173109503
5,-11,90.9737194637599
5,-11,86.59042940094027
5,-11,50.0
5,-11,60.95994772974181
5,-11,75.38395960987597
6,-11,64.07403102354996
6,-11,50.0
6,-11,50.0
6,-11,101.14583431327267
6,-11,50.0
6,-12,50.0
6,-12,93.96013242892482
6,-12,50.0
6,-12,50.0
6,-12,63.54489586329665
7,-12,96.91604632795828
7,-12,68.19230080755266
7,-12,50.0
7,-12,50.0
7,-12,50.0
7,-13,88.46966278385881
7,-13,84.05656405511863
7,-13,50.0
7,-13,58.894376493840724
7,-13,66.33198165265671
7,-14,50.4536842664926
7,-14,56.377107184369095
7,-14,50.0
7,-14,50.0
7,-14,50.0
7,-15,50.0
7,-15,50.0
7,-15,50.0
7,-15,79.5943807744842
7,-15,50.0
8,-15,50.0
8,-15,50.0
8,-15,50.0
8,-15,50.0
8,-15,50.0
8,-16,50.0
8,-16,50.0
8,-16,56.0683201999706
8,-16,50.0
8,-16,50.0
8,-17,76.43335107747423
8,-17,50.0
8,-17,57.93747349713615
8,-17,50.0
8,-17,50.0
8,-16,50.0
8,-16,95.36186458104346
8,-16,72.65091940508592
8,-16,63.233470718691336
8,-16,50.0
9,-16,77.3623996315695
9,-16,58.89953510503277
9,-16,71.2170620339308
9,-16,50.0
9,-16,79.6615126916341
8,-16,50.0
8,-16,84.49917047727433
8,-16,50.0
8,-16,50.0
8,-16,81.97509188664334
7,-16,50.0
7,-16,93.4751996027931
7,-16,57.93747349713615
7,-16,67.67471562612417
7,-16,50.0
8,-16,50.0
8,-16,80.13331125389256
8,-16,89.0497062269198
8,-16,50.0
8,-16,57.93747349713615
7,-16,57.93747349713615
7,-16,62.13979286702284
7,-16,64.31261038585734
7,-16,70.3787130061741
7,-16,76.72052380116561
6,-16,59.61944018926083
6,-16,84.08727792335374
6,-16,73.68741049327136
6,-16,87.75156499250411
6,-16,69.89759748310428
5,-16,57.93747349713615
5,-16,50.0
5,-16,66.3762923319308
5,-16,50.0
5,-16,50.0
5,-15,57.93747349713615
5,-15,53.46106170475161
5,-15,50.0
5,-15,57.93747349713615
5,-15,57.93747349713615
4,-15,50.0
4,-15,75.86467100441115
4,-15,106.25519273612665
4,-15,91.55104336017877
4,-15,50.0
3,-15,75.36945457626143
3,-15,50.0
3,-15,50.0
3,-15,57.93747349713615
3,-15,82.88762106666141
2,-15,71.51243303151246
2,-15,63.47122673109677
2,-15,73.27738989852136
2,-15,50.0
2,-15,57.93747349713615
1,-15,78.2452972719078
1,-15,50.0
1,-15,50.0
1,-15,69.05338078364827
1,-15,50.0
0,-15,50.0
0,-15,50.0
0,-15,50.0
0,-15,76.65694577331094
0,-15,78.8731677910299
0,-14,50.0
0,-14,95.50003109552694
0,-14,50.0
0,-14,72.80128842329603
0,-14,68.16797430130292
0,-13,81.6755454759193
0,-13,93.50678608436239
0,-13,50.0
0,-13,50.0
0,-13,75.74544018808886
1,-13,50.0
1,-13,50.0
1,-13,50.0
1,-13,50.0
1,-13,91.25891167322811
0,-13,50.0
0,-13,79.05128237507309
0,-13,69.91345930678222
0,-13,50.0
0,-13,50.0
-1,-13,79.43418256568398
-1,-13,97.14862752366137
-1,-13,90.79344648657954
-1,-13,102.9818378064686
-1,-13,75.74242493464475
0,-13,62.94442295025252
0,-13,50.0
0,-13,50.0
0,-13,86.91267152407906
0,-13,57.93747349713615
0,-12,50.0
0,-12,56.23561522916092
0,-12,50.0
0,-12,87.99875511849885
0,-12,79.48529508347346
-1,-12,50.0
-1,-12,50.0
-1,-12,106.68121452083959
-1,-12,69.27882168579013
-1,-12,50.0
-2,-12,50.0
-2,-12,55.67192128519706
-2,-12,69.41758978092288
-2,-12,73.5541992483503
-2,-12,65.69718339378345
-2,-11,66.50992497005655
-2,-11,58.12724766855628
-2,-11,64.35006247738141
-2,-11,66.18209369795387
-2,-11,85.46859267480181
-3,-11,72.68244017783744
-3,-11,114.77905024799348
-3,-11,50.0
-3,-11,50.0
-3,-11,103.86762814686384
-4,-11,50.0
-4,-11,82.63625677436212
-4,-11,50.45533433810661
-4,-11,96.46396451241827
-4,-11,99.34159771628978
-4,-12,50.0
-4,-12,50.0
-4,-12,50.0
-4,-12,50.0
-4,-12,57.93747349713615
-4,-11,50.0
-4,-11,80.28116509640027
-4,-11,50.0
-4,-11,60.07442154914432
-4,-11,50.0
-5,-11,57.93747349713615
-5,-11,78.72613988772267
-5,-11,102.56564639520529
-5,-11,66.17186839049522
-5,-11,50.0
-5,-10,50.0
-5,-10,66.84986498531902
-5,-10,108.68308761962979
-5,-10,50.0
-5,-10,50.0
-5,-9,50.0
-5,-9,50.0
-5,-9,50.0
-5,-9,95.88120037883486
-5,-9,53.91461635713431
-5,-8,56.698411469206086
-5,-8,50.0
-5,-8,67.00271247004642
-5,-8,55.95944668534465
-5,-8,106.86326835178842
-6,-8,111.63113897915902
-6,-8,50.0
-6,-8,50.0
-6,-8,77.92831611804185
-6,-8,50.0
-5,-8,50.266771253225684
-5,-8,71.22468662444983
-5,-8,83.01566519687086
-5,-8,96.4194868092302
-5,-8,51.82687417719529
-5,-7,106.45256539749903
-5,-7,50.0
-5,-7,78.43953813821825
-5,-7,106.35545445868627
-5,-7,50.0
-5,-6,65.53992444619765
-5,-6,50.376585518026275
-5,-6,50.0
-5,-6,73.06145386334403
-5,-6,84.24033076600492
-6,-6,50.0
-6,-6,82.49060433611697
-6,-6,57.72935422678894
-6,-6,50.0
-6,-6,50.0
-7,-6,92.09925981040193
-7,-6,65.88367999764779
-7,-6,71.57318636631224
-7,-6,53.59642105007977
-7,-6,50.0
-7,-5,50.0
-7,-5,50.609259496525155
-7,-5,76.05438030563845
-7,-5,50.0
-7,-5,94.79041506129113
-7,-4,79.01484836192715
-7,-4,90.52005488068163
-7,-4,50.0
-7,-4,95.97667255292227
-7,-4,50.0
-8,-4,67.53974195026501
-8,-4,63.18721152371797
-8,-4,50.0
-8,-4,50.0
-8,-4,86.84470278710947
-9,-4,78.70525094502757
-9,-4,50.0
-9,-4,78.43884246397154
-9,-4,86.61435565304947
-9,-4,77.79228933373092
-10,-4,63.42578351650218
-10,-4,92.0225808766461
-10,-4,74.53415544872651
-10,-4,51.08791752004603
-10,-4,87.57055320755994
-11,-4,62.15137713143405
-11,-4,50.0
-11,-4,50.0
-11,-4,95.16847758962618
-11,-4,50.0
-12,-4,89.90958557972752
-12,-4,85.55292648913259
-12,-4,82.46440540433629
-12,-4,113.41822293185314
-12,-4,50.0
-13,-4,57.93747349713615
-13,-4,80.46618746308003
-13,-4,50.0
-13,-4,67.42485328424249
-13,-4,105.6398518228371
-14,-4,80.99462572331973
-14,-4,81.94301666521736
-14,-4,105.29189469602498
-14,-4,60.5657573442495
-14,-4,50.0
-15,-4,50.0
-15,-4,50.0
-15,-4,92.02834357379554
-15,-4,50.0
-15,-4,50.0
-16,-4,62.037802991805705
-16,-4,105.2050209664401
-16,-4,78.56724041870808
-16,-4,50.984755425325964
-16,-4,88.07299691584797
-17,-4,71.28146463266945
-17,-4,50.0
-17,-4,78.43028755226815
-17,-4,50.0
-17,-4,50.0
-18,-4,64.83997612145046
-18,-4,50.0
-18,-4,51.02612858242075
-18,-4,91.76715464524867
-18,-4,50.0
-18,-5,50.0
-18,-5,62.675411939666006
-18,-5,61.40439481676629
-18,-5,50.0
-18,-5,59.721465372877525
-18,-6,63.70378430860923
-18,-6,50.0
-18,-6,50.0
-18,-6,50.0
-18,-6,94.14191357213457
-19,-6,69.97962176552916
