11,-20,207.66472661697875
11,-19,267.08738067561643
11,-19,207.9487999585217
11,-20,294.48418774350364
11,-20,320.16957511791543
10,-20,249.621611452419
10,-20,207.9487999585217
9,-20,342.3584041476689
9,-20,310.17834157721086
8,-20,242.99653152934653
8,-20,273.4645329584807
8,-19,244.58333124232738
8,-19,207.66472661697875
8,-18,344.3396298060464
8,-18,266.2393747117122
8,-17,326.49520223661824
8,-17,225.40929813816348
7,-17,200.0
7,-17,210.69160629808175
7,-18,320.80376213501967
7,-18,225.99431553367862
6,-18,308.1515248457043
6,-18,242.99653152934653
5,-18,284.19881183575376
5,-18,298.09607481062557
4,-18,262.7364466045691
4,-18,248.40264599547993
3,-18,305.1460976331545
3,-18,257.9869750089945
3,-17,351.7581701201502
3,-17,247.203376583588
2,-17,207.66472661697875
2,-17,200.0
2,-18,239.21695420507064
2,-18,207.9487999585217
2,-17,261.0133988472091
2,-17,242.99653152934653
2,-16,244.4308834189461
2,-16,312.2704604169252
1,-16,403.7886837710201
1,-16,361.2027763102228
1,-15,355.10640915693875
1,-15,331.96529577131054
0,-15,268.98159645212695
0,-15,207.9487999585217
-1,-15,373.7418882349592
-1,-15,249.9759222017799
-1,-14,356.3819974913429
-1,-14,254.95371573026168
-1,-13,266.77737366243923
-1,-13,277.561358665438
-1,-12,307.8443111632748
-1,-12,267.05057245832745
-2,-12,333.8287616411285
-2,-12,318.9432879806279
-3,-12,433.05145071417303
-3,-12,370.33416637410267
-3,-11,384.4299957984952
-3,-11,295.4688430493359
-4,-11,337.11732990467976
-4,-11,357.6906200883806
-4,-10,312.7174962349091
-4,-10,273.4886303515708
-5,-10,397.27370769077095
-5,-10,356.81742372490413
-5,-9,342.96070584364696
-5,-9,360.5397596984848
-5,-8,352.07338892553196
-5,-8,383.85282161498196
-5,-7,392.7222291256055
-5,-7,359.7676662943068
-5,-6,242.99653152934653
-5,-6,266.69571091636686
-4,-6,385.63617596805494
-4,-6,393.22319718780653
-4,-5,479.0943644125464
-4,-5,280.3279468534649
-5,-5,402.2389920572289
-5,-5,373.8592609563062
-6,-5,323.9495539420168
-6,-5,339.0118252977548
-7,-5,424.27206332553544
-7,-5,223.98727965079806
-8,-5,235.0083964253517
-8,-5,302.6483845964877
-7,-5,366.4837699862993
-7,-5,265.069887930101
-8,-5,344.9955562867522
-8,-5,312.6079450101365
-9,-5,312.22534221504924
-9,-5,298.6590189560521
-9,-4,200.0
-9,-4,282.1078658730635
-10,-4,297.330282868332
-10,-4,234.15099631689606
-11,-4,328.25263571252924
-11,-4,306.99518835577527
-11,-3,266.30872486533735
-11,-3,364.2122821373962
-11,-2,234.60987430249642
-11,-2,311.5962257829571
-12,-2,316.3059016519393
-12,-2,259.2359070294928
-13,-2,207.66472661697875
-13,-2,296.4628022893258
-14,-2,340.5049832866995
-14,-2,320.96224712738734
-14,-3,336.4369974270478
-14,-3,243.793407090345
-15,-3,465.717692872686
-15,-3,268.539157414293
-15,-4,331.2595912078165
-15,-4,271.20404335941777
-15,-3,287.48248897865375
-15,-3,268.8501538907757
-15,-2,312.44985064273936
-15,-2,242.99653152934653
-15,-1,269.705799463731
-15,-1,432.3168961399196
-16,-1,291.59722756333315
-16,-1,309.7554408802477
-16,0,255.8653946339585
-16,0,235.17369460301643
-17,0,207.9487999585217
-17,0,298.8376885481919
-16,0,351.7464846334463
-16,0,233.59443108925012
-16,1,220.77068786338322
-16,1,312.7972229507225
-15,1,407.708724168272
-15,1,303.7168478318504
-15,2,225.04131624355992
-15,2,200.0
-15,1,382.57946301986215
-15,1,313.66957923523864
-14,1,335.5234272056502
-14,1,400.4152575561701
-15,1,200.0
-15,1,227.98496854303596
-14,1,321.63108363631636
-14,1,321.9162633265896
-14,2,207.9487999585217
-14,2,227.16224018608403
-14,3,228.80145907005652
-14,3,276.0647068689482
-13,3,269.6886665632403
-13,3,360.0865344963676
-13,4,214.28208224229053
-13,4,415.62686551019715
-13,5,336.03750720684064
-13,5,207.66472661697875
-12,5,305.8408708790752
-12,5,445.5442529793005
-12,6,248.37167305759945
-12,6,285.0022397108917
-12,5,242.99653152934653
-12,5,287.7640684879619
-12,6,318.6462061219075
-12,6,367.4473493306076
-11,6,400.91029596856896
-11,6,265.7523516319657
-12,6,207.66472661697875
-12,6,279.32040919718116
-11,6,207.9487999585217
-11,6,218.94360109998826
-12,6,279.9423103722265
-12,6,257.8327361620952
-11,6,308.0517641371736
-11,6,333.6340328377035
-10,6,378.4575470538206
-10,6,328.4176957938683
-10,7,323.17787987933133
-10,7,359.67041234709023
-10,8,360.84835651517596
-10,8,377.9052124525315
-11,8,237.60785363602014
-11,8,342.0878939787114
-10,8,413.3458645383562
-10,8,283.43963513288907
-9,8,404.54214293668986
-9,8,347.8268059613329
-9,9,326.7721704877378
-9,9,442.57709807057915
-8,9,238.60624585549436
-8,9,342.4136139380688
-7,9,207.66472661697875
-7,9,455.3298127382203
-6,9,424.7024129903347
-6,9,200.0
-5,9,348.03108279261284
-5,9,242.99653152934653
-5,10,253.6685635524364
-5,10,310.9038668476217
-4,10,347.1625114918773
-4,10,392.46689332406004
-3,10,245.60831867492635
-3,10,338.8694054991015
-2,10,331.4324283693342
-2,10,267.7359730108758
-2,9,447.6674147368775
-2,9,441.8064560843492
-1,9,307.01505162879323
-1,9,311.5984464920559
-1,10,390.3489112021855
-1,10,305.7284615500762
0,10,286.6382630223844
0,10,305.62359965240756
0,11,326.61656075861754
0,11,250.59773326458154
0,12,330.95191544690385
0,12,200.0
1,12,405.06605155990997
1,12,285.4849824611803
1,13,367.3131873034894
1,13,364.83507263363214
1,14,402.21002068887674
1,14,287.66858952766063
2,14,278.8387492834657
2,14,344.8783096508448
2,15,298.40866761427077
2,15,348.98568585265787
2,16,280.9414234925526
2,16,347.5685419305463
3,16,244.47970048316185
3,16,207.66472661697875
3,17,261.7311440976014
3,17,265.34555820310027
3,18,214.4082894117215
3,18,207.66472661697875
3,19,295.65115528289664
3,19,321.71371915070245
3,20,200.0
3,20,223.6595464281558
4,20,280.60000846706066
4,20,258.6258847726967
5,20,326.2271003318153
5,20,277.9158916689428
6,20,207.9487999585217
6,20,227.2472918266166
7,20,207.66472661697875
7,20,349.9793573876247
8,20,200.0
8,20,273.69406589964257
9,20,347.9731230252828
9,20,377.65482451903847
10,20,248.66733101628122
10,20,262.39596881082673
11,20,299.57887030384404
11,20,242.99653152934653
12,20,207.9487999585217
