11,-20,242.99653152934653
11,-19,207.66472661697875
11,-19,207.9487999585217
11,-20,207.9487999585217
11,-20,207.66472661697875
10,-20,207.66472661697875
10,-20,230.34155541619052
9,-20,257.52082217790695
9,-20,326.7407621660303
8,-20,305.1543157738183
8,-20,217.7324061547875
8,-19,318.7038646746756
8,-19,324.69398604369684
8,-18,350.9304587239461
8,-18,284.882900006778
8,-17,271.54726455697823
8,-17,223.46488203619305
7,-17,220.1315442749945
7,-17,309.7800951672159
7,-18,381.11742984309177
7,-18,234.3769250149655
6,-18,319.9526348572364
6,-18,373.3811160402197
5,-18,335.4613710188975
5,-18,393.50330403820885
4,-18,216.9866484132006
4,-18,288.155878169619
3,-18,328.42053284396815
3,-18,338.13999639586484
3,-17,278.14568000978045
3,-17,301.64902304404075
2,-17,246.93852391170842
2,-17,200.0
2,-18,213.64230812245972
2,-18,269.0230773346145
2,-17,217.06318010474092
2,-17,240.39535876160392
2,-16,200.0
2,-16,332.20467525120216
1,-16,267.4695686397051
1,-16,242.99653152934653
1,-15,288.231353397126
1,-15,200.0
0,-15,242.99653152934653
0,-15,349.5645999948682
-1,-15,229.44783371035015
-1,-15,200.0
-1,-14,220.68294431390234
-1,-14,314.42081574139235
-1,-13,340.83806430903354
-1,-13,418.54816876241557
-1,-12,200.0
-1,-12,333.7881677469893
-2,-12,372.795894343743
-2,-12,264.1054520570099
-3,-12,259.4425145921229
-3,-12,369.5765596762498
-3,-11,331.097012152992
-3,-11,275.8711968776502
-4,-11,289.3435136336633
-4,-11,200.0
-4,-10,381.2877578924672
-4,-10,365.69806435582797
-5,-10,344.04958194378366
-5,-10,236.01679826282344
-5,-9,349.52313662197594
-5,-9,343.1819749393678
-5,-8,403.02050206487195
-5,-8,332.6866089738041
-5,-7,307.72376817964323
-5,-7,352.62292293647556
-5,-6,381.4889085850127
-5,-6,421.400166250945
-4,-6,317.5480382369257
-4,-6,278.11099253663764
-4,-5,308.4116677414125
-4,-5,460.8913215505396
-5,-5,238.75794202184935
-5,-5,341.15257995729394
-6,-5,518.8187129907825
-6,-5,417.3312798129893
-7,-5,400.80844786186276
-7,-5,377.74695535697964
-8,-5,295.26701762474886
-8,-5,356.82994569396556
-7,-5,388.9786387572695
-7,-5,275.5414451268277
-8,-5,321.2138773399287
-8,-5,316.51603898020295
-9,-5,416.4807253712503
-9,-5,428.26822730506206
-9,-4,239.61405703655225
-9,-4,316.91599523138757
-10,-4,427.4308859094824
-10,-4,303.5803923083789
-11,-4,260.86654171913017
-11,-4,277.03279519453247
-11,-3,365.6971959643933
-11,-3,323.72796718615956
-11,-2,311.6278544865446
-11,-2,305.19487639607837
-12,-2,333.24970476846556
-12,-2,213.02257706967737
-13,-2,448.2172419165633
-13,-2,271.23084175011263
-14,-2,341.75395293301864
-14,-2,200.0
-14,-3,231.27522531758825
-14,-3,410.8201470949196
-15,-3,307.6039522362989
-15,-3,266.84941316275336
-15,-4,327.2180386281527
-15,-4,207.9487999585217
-15,-3,309.17503266187373
-15,-3,316.2953715040651
-15,-2,304.2766728540044
-15,-2,333.6241232390272
-15,-1,211.10920369578807
-15,-1,259.65841914863387
-16,-1,273.70727159007254
-16,-1,206.27352819983625
-16,0,406.7967642212409
-16,0,337.63190582895203
-17,0,339.06158685293394
-17,0,313.19659463341594
-16,0,246.03090369672242
-16,0,394.6342879693633
-16,1,329.5677341496685
-16,1,256.9606998277013
-15,1,283.51368295504693
-15,1,258.3718365292288
-15,2,366.35227747739106
-15,2,333.7316192031354
-15,1,331.11988859342597
-15,1,242.99653152934653
-14,1,320.5563152875792
-14,1,216.02372867835595
-15,1,227.19525234566086
-15,1,242.99653152934653
-14,1,255.0404679585672
-14,1,256.4455581909903
-14,2,445.6169569250455
-14,2,433.03832929024065
-14,3,329.3543821453897
-14,3,374.5790874184539
-13,3,257.3532909557273
-13,3,373.0910921128999
-13,4,207.9487999585217
-13,4,313.12213608460024
-13,5,368.89258634238365
-13,5,357.27933030216286
-12,5,285.5260568459355
-12,5,242.99653152934653
-12,6,304.0294358765845
-12,6,335.7285336730042
-12,5,207.66472661697875
-12,5,263.056701847697
-12,6,241.1600071277418
-12,6,309.2270262539728
-11,6,400.2506350683161
-11,6,354.6789126671261
-12,6,281.3357374802054
-12,6,354.39686305898067
-11,6,464.22269644023334
-11,6,221.23134251998943
-12,6,275.73856126745187
-12,6,285.462819237037
-11,6,343.7004542725843
-11,6,326.1407345992748
-10,6,301.2723102330448
-10,6,279.03863080419853
-10,7,255.2022599536777
-10,7,252.50860148550444
-10,8,394.59909356211443
-10,8,296.4637807827733
-11,8,268.1722102348035
-11,8,304.9525671071978
-10,8,200.0
-10,8,228.34385940139782
-9,8,207.66472661697875
-9,8,263.2622160987433
-9,9,292.29752214475576
-9,9,391.3375335981911
-8,9,290.0056936073813
-8,9,225.73690415090923
-7,9,414.25601774078655
-7,9,351.55412383501323
-6,9,310.7658710844409
-6,9,228.1446775713859
-5,9,421.6438646257244
-5,9,235.82537489010235
-5,10,407.9775720197918
-5,10,250.64998925064714
-4,10,354.25634201482194
-4,10,262.5123769620408
-3,10,405.52834929524874
-3,10,271.66238746259273
-2,10,354.7722672637318
-2,10,296.44077700616117
-2,9,266.05904279547144
-2,9,330.99067452201757
-1,9,323.1787456769629
-1,9,281.0129128002759
-1,10,296.95050172201013
-1,10,308.99218884680124
0,10,271.79693246058366
0,10,309.85847262695125
0,11,207.9487999585217
0,11,309.23269234702167
0,12,391.97624752339124
0,12,266.6859671735318
1,12,248.48900482505985
1,12,283.36992776089
1,13,289.6747157897813
1,13,207.66472661697875
1,14,312.71778577910044
1,14,233.98883883339158
2,14,291.4568265614821
2,14,306.5818834465154
2,15,406.6480938487695
2,15,334.6929089629694
2,16,263.3503326141883
2,16,263.20667246066336
3,16,223.25743426094618
3,16,287.2536496702686
3,17,277.3834865720325
3,17,327.5905452588461
3,18,259.72883313170485
3,18,254.99226519956034
3,19,207.66472661697875
3,19,229.3429003763294
3,20,200.0
3,20,207.9487999585217
4,20,264.85194322497756
4,20,242.99653152934653
5,20,315.87927151143657
5,20,207.66472661697875
6,20,207.9487999585217
6,20,207.66472661697875
7,20,283.4795291897113
7,20,200.0
8,20,295.01159952805256
8,20,250.26617966735242
9,20,336.8467843100865
9,20,207.66472661697875
10,20,242.99653152934653
10,20,265.8064301360139
11,20,211.2547180197672
11,20,207.66472661697875
12,20,265.02636016391443
