11,-20,200.0
11,-19,200.0
11,-19,228.4433864614436
11,-20,246.92833207363145
11,-20,397.43182221867926
10,-20,231.59885508457677
10,-20,242.99653152934653
9,-20,238.21895445817808
9,-20,349.8646871800533
8,-20,242.99653152934653
8,-20,207.9487999585217
8,-19,234.19128264051574
8,-19,207.9487999585217
8,-18,300.6129746880661
8,-18,309.6124758221325
8,-17,302.7286674198759
8,-17,380.78943559645114
7,-17,346.4054949617
7,-17,225.30457025946447
7,-18,207.9487999585217
7,-18,215.9218154194214
6,-18,337.6511863306866
6,-18,408.9790426509589
5,-18,251.33100485570753
5,-18,207.9487999585217
4,-18,262.50344707779624
4,-18,313.1959544769587
3,-18,259.8841079179656
3,-18,247.6894219045153
3,-17,207.66472661697875
3,-17,243.23569936119316
2,-17,200.0
2,-17,307.7770042492591
2,-18,264.8214972457937
2,-18,280.63933237505955
2,-17,236.33125174666424
2,-17,386.2921710263192
2,-16,263.7437820284286
2,-16,337.961691811532
1,-16,230.21227907741778
1,-16,234.95555357065828
1,-15,280.38374933908625
1,-15,345.5009556225403
0,-15,226.41713600103253
0,-15,303.475170308322
-1,-15,308.5178155129711
-1,-15,279.64978093182964
-1,-14,368.61860683607483
-1,-14,261.30399078623753
-1,-13,327.20619002910314
-1,-13,333.10291382719794
-1,-12,376.84114643215537
-1,-12,200.0
-2,-12,317.0880742823031
-2,-12,350.59276884590804
-3,-12,305.5882799726192
-3,-12,373.48741609623414
-3,-11,327.49041895249997
-3,-11,231.07991912873752
-4,-11,343.42295730214323
-4,-11,334.00318909413033
-4,-10,283.73969866224905
-4,-10,313.8559725207883
-5,-10,333.4878570423886
-5,-10,342.51734551879656
-5,-9,368.8213492107292
-5,-9,230.80516820329444
-5,-8,211.66537519192542
-5,-8,326.8034276354333
-5,-7,377.9322311998052
-5,-7,306.5117590761005
-5,-6,395.0372129412117
-5,-6,409.2754086737403
-4,-6,491.5183983057243
-4,-6,413.29209904695045
-4,-5,403.296466321447
-4,-5,349.461851423725
-5,-5,261.6129777303268
-5,-5,296.3625631688608
-6,-5,389.93778457115667
-6,-5,337.17166736016515
-7,-5,265.3133677304173
-7,-5,295.27610277628514
-8,-5,216.4587310463021
-8,-5,412.20989132469344
-7,-5,440.91517911807443
-7,-5,334.93837827658393
-8,-5,393.9892517308896
-8,-5,307.53714449462393
-9,-5,405.7847004503805
-9,-5,376.2859189896694
-9,-4,300.7074697862673
-9,-4,288.3655266722325
-10,-4,344.9035688723303
-10,-4,237.5618808802639
-11,-4,274.9453667255203
-11,-4,343.15894376710713
-11,-3,307.53476582942676
-11,-3,338.43400631395195
-11,-2,320.7734440558072
-11,-2,321.7909879539829
-12,-2,341.89013743322533
-12,-2,200.0
-13,-2,259.07385765229475
-13,-2,209.46962201628082
-14,-2,227.34300562812737
-14,-2,357.26067355076054
-14,-3,272.7998460854404
-14,-3,207.66472661697875
-15,-3,200.0
-15,-3,207.66472661697875
-15,-4,288.912858697261
-15,-4,207.66472661697875
-15,-3,300.5488218406847
-15,-3,463.86828464912287
-15,-2,309.4354874679269
-15,-2,305.8805221068963
-15,-1,338.5366456358251
-15,-1,252.85089827401052
-16,-1,227.08710094203644
-16,-1,263.28477151688963
-16,0,290.8169884369902
-16,0,343.6489508362063
-17,0,212.84131888305564
-17,0,274.9071659844157
-16,0,207.66472661697875
-16,0,298.818173308524
-16,1,207.66472661697875
-16,1,284.6639104884893
-15,1,279.09759863327264
-15,1,369.97438727921934
-15,2,298.2705467525975
-15,2,260.79740230385323
-15,1,284.7774383135121
-15,1,290.85552285492696
-14,1,251.08434692265985
-14,1,317.9357793169285
-15,1,380.87125166288064
-15,1,375.6774161011511
-14,1,207.66472661697875
-14,1,200.0
-14,2,309.60747859859794
-14,2,207.9487999585217
-14,3,371.72792733114244
-14,3,319.01800492325754
-13,3,283.41387789176235
-13,3,423.4179308409181
-13,4,390.4707037645926
-13,4,207.9487999585217
-13,5,235.64806953269598
-13,5,225.49385916013944
-12,5,304.08305230933877
-12,5,218.08604091558664
-12,6,295.8535504067007
-12,6,275.5503312021373
-12,5,373.5926981222528
-12,5,325.5650075652421
-12,6,307.02937406285974
-12,6,306.71803992191997
-11,6,376.0667936352977
-11,6,234.4839955960788
-12,6,310.23732616643946
-12,6,312.58586223501527
-11,6,335.1540561712355
-11,6,299.9986258432464
-12,6,332.1293191811237
-12,6,304.3441119510842
-11,6,336.34044032687905
-11,6,261.8279082622346
-10,6,228.22951355614174
-10,6,405.94882987386046
-10,7,200.0
-10,7,291.77448484751795
-10,8,305.28945164279355
-10,8,239.1336858244577
-11,8,270.43759862159243
-11,8,329.27402936811296
-10,8,277.7953894618483
-10,8,295.4468692635488
-9,8,345.1669951723753
-9,8,385.20917455231927
-9,9,427.80298102565797
-9,9,360.7903637004455
-8,9,400.55577779205515
-8,9,304.42289454496137
-7,9,362.52768801655816
-7,9,363.7512858059587
-6,9,291.51193814744045
-6,9,348.287155092413
-5,9,200.0
-5,9,289.8890902692052
-5,10,375.0433769913442
-5,10,361.86886176250147
-4,10,336.46376860034854
-4,10,358.500418223998
-3,10,328.35809545280256
-3,10,380.96278801143194
-2,10,432.38469145827963
-2,10,293.3500277987949
-2,9,200.0
-2,9,360.05146350649756
-1,9,359.6821436379259
-1,9,320.2297831574355
-1,10,266.2130695678302
-1,10,382.19428283972604
0,10,215.6221138092825
0,10,316.98382821698584
0,11,305.16293781041185
0,11,347.42888968721076
0,12,263.16566818517845
0,12,304.6241296989258
1,12,226.410360551116
1,12,306.00812241491025
1,13,200.0
1,13,260.92452185529737
1,14,335.35273804515253
1,14,207.66472661697875
2,14,305.6748054507445
2,14,416.0188654717547
2,15,329.1791003871799
2,15,305.96741658414027
2,16,242.04603069752324
2,16,222.58642548459355
3,16,307.54084320189975
3,16,200.0
3,17,242.99653152934653
3,17,295.55551907154944
3,18,421.0386177868612
3,18,242.99653152934653
3,19,227.670318329601
3,19,245.89215202246112
3,20,200.0
3,20,281.11421088493563
4,20,222.34748860684314
4,20,214.572922413762
5,20,207.66472661697875
5,20,302.38525335174893
6,20,242.99653152934653
6,20,292.3963961513455
7,20,200.0
7,20,207.9487999585217
8,20,200.0
8,20,288.2152824774411
9,20,207.66472661697875
9,20,207.66472661697875
10,20,334.0109594045838
10,20,207.66472661697875
11,20,266.8883764106708
11,20,207.9487999585217
12,20,278.0759890384951
