5,8,84.15763433281809
5,8,50.0
5,8,51.42716685892178
5,8,50.0
6,8,79.40191855808095
6,8,81.01937779938841
6,8,66.25990094781106
6,8,67.25517244239002
6,8,50.0
7,8,62.45740162704449
7,8,119.83456343209687
7,8,50.0
7,8,50.0
7,8,69.94822292961467
8,8,67.36034271792288
8,8,66.26529855154965
8,8,77.38591000913172
8,8,50.0
8,8,56.52137391871096
7,8,52.626464441768235
7,8,63.84417318082184
7,8,94.56883435267173
7,8,100.57234585759986
7,8,50.0
7,9,50.0
7,9,94.57962233699551
7,9,50.0
7,9,62.07501771188958
7,9,95.15148100245742
6,9,88.84561001054894
6,9,53.404736658729064
6,9,89.35860286361682
6,9,50.0
6,9,50.0
5,9,50.0
5,9,82.87868013271711
5,9,89.6209316523665
5,9,77.51179892192427
5,9,91.9999551692475
4,9,64.86021776748495
4,9,87.43701086499995
4,9,50.0
4,9,78.23259562030691
4,9,72.68834001047898
4,10,50.0
4,10,50.0
4,10,50.0
4,10,77.48907267838204
4,10,101.14217276245917
4,11,62.895499957755355
4,11,66.61818526617989
4,11,50.0
4,11,72.73148612018531
4,11,60.22095999455007
3,11,79.78179645365876
3,11,97.87634294433029
3,11,73.31380451123835
3,11,50.0
3,11,104.22266388663927
3,12,96.24908487723881
3,12,112.16967561100084
3,12,50.0
3,12,50.0
3,12,50.0
3,11,97.09231061565036
3,11,62.721751982926335
3,11,50.0
3,11,73.43979721328387
3,11,99.65922236201283
2,11,87.29943212310945
2,11,74.55761578437668
2,11,61.35492156750478
2,11,50.0
2,11,50.0
1,11,50.0
1,11,82.43392123723851
1,11,96.79725420715071
1,11,50.0
1,11,50.0
1,10,50.8669819544061
1,10,111.09984961080617
1,10,104.20838353852886
1,10,92.08191980819502
1,10,50.0
0,10,96.28499998188062
0,10,50.0
0,10,50.0
0,10,50.0
0,10,67.91345302687486
-1,10,50.0
-1,10,66.24048986424773
-1,10,50.0
-1,10,87.49458725333433
-1,10,50.0
-2,10,50.0
-2,10,50.0
-2,10,100.6818511790688
-2,10,65.88238619468723
-2,10,51.0570614188072
-2,11,62.09225066946922
-2,11,63.11788671155719
-2,11,99.3004963328218
-2,11,103.80317620787247
-2,11,72.00030983632523
-3,11,89.8656392566928
-3,11,82.37853582104239
-3,11,86.32183923694124
-3,11,58.17812003277328
-3,11,50.0
-2,11,50.0
-2,11,90.57365652441001
-2,11,93.70318170929131
-2,11,50.0
-2,11,79.9952051388172
-3,11,77.25147999605247
-3,11,81.7805362160111
-3,11,68.00447097714127
-3,11,50.0
-3,11,50.0
-3,12,50.0
-3,12,109.7920105542255
-3,12,62.58365995732771
-3,12,55.047941616369684
-3,12,77.36009325235688
-4,12,58.561020783017845
-4,12,50.0
-4,12,75.60340486175588
-4,12,50.0
-4,12,90.25217236599705
-5,12,50.0
-5,12,93.01557296734572
-5,12,60.620975880857884
-5,12,50.0
-5,12,50.0
-6,12,90.48428386760541
-6,12,83.12149866773997
-6,12,50.0
-6,12,110.53406335793713
-6,12,75.32357760059855
-6,13,67.16474876027539
-6,13,123.45460195708155
-6,13,62.614660215470536
-6,13,50.0
-6,13,83.20275566995656
-7,13,57.93747349713615
-7,13,78.50232284694741
-7,13,75.41403555063
-7,13,69.72399581973069
-7,13,50.0
-8,13,50.0
-8,13,50.0
-8,13,50.0
-8,13,95.3970081917985
-8,13,50.0
-9,13,50.0
-9,13,70.36520881315144
-9,13,50.0
-9,13,50.0
-9,13,50.0
-9,14,57.93747349713615
-9,14,72.10960431152239
-9,14,50.0
-9,14,75.70984481827753
-9,14,89.46270906457318
-9,15,50.0
-9,15,50.0
-9,15,74.67496865091047
-9,15,50.0
-9,15,119.14483898829855
-10,15,60.589678630050805
-10,15,50.0
-10,15,50.49407672592552
-10,15,103.44355697854863
-10,15,50.0
-11,15,50.0
-11,15,66.29322855113777
-11,15,72.7130858629412
-11,15,50.0
-11,15,69.15429520189755
-12,15,50.0
-12,15,53.80771965327024
-12,15,71.38818030521632
-12,15,50.0
-12,15,83.27060993578164
-12,16,71.72953257963823
-12,16,50.0
-12,16,50.0
-12,16,50.0
-12,16,70.1122936689814
-13,16,77.89502916344102
-13,16,50.0
-13,16,63.74199587754232
-13,16,76.26039482190457
-13,16,50.0
-14,16,50.0
-14,16,50.0
-14,16,57.93747349713615
-14,16,50.0
-14,16,68.14765549881751
-14,17,61.37359312673986
-14,17,57.93747349713615
-14,17,57.93747349713615
-14,17,75.86619602257764
-14,17,50.0
-15,17,50.0
-15,17,81.10312878731914
-15,17,51.717940836235066
-15,17,58.9104806762593
-15,17,62.58909530161014
-16,17,50.0
-16,17,65.56174159550926
-16,17,50.0
-16,17,57.93747349713615
-16,17,50.0
-17,17,79.46818693207413
-17,17,50.0
-17,17,80.06822505444313
-17,17,50.0
-17,17,57.93747349713615
-17,18,65.7025957307052
-17,18,57.93747349713615
-17,18,50.0
-17,18,54.752595997201105
-17,18,50.0
-18,18,50.0
-18,18,50.0
-18,18,54.96174148120928
-18,18,50.0
-18,18,50.0
-18,17,77.29745164431935
-18,17,57.93747349713615
-18,17,50.0
-18,17,50.0
-18,17,54.855588910774514
-18,16,70.64181613611018
-18,16,50.0
-18,16,50.0
-18,16,50.0
-18,16,69.65113178994599
-19,16,50.0
-19,16,50.0
-19,16,50.0
-19,16,50.0
-19,16,57.93747349713615
-19,15,50.0
-19,15,50.0
-19,15,59.94235890985317
-19,15,50.0
-19,15,50.0
-19,16,64.7252690059172
-19,16,60.88685857665259
-19,16,63.136841840055645
-19,16,79.6983554125791
-19,16,50.0
-20,16,50.0
-20,16,50.0
-20,16,57.93747349713615
-20,16,50.0
-20,16,50.0
-20,17,50.0
-20,17,60.26563214759373
-20,17,50.0
-20,17,50.0
-20,17,50.0
-20,18,68.16765878413293
-20,18,57.93747349713615
-20,18,50.0
-20,18,57.93747349713615
-20,18,50.0
-20,17,50.0
-20,17,71.72047551700142
-20,17,50.0
-20,17,50.0
-20,17,57.93747349713615
-20,18,64.91330474377324
-20,18,50.0
-20,18,50.0
-20,18,50.0
-20,18,57.93747349713615
-20,19,50.0
-20,19,57.93747349713615
-20,19,64.83137372912917
-20,19,50.0
-20,19,50.0
-20,20,50.0
-20,20,50.0
-20,20,75.43351014323036
-20,20,57.93747349713615
-20,20,50.0
-19,20,65.15207617004553
-19,20,50.0
-19,20,57.93747349713615
-19,20,57.93747349713615
-19,20,57.93747349713615
-20,20,50.0
-20,20,77.55478015758459
-20,20,57.93747349713615
-20,20,57.93747349713615
-20,20,57.93747349713615
-19,20,50.0
-19,20,50.0
-19,20,57.93747349713615
-19,20,50.0
-19,20,71.20465514751032
-20,20,50.0
-20,20,57.93747349713615
-20,20,50.0
-20,20,50.0
-20,20,57.93747349713615
-19,20,57.93747349713615
-19,20,50.0
-19,20,50.0
-19,20,57.93747349713615
-19,20,50.0
-19,19,50.0
-19,19,57.93747349713615
-19,19,50.0
-19,19,57.93747349713615
-19,19,61.979606688079855
-19,18,64.05671050535942
-19,18,71.24803186417591
-19,18,50.0
-19,18,57.981472467935035
-19,18,57.93747349713615
-18,18,57.93747349713615
-18,18,50.0
-18,18,52.06073242239726
-18,18,57.93747349713615
-18,18,50.0
-17,18,50.0
-17,18,50.0
-17,18,57.93747349713615
-17,18,57.93747349713615
-17,18,50.0
-17,17,50.0
-17,17,50.0
-17,17,50.0
-17,17,80.06928388273738
-17,17,50.0
-16,17,57.93747349713615
-16,17,87.46511204128532
-16,17,57.93747349713615
-16,17,57.93747349713615
-16,17,64.36821025883717
-15,17,61.92227285067784
-15,17,64.17563596019453
-15,17,50.0
-15,17,69.32605379093192
-15,17,50.0
-15,16,58.40656534039921
-15,16,50.0
-15,16,50.0
-15,16,50.0
-15,16,72.11586476769651
-15,15,93.59715811173777
-15,15,50.0
-15,15,50.0
-15,15,50.0
-15,15,50.0
-15,16,60.308159794781055
-15,16,78.45653562509982
-15,16,50.0
-15,16,57.93747349713615
-15,16,50.0
-15,15,85.50856493205848
-15,15,50.0
-15,15,50.0
-15,15,50.0
-15,15,50.0
-15,16,50.0
-15,16,59.72971902281575
-15,16,50.0
-15,16,50.0
-15,16,90.26035979575227
-14,16,59.45998747590099
-14,16,50.0
-14,16,85.52446177469936
-14,16,50.0
-14,16,50.0
-14,15,58.46554422323323
-14,15,50.0
-14,15,57.93747349713615
-14,15,70.41259923057773
-14,15,94.23973035848556
-13,15,66.73529717241588
-13,15,50.0
-13,15,50.0
-13,15,75.2278649307353
-13,15,61.922148729332804
-13,16,70.00929521625406
-13,16,57.93747349713615
-13,16,63.93206757247837
-13,16,70.39372511820687
-13,16,81.2533502459616
-12,16,50.0
-12,16,57.93747349713615
-12,16,50.0
-12,16,67.42197167893829
-12,16,76.40694747886552
-12,15,50.0
-12,15,61.3987908387941
-12,15,50.0
-12,15,78.60309447143466
-12,15,73.17952591066185
-13,15,57.93747349713615
-13,15,103.98457954606306
-13,15,50.0
-13,15,63.21489576103833
-13,15,50.0
-13,14,50.0
-13,14,50.0
-13,14,50.0
-13,14,57.93747349713615
-13,14,57.93747349713615
-13,13,56.35396864663979
-13,13,85.60303746368083
-13,13,50.0
-13,13,50.0
-13,13,50.0
-12,13,50.0
-12,13,50.0
-12,13,68.71583142761347
-12,13,57.93747349713615
-12,13,50.0
-11,13,50.0
-11,13,76.79062188093357
-11,13,50.0
-11,13,63.05432288142406
-11,13,50.0
-10,13,50.0
-10,13,54.76937483046503
-10,13,57.93747349713615
-10,13,60.571013506662325
-10,13,90.74569568876288
-10,12,57.93747349713615
-10,12,66.08767193954772
-10,12,78.69291576372167
-10,12,50.0
-10,12,50.0
-9,12,50.0
-9,12,50.0
-9,12,95.4401728772107
-9,12,50.0
-9,12,68.65888151460203
-9,11,86.1547068307419
-9,11,67.9886785738652
-9,11,50.0
-9,11,50.0
-9,11,83.4339701104006
-8,11,66.99669613218299
-8,11,94.85391161737097
-8,11,64.47876055150488
-8,11,87.64951966041292
-8,11,50.0
-8,10,50.0
-8,10,50.0
-8,10,90.14737660690247
-8,10,50.858002355494506
-8,10,50.0
-8,11,96.56050424661116
-8,11,53.62602271426656
-8,11,87.95503398193385
-8,11,79.86886853747647
-8,11,50.0
-9,11,50.0
-9,11,50.0
-9,11,57.93747349713615
-9,11,83.31015373593443
-9,11,50.0
-9,10,50.0
-9,10,50.0
-9,10,50.0
-9,10,64.30531849181732
-9,10,92.73941978161133
-8,10,70.10448847218863
-8,10,50.0
-8,10,83.32548764272043
-8,10,50.0
-8,10,50.0
-7,10,91.8217644988047
-7,10,50.0
-7,10,90.53969399619551
-7,10,83.2891077694677
-7,10,91.10361458112018
-7,9,71.19206217632554
-7,9,50.0
-7,9,101.32533898791172
-7,9,88.47436559137638
-7,9,50.0
-7,8,84.01428655059395
-7,8,50.0
-7,8,119.79691550212289
-7,8,50.0
-7,8,81.91715893868441
-7,7,52.67991440404655
-7,7,89.17490722519346
-7,7,123.28333677546514
-7,7,50.00261378444367
-7,7,60.70988233745027
-7,6,72.32786707164611
-7,6,85.45215543620574
-7,6,50.0
-7,6,59.39513031133922
-7,6,65.53288568495553
-7,5,98.18288420648936
-7,5,50.0
-7,5,50.0
-7,5,50.0
-7,5,92.47175221245993
-7,4,50.0
-7,4,66.040572093575
-7,4,93.51610999881643
-7,4,95.16560914892278
-7,4,50.0
-6,4,50.0
-6,4,94.99194863878466
-6,4,98.19908106529522
-6,4,50.0
-6,4,73.27776166228317
-6,3,79.58276579218433
-6,3,69.64109184661807
-6,3,101.80828495334715
-6,3,53.79248935521613
-6,3,69.7533285202393
-5,3,50.0
-5,3,80.59875399415833
-5,3,71.64789583844654
-5,3,50.0
-5,3,50.0
-4,3,89.31352224651553
-4,3,91.95787459600773
-4,3,96.0769030054841
-4,3,50.0
-4,3,103.22266290404666
-3,3,50.0
-3,3,101.21161195988041
-3,3,50.0
-3,3,50.0
-3,3,50.0
-3,2,52.757708490775414
-3,2,111.53938792621311
-3,2,52.13969996713441
-3,2,55.92409377665046
-3,2,53.469148152185554
-3,1,50.0
-3,1,90.58463361368473
-3,1,78.40864920531851
-3,1,88.10498770235331
-3,1,110.61016978610911
-3,0,101.60472250397119
-3,0,52.33890120401541
-3,0,62.42490844879719
-3,0,107.43033927460854
-3,0,98.575348234965
-3,-1,91.2875835671847
-3,-1,95.75337736084202
-3,-1,90.90665735086773
-3,-1,77.09797356114191
-3,-1,84.72039610943742
-3,-2,50.0
-3,-2,97.69082967512232
-3,-2,106.08784740868535
-3,-2,50.0
-3,-2,103.19319142958874
-2,-2,93.47905825212979
-2,-2,56.51720830166028
-2,-2,61.841589926361756
-2,-2,114.7500665273301
-2,-2,62.84936124385453
-2,-3,55.75852728443283
-2,-3,69.20827476609004
-2,-3,66.1160434728348
-2,-3,50.0
-2,-3,50.0
-2,-4,53.05079440545523
-2,-4,50.0
-2,-4,79.74858379426402
-2,-4,110.29649147816183
-2,-4,106.0739438091179
-2,-5,82.81350525038394
-2,-5,50.0
-2,-5,93.02509661468798
-2,-5,81.38235494736517
-2,-5,50.0
-1,-5,80.01945810848916
-1,-5,93.88976386179297
-1,-5,50.0
-1,-5,52.16109023266937
-1,-5,112.65685099970155
0,-5,53.3668870032732
0,-5,122.43511443120778
0,-5,98.8360961675395
0,-5,89.78499135056812
0,-5,81.14321842835716
0,-6,82.74495499174186
0,-6,50.0
0,-6,74.49048065652634
0,-6,50.0
0,-6,101.05801832508477
0,-7,52.642255032721295
0,-7,50.0
0,-7,50.0
0,-7,76.25221610400938
0,-7,50.0
1,-7,50.0
1,-7,104.95063007109381
1,-7,82.49826858274778
1,-7,107.57415532987528
1,-7,59.78225456639882
2,-7,50.0
2,-7,50.0
2,-7,67.89567138462755
2,-7,50.0
2,-7,90.20346177188428
3,-7,72.29530150083455
3,-7,77.46935923020604
3,-7,52.05417306353262
3,-7,50.0
3,-7,50.0
3,-6,84.10506932997613
3,-6,50.0
3,-6,77.0141882909798
3,-6,50.0
3,-6,90.11940239615159
3,-7,50.16502045857362
3,-7,50.0
3,-7,50.0
3,-7,71.00197791558058
3,-7,51.09192955208267
3,-8,50.0
3,-8,96.76868304005356
3,-8,84.66445093195316
3,-8,101.97684831352134
3,-8,50.366605126926
3,-9,72.80110362004824
3,-9,50.0
3,-9,50.0
3,-9,50.0
3,-9,50.0
4,-9,89.35949540156878
4,-9,50.0
4,-9,59.297977933454725
4,-9,97.67380916059645
4,-9,78.51906010730985
4,-10,54.97327277113989
4,-10,50.0
4,-10,52.30402022712528
4,-10,50.0
4,-10,68.73616335562622
5,-10,80.57566208234938
5,-10,50.0
5,-10,76.4239262904586
5,-10,50.0
5,-10,115.91943138661983
5,-9,80.18796251501755
5,-9,50.322740694860975
5,-9,52.091735206249496
5,-9,57.93747349713615
5,-9,50.0
5,-10,50.0
5,-10,89.8168509706272
5,-10,50.0
5,-10,50.0
5,-10,50.0
5,-9,50.0
5,-9,50.0
5,-9,62.521183136792956
5,-9,55.352969005311316
5,-9,61.411776607896876
5,-8,50.0
5,-8,95.01061345869087
5,-8,50.0
5,-8,96.70862967998897
5,-8,50.0
5,-9,50.0
5,-9,89.0055260948434
5,-9,50.0
5,-9,60.397081014211366
5,-9,51.35949332258825
5,-10,50.0
5,-10,50.0
5,-10,56.1999056071432
5,-10,61.35730462201612
5,-10,77.40678502758706
5,-11,66.78448348273812
5,-11,100.77463536601263
5,-11,50.0
5,-11,84.602062339291
5,-11,50.0
6,-11,50.0
6,-11,50.0
6,-11,50.0
6,-11,82.70688374774393
6,-11,66.78360110204726
6,-12,70.18458700922342
6,-12,94.69263895671718
6,-12,50.0
6,-12,50.0
6,-12,50.0
7,-12,93.37612271137041
7,-12,57.93747349713615
7,-12,50.0
7,-12,82.0169046169745
7,-12,73.23971869692026
7,-13,79.39173032508798
7,-13,50.0
7,-13,50.0
7,-13,50.0
7,-13,58.63613113857898
7,-14,72.16803120165173
7,-14,62.87472027927983
7,-14,63.49347766331196
7,-14,81.5508840970596
7,-14,50.0
7,-15,50.0
7,-15,50.0
7,-15,117.69095934934862
7,-15,78.23632547376525
7,-15,92.8561987647704
8,-15,50.0
8,-15,65.7626099852023
8,-15,50.0
8,-15,63.44773209647194
8,-15,57.93747349713615
8,-16,50.0
8,-16,71.0362714030899
8,-16,57.93747349713615
8,-16,50.0
8,-16,50.0
8,-17,65.42758765221038
8,-17,50.0
8,-17,50.0
8,-17,93.81578147025445
8,-17,50.0
8,-16,83.99934626916509
8,-16,50.0
8,-16,50.0
8,-16,50.0
8,-16,73.40547167058023
9,-16,71.26037906997993
9,-16,50.0
9,-16,50.0
9,-16,67.55761205011612
9,-16,50.0
8,-16,50.0
8,-16,50.0
8,-16,50.0
8,-16,50.0
8,-16,50.0
7,-16,86.47919494922745
7,-16,50.0
7,-16,66.18850995509246
7,-16,50.0
7,-16,50.0
8,-16,93.37318126571431
8,-16,68.35721109094467
8,-16,53.534493800447045
8,-16,58.057295739921756
8,-16,50.0
7,-16,50.0
7,-16,50.0
7,-16,89.48675483278566
7,-16,78.11939274810156
7,-16,50.0
6,-16,73.90272559192304
6,-16,75.12062008035355
6,-16,50.0
6,-16,50.0
6,-16,81.70981927734238
5,-16,86.85137586727251
5,-16,50.0
5,-16,62.86749684743578
5,-16,70.77569806343337
5,-16,50.0
5,-15,79.44359572653133
5,-15,77.41136788549532
5,-15,91.8222067806642
5,-15,50.0
5,-15,87.92383563714786
4,-15,50.0
4,-15,110.71671555524264
4,-15,80.78911561853155
4,-15,50.0
4,-15,65.42771505471477
3,-15,50.10488187074539
3,-15,91.62828158525633
3,-15,51.71123542941852
3,-15,50.0
3,-15,55.25967742916055
2,-15,50.0
2,-15,57.93747349713615
2,-15,67.28278893452267
2,-15,82.49878317343706
2,-15,50.0
1,-15,68.68899838531321
1,-15,57.93747349713615
1,-15,62.45224933986404
1,-15,73.92237065135647
1,-15,71.20174375725023
0,-15,95.82476425126796
0,-15,50.0
0,-15,50.0
0,-15,50.0
0,-15,50.0
0,-14,93.73086932213205
0,-14,50.0
0,-14,50.0
0,-14,73.23109590111562
0,-14,50.0
0,-13,69.14204888161925
0,-13,50.0
0,-13,72.25280281559198
0,-13,50.0
0,-13,54.86427072927164
1,-13,50.0
1,-13,59.90936432379375
1,-13,50.0
1,-13,50.0
1,-13,50.0
0,-13,50.0
0,-13,67.86985507856808
0,-13,61.85202400868187
0,-13,50.0
0,-13,65.69566346034439
-1,-13,60.30180058198201
-1,-13,76.22987165797727
-1,-13,77.57430698822557
-1,-13,60.81885402093519
-1,-13,86.99945889810162
0,-13,79.46222248328823
0,-13,50.0
0,-13,90.69910905972901
0,-13,50.06692930093955
0,-13,50.0
0,-12,50.0
0,-12,79.2582551548069
0,-12,50.0
0,-12,50.0
0,-12,92.42064769205349
-1,-12,68.86102664830061
-1,-12,73.44215422499069
-1,-12,50.0
-1,-12,50.0
-1,-12,50.3571068217062
-2,-12,50.0
-2,-12,85.52687600929914
-2,-12,53.832845830579025
-2,-12,61.69367421743222
-2,-12,78.41452590281513
-2,-11,66.20932011791996
-2,-11,57.93747349713615
-2,-11,50.0
-2,-11,74.27802693542397
-2,-11,75.0223407910123
-3,-11,54.33283861948158
-3,-11,50.0
-3,-11,50.0
-3,-11,74.40408932705921
-3,-11,90.60630370736027
-4,-11,65.15349575140237
-4,-11,50.0
-4,-11,94.66627512320133
-4,-11,50.0
-4,-11,50.0
-4,-12,80.62526579630575
-4,-12,50.0
-4,-12,58.19861932931698
-4,-12,66.0815469656366
-4,-12,73.80811059358574
-4,-11,50.0
-4,-11,50.0
-4,-11,63.093957591230605
-4,-11,96.23703911068321
-4,-11,50.0
-5,-11,50.0
-5,-11,50.0
-5,-11,50.0
-5,-11,50.0
-5,-11,57.93747349713615
-5,-10,50.0
-5,-10,50.0
-5,-10,108.26125851104706
-5,-10,93.38074163482213
-5,-10,50.0
-5,-9,50.0
-5,-9,50.0
-5,-9,50.0
-5,-9,65.25961849561887
-5,-9,92.71204577288249
-5,-8,50.0
-5,-8,50.03107106369653
-5,-8,96.91996654186272
-5,-8,50.0
-5,-8,50.0
-6,-8,66.50358396048645
-6,-8,50.0
-6,-8,50.0
-6,-8,50.0
-6,-8,50.0
-5,-8,50.0
-5,-8,79.103465280863
-5,-8,91.8439521540755
-5,-8,100.05081010196864
-5,-8,108.34054246779714
-5,-7,87.30507281085484
-5,-7,50.0
-5,-7,72.67202948612797
-5,-7,75.0721938555292
-5,-7,90.37252657840176
-5,-6,51.575766612971236
-5,-6,50.0
-5,-6,57.93747349713615
-5,-6,50.0
-5,-6,77.9852172781266
-6,-6,50.0
-6,-6,50.0
-6,-6,59.0735979251462
-6,-6,117.89103871288843
-6,-6,78.12451823841481
-7,-6,95.15213566709839
-7,-6,98.92544408424813
-7,-6,96.00260723715597
-7,-6,81.08480190767166
-7,-6,80.18473281994918
-7,-5,64.44224667466946
-7,-5,73.5866099208024
-7,-5,71.14652789813694
-7,-5,100.38868391352145
-7,-5,50.0
-7,-4,62.26708962701555
-7,-4,92.82843535624518
-7,-4,50.0
-7,-4,50.0
-7,-4,52.12104437530919
-8,-4,100.252141534265
-8,-4,50.0
-8,-4,50.0
-8,-4,50.0
-8,-4,51.87606584566545
-9,-4,69.2606867816283
-9,-4,84.64935173673109
-9,-4,82.33611835603311
-9,-4,85.1337061886885
-9,-4,90.96986992104098
-10,-4,63.07728638483519
-10,-4,50.0
-10,-4,87.77824190297471
-10,-4,50.0
-10,-4,76.36566718445725
-11,-4,80.67897742745538
-11,-4,115.6738100734373
-11,-4,50.0
-11,-4,93.04662738372629
-11,-4,72.3808133373805
-12,-4,55.2977506066748
-12,-4,86.82965489889972
-12,-4,50.0
-12,-4,77.50590318101676
-12,-4,71.12480914080781
-13,-4,50.62932349029379
-13,-4,50.0
-13,-4,50.0
-13,-4,50.0
-13,-4,85.31807943630803
-14,-4,77.36883012551756
-14,-4,76.64331260565467
-14,-4,67.63434094886003
-14,-4,50.0
-14,-4,57.93747349713615
-15,-4,50.0
-15,-4,50.0
-15,-4,58.0165050928841
-15,-4,77.95161979696864
-15,-4,55.94598535702713
-16,-4,76.02518931622181
-16,-4,85.35007425011884
-16,-4,50.0
-16,-4,50.0
-16,-4,50.0
-17,-4,83.77896018634364
-17,-4,50.0
-17,-4,50.0
-17,-4,50.0
-17,-4,58.80359277962456
-18,-4,80.16100628183409
-18,-4,58.85492881374115
-18,-4,78.74616257124157
-18,-4,57.93747349713615
-18,-4,50.0
-18,-5,50.0
-18,-5,62.631593775620594
-18,-5,96.60172258074368
-18,-5,50.0
-18,-5,63.10531304995276
-18,-6,58.093026152064475
-18,-6,72.33484246937286
-18,-6,50.0
-18,-6,50.0
-18,-6,50.0
-19,-6,50.0
