5,8,330.0999576968936
6,8,315.1461497795236
6,8,392.0646356185838
7,8,315.76419637280776
7,8,295.82283037502816
8,8,347.66083119791307
8,8,344.7694570382811
7,8,242.23975497764582
7,8,381.01005936904085
7,9,319.92385269792
7,9,286.2850182973878
6,9,214.19731257732252
6,9,319.63706665116894
5,9,366.8147456390398
5,9,318.0433951956478
4,9,283.8226952468883
4,9,214.19731257732252
4,10,282.39027300617755
4,10,270.50577707617964
4,11,321.63952111444854
4,11,441.833087625764
3,11,225.99283495783962
3,11,200.0
3,12,448.46297664042993
3,12,290.975543800977
3,11,216.55612549927744
3,11,216.41409282521244
2,11,239.8116537186982
2,11,200.0
1,11,225.99283495783962
1,11,271.96191431369124
1,10,302.50275922645045
1,10,393.1263007946329
0,10,262.5376725371626
0,10,269.9675354010897
-1,10,260.1883328792953
-1,10,352.54458978241223
-2,10,200.0
-2,10,427.7675464917463
-2,11,388.8855640466828
-2,11,364.4495183537846
-3,11,286.43217957964873
-3,11,305.3496379679705
-2,11,381.0563676142184
-2,11,200.0
-3,11,404.6062871886902
-3,11,296.1340472249089
-3,12,264.40495995343565
-3,12,225.99283495783962
-4,12,292.6412903947043
-4,12,263.66905611059684
-5,12,313.8444524689505
-5,12,305.07610730887336
-6,12,260.4523581941194
-6,12,310.21773152614
-6,13,282.0775635658469
-6,13,340.02572965008324
-7,13,292.60763324808335
-7,13,264.3311436293525
-8,13,391.24921663119386
-8,13,277.9805419211301
-9,13,252.57886262249514
-9,13,234.79469597029419
-9,14,200.0
-9,14,218.21704543870186
-9,15,302.52629327083224
-9,15,321.2475660766597
-10,15,222.57264346016922
-10,15,263.37579921512554
-11,15,233.71580504388157
-11,15,214.19731257732252
-12,15,270.77381311147656
-12,15,230.23933502391503
-12,16,344.4850771118813
-12,16,225.99283495783962
-13,16,303.049291873965
-13,16,214.19731257732252
-14,16,282.92626635266765
-14,16,225.99283495783962
-14,17,297.63796529922547
-14,17,238.87771390898882
-15,17,237.023154940762
-15,17,222.57264346016922
-16,17,260.37243376292
-16,17,307.5739860390917
-17,17,214.19731257732252
-17,17,312.7541555377233
-17,18,222.57264346016922
-17,18,222.57264346016922
-18,18,214.19731257732252
-18,18,223.072400427022
-18,17,256.1892049640661
-18,17,225.99283495783962
-18,16,260.44837754651087
-18,16,254.08252989413612
-19,16,214.19731257732252
-19,16,220.05766104750228
-19,15,218.50037282208888
-19,15,214.19731257732252
-19,16,222.57264346016922
-19,16,285.08747238531595
-20,16,228.21602018221165
-20,16,214.19731257732252
-20,17,270.38422156024745
-20,17,232.56111775512986
-20,18,221.30578041355434
-20,18,214.19731257732252
-20,17,225.99283495783962
-20,17,214.19731257732252
-20,18,225.99283495783962
-20,18,225.99283495783962
-20,19,245.95418153913218
-20,19,214.19731257732252
-20,20,239.1626585922122
-20,20,200.0
-19,20,214.19731257732252
-19,20,222.57264346016922
-20,20,214.19731257732252
-20,20,200.0
-19,20,222.57264346016922
-19,20,214.19731257732252
-20,20,214.19731257732252
-20,20,225.96859676684943
-19,20,214.19731257732252
-19,20,222.57264346016922
-19,19,249.72205177727105
-19,19,304.67737627286704
-19,18,266.3133662198761
-19,18,222.57264346016922
-18,18,287.37962853703687
-18,18,214.19731257732252
-17,18,225.99283495783962
-17,18,214.19731257732252
-17,17,227.77764862804446
-17,17,222.57264346016922
-16,17,214.19731257732252
-16,17,214.19731257732252
-15,17,228.6177593261826
-15,17,260.28353745134444
-15,16,214.19731257732252
-15,16,230.7387844760949
-15,15,214.19731257732252
-15,15,200.0
-15,16,225.99283495783962
-15,16,232.55947156698528
-15,15,395.6962629313929
-15,15,222.57264346016922
-15,16,227.02423719829955
-15,16,269.7357724960341
-14,16,224.5607583369502
-14,16,200.0
-14,15,286.22528019544217
-14,15,278.54379987942485
-13,15,246.1549842579249
-13,15,271.9119537103665
-13,16,289.2053209499516
-13,16,251.1418208172889
-12,16,243.1647883591738
-12,16,259.9224416965411
-12,15,214.19731257732252
-12,15,200.0
-13,15,214.19731257732252
-13,15,222.57264346016922
-13,14,237.0128803668764
-13,14,377.6977313303305
-13,13,214.19731257732252
-13,13,222.57264346016922
-12,13,253.34021504282464
-12,13,200.0
-11,13,313.85507777438323
-11,13,287.82600455412313
-10,13,249.87499113290477
-10,13,247.78142988942136
-10,12,246.72243373720485
-10,12,272.73138731508976
-9,12,280.98401338541413
-9,12,317.8067282041028
-9,11,297.99793692010104
-9,11,214.19731257732252
-8,11,200.0
-8,11,388.10464563390383
-8,10,349.17177733539546
-8,10,317.2932740623396
-8,11,286.25195760031636
-8,11,344.5799795244915
-9,11,240.7684682462583
-9,11,310.94482079894726
-9,10,266.22413546246986
-9,10,222.57264346016922
-8,10,336.84950779981125
-8,10,318.27678295359004
-7,10,222.57264346016922
-7,10,342.7343589757007
-7,9,353.5864784840703
-7,9,226.561302258348
-7,8,321.8799982567737
-7,8,356.2594582983946
-7,7,317.3097505013804
-7,7,282.08490939702085
-7,6,334.7541915647521
-7,6,279.29129317005516
-7,5,346.2647720930889
-7,5,256.3019189048021
-7,4,397.3446788528664
-7,4,383.543663601714
-6,4,352.0432610580941
-6,4,368.10610729362605
-6,3,447.9603264712308
-6,3,461.15444773990475
-5,3,253.68192373742835
-5,3,356.44393371665285
-4,3,330.00623790092453
-4,3,415.53285643507564
-3,3,413.2105201785924
-3,3,319.9331379532552
-3,2,281.21198556193485
-3,2,473.1823181230616
-3,1,461.84825882326265
-3,1,370.6253360388934
-3,0,387.0656440745119
-3,0,420.83844216447187
-3,-1,382.2899416686355
-3,-1,365.4012475909433
-3,-2,395.25597229305566
-3,-2,369.43589047668235
-2,-2,338.43580291118474
-2,-2,380.8990780157206
-2,-3,302.79551186355997
-2,-3,371.33769863571536
-2,-4,359.5393775116022
-2,-4,360.0144930790412
-2,-5,245.7041605690389
-2,-5,388.9373511811944
-1,-5,244.72714182188537
-1,-5,413.855676576706
0,-5,338.8830535322219
0,-5,397.94980032945983
0,-6,286.8352628957581
0,-6,429.57351736444446
0,-7,399.6085712710535
0,-7,239.94274092805804
1,-7,349.819118563162
1,-7,277.0758796194775
2,-7,367.25275772643164
2,-7,387.6020413813153
3,-7,320.16691221235993
3,-7,367.45744298212134
3,-6,323.28117806796183
3,-6,360.57157017034933
3,-7,420.9553035969084
