4,19,100.0
4,18,100.0
4,18,100.0
4,17,100.0
4,17,100.0
4,16,100.0
4,16,100.0
4,15,100.0
4,15,100.0
4,16,100.0
4,16,100.0
4,15,100.0
4,15,100.0
4,14,127.59550385687757
4,14,100.0
4,13,100.0
4,13,100.0
4,12,100.0
4,12,100.0
4,11,100.0
4,11,100.0
3,11,100.0
3,11,100.0
4,11,125.5812078423901
4,11,100.0
4,10,100.0
4,10,100.0
3,10,100.0
3,10,100.0
3,9,100.0
3,9,100.0
3,10,100.0
3,10,100.0
3,9,100.0
3,9,255.3219051741213
3,10,124.75116437856963
3,10,100.0
3,9,180.49652731018762
3,9,100.0
3,8,100.0
3,8,100.0
3,7,104.18457275680083
3,7,124.93635173473386
2,7,123.79624509326027
2,7,100.0
2,8,100.0
2,8,100.0
2,7,100.0
2,7,100.0
2,6,100.0
2,6,100.0
2,5,100.0
2,5,100.0
2,4,137.59688228867122
2,4,100.0
2,3,158.1196697258066
2,3,100.0
2,2,106.4715721677643
2,2,100.0
1,2,100.0
1,2,223.89132125075696
1,1,170.62289978236066
1,1,199.79351434892698
1,0,223.48850631567265
1,0,130.4565768148445
1,-1,127.8394702539063
1,-1,100.0
1,-2,100.0
1,-2,100.0
0,-2,101.17667963437842
0,-2,100.0
-1,-2,136.00912750667226
-1,-2,187.1792756663183
-1,-3,162.32758957546122
-1,-3,100.0
-2,-3,100.0
-2,-3,133.16698380944115
-2,-4,100.0
-2,-4,100.0
-2,-5,100.0
-2,-5,136.00632142210398
-3,-5,117.21692524778251
-3,-5,100.0
-3,-6,100.0
-3,-6,129.72716992371917
-3,-7,100.0
-3,-7,141.35021443928719
-4,-7,167.82844487926246
-4,-7,100.0
-4,-8,100.0
-4,-8,100.0
-4,-9,100.0
-4,-9,100.0
-4,-10,100.0
-4,-10,100.0
-4,-11,100.0
-4,-11,100.0
-4,-12,100.0
-4,-12,100.0
-3,-12,100.0
-3,-12,100.0
-2,-12,100.0
-2,-12,100.0
-1,-12,100.0
-1,-12,100.0
-1,-11,100.0
-1,-11,100.0
0,-11,100.0
0,-11,109.23396309305407
1,-11,100.0
1,-11,100.0
0,-11,108.36033996236597
0,-11,100.0
1,-11,100.0
1,-11,100.0
1,-12,104.55366683176835
1,-12,178.10309514192983
2,-12,100.0
2,-12,100.0
2,-13,120.09608475459143
2,-13,100.0
3,-13,100.0
3,-13,100.0
2,-13,100.0
2,-13,100.0
2,-12,100.0
2,-12,100.0
3,-12,100.0
3,-12,100.0
3,-13,100.0
3,-13,100.0
3,-12,100.0
3,-12,120.86737391229877
4,-12,100.0
4,-12,100.0
4,-11,100.0
4,-11,141.12835051301178
5,-11,115.39959501948476
5,-11,100.0
6,-11,171.951307595311
6,-11,100.0
6,-10,100.0
6,-10,100.61050121626039
7,-10,100.0
7,-10,100.0
7,-9,100.0
7,-9,100.0
8,-9,100.0
8,-9,100.0
8,-8,100.0
8,-8,156.03966457424082
9,-8,100.0
9,-8,100.0
8,-8,100.0
8,-8,100.0
7,-8,100.0
7,-8,100.0
7,-9,125.57321370471189
7,-9,145.92955371716965
7,-10,100.0
7,-10,100.0
6,-10,100.0
6,-10,100.0
5,-10,100.0
5,-10,100.0
4,-10,120.28758667476453
4,-10,100.0
3,-10,100.0
3,-10,100.0
2,-10,100.0
2,-10,137.5217018559808
1,-10,100.0
1,-10,100.0
0,-10,100.0
0,-10,100.0
-1,-10,100.0
-1,-10,100.0
-1,-11,100.0
-1,-11,100.0
-2,-11,100.0
-2,-11,100.0
-3,-11,100.0
-3,-11,100.0
-4,-11,116.34813310583651
-4,-11,100.0
-5,-11,131.17384445452012
-5,-11,100.0
-6,-11,100.0
-6,-11,100.0
-7,-11,100.0
-7,-11,100.0
-8,-11,100.0
-8,-11,100.0
-9,-11,100.0
-9,-11,100.0
-10,-11,100.0
-10,-11,100.0
-11,-11,106.57338359057965
-11,-11,100.0
-12,-11,100.0
-12,-11,100.0
-11,-11,100.0
-11,-11,100.0
-11,-12,162.175569795015
-11,-12,100.0
-12,-12,100.0
-12,-12,100.0
-12,-13,100.0
-12,-13,100.0
-13,-13,100.0
-13,-13,100.0
-14,-13,100.0
-14,-13,100.0
-15,-13,100.0
-15,-13,100.0
-16,-13,100.0
-16,-13,100.0
-16,-14,100.0
-16,-14,100.0
-16,-15,100.0
-16,-15,100.0
-17,-15,100.0
-17,-15,100.0
-17,-16,100.0
-17,-16,100.0
-18,-16,100.0
-18,-16,100.0
-19,-16,100.0
-19,-16,100.0
-19,-17,100.0
-19,-17,100.0
-19,-18,100.0
-19,-18,100.0
-19,-19,100.0
-19,-19,100.0
-20,-19,100.0
-20,-19,100.0
-20,-20,100.0
-20,-20,100.0
-19,-20,100.0
-19,-20,100.0
-18,-20,100.0
-18,-20,100.0
-17,-20,100.0
-17,-20,100.0
-16,-20,100.0
-16,-20,137.39951931989688
-15,-20,100.0
-15,-20,100.0
-14,-20,100.0
-14,-20,100.0
-13,-20,100.0
-13,-20,100.0
-12,-20,100.0
-12,-20,100.0
-11,-20,100.0
-11,-20,100.0
-10,-20,100.0
-10,-20,100.0
-9,-20,100.0
-9,-20,100.0
-9,-19,100.0
-9,-19,100.0
-8,-19,100.0
-8,-19,100.0
-7,-19,100.0
-7,-19,100.0
-6,-19,100.0
-6,-19,100.0
-5,-19,100.0
-5,-19,100.0
-6,-19,100.0
-6,-19,100.0
-6,-18,100.0
-6,-18,100.0
-5,-18,100.0
-5,-18,100.0
-6,-18,100.0
-6,-18,100.0
-6,-17,179.8589640801235
-6,-17,100.0
-5,-17,100.0
-5,-17,100.0
-5,-16,100.0
-5,-16,100.0
-6,-16,100.0
-6,-16,100.0
-5,-16,100.0
-5,-16,100.0
-6,-16,100.0
-6,-16,100.0
-5,-16,106.48838543063476
-5,-16,100.0
-4,-16,100.0
-4,-16,100.0
-3,-16,100.0
-3,-16,101.69375650455984
-3,-15,100.0
-3,-15,100.0
-2,-15,100.0
-2,-15,100.0
-1,-15,100.0
-1,-15,100.0
0,-15,100.0
0,-15,100.0
1,-15,100.0
1,-15,100.0
2,-15,100.0
2,-15,100.0
1,-15,100.0
1,-15,100.0
2,-15,100.0
2,-15,100.0
1,-15,100.0
1,-15,100.0
0,-15,100.0
0,-15,100.0
1,-15,100.0
1,-15,154.54795623027638
2,-15,100.0
2,-15,100.0
2,-16,100.0
2,-16,100.0
3,-16,100.0
3,-16,100.0
4,-16,100.0
4,-16,100.0
5,-16,118.78842122826293
5,-16,100.0
6,-16,100.0
6,-16,100.0
6,-17,100.0
6,-17,100.0
7,-17,100.0
7,-17,100.0
6,-17,100.0
6,-17,100.0
7,-17,100.0
7,-17,100.0
7,-16,100.0
7,-16,100.0
8,-16,100.0
8,-16,100.0
9,-16,100.0
9,-16,100.0
9,-15,100.0
9,-15,100.0
10,-15,100.0
10,-15,100.0
11,-15,100.0
11,-15,100.0
12,-15,100.0
12,-15,100.0
13,-15,100.0
13,-15,100.0
14,-15,100.0
14,-15,180.70867248707953
15,-15,100.0
15,-15,100.0
14,-15,100.0
14,-15,100.0
14,-14,100.0
14,-14,100.0
15,-14,100.0
15,-14,100.0
15,-13,100.0
15,-13,100.0
14,-13,100.0
14,-13,100.0
13,-13,100.0
13,-13,100.0
14,-13,100.0
14,-13,100.0
15,-13,100.0
15,-13,100.0
16,-13,100.0
16,-13,100.0
15,-13,100.0
15,-13,101.45013571677414
16,-13,100.0
16,-13,100.0
17,-13,100.0
17,-13,100.0
18,-13,100.0
18,-13,100.0
18,-12,100.0
18,-12,100.0
19,-12,100.0
19,-12,100.0
20,-12,100.0
20,-12,100.0
20,-11,100.0
20,-11,100.0
20,-10,100.0
20,-10,100.0
20,-9,100.0
20,-9,100.0
20,-8,100.0
20,-8,100.0
20,-7,100.0
20,-7,100.0
20,-8,100.0
20,-8,100.0
20,-7,100.0
20,-7,100.0
20,-6,100.0
20,-6,100.0
20,-5,100.0
20,-5,100.0
20,-6,100.0
20,-6,100.0
20,-5,100.0
20,-5,100.0
20,-4,100.0
20,-4,100.0
20,-5,100.0
20,-5,100.0
20,-4,100.0
20,-4,100.0
20,-3,100.0
20,-3,100.0
20,-2,100.0
20,-2,100.0
20,-1,100.0
20,-1,128.44498172518655
20,0,100.0
20,0,100.0
20,1,100.0
20,1,100.0
20,2,100.0
20,2,100.0
20,3,100.0
20,3,100.0
20,4,100.0
20,4,100.0
19,4,127.69213794941722
19,4,100.0
18,4,100.0
18,4,100.0
17,4,100.0
17,4,100.0
16,4,100.0
16,4,100.0
15,4,100.0
15,4,100.0
14,4,100.0
14,4,100.0
13,4,112.6002535937795
13,4,100.0
12,4,100.0
12,4,100.0
11,4,180.7532366749374
11,4,100.0
12,4,100.0
12,4,100.0
11,4,100.0
11,4,100.0
10,4,100.0
10,4,100.0
11,4,100.0
11,4,106.33807390973959
10,4,100.0
10,4,100.0
9,4,100.0
9,4,115.63053172314096
8,4,100.0
8,4,100.0
8,3,154.27535954566372
8,3,100.0
8,2,128.69881121442188
8,2,100.0
9,2,124.9262629503888
9,2,100.0
9,1,100.0
9,1,100.0
10,1,100.0
10,1,100.0
11,1,114.42621583373469
11,1,100.0
12,1,100.0
12,1,166.62432203420042
12,0,100.0
12,0,100.0
13,0,100.0
13,0,100.0
13,-1,102.62902520144938
13,-1,100.0
14,-1,100.0
14,-1,100.0
14,0,100.0
14,0,100.0
14,-1,100.0
14,-1,100.0
15,-1,100.0
15,-1,100.0
15,-2,100.0
15,-2,100.0
16,-2,142.44096046069438
16,-2,100.0
16,-1,100.0
