4,19,80.9484852461012
4,19,50.0
4,18,50.0
4,18,50.0
4,18,50.0
4,17,110.4001139604257
4,17,50.0
4,17,50.0
4,16,50.0
4,16,50.0
4,16,50.0
4,15,50.0
4,15,50.0
4,15,78.82199407713378
4,16,50.0
4,16,50.0
4,16,137.85721919914366
4,15,50.0
4,15,50.0
4,15,50.0
4,14,50.0
4,14,62.34795127510078
4,14,50.0
4,13,51.14156922994727
4,13,50.0
4,13,135.58553439146797
4,12,50.0
4,12,50.0
4,12,82.44199903776098
4,11,50.0
4,11,50.0
4,11,50.0
3,11,50.0
3,11,50.0
3,11,73.02304115854885
4,11,50.0
4,11,55.854189898229485
4,11,67.55464868118148
4,10,50.0
4,10,50.0
4,10,50.0
3,10,50.0
3,10,50.0
3,10,50.0
3,9,50.0
3,9,50.0
3,9,50.0
3,10,70.05005344535189
3,10,50.0
3,10,95.61827401689828
3,9,76.45051114112181
3,9,50.70143197168446
3,9,50.0
3,10,110.10588237313975
3,10,50.0
3,10,50.0
3,9,50.0
3,9,63.31503634967156
3,9,50.0
3,8,51.128654781025844
3,8,52.0364948174027
3,8,92.67245013852411
3,7,50.0
3,7,50.0
3,7,50.0
2,7,50.0
2,7,50.0
2,7,55.151024549529474
2,8,57.00793180125878
2,8,68.1927101007732
2,8,51.677421915472756
2,7,50.0
2,7,50.0
2,7,50.0
2,6,54.970275778398715
2,6,50.0
2,6,50.0
2,5,61.218660797086066
2,5,95.94774533641943
2,5,50.0
2,4,50.0
2,4,71.74808763233513
2,4,50.0
2,3,50.0
2,3,50.0
2,3,126.72197446744296
2,2,51.16874410223002
2,2,56.099613363406405
2,2,50.0
1,2,50.0
1,2,62.494217701171834
1,2,64.79518605589233
1,1,91.71413624420266
1,1,50.0
1,1,50.028932456425125
1,0,92.76485679625866
1,0,99.96166251360319
1,0,50.0
1,-1,50.0
1,-1,56.03076509782848
1,-1,93.58534849612136
1,-2,50.0
1,-2,71.71633409354908
1,-2,121.55457558790997
0,-2,50.0
0,-2,50.0
0,-2,50.0
-1,-2,50.0
-1,-2,50.0
-1,-2,50.0
-1,-3,94.20048060174543
-1,-3,50.0
-1,-3,50.0
-2,-3,50.0
-2,-3,50.0
-2,-3,50.0
-2,-4,54.81562705223237
-2,-4,50.0
-2,-4,50.0
-2,-5,50.0
-2,-5,51.45353057490085
-2,-5,50.0
-3,-5,50.0
-3,-5,52.800545559489926
-3,-5,50.0
-3,-6,50.0
-3,-6,50.0
-3,-6,97.8986037527107
-3,-7,84.74813174497953
-3,-7,55.112557148374364
-3,-7,50.0
-4,-7,50.0
-4,-7,80.69251021208176
-4,-7,50.0
-4,-8,50.0
-4,-8,50.78688042720076
-4,-8,50.0
-4,-9,50.0
-4,-9,50.0
-4,-9,50.0
-4,-10,50.0
-4,-10,50.0
-4,-10,64.9573768421142
-4,-11,50.0
-4,-11,50.0
-4,-11,50.0
-4,-12,50.0
-4,-12,50.0
-4,-12,50.0
-3,-12,50.0
-3,-12,50.0
-3,-12,56.300133990813606
-2,-12,50.0
-2,-12,50.0
-2,-12,50.0
-1,-12,50.0
-1,-12,50.0
-1,-12,50.0
-1,-11,50.0
-1,-11,95.9294127338605
-1,-11,50.0
0,-11,50.0
0,-11,50.0
0,-11,50.0
1,-11,50.0
1,-11,81.98867220233208
1,-11,50.0
0,-11,50.0
0,-11,66.22503820813269
0,-11,50.0
1,-11,50.0
1,-11,50.0
1,-11,50.0
1,-12,93.4689287420525
1,-12,50.0
1,-12,50.0
2,-12,50.0
2,-12,50.0
2,-12,50.0
2,-13,58.95251543377291
2,-13,50.0
2,-13,50.0
3,-13,50.0
3,-13,50.0
3,-13,50.0
2,-13,50.0
2,-13,50.0
2,-13,50.0
2,-12,50.0
2,-12,50.0
2,-12,50.0
3,-12,50.0
3,-12,99.87361427789777
3,-12,50.0
3,-13,50.0
3,-13,50.0
3,-13,50.0
3,-12,118.89252066966786
3,-12,50.0
3,-12,50.0
4,-12,50.0
4,-12,72.53423202906195
4,-12,50.0
4,-11,50.0
4,-11,103.37391696843059
4,-11,50.0
5,-11,50.0
5,-11,84.4724835127395
5,-11,61.07451283967518
6,-11,50.0
6,-11,51.06313218291996
6,-11,50.0
6,-10,50.0
6,-10,50.0
6,-10,50.0
7,-10,50.0
7,-10,50.0
7,-10,50.0
7,-9,50.0
7,-9,76.29705334036538
7,-9,50.0
8,-9,50.0
8,-9,71.42619341666868
8,-9,50.0
8,-8,97.40622639356772
8,-8,50.0
8,-8,50.0
9,-8,50.0
9,-8,50.0
9,-8,50.0
8,-8,82.45391796726634
8,-8,50.0
8,-8,50.0
7,-8,50.0
7,-8,50.0
7,-8,50.0
7,-9,50.0
7,-9,59.89537656450436
7,-9,50.0
7,-10,50.0
7,-10,50.0
7,-10,50.0
6,-10,50.0
6,-10,53.432816924386955
6,-10,50.0
5,-10,53.22473924520415
5,-10,50.0
5,-10,50.0
4,-10,50.0
4,-10,105.85887906586538
4,-10,50.0
3,-10,50.0
3,-10,50.0
3,-10,50.0
2,-10,50.0
2,-10,51.62509958297605
2,-10,111.96251458255176
1,-10,50.0
1,-10,75.02188989338806
1,-10,50.0
0,-10,50.0
0,-10,50.0
0,-10,66.16589130238069
-1,-10,50.0
-1,-10,50.0
-1,-10,50.0
-1,-11,50.0
-1,-11,50.0
-1,-11,50.0
-2,-11,50.0
-2,-11,50.0
-2,-11,50.0
-3,-11,50.0
-3,-11,89.28884475967945
-3,-11,50.0
-4,-11,50.0
-4,-11,50.0
-4,-11,50.0
-5,-11,50.0
-5,-11,50.0
-5,-11,50.0
-6,-11,50.0
-6,-11,50.0
-6,-11,50.0
-7,-11,71.29034294990967
-7,-11,50.0
-7,-11,50.0
-8,-11,50.0
-8,-11,50.0
-8,-11,50.0
-9,-11,50.0
-9,-11,86.21856851460595
-9,-11,102.05336793425764
-10,-11,50.0
-10,-11,50.0
-10,-11,50.0
-11,-11,50.0
-11,-11,50.0
-11,-11,50.0
-12,-11,50.0
-12,-11,50.0
-12,-11,50.0
-11,-11,50.0
-11,-11,50.0
-11,-11,50.0
-11,-12,50.0
-11,-12,50.0
-11,-12,50.0
-12,-12,50.0
-12,-12,82.47033357525723
-12,-12,50.0
-12,-13,50.0
-12,-13,50.0
-12,-13,50.0
-13,-13,50.0
-13,-13,50.0
-13,-13,50.0
-14,-13,50.0
-14,-13,50.0
-14,-13,50.0
-15,-13,50.0
-15,-13,50.0
-15,-13,50.0
-16,-13,50.0
-16,-13,50.0
-16,-13,50.0
-16,-14,50.0
-16,-14,50.0
-16,-14,50.0
-16,-15,50.0
-16,-15,50.0
-16,-15,50.0
-17,-15,50.0
-17,-15,50.0
-17,-15,50.0
-17,-16,50.0
-17,-16,50.0
-17,-16,50.0
-18,-16,50.0
-18,-16,50.0
-18,-16,50.0
-19,-16,50.0
-19,-16,50.0
-19,-16,50.0
-19,-17,50.0
-19,-17,89.34044943592046
-19,-17,50.0
-19,-18,50.0
-19,-18,50.0
-19,-18,50.0
-19,-19,50.0
-19,-19,50.0
-19,-19,50.0
-20,-19,50.0
-20,-19,50.0
-20,-19,50.0
-20,-20,50.0
-20,-20,50.0
-20,-20,50.0
-19,-20,50.0
-19,-20,50.0
-19,-20,50.0
-18,-20,50.0
-18,-20,50.0
-18,-20,50.0
-17,-20,50.0
-17,-20,50.0
-17,-20,50.0
-16,-20,50.0
-16,-20,72.91547666167988
-16,-20,50.0
-15,-20,50.0
-15,-20,50.0
-15,-20,50.0
-14,-20,50.0
-14,-20,56.47187241621421
-14,-20,50.0
-13,-20,50.0
-13,-20,50.0
-13,-20,50.0
-12,-20,50.0
-12,-20,50.0
-12,-20,50.0
-11,-20,50.0
-11,-20,50.0
-11,-20,50.0
-10,-20,50.0
-10,-20,50.0
-10,-20,50.0
-9,-20,50.0
-9,-20,50.0
-9,-20,50.0
-9,-19,50.0
-9,-19,50.0
-9,-19,52.16063102665955
-8,-19,50.0
-8,-19,50.0
-8,-19,50.0
-7,-19,50.0
-7,-19,50.0
-7,-19,50.0
-6,-19,50.0
-6,-19,50.0
-6,-19,50.0
-5,-19,50.0
-5,-19,50.0
-5,-19,50.0
-6,-19,50.0
-6,-19,50.0
-6,-19,50.0
-6,-18,74.66647112592435
-6,-18,50.0
-6,-18,50.0
-5,-18,54.365540797761625
-5,-18,50.0
-5,-18,50.0
-6,-18,50.0
-6,-18,50.0
-6,-18,50.0
-6,-17,50.0
-6,-17,50.0
-6,-17,50.0
-5,-17,50.0
-5,-17,50.0
-5,-17,50.0
-5,-16,50.0
-5,-16,50.0
-5,-16,50.0
-6,-16,50.0
-6,-16,57.140923406226634
-6,-16,50.0
-5,-16,50.0
-5,-16,50.0
-5,-16,50.0
-6,-16,50.0
-6,-16,50.0
-6,-16,50.0
-5,-16,72.20956854758005
-5,-16,50.0
-5,-16,50.0
-4,-16,50.0
-4,-16,50.0
-4,-16,50.0
-3,-16,50.0
-3,-16,50.0
-3,-16,50.0
-3,-15,50.0
-3,-15,50.0
-3,-15,50.0
-2,-15,50.0
-2,-15,50.0
-2,-15,50.0
-1,-15,50.0
-1,-15,50.0
-1,-15,50.0
0,-15,50.0
0,-15,50.0
0,-15,50.0
1,-15,50.0
1,-15,50.0
1,-15,74.70770123572989
2,-15,50.0
2,-15,50.0
2,-15,50.0
1,-15,50.0
1,-15,50.0
1,-15,54.542325242158235
2,-15,50.0
2,-15,50.0
2,-15,50.0
1,-15,50.0
1,-15,50.0
1,-15,50.0
0,-15,50.0
0,-15,50.0
0,-15,50.0
1,-15,50.0
1,-15,50.0
1,-15,50.0
2,-15,50.0
2,-15,50.0
2,-15,50.0
2,-16,50.0
2,-16,50.0
2,-16,50.0
3,-16,51.003571816310256
3,-16,61.066527021908215
3,-16,57.34452969742218
4,-16,50.0
4,-16,50.0
4,-16,50.0
5,-16,119.88520052994481
5,-16,50.0
5,-16,50.0
6,-16,50.0
6,-16,50.0
6,-16,58.81069128027313
6,-17,50.0
6,-17,50.0
6,-17,50.0
7,-17,50.0
7,-17,50.0
7,-17,50.0
6,-17,50.0
6,-17,50.0
6,-17,50.0
7,-17,50.0
7,-17,59.55382520443277
7,-17,50.0
7,-16,50.0
7,-16,50.0
7,-16,50.0
8,-16,50.0
8,-16,50.0
8,-16,50.0
9,-16,50.0
9,-16,50.0
9,-16,60.233230093084764
9,-15,50.0
9,-15,50.0
9,-15,50.0
10,-15,50.0
10,-15,50.0
10,-15,50.0
11,-15,50.0
11,-15,60.68233096983167
11,-15,50.0
12,-15,50.0
12,-15,50.0
12,-15,50.0
13,-15,50.0
13,-15,50.0
13,-15,50.0
14,-15,50.0
14,-15,50.0
14,-15,50.0
15,-15,50.0
15,-15,50.0
15,-15,50.0
14,-15,50.0
14,-15,50.0
14,-15,50.0
14,-14,50.0
14,-14,50.0
14,-14,50.0
15,-14,50.0
15,-14,50.0
15,-14,67.89053868620583
15,-13,63.95196242144828
15,-13,50.0
15,-13,50.0
14,-13,50.0
14,-13,50.0
14,-13,50.0
13,-13,50.0
13,-13,50.0
13,-13,50.0
14,-13,50.0
14,-13,50.0
14,-13,50.0
15,-13,50.0
15,-13,50.0
15,-13,50.0
16,-13,50.0
16,-13,50.0
16,-13,50.0
15,-13,50.0
15,-13,50.0
15,-13,50.0
16,-13,50.0
16,-13,50.0
16,-13,50.0
17,-13,50.0
17,-13,50.0
17,-13,50.0
18,-13,50.0
18,-13,50.0
18,-13,50.0
18,-12,50.0
18,-12,50.0
18,-12,50.0
19,-12,50.0
19,-12,50.0
19,-12,50.0
20,-12,50.0
20,-12,50.0
20,-12,50.0
20,-11,50.0
20,-11,50.0
20,-11,50.0
20,-10,50.0
20,-10,50.0
20,-10,50.0
20,-9,50.0
20,-9,50.0
20,-9,64.4879839334053
20,-8,50.0
20,-8,50.0
20,-8,50.0
20,-7,50.0
20,-7,50.0
20,-7,50.0
20,-8,50.0
20,-8,50.0
20,-8,50.0
20,-7,50.0
20,-7,50.0
20,-7,50.0
20,-6,50.0
20,-6,50.0
20,-6,50.0
20,-5,50.0
20,-5,50.0
20,-5,50.0
20,-6,50.0
20,-6,50.0
20,-6,50.0
20,-5,50.0
20,-5,50.0
20,-5,50.0
20,-4,50.0
20,-4,50.0
20,-4,50.0
20,-5,50.0
20,-5,50.0
20,-5,50.0
20,-4,50.0
20,-4,50.0
20,-4,50.0
20,-3,50.0
20,-3,50.0
20,-3,50.0
20,-2,50.0
20,-2,50.0
20,-2,50.0
20,-1,50.0
20,-1,50.0
20,-1,50.0
20,0,50.0
20,0,50.0
20,0,50.0
20,1,50.0
20,1,50.0
20,1,50.0
20,2,50.0
20,2,50.0
20,2,116.68606547891875
20,3,50.0
20,3,50.0
20,3,50.0
20,4,71.62126676262892
20,4,50.0
20,4,50.0
19,4,50.0
19,4,50.0
19,4,50.0
18,4,50.0
18,4,50.0
18,4,81.878434636972
17,4,50.0
17,4,50.0
17,4,50.0
16,4,50.0
16,4,50.0
16,4,50.0
15,4,50.0
15,4,50.0
15,4,50.0
14,4,50.0
14,4,50.0
14,4,82.64276094392937
13,4,50.0
13,4,50.0
13,4,50.0
12,4,50.0
12,4,50.0
12,4,50.0
11,4,50.0
11,4,50.0
11,4,50.0
12,4,50.0
12,4,79.44682489826717
12,4,50.0
11,4,50.0
11,4,107.69168577062611
11,4,50.0
10,4,50.0
10,4,50.0
10,4,50.0
11,4,64.8375992710176
11,4,50.0
11,4,54.10976292190674
10,4,50.0
10,4,50.0
10,4,50.0
9,4,50.0
9,4,59.72125785075627
9,4,91.4647074824925
8,4,50.0
8,4,92.12200850059654
8,4,141.3616668113146
8,3,50.0
8,3,50.0
8,3,50.0
8,2,50.0
8,2,51.259199202354935
8,2,50.0
9,2,99.65650588239903
9,2,56.68891519849356
9,2,50.0
9,1,50.0
9,1,50.0
9,1,50.0
10,1,123.33362378478895
10,1,54.570016513270986
10,1,50.0
11,1,50.0
11,1,50.0
11,1,50.0
12,1,50.0
12,1,54.86459477311957
12,1,50.0
12,0,56.41783499344283
12,0,89.47993323727277
12,0,50.0
13,0,50.0
13,0,50.0
13,0,50.0
13,-1,69.49269176078249
13,-1,50.0
13,-1,50.0
14,-1,50.0
14,-1,50.0
14,-1,50.0
14,0,50.0
14,0,50.0
14,0,50.0
14,-1,67.1275016657863
14,-1,50.0
14,-1,60.382615812275716
15,-1,50.0
15,-1,50.0
15,-1,50.0
15,-2,50.0
15,-2,50.0
15,-2,50.0
16,-2,50.0
16,-2,50.0
16,-2,50.0
16,-1,50.0
16,-1,50.0
16,-1,50.0
16,-2,50.0
16,-2,50.0
16,-2,50.0
16,-3,50.0
16,-3,50.0
16,-3,50.0
16,-4,50.0
16,-4,50.0
16,-4,50.0
16,-5,50.0
16,-5,50.0
16,-5,50.0
15,-5,50.0
15,-5,50.0
15,-5,73.1250846928665
15,-6,50.0
15,-6,50.0
15,-6,50.0
15,-5,50.0
15,-5,50.0
15,-5,95.01609647612473
15,-4,64.3078791442413
15,-4,100.02980303583429
15,-4,50.0
14,-4,50.0
14,-4,50.0
14,-4,50.0
14,-3,50.0
14,-3,50.0
14,-3,50.0
13,-3,54.56541494185488
13,-3,50.0
13,-3,50.0
13,-2,50.0
13,-2,50.0
13,-2,50.0
13,-1,50.0
13,-1,50.0
13,-1,50.0
13,0,96.31839675026141
13,0,50.0
13,0,84.31036556731036
13,1,50.0
13,1,50.0
13,1,50.0
12,1,50.0
12,1,50.84439829763374
12,1,50.0
11,1,50.0
11,1,50.0
11,1,51.44214131233454
11,2,50.0
11,2,50.0
11,2,50.0
10,2,50.0
10,2,94.52522306043578
10,2,50.0
10,3,90.07815707775853
10,3,50.0
10,3,50.0
10,2,50.0
10,2,50.0
10,2,50.0
10,3,50.0
10,3,51.72012151955806
10,3,65.63132359618443
10,4,50.0
10,4,50.0
10,4,50.0
10,3,50.0
10,3,141.6073206548529
10,3,50.0
10,4,50.0
10,4,50.0
10,4,83.78227031920534
10,5,50.0
10,5,50.0
10,5,50.0
10,4,50.0
10,4,54.66224589116443
10,4,50.0
10,5,50.0
10,5,50.0
10,5,50.0
9,5,85.02974737342639
9,5,50.0
9,5,50.0
9,6,70.95850108347179
9,6,50.0
9,6,58.01575308798318
9,7,50.0
9,7,50.0
9,7,50.0
8,7,50.0
8,7,65.75574692612089
8,7,50.0
8,6,50.0
8,6,93.0000157226904
8,6,50.0
8,7,50.0
8,7,50.0
8,7,50.0
7,7,50.0
7,7,50.0
7,7,50.0
7,8,50.0
7,8,50.0
7,8,50.0
7,9,61.14652808864106
7,9,50.0
7,9,50.0
7,8,73.66127126241504
7,8,72.64726769218693
7,8,50.0
7,9,76.91777128322501
7,9,60.22788497997784
7,9,50.0
7,10,50.0
7,10,50.0
7,10,50.0
6,10,50.0
6,10,50.91793436253924
6,10,59.52899381640221
5,10,50.0
5,10,54.409296786716176
5,10,50.0
5,11,50.0
5,11,50.0
5,11,50.0
5,12,50.0
5,12,50.0
5,12,50.0
5,13,50.0
5,13,50.0
5,13,50.0
4,13,50.0
4,13,97.46294615965189
4,13,50.0
4,14,82.7473635256156
4,14,50.0
4,14,50.0
4,15,50.0
4,15,50.0
4,15,50.0
4,16,50.0
4,16,50.0
4,16,50.0
4,17,50.0
4,17,50.0
4,17,50.0
4,16,50.0
4,16,50.0
4,16,65.4494037333362
4,17,50.0
4,17,50.0
4,17,50.0
4,18,50.0
4,18,50.0
4,18,50.0
4,19,50.0
4,19,50.0
4,19,52.36802703889403
4,18,50.0
4,18,50.0
4,18,50.0
4,19,50.0
4,19,50.0
4,19,50.0
4,20,50.0
4,20,53.05456219344345
4,20,50.0
5,20,50.0
5,20,52.74782825264081
5,20,50.0
5,19,50.0
5,19,50.0
5,19,50.0
6,19,50.0
6,19,50.0
6,19,50.0
7,19,50.0
7,19,50.0
7,19,50.0
8,19,50.0
8,19,50.0
8,19,50.0
9,19,50.0
9,19,50.0
9,19,50.0
9,18,50.0
9,18,50.0
9,18,50.0
9,17,50.0
9,17,50.0
9,17,52.75192688050926
10,17,50.0
10,17,50.0
10,17,50.0
11,17,50.0
11,17,50.0
11,17,50.0
11,18,50.0
11,18,50.0
11,18,50.0
11,17,50.0
11,17,50.0
11,17,50.0
12,17,50.0
12,17,50.0
12,17,50.0
12,16,50.0
12,16,50.0
12,16,50.0
12,17,50.0
12,17,50.0
12,17,50.0
12,16,50.0
12,16,50.0
12,16,50.0
12,17,66.11316914396895
12,17,50.0
12,17,50.0
12,16,50.0
12,16,50.0
12,16,50.0
12,15,50.0
12,15,50.0
12,15,50.0
12,14,50.0
12,14,50.0
12,14,50.0
13,14,50.0
13,14,50.0
13,14,64.14035535014605
13,13,50.0
13,13,50.0
13,13,50.0
13,12,50.0
13,12,50.0
13,12,50.0
12,12,50.0
12,12,50.0
12,12,50.0
11,12,50.0
11,12,50.0
11,12,50.0
11,11,50.0
11,11,50.0
