4,19,50.0
4,19,50.0
4,18,50.0
4,18,50.0
4,18,90.79870646897291
4,17,50.0
4,17,68.60799681309138
4,17,50.0
4,16,50.0
4,16,50.0
4,16,50.0
4,15,50.0
4,15,50.0
4,15,50.0
4,16,50.0
4,16,50.0
4,16,64.79089838902952
4,15,50.0
4,15,50.0
4,15,90.82951248127
4,14,50.0
4,14,50.0
4,14,50.0
4,13,50.0
4,13,50.0
4,13,65.05810840849787
4,12,73.64456168025252
4,12,50.0
4,12,73.75393094512592
4,11,50.0
4,11,50.0
4,11,62.825498131877715
3,11,50.0
3,11,50.0
3,11,50.0
4,11,50.0
4,11,50.0
4,11,50.0
4,10,50.0
4,10,50.0
4,10,59.21438977470553
3,10,92.03202060636752
3,10,50.0
3,10,50.0
3,9,50.0
3,9,50.66733984937043
3,9,50.0
3,10,50.0
3,10,161.2112496109396
3,10,50.0
3,9,52.895182196532716
3,9,50.0
3,9,85.26042635314403
3,10,91.82236248432301
3,10,50.0
3,10,50.0
3,9,50.0
3,9,50.0
3,9,50.0
3,8,67.50534817094824
3,8,50.0
3,8,50.0
3,7,59.46410333094511
3,7,50.0
3,7,76.73595346423696
2,7,50.28854090285023
2,7,50.0
2,7,50.0
2,8,50.0
2,8,50.0
2,8,179.6340424973287
2,7,50.0
2,7,50.0
2,7,50.0
2,6,50.0
2,6,112.68521578376077
2,6,78.06540962273189
2,5,50.0
2,5,55.7501934207052
2,5,50.0
2,4,53.79520953442981
2,4,50.0
2,4,56.44099485675348
2,3,50.0
2,3,65.63642144544684
2,3,50.0
2,2,50.0
2,2,50.0
2,2,113.7740778489576
1,2,50.0
1,2,50.261501614110074
1,2,107.71418556636847
1,1,102.50816425886374
1,1,50.0
1,1,95.4026261505847
1,0,68.07586759926927
1,0,77.2296272893901
1,0,114.84506297962774
1,-1,50.0
1,-1,50.0
1,-1,50.0
1,-2,57.36223704575215
1,-2,50.0
1,-2,50.0
0,-2,125.52470971359963
0,-2,80.13653408092124
0,-2,50.0
-1,-2,50.0
-1,-2,97.51380476397492
-1,-2,50.0
-1,-3,50.0
-1,-3,50.0
-1,-3,50.0
-2,-3,57.547644563733876
-2,-3,50.0
-2,-3,50.0
-2,-4,57.27304238228119
-2,-4,50.0
-2,-4,50.0
-2,-5,50.0
-2,-5,50.56836072187632
-2,-5,73.306485033788
-3,-5,52.27896434871742
-3,-5,50.0
-3,-5,50.0
-3,-6,50.0
-3,-6,50.0
-3,-6,50.0
-3,-7,50.0
-3,-7,53.5510482085158
-3,-7,107.67172126991855
-4,-7,50.0
-4,-7,50.0
-4,-7,50.0
-4,-8,50.0
-4,-8,50.0
-4,-8,50.0
-4,-9,50.0
-4,-9,63.97536738260554
-4,-9,54.549166530691274
-4,-10,50.0
-4,-10,66.19448998655659
-4,-10,50.0
-4,-11,50.0
-4,-11,50.0
-4,-11,77.51289297771243
-4,-12,50.0
-4,-12,50.0
-4,-12,66.03082719477075
-3,-12,50.0
-3,-12,50.0
-3,-12,50.0
-2,-12,50.0
-2,-12,50.0
-2,-12,50.0
-1,-12,74.8739227907055
-1,-12,50.0
-1,-12,50.0
-1,-11,57.43965313058175
-1,-11,50.0
-1,-11,76.54802511407952
0,-11,114.61001189831022
0,-11,50.0
0,-11,116.29290103169198
1,-11,50.0
1,-11,50.0
1,-11,50.0
0,-11,50.0
0,-11,50.0
0,-11,71.15798047158201
1,-11,50.0
1,-11,108.20604110287877
1,-11,50.0
1,-12,50.0
1,-12,50.0
1,-12,50.0
2,-12,50.0
2,-12,50.0
2,-12,50.0
2,-13,50.0
2,-13,54.23751051191178
2,-13,50.0
3,-13,50.0
3,-13,50.0
3,-13,50.0
2,-13,50.0
2,-13,50.0
2,-13,50.0
2,-12,108.11355143025405
2,-12,50.0
2,-12,50.0
3,-12,50.0
3,-12,101.20982663820664
3,-12,50.0
3,-13,125.7517774088744
3,-13,50.0
3,-13,50.0
3,-12,50.0
3,-12,50.0
3,-12,50.0
4,-12,50.0
4,-12,62.04134702190757
4,-12,50.0
4,-11,50.0
4,-11,50.0
4,-11,50.0
5,-11,50.0
5,-11,50.0
5,-11,50.0
6,-11,58.29195787413897
6,-11,50.0
6,-11,50.0
6,-10,55.385357774442944
6,-10,50.0
6,-10,50.0
7,-10,50.0
7,-10,50.0
7,-10,50.0
7,-9,50.0
7,-9,50.0
7,-9,53.372171722862646
8,-9,50.0
8,-9,50.0
8,-9,50.0
8,-8,50.0
8,-8,50.0
8,-8,50.0
9,-8,72.13193064290752
9,-8,50.0
9,-8,50.0
8,-8,50.0
8,-8,67.67021280510517
8,-8,50.0
7,-8,50.0
7,-8,50.0
7,-8,79.63945061824359
7,-9,50.0
7,-9,50.0
7,-9,50.0
7,-10,50.0
7,-10,50.0
7,-10,50.0
6,-10,50.0
6,-10,50.0
6,-10,56.27952895633437
5,-10,50.0
5,-10,50.0
5,-10,50.0
4,-10,50.0
4,-10,62.82540749524242
4,-10,81.61807679554445
3,-10,58.286981609536085
3,-10,50.0
3,-10,50.0
2,-10,50.0
2,-10,50.0
2,-10,50.0
1,-10,62.29606514266768
1,-10,50.0
1,-10,50.0
0,-10,50.0
0,-10,50.0
0,-10,50.0
-1,-10,50.0
-1,-10,50.24847994917884
-1,-10,50.0
-1,-11,50.0
-1,-11,50.0
-1,-11,50.0
-2,-11,50.0
-2,-11,50.0
-2,-11,50.0
-3,-11,50.0
-3,-11,50.0
-3,-11,50.0
-4,-11,50.0
-4,-11,77.70163828386963
-4,-11,50.0
-5,-11,50.0
-5,-11,50.0
-5,-11,50.0
-6,-11,58.61138691791996
-6,-11,50.0
-6,-11,82.13401373590335
-7,-11,50.0
-7,-11,50.0
-7,-11,67.07292568723439
-8,-11,81.46765846880086
-8,-11,50.0
-8,-11,50.0
-9,-11,50.0
-9,-11,50.0
-9,-11,50.0
-10,-11,50.0
-10,-11,50.0
-10,-11,50.0
-11,-11,50.0
-11,-11,50.0
-11,-11,50.0
-12,-11,77.85281789544915
-12,-11,50.0
-12,-11,50.0
-11,-11,50.0
-11,-11,50.0
-11,-11,50.0
-11,-12,50.0
-11,-12,50.0
-11,-12,50.0
-12,-12,50.0
-12,-12,50.0
-12,-12,96.79175888264834
-12,-13,50.0
-12,-13,50.0
-12,-13,50.0
-13,-13,50.0
-13,-13,50.0
-13,-13,50.0
-14,-13,50.0
-14,-13,50.0
-14,-13,50.0
-15,-13,50.0
-15,-13,50.0
-15,-13,50.0
-16,-13,50.0
-16,-13,50.0
-16,-13,50.0
-16,-14,50.0
-16,-14,50.0
-16,-14,50.0
-16,-15,50.0
-16,-15,50.0
-16,-15,50.0
-17,-15,50.0
-17,-15,50.0
-17,-15,50.0
-17,-16,50.0
-17,-16,50.0
-17,-16,50.0
-18,-16,50.0
-18,-16,50.0
-18,-16,50.0
-19,-16,50.0
-19,-16,50.0
-19,-16,50.0
-19,-17,50.0
-19,-17,50.0
-19,-17,50.0
-19,-18,50.0
-19,-18,50.0
-19,-18,50.0
-19,-19,50.0
-19,-19,50.0
-19,-19,50.0
-20,-19,50.0
-20,-19,50.0
-20,-19,50.0
-20,-20,50.0
-20,-20,50.0
-20,-20,50.0
-19,-20,50.0
-19,-20,50.0
-19,-20,50.0
-18,-20,50.0
-18,-20,50.0
-18,-20,50.0
-17,-20,50.0
-17,-20,50.0
-17,-20,50.0
-16,-20,50.0
-16,-20,50.0
-16,-20,50.0
-15,-20,50.0
-15,-20,50.0
-15,-20,50.0
-14,-20,50.0
-14,-20,50.0
-14,-20,50.0
-13,-20,50.0
-13,-20,50.0
-13,-20,50.0
-12,-20,50.0
-12,-20,50.0
-12,-20,50.0
-11,-20,50.0
-11,-20,50.0
-11,-20,50.0
-10,-20,50.0
-10,-20,50.0
-10,-20,50.0
-9,-20,50.0
-9,-20,50.0
-9,-20,50.0
-9,-19,50.0
-9,-19,50.0
-9,-19,50.0
-8,-19,50.0
-8,-19,50.0
-8,-19,50.0
-7,-19,50.0
-7,-19,50.0
-7,-19,50.0
-6,-19,50.0
-6,-19,50.0
-6,-19,50.0
-5,-19,50.0
-5,-19,50.0
-5,-19,50.0
-6,-19,50.0
-6,-19,50.0
-6,-19,50.0
-6,-18,50.0
-6,-18,50.0
-6,-18,50.0
-5,-18,50.0
-5,-18,50.0
-5,-18,50.0
-6,-18,50.0
-6,-18,50.0
-6,-18,50.0
-6,-17,50.0
-6,-17,50.0
-6,-17,50.0
-5,-17,50.0
-5,-17,85.49074173987596
-5,-17,50.0
-5,-16,50.0
-5,-16,50.0
-5,-16,50.0
-6,-16,50.0
-6,-16,50.0
-6,-16,50.0
-5,-16,50.0
-5,-16,50.0
-5,-16,50.0
-6,-16,50.0
-6,-16,82.50844541438842
-6,-16,50.0
-5,-16,50.0
-5,-16,60.394880984560636
-5,-16,50.0
-4,-16,50.0
-4,-16,50.0
-4,-16,50.0
-3,-16,50.0
-3,-16,50.0
-3,-16,50.0
-3,-15,50.0
-3,-15,50.0
-3,-15,50.0
-2,-15,50.0
-2,-15,85.52765985593791
-2,-15,50.0
-1,-15,50.0
-1,-15,50.0
-1,-15,50.0
0,-15,50.0
0,-15,50.077833010467955
0,-15,50.0
1,-15,50.0
1,-15,50.0
1,-15,50.0
2,-15,50.0
2,-15,50.0
2,-15,50.0
1,-15,50.0
1,-15,51.574240296901166
1,-15,50.0
2,-15,50.0
2,-15,50.0
2,-15,50.0
1,-15,50.0
1,-15,50.0
1,-15,50.0
0,-15,50.0
0,-15,50.0
0,-15,50.0
1,-15,50.0
1,-15,50.0
1,-15,50.0
2,-15,50.0
2,-15,50.0
2,-15,50.0
2,-16,76.14801907817291
2,-16,50.0
2,-16,50.0
3,-16,50.0
3,-16,50.0
3,-16,50.0
4,-16,50.0
4,-16,50.0
4,-16,50.0
5,-16,50.0
5,-16,50.0
5,-16,50.0
6,-16,50.0
6,-16,50.0
6,-16,50.0
6,-17,50.0
6,-17,50.0
6,-17,50.0
7,-17,50.0
7,-17,50.0
7,-17,50.0
6,-17,50.0
6,-17,50.0
6,-17,50.0
7,-17,50.0
7,-17,50.0
7,-17,50.0
7,-16,50.0
7,-16,50.0
7,-16,50.0
8,-16,50.0
8,-16,50.0
8,-16,50.0
9,-16,50.0
9,-16,50.0
9,-16,50.0
9,-15,50.0
9,-15,50.0
9,-15,50.0
10,-15,50.0
10,-15,50.0
10,-15,50.0
11,-15,50.0
11,-15,50.0
11,-15,50.0
12,-15,57.22315024877729
12,-15,50.0
12,-15,50.0
13,-15,50.0
13,-15,50.0
13,-15,50.0
14,-15,50.0
14,-15,50.0
14,-15,50.0
15,-15,50.0
15,-15,50.0
15,-15,50.0
14,-15,50.0
14,-15,50.0
14,-15,50.0
14,-14,50.0
14,-14,50.0
14,-14,50.0
15,-14,50.0
15,-14,50.0
15,-14,50.0
15,-13,50.0
15,-13,50.0
15,-13,50.0
14,-13,50.0
14,-13,50.0
14,-13,50.0
13,-13,50.0
13,-13,50.0
13,-13,50.0
14,-13,50.0
14,-13,50.0
14,-13,50.0
15,-13,50.0
15,-13,50.0
15,-13,50.0
16,-13,50.0
16,-13,50.0
16,-13,50.0
15,-13,50.0
15,-13,50.0
15,-13,50.0
16,-13,50.0
16,-13,50.0
16,-13,50.0
17,-13,50.0
17,-13,50.0
17,-13,50.0
18,-13,50.0
18,-13,105.18673885039779
18,-13,50.0
18,-12,50.0
18,-12,50.0
18,-12,50.0
19,-12,50.0
19,-12,50.0
19,-12,50.0
20,-12,50.0
20,-12,50.0
20,-12,50.0
20,-11,50.0
20,-11,50.0
20,-11,50.0
20,-10,50.0
20,-10,50.0
20,-10,50.0
20,-9,50.0
20,-9,50.0
20,-9,50.0
20,-8,50.0
20,-8,50.0
20,-8,50.0
20,-7,50.0
20,-7,50.0
20,-7,50.0
20,-8,50.0
20,-8,50.0
20,-8,50.0
20,-7,50.0
20,-7,50.0
20,-7,50.0
20,-6,50.0
20,-6,50.0
20,-6,50.0
20,-5,50.0
20,-5,50.0
20,-5,50.0
20,-6,50.0
20,-6,50.0
20,-6,50.0
20,-5,50.0
20,-5,50.0
20,-5,50.0
20,-4,50.0
20,-4,50.0
20,-4,50.0
20,-5,56.796274411929446
20,-5,50.0
20,-5,50.0
20,-4,50.0
20,-4,50.0
20,-4,50.0
20,-3,50.0
20,-3,50.0
20,-3,50.0
20,-2,50.0
20,-2,50.0
20,-2,50.0
20,-1,50.0
20,-1,50.0
20,-1,50.0
20,0,50.0
20,0,50.0
20,0,50.0
20,1,50.0
20,1,50.0
20,1,50.0
20,2,50.0
20,2,50.0
20,2,50.0
20,3,50.0
20,3,50.0
20,3,50.0
20,4,50.0
20,4,50.0
20,4,50.0
19,4,50.0
19,4,50.0
19,4,50.0
18,4,50.0
18,4,50.0
18,4,50.0
17,4,50.0
17,4,50.0
17,4,50.0
16,4,50.0
16,4,50.0
16,4,54.140686161725384
15,4,50.0
15,4,50.0
15,4,50.0
14,4,50.0
14,4,51.07918293980143
14,4,50.0
13,4,50.0
13,4,50.0
13,4,50.0
12,4,50.0
12,4,50.0
12,4,70.01714712375372
11,4,50.0
11,4,83.59514603966903
11,4,50.0
12,4,50.0
12,4,50.0
12,4,50.0
11,4,50.0
11,4,50.0
11,4,50.0
10,4,50.0
10,4,50.0
10,4,50.0
11,4,50.0
11,4,50.0
11,4,50.0
10,4,50.0
10,4,55.70596117283494
10,4,50.0
9,4,50.0
9,4,50.0
9,4,50.0
8,4,50.0
8,4,53.98387293630262
8,4,50.0
8,3,50.0
8,3,50.0
8,3,50.0
8,2,50.0
8,2,50.0
8,2,50.0
9,2,50.0
9,2,50.0
9,2,135.2434080588934
9,1,50.0
9,1,50.0
9,1,50.0
10,1,50.0
10,1,50.0
10,1,50.0
11,1,50.0
11,1,50.0
11,1,68.53118234885545
12,1,50.0
12,1,50.0
12,1,60.22487910325392
12,0,50.0
12,0,59.560233915815566
12,0,50.0
13,0,50.0
13,0,50.0
13,0,50.0
13,-1,51.06361494135978
13,-1,50.0
13,-1,50.0
14,-1,50.0
14,-1,58.86104077759725
14,-1,64.87817768793961
14,0,50.0
14,0,96.80203371789021
14,0,50.0
14,-1,50.0
14,-1,50.0
14,-1,50.0
15,-1,50.0
15,-1,50.0
15,-1,50.0
15,-2,50.0
15,-2,50.0
15,-2,50.0
16,-2,50.0
16,-2,50.0
16,-2,50.0
16,-1,50.0
16,-1,50.0
16,-1,50.0
16,-2,50.0
16,-2,50.0
16,-2,50.0
16,-3,50.0
16,-3,50.0
16,-3,50.0
16,-4,50.0
16,-4,50.0
16,-4,50.0
16,-5,50.0
16,-5,50.0
16,-5,50.0
15,-5,50.0
15,-5,50.0
15,-5,50.0
15,-6,50.0
15,-6,50.0
15,-6,50.0
15,-5,50.0
15,-5,50.0
15,-5,50.0
15,-4,50.0
15,-4,53.73612523156538
15,-4,50.0
14,-4,50.0
14,-4,50.0
14,-4,50.0
14,-3,50.0
14,-3,50.0
14,-3,50.0
13,-3,50.0
13,-3,50.0
13,-3,50.0
13,-2,50.0
13,-2,50.0
13,-2,50.0
13,-1,57.26014296317353
13,-1,50.0
13,-1,72.5866180573346
13,0,50.0
13,0,50.0
13,0,50.0
13,1,50.0
13,1,50.0
13,1,50.0
12,1,50.0
12,1,50.0
12,1,69.843434588743
11,1,50.0
11,1,54.26330516216969
11,1,50.0
11,2,50.0
11,2,50.0
11,2,98.62393963392667
10,2,97.27965839883603
10,2,50.0
10,2,50.0
10,3,50.0
10,3,50.0
10,3,50.0
10,2,91.35121592521158
10,2,50.0
10,2,50.0
10,3,50.0
10,3,50.0
10,3,50.0
10,4,50.0
10,4,50.0
10,4,50.0
10,3,50.0
10,3,50.0
10,3,50.0
10,4,50.0
10,4,50.0
10,4,50.0
10,5,50.0
10,5,50.0
10,5,50.0
10,4,50.0
10,4,50.0
10,4,50.0
10,5,50.0
10,5,50.0
10,5,50.0
9,5,50.0
9,5,50.0
9,5,131.28772971579744
9,6,50.0
9,6,50.0
9,6,50.0
9,7,50.0
9,7,50.0
9,7,50.0
8,7,96.17956277220816
8,7,50.0
8,7,69.1932986658345
8,6,50.0
8,6,122.66649138509928
8,6,50.0
8,7,50.0
8,7,50.0
8,7,50.0
7,7,50.0
7,7,50.0
7,7,50.0
7,8,50.0
7,8,50.0
7,8,50.0
7,9,86.68964871544874
7,9,50.0
7,9,50.0
7,8,66.63283133446782
7,8,100.64885940106616
7,8,50.0
7,9,99.84646490822269
7,9,50.0
7,9,50.0
7,10,50.0
7,10,53.881474842999616
7,10,50.0
6,10,50.0
6,10,50.0
6,10,50.0
5,10,156.92899713201106
5,10,50.0
5,10,50.0
5,11,51.507044649702394
5,11,50.0
5,11,87.95387785233486
5,12,50.0
5,12,50.0
5,12,50.0
5,13,50.0
5,13,50.0
5,13,50.0
4,13,50.0
4,13,50.0
4,13,50.0
4,14,50.0
4,14,50.0
4,14,50.0
4,15,50.0
4,15,50.0
4,15,50.0
4,16,50.0
4,16,61.7973281673043
4,16,50.0
4,17,50.0
4,17,50.0
4,17,50.0
4,16,50.0
4,16,50.0
4,16,50.0
4,17,50.0
4,17,50.0
4,17,50.0
4,18,50.0
4,18,50.0
4,18,50.0
4,19,50.0
4,19,50.0
4,19,50.0
4,18,50.0
4,18,50.0
4,18,50.0
4,19,50.0
4,19,50.0
4,19,50.0
4,20,50.0
4,20,68.92325791826728
4,20,50.0
5,20,56.283196987581356
5,20,50.0
5,20,50.0
5,19,50.0
5,19,50.0
5,19,50.0
6,19,50.0
6,19,50.0
6,19,50.0
7,19,50.0
7,19,50.0
7,19,50.0
8,19,50.0
8,19,50.0
8,19,50.0
9,19,50.0
9,19,50.0
9,19,50.0
9,18,50.0
9,18,50.0
9,18,50.0
9,17,50.0
9,17,50.0
9,17,64.79043142227142
10,17,50.0
10,17,50.0
10,17,50.0
11,17,50.0
11,17,50.0
11,17,50.0
11,18,50.0
11,18,50.0
11,18,50.0
11,17,50.0
11,17,50.0
11,17,50.0
12,17,50.0
12,17,50.0
12,17,50.0
12,16,50.0
12,16,50.0
12,16,50.0
12,17,50.0
12,17,50.0
12,17,50.0
12,16,50.0
12,16,50.0
12,16,50.0
12,17,50.0
12,17,50.0
12,17,50.0
12,16,50.0
12,16,50.0
12,16,50.0
12,15,50.0
12,15,66.9628319929781
12,15,50.0
12,14,50.0
12,14,50.0
12,14,50.0
13,14,50.0
13,14,54.637379531718594
13,14,50.0
13,13,50.0
13,13,50.0
13,13,50.0
13,12,50.0
13,12,50.0
13,12,52.424314909159506
12,12,50.0
12,12,50.0
12,12,63.572597105567645
11,12,50.0
11,12,50.0
11,12,50.0
11,11,50.0
11,11,50.0
