4,19,100.0
4,18,100.0
4,18,100.0
4,17,100.0
4,17,100.0
4,16,100.0
4,16,100.0
4,15,100.0
4,15,100.0
4,16,100.0
4,16,100.0
4,15,100.0
4,15,100.0
4,14,100.0
4,14,100.0
4,13,100.0
4,13,100.0
4,12,100.0
4,12,100.0
4,11,100.0
4,11,100.0
3,11,100.0
3,11,100.0
4,11,100.0
4,11,100.0
4,10,100.0
4,10,100.0
3,10,100.0
3,10,109.00069842725065
3,9,100.0
3,9,100.0
3,10,100.0
3,10,100.0
3,9,100.0
3,9,100.0
3,10,100.0
3,10,100.0
3,9,100.0
3,9,100.0
3,8,100.0
3,8,100.0
3,7,106.75076418383577
3,7,100.0
2,7,100.0
2,7,100.0
2,8,100.0
2,8,100.0
2,7,100.0
2,7,100.0
2,6,106.5105554541629
2,6,115.30985947111253
2,5,100.0
2,5,100.0
2,4,120.73636396185083
2,4,149.1231488177141
2,3,100.0
2,3,100.0
2,2,115.77701270791283
2,2,100.0
1,2,100.0
1,2,100.0
1,1,127.31395318011906
1,1,186.94847059599323
1,0,100.0
1,0,100.0
1,-1,100.0
1,-1,100.0
1,-2,100.0
1,-2,100.0
0,-2,125.292333259307
0,-2,118.63262284378615
-1,-2,100.0
-1,-2,135.33608745023645
-1,-3,143.15016716222283
-1,-3,100.0
-2,-3,112.6609015442225
-2,-3,100.0
-2,-4,100.0
-2,-4,100.0
-2,-5,100.0
-2,-5,100.0
-3,-5,104.83642121225516
-3,-5,100.0
-3,-6,116.88834477382802
-3,-6,100.0
-3,-7,100.0
-3,-7,100.0
-4,-7,149.88239159685037
-4,-7,100.0
-4,-8,100.0
-4,-8,100.0
-4,-9,100.0
-4,-9,100.0
-4,-10,100.0
-4,-10,100.0
-4,-11,198.47344149269958
-4,-11,100.0
-4,-12,100.0
-4,-12,100.0
-3,-12,100.0
-3,-12,209.66984813450364
-2,-12,100.0
-2,-12,100.0
-1,-12,100.0
-1,-12,100.0
-1,-11,100.0
-1,-11,146.84333501936902
0,-11,100.0
0,-11,100.0
1,-11,100.0
1,-11,145.1166699414057
0,-11,100.0
0,-11,100.0
1,-11,100.0
1,-11,105.11342946475969
1,-12,100.0
1,-12,100.0
2,-12,100.0
2,-12,100.0
2,-13,100.0
2,-13,100.0
3,-13,100.0
3,-13,100.0
2,-13,100.0
2,-13,100.0
2,-12,100.0
2,-12,100.0
3,-12,100.0
3,-12,100.0
3,-13,100.0
3,-13,100.0
3,-12,100.0
3,-12,100.0
4,-12,100.0
4,-12,100.0
4,-11,100.0
4,-11,100.0
5,-11,100.0
5,-11,100.0
6,-11,100.0
6,-11,100.0
6,-10,100.0
6,-10,100.0
7,-10,139.0702890543214
7,-10,100.0
7,-9,100.0
7,-9,100.0
8,-9,100.0
8,-9,100.0
8,-8,100.0
8,-8,100.0
9,-8,100.0
9,-8,100.0
8,-8,100.0
8,-8,100.0
7,-8,100.0
7,-8,100.0
7,-9,100.0
7,-9,100.0
7,-10,100.0
7,-10,100.0
6,-10,121.18064810289147
6,-10,100.0
5,-10,100.0
5,-10,100.0
4,-10,100.0
4,-10,122.88693746485363
3,-10,103.5746775592374
3,-10,134.93890320991497
2,-10,100.0
2,-10,100.0
1,-10,100.0
1,-10,100.0
0,-10,110.6867197340251
0,-10,100.0
-1,-10,100.0
-1,-10,100.0
-1,-11,100.0
-1,-11,100.0
-2,-11,100.0
-2,-11,192.29559739217916
-3,-11,100.0
-3,-11,100.0
-4,-11,106.27711887579933
-4,-11,127.59490677328515
-5,-11,100.0
-5,-11,100.0
-6,-11,100.0
-6,-11,100.0
-7,-11,100.0
-7,-11,131.86416281202358
-8,-11,100.0
-8,-11,100.0
-9,-11,100.0
-9,-11,100.0
-10,-11,100.0
-10,-11,100.0
-11,-11,100.0
-11,-11,100.0
-12,-11,100.0
-12,-11,100.0
-11,-11,100.0
-11,-11,100.0
-11,-12,100.0
-11,-12,100.0
-12,-12,100.0
-12,-12,100.0
-12,-13,117.025564766777
-12,-13,100.0
-13,-13,100.0
-13,-13,100.0
-14,-13,100.0
-14,-13,100.0
-15,-13,100.0
-15,-13,100.0
-16,-13,100.0
-16,-13,100.0
-16,-14,100.0
-16,-14,100.0
-16,-15,100.0
-16,-15,100.0
-17,-15,100.0
-17,-15,100.0
-17,-16,100.0
-17,-16,100.0
-18,-16,100.0
-18,-16,100.0
-19,-16,100.0
-19,-16,100.0
-19,-17,100.0
-19,-17,100.0
-19,-18,100.0
-19,-18,100.0
-19,-19,100.0
-19,-19,100.0
-20,-19,100.0
-20,-19,100.0
-20,-20,100.0
-20,-20,100.0
-19,-20,100.0
-19,-20,100.0
-18,-20,100.0
-18,-20,100.0
-17,-20,100.0
-17,-20,100.0
-16,-20,100.0
-16,-20,100.0
-15,-20,100.0
-15,-20,100.0
-14,-20,100.0
-14,-20,100.0
-13,-20,100.0
-13,-20,100.0
-12,-20,100.0
-12,-20,100.0
-11,-20,100.0
-11,-20,100.0
-10,-20,100.0
-10,-20,100.0
-9,-20,100.0
-9,-20,100.0
-9,-19,100.0
-9,-19,100.0
-8,-19,100.0
-8,-19,100.0
-7,-19,100.0
-7,-19,100.0
-6,-19,100.0
-6,-19,100.0
-5,-19,100.0
-5,-19,100.0
-6,-19,100.0
-6,-19,100.0
-6,-18,100.0
-6,-18,100.0
-5,-18,100.0
-5,-18,100.0
-6,-18,100.0
-6,-18,100.0
-6,-17,100.0
-6,-17,100.0
-5,-17,100.0
-5,-17,100.0
-5,-16,100.0
-5,-16,100.0
-6,-16,100.0
-6,-16,100.0
-5,-16,100.0
-5,-16,100.0
-6,-16,100.0
-6,-16,100.0
-5,-16,100.0
-5,-16,100.0
-4,-16,100.0
-4,-16,100.0
-3,-16,100.0
-3,-16,100.0
-3,-15,100.0
-3,-15,100.0
-2,-15,100.0
-2,-15,100.0
-1,-15,100.0
-1,-15,104.96491073346007
0,-15,100.0
0,-15,184.89645117343912
1,-15,100.0
1,-15,144.1462242512477
2,-15,100.0
2,-15,100.0
1,-15,100.0
1,-15,120.01627583835094
2,-15,111.99462901726102
2,-15,100.0
1,-15,100.0
1,-15,100.0
0,-15,100.0
0,-15,100.0
1,-15,100.0
1,-15,100.0
2,-15,100.0
2,-15,100.0
2,-16,100.0
2,-16,100.0
3,-16,100.0
3,-16,100.0
4,-16,100.0
4,-16,100.0
5,-16,100.0
5,-16,100.0
6,-16,100.0
6,-16,100.0
6,-17,100.0
6,-17,100.0
7,-17,100.0
7,-17,100.0
6,-17,100.0
6,-17,100.0
7,-17,100.0
7,-17,100.0
7,-16,100.0
7,-16,100.0
8,-16,100.0
8,-16,100.0
9,-16,100.0
9,-16,100.0
9,-15,100.0
9,-15,100.0
10,-15,100.0
10,-15,100.0
11,-15,100.0
11,-15,100.0
12,-15,100.0
12,-15,100.0
13,-15,100.0
13,-15,100.0
14,-15,100.0
14,-15,100.0
15,-15,100.0
15,-15,100.0
14,-15,100.0
14,-15,100.0
14,-14,100.0
14,-14,100.0
15,-14,100.0
15,-14,100.0
15,-13,100.0
15,-13,100.0
14,-13,100.0
14,-13,100.0
13,-13,100.0
13,-13,100.0
14,-13,100.0
14,-13,123.92177583972789
15,-13,100.0
15,-13,100.0
16,-13,100.0
16,-13,100.0
15,-13,100.0
15,-13,100.0
16,-13,100.0
16,-13,100.0
17,-13,100.0
17,-13,100.0
18,-13,100.0
18,-13,100.0
18,-12,100.0
18,-12,100.0
19,-12,100.0
19,-12,100.0
20,-12,100.0
20,-12,100.0
20,-11,100.0
20,-11,100.0
20,-10,100.0
20,-10,100.0
20,-9,100.0
20,-9,100.0
20,-8,100.0
20,-8,100.0
20,-7,100.0
20,-7,100.0
20,-8,100.0
20,-8,100.0
20,-7,100.0
20,-7,100.0
20,-6,100.0
20,-6,100.0
20,-5,100.0
20,-5,100.0
20,-6,100.0
20,-6,100.0
20,-5,100.0
20,-5,100.0
20,-4,100.0
20,-4,100.0
20,-5,100.0
20,-5,100.0
20,-4,100.0
20,-4,100.0
20,-3,100.0
20,-3,100.0
20,-2,100.0
20,-2,100.0
20,-1,100.0
20,-1,100.0
20,0,132.5658091518387
20,0,100.0
20,1,100.0
20,1,100.0
20,2,100.0
20,2,100.0
20,3,100.0
20,3,100.0
20,4,100.0
20,4,100.0
19,4,104.48221713349194
19,4,100.0
18,4,100.0
18,4,100.0
17,4,100.0
17,4,100.0
16,4,100.0
16,4,100.0
15,4,100.0
15,4,100.0
14,4,100.0
14,4,100.0
13,4,100.0
13,4,100.0
12,4,100.0
12,4,100.0
11,4,100.0
11,4,100.0
12,4,100.0
12,4,106.96148810446105
11,4,100.0
11,4,100.0
10,4,100.0
10,4,100.0
11,4,120.03223323774391
11,4,100.0
10,4,129.0653733102892
10,4,146.28660512360602
9,4,100.0
9,4,100.0
8,4,127.58742756763743
8,4,100.0
8,3,147.9695141440752
8,3,100.0
8,2,100.0
8,2,100.0
9,2,100.0
9,2,141.70270528425618
9,1,146.0030456796444
9,1,100.0
10,1,100.0
10,1,100.0
11,1,100.0
11,1,100.0
12,1,100.0
12,1,100.0
12,0,100.0
12,0,100.0
13,0,100.0
13,0,100.0
13,-1,100.0
13,-1,100.0
14,-1,100.0
14,-1,100.0
14,0,100.0
14,0,100.0
14,-1,100.0
14,-1,100.0
15,-1,100.0
15,-1,142.94975179301758
15,-2,117.72384254397215
15,-2,100.0
16,-2,100.0
16,-2,100.0
16,-1,100.0
