4,19,100.0
4,18,100.11629019223426
4,18,100.0
4,17,100.0
4,17,100.0
4,16,100.0
4,16,100.0
4,15,100.0
4,15,100.0
4,16,100.0
4,16,100.0
4,15,100.0
4,15,100.22944681042301
4,14,154.923295444224
4,14,100.0
4,13,100.0
4,13,100.0
4,12,104.41359703692069
4,12,100.0
4,11,100.0
4,11,121.82983177991741
3,11,100.0
3,11,144.42789504224774
4,11,100.0
4,11,100.0
4,10,100.0
4,10,100.0
3,10,100.0
3,10,111.07378071668423
3,9,100.0
3,9,100.0
3,10,112.42773692163956
3,10,142.76158836532673
3,9,100.0
3,9,100.0
3,10,100.0
3,10,147.02189255143472
3,9,100.89083204025735
3,9,110.12783628970263
3,8,100.0
3,8,100.0
3,7,100.08943274692305
3,7,190.52819221519093
2,7,100.0
2,7,100.0
2,8,100.0
2,8,100.0
2,7,100.0
2,7,169.885070187188
2,6,105.57852278095599
2,6,110.50388147345895
2,5,100.0
2,5,152.09399559696806
2,4,120.1005125585128
2,4,100.0
2,3,191.90532579237467
2,3,100.0
2,2,100.0
2,2,163.42230963632377
1,2,223.35477392230436
1,2,121.97372548662025
1,1,131.72961065582072
1,1,141.671813569847
1,0,179.73983205011388
1,0,123.45530143514873
1,-1,100.0
1,-1,100.0
1,-2,237.45107758538035
1,-2,100.0
0,-2,100.0
0,-2,121.9128939873161
-1,-2,189.61556855110916
-1,-2,139.7381860733879
-1,-3,222.33274353354102
-1,-3,100.0
-2,-3,100.0
-2,-3,180.91810814042475
-2,-4,100.0
-2,-4,149.8642170824595
-2,-5,100.0
-2,-5,179.60334664964563
-3,-5,112.0502722456822
-3,-5,100.0
-3,-6,100.0
-3,-6,111.8407307798843
-3,-7,157.0365749888183
-3,-7,100.0
-4,-7,107.25705122509476
-4,-7,100.0
-4,-8,100.0
-4,-8,100.9895173395737
-4,-9,100.0
-4,-9,100.0
-4,-10,100.0
-4,-10,107.03000623091532
-4,-11,100.0
-4,-11,100.0
-4,-12,117.69540701397564
-4,-12,100.0
-3,-12,100.0
-3,-12,100.0
-2,-12,100.0
-2,-12,100.0
-1,-12,100.29816047425237
-1,-12,100.0
-1,-11,100.0
-1,-11,100.0
0,-11,162.25507622076418
0,-11,100.0
1,-11,110.72371482633191
1,-11,100.0
0,-11,137.03105454366215
0,-11,123.8604924049134
1,-11,140.60863506998197
1,-11,112.48843410656728
1,-12,100.0
1,-12,100.0
2,-12,100.0
2,-12,100.0
2,-13,100.0
2,-13,100.0
3,-13,100.0
3,-13,100.0
2,-13,100.0
2,-13,100.0
2,-12,100.0
2,-12,100.0
3,-12,100.0
3,-12,100.0
3,-13,100.0
3,-13,100.0
3,-12,100.0
3,-12,100.0
4,-12,100.0
4,-12,100.0
4,-11,100.0
4,-11,100.0
5,-11,117.4477525516501
5,-11,100.0
6,-11,142.46521370477817
6,-11,100.0
6,-10,100.0
6,-10,100.0
7,-10,100.0
7,-10,100.0
7,-9,100.0
7,-9,100.0
8,-9,100.0
8,-9,198.72729023093027
8,-8,100.0
8,-8,126.63865018617244
9,-8,100.0
9,-8,100.0
8,-8,122.5115470543285
8,-8,100.0
7,-8,114.72790016432425
7,-8,100.0
7,-9,100.0
7,-9,100.0
7,-10,100.0
7,-10,100.0
6,-10,100.0
6,-10,100.0
5,-10,100.0
5,-10,100.0
4,-10,100.0
4,-10,100.0
3,-10,100.0
3,-10,100.0
2,-10,100.0
2,-10,100.0
1,-10,100.0
1,-10,108.1248538069478
0,-10,100.0
0,-10,100.0
-1,-10,100.0
-1,-10,100.0
-1,-11,152.37468739162784
-1,-11,100.0
-2,-11,106.6235749072828
-2,-11,100.0
-3,-11,100.0
-3,-11,100.0
-4,-11,182.82644642419223
-4,-11,100.0
-5,-11,100.0
-5,-11,100.0
-6,-11,100.0
-6,-11,100.0
-7,-11,100.0
-7,-11,100.0
-8,-11,100.0
-8,-11,100.0
-9,-11,100.0
-9,-11,100.0
-10,-11,100.0
-10,-11,100.0
-11,-11,100.0
-11,-11,100.0
-12,-11,100.0
-12,-11,113.28185594867662
-11,-11,100.0
-11,-11,100.0
-11,-12,100.0
-11,-12,100.0
-12,-12,100.0
-12,-12,100.0
-12,-13,100.0
-12,-13,100.0
-13,-13,100.0
-13,-13,100.0
-14,-13,100.0
-14,-13,100.0
-15,-13,100.0
-15,-13,100.0
-16,-13,100.0
-16,-13,121.44173441641419
-16,-14,100.0
-16,-14,100.0
-16,-15,100.0
-16,-15,100.0
-17,-15,100.0
-17,-15,100.0
-17,-16,100.0
-17,-16,100.0
-18,-16,100.0
-18,-16,100.0
-19,-16,100.0
-19,-16,100.0
-19,-17,100.0
-19,-17,100.0
-19,-18,100.0
-19,-18,100.0
-19,-19,100.0
-19,-19,100.0
-20,-19,100.0
-20,-19,100.0
-20,-20,100.0
-20,-20,100.0
-19,-20,100.0
-19,-20,100.0
-18,-20,100.0
-18,-20,100.0
-17,-20,100.0
-17,-20,100.0
-16,-20,100.0
-16,-20,100.0
-15,-20,100.0
-15,-20,100.0
-14,-20,100.0
-14,-20,100.0
-13,-20,100.0
-13,-20,100.0
-12,-20,100.0
-12,-20,100.0
-11,-20,100.0
-11,-20,100.0
-10,-20,100.0
-10,-20,100.0
-9,-20,100.0
-9,-20,100.0
-9,-19,100.0
-9,-19,100.0
-8,-19,100.0
-8,-19,100.0
-7,-19,100.0
-7,-19,100.0
-6,-19,100.0
-6,-19,100.0
-5,-19,100.0
-5,-19,100.0
-6,-19,100.0
-6,-19,100.0
-6,-18,100.0
-6,-18,100.0
-5,-18,100.0
-5,-18,100.0
-6,-18,100.0
-6,-18,100.0
-6,-17,100.0
-6,-17,100.0
-5,-17,100.0
-5,-17,107.92932289384007
-5,-16,100.0
-5,-16,100.0
-6,-16,100.0
-6,-16,100.0
-5,-16,137.6741288673108
-5,-16,100.0
-6,-16,100.0
-6,-16,100.0
-5,-16,100.0
-5,-16,100.0
-4,-16,100.0
-4,-16,117.53192029317549
-3,-16,100.0
-3,-16,100.0
-3,-15,100.0
-3,-15,100.0
-2,-15,100.7602056469367
-2,-15,100.0
-1,-15,100.0
-1,-15,100.0
0,-15,100.0
0,-15,100.0
1,-15,100.0
1,-15,125.94825939923257
2,-15,100.0
2,-15,100.0
1,-15,100.0
1,-15,128.23355513546215
2,-15,100.0
2,-15,100.0
1,-15,100.0
1,-15,100.0
0,-15,100.0
0,-15,100.0
1,-15,100.0
1,-15,100.0
2,-15,100.0
2,-15,120.3350034849794
2,-16,100.0
2,-16,100.0
3,-16,100.0
3,-16,100.0
4,-16,100.0
4,-16,100.0
5,-16,100.0
5,-16,100.0
6,-16,100.0
6,-16,100.0
6,-17,100.0
6,-17,100.0
7,-17,100.0
7,-17,100.0
6,-17,100.0
6,-17,100.0
7,-17,100.0
7,-17,100.0
7,-16,100.0
7,-16,100.0
8,-16,100.0
8,-16,100.0
9,-16,100.0
9,-16,100.0
9,-15,100.0
9,-15,100.0
10,-15,100.0
10,-15,100.0
11,-15,100.0
11,-15,100.0
12,-15,100.0
12,-15,100.0
13,-15,100.0
13,-15,100.0
14,-15,100.0
14,-15,100.0
15,-15,100.0
15,-15,100.0
14,-15,100.0
14,-15,100.0
14,-14,100.0
14,-14,100.0
15,-14,100.0
15,-14,100.0
15,-13,100.0
15,-13,100.0
14,-13,100.0
14,-13,100.0
13,-13,100.0
13,-13,100.0
14,-13,100.0
14,-13,100.0
15,-13,100.0
15,-13,100.0
16,-13,100.0
16,-13,100.0
15,-13,113.67794675950448
15,-13,100.0
16,-13,100.0
16,-13,100.0
17,-13,100.0
17,-13,100.0
18,-13,100.0
18,-13,100.0
18,-12,100.0
18,-12,100.0
19,-12,100.0
19,-12,100.0
20,-12,100.0
20,-12,100.0
20,-11,100.0
20,-11,100.0
20,-10,100.0
20,-10,100.0
20,-9,100.0
20,-9,100.0
20,-8,100.0
20,-8,100.0
20,-7,100.0
20,-7,100.0
20,-8,100.0
20,-8,100.0
20,-7,100.0
20,-7,100.0
20,-6,100.0
20,-6,100.0
20,-5,100.0
20,-5,100.0
20,-6,100.0
20,-6,100.0
20,-5,100.0
20,-5,100.0
20,-4,100.0
20,-4,100.0
20,-5,100.0
20,-5,100.0
20,-4,100.0
20,-4,100.0
20,-3,100.0
20,-3,100.0
20,-2,100.0
20,-2,100.0
20,-1,100.0
20,-1,168.81972002990165
20,0,100.0
20,0,100.0
20,1,100.0
20,1,100.0
20,2,100.0
20,2,100.0
20,3,100.0
20,3,100.0
20,4,100.0
20,4,100.0
19,4,100.0
19,4,100.0
18,4,100.0
18,4,100.0
17,4,100.0
17,4,100.0
16,4,100.0
16,4,100.0
15,4,100.0
15,4,100.0
14,4,100.0
14,4,100.0
13,4,100.0
13,4,100.0
12,4,102.84024401880173
12,4,100.0
11,4,100.0
11,4,100.0
12,4,100.0
12,4,100.0
11,4,100.0
11,4,100.0
10,4,100.0
10,4,100.0
11,4,150.86703450550928
11,4,100.0
10,4,100.0
10,4,100.0
9,4,176.08420125226644
9,4,100.0
8,4,100.0
8,4,100.0
8,3,100.0
8,3,100.0
8,2,100.0
8,2,100.0
9,2,100.0
9,2,100.0
9,1,155.13972344957836
9,1,100.0
10,1,100.0
10,1,107.94121134157791
11,1,100.0
11,1,100.0
12,1,100.0
12,1,100.0
12,0,100.0
12,0,100.0
13,0,100.0
13,0,132.92035237552804
13,-1,100.0
13,-1,175.98503762117858
14,-1,100.0
14,-1,103.36264265314283
14,0,100.0
14,0,100.0
14,-1,100.0
14,-1,100.0
15,-1,100.0
15,-1,100.0
15,-2,140.6743274991225
15,-2,100.0
16,-2,100.0
16,-2,100.0
16,-1,100.0
