4,19,50.0
4,19,50.0
4,18,82.91537946778541
4,18,50.0
4,18,50.0
4,17,50.0
4,17,50.0
4,17,50.0
4,16,50.0
4,16,50.0
4,16,50.0
4,15,50.0
4,15,51.053782973920136
4,15,50.0
4,16,50.0
4,16,50.0
4,16,67.20707154557397
4,15,50.0
4,15,50.0
4,15,50.0
4,14,50.0
4,14,50.0
4,14,50.0
4,13,78.49017278995677
4,13,50.0
4,13,50.0
4,12,50.0
4,12,50.0
4,12,50.0
4,11,53.47291628117767
4,11,50.0
4,11,71.12225291763583
3,11,50.0
3,11,50.0
3,11,50.0
4,11,116.98371296065406
4,11,50.0
4,11,50.0
4,10,50.0
4,10,50.0
4,10,50.0
3,10,50.0
3,10,50.0
3,10,50.0
3,9,50.0
3,9,50.0
3,9,50.0
3,10,50.0
3,10,50.0
3,10,50.0
3,9,50.0
3,9,50.13661968510096
3,9,50.0
3,10,50.0
3,10,50.0
3,10,50.0
3,9,50.0
3,9,50.0
3,9,50.0
3,8,62.54728525808576
3,8,142.38873961998553
3,8,50.0
3,7,142.72548815413484
3,7,83.42431658592261
3,7,117.23263674756214
2,7,51.04121457095401
2,7,50.0
2,7,50.0
2,8,50.0
2,8,50.0
2,8,50.0
2,7,50.0
2,7,50.0
2,7,50.0
2,6,50.411800062344525
2,6,50.0
2,6,91.20431358747189
2,5,50.0
2,5,50.0
2,5,50.0
2,4,160.08735888309428
2,4,50.0
2,4,50.0
2,3,50.0
2,3,57.67629735613474
2,3,50.0
2,2,94.7391268041982
2,2,50.0
2,2,80.65571438962176
1,2,50.0
1,2,59.974077253947684
1,2,51.19834302472335
1,1,50.0
1,1,68.08088043552308
1,1,89.06514437269398
1,0,62.899204496315136
1,0,76.82234322527934
1,0,100.77990437274207
1,-1,50.0
1,-1,126.59132291983303
1,-1,50.0
1,-2,54.17733997257706
1,-2,69.74297171805578
1,-2,50.0
0,-2,74.62078687247997
0,-2,111.99853810902167
0,-2,50.0
-1,-2,97.4606343185859
-1,-2,108.0178205138647
-1,-2,65.2671655959858
-1,-3,50.0
-1,-3,50.0
-1,-3,50.0
-2,-3,50.0
-2,-3,96.91575746258789
-2,-3,51.086439140927965
-2,-4,57.363398756938324
-2,-4,50.0
-2,-4,50.0
-2,-5,50.0
-2,-5,50.0
-2,-5,50.0
-3,-5,50.0
-3,-5,50.64484837291794
-3,-5,50.0
-3,-6,50.0
-3,-6,50.0
-3,-6,50.0
-3,-7,50.0
-3,-7,50.0
-3,-7,50.0
-4,-7,50.0
-4,-7,119.83820791587108
-4,-7,89.92666873247612
-4,-8,62.86543083262177
-4,-8,77.69886261980817
-4,-8,100.66467234329441
-4,-9,111.04577820314913
-4,-9,50.0
-4,-9,53.8137544847759
-4,-10,67.13771575134706
-4,-10,50.0
-4,-10,50.0
-4,-11,50.0
-4,-11,50.0
-4,-11,50.0
-4,-12,50.0
-4,-12,51.91203682204377
-4,-12,50.0
-3,-12,50.0
-3,-12,50.0
-3,-12,50.0
-2,-12,50.0
-2,-12,50.0
-2,-12,50.0
-1,-12,50.0
-1,-12,50.0
-1,-12,50.0
-1,-11,50.0
-1,-11,78.88028967764559
-1,-11,50.0
0,-11,50.0
0,-11,50.0
0,-11,50.0
1,-11,50.0
1,-11,50.0
1,-11,74.9343069059994
0,-11,50.0
0,-11,50.0
0,-11,52.31621330191031
1,-11,50.0
1,-11,50.0
1,-11,93.70134424720061
1,-12,50.0
1,-12,50.0
1,-12,50.0
2,-12,50.0
2,-12,82.8050728402215
2,-12,50.0
2,-13,50.0
2,-13,50.0
2,-13,53.09326267206794
3,-13,50.0
3,-13,50.0
3,-13,50.0
2,-13,50.0
2,-13,50.0
2,-13,50.0
2,-12,50.0
2,-12,50.0
2,-12,50.0
3,-12,50.0
3,-12,50.0
3,-12,50.0
3,-13,50.0
3,-13,50.0
3,-13,50.0
3,-12,50.0
3,-12,73.72076844217048
3,-12,50.0
4,-12,50.0
4,-12,50.0
4,-12,50.0
4,-11,53.92939842591955
4,-11,50.0
4,-11,64.1049000322282
5,-11,50.0
5,-11,50.0
5,-11,50.0
6,-11,50.0
6,-11,50.0
6,-11,50.0
6,-10,50.0
6,-10,50.0
6,-10,50.0
7,-10,50.0
7,-10,50.0
7,-10,50.0
7,-9,65.08176854375864
7,-9,79.89003597157392
7,-9,71.40773145240198
8,-9,50.0
8,-9,52.01688829589375
8,-9,50.0
8,-8,62.39806561669918
8,-8,50.0
8,-8,50.0
9,-8,50.0
9,-8,50.0
9,-8,50.0
8,-8,50.0
8,-8,50.0
8,-8,50.0
7,-8,50.0
7,-8,50.0
7,-8,50.0
7,-9,50.0
7,-9,50.0
7,-9,52.11761743590072
7,-10,50.0
7,-10,71.50127677906997
7,-10,50.0
6,-10,50.0
6,-10,50.0
6,-10,50.0
5,-10,50.0
5,-10,50.0
5,-10,50.0
4,-10,50.0
4,-10,50.0
4,-10,56.403782760921764
3,-10,50.0
3,-10,52.99128278933529
3,-10,50.0
2,-10,54.986925920759475
2,-10,50.0
2,-10,63.786367559594254
1,-10,68.10577208445179
1,-10,50.0
1,-10,50.0
0,-10,56.489798464887414
0,-10,50.0
0,-10,50.0
-1,-10,50.0
-1,-10,50.8511851990524
-1,-10,50.0
-1,-11,50.0
-1,-11,50.0
-1,-11,50.0
-2,-11,50.0
-2,-11,50.0
-2,-11,50.0
-3,-11,50.0
-3,-11,50.0
-3,-11,50.0
-4,-11,50.0
-4,-11,50.0
-4,-11,50.0
-5,-11,50.0
-5,-11,50.0
-5,-11,50.0
-6,-11,50.0
-6,-11,50.0
-6,-11,50.0
-7,-11,50.021066289264866
-7,-11,50.0
-7,-11,50.0
-8,-11,50.0
-8,-11,50.0
-8,-11,50.0
-9,-11,50.0
-9,-11,50.0
-9,-11,50.0
-10,-11,50.0
-10,-11,50.0
-10,-11,50.0
-11,-11,50.0
-11,-11,50.0
-11,-11,50.0
-12,-11,50.0
-12,-11,58.87644822085765
-12,-11,50.0
-11,-11,50.0
-11,-11,50.0
-11,-11,50.0
-11,-12,55.59456462021039
-11,-12,50.0
-11,-12,50.0
-12,-12,50.0
-12,-12,50.0
-12,-12,50.0
-12,-13,50.0
-12,-13,50.0
-12,-13,50.0
-13,-13,50.0
-13,-13,50.0
-13,-13,50.0
-14,-13,64.09095933801783
-14,-13,50.0
-14,-13,50.0
-15,-13,50.0
-15,-13,50.0
-15,-13,50.0
-16,-13,50.0
-16,-13,50.0
-16,-13,50.0
-16,-14,50.0
-16,-14,50.0
-16,-14,50.0
-16,-15,50.0
-16,-15,50.0
-16,-15,50.0
-17,-15,50.0
-17,-15,50.0
-17,-15,50.0
-17,-16,50.0
-17,-16,50.0
-17,-16,50.0
-18,-16,50.0
-18,-16,50.0
-18,-16,50.0
-19,-16,53.22504077696123
-19,-16,50.0
-19,-16,50.0
-19,-17,50.0
-19,-17,50.0
-19,-17,50.0
-19,-18,50.0
-19,-18,50.0
-19,-18,50.0
-19,-19,50.0
-19,-19,50.0
-19,-19,50.0
-20,-19,50.0
-20,-19,50.0
-20,-19,50.0
-20,-20,50.0
-20,-20,50.0
-20,-20,50.0
-19,-20,50.0
-19,-20,50.0
-19,-20,50.0
-18,-20,50.0
-18,-20,50.0
-18,-20,50.0
-17,-20,50.0
-17,-20,50.0
-17,-20,50.0
-16,-20,50.0
-16,-20,50.0
-16,-20,50.0
-15,-20,50.0
-15,-20,50.0
-15,-20,50.0
-14,-20,50.0
-14,-20,50.0
-14,-20,50.0
-13,-20,50.0
-13,-20,50.0
-13,-20,50.0
-12,-20,50.0
-12,-20,50.0
-12,-20,50.0
-11,-20,50.0
-11,-20,50.0
-11,-20,50.0
-10,-20,50.0
-10,-20,50.0
-10,-20,50.0
-9,-20,50.0
-9,-20,50.0
-9,-20,50.0
-9,-19,50.0
-9,-19,50.0
-9,-19,50.0
-8,-19,50.0
-8,-19,50.0
-8,-19,50.0
-7,-19,50.0
-7,-19,50.0
-7,-19,50.0
-6,-19,50.0
-6,-19,50.0
-6,-19,50.0
-5,-19,50.0
-5,-19,50.0
-5,-19,50.0
-6,-19,50.0
-6,-19,50.0
-6,-19,82.53155613821313
-6,-18,50.0
-6,-18,50.0
-6,-18,50.0
-5,-18,58.9818253150713
-5,-18,50.0
-5,-18,63.99591193260831
-6,-18,50.0
-6,-18,50.0
-6,-18,50.0
-6,-17,60.296597420649746
-6,-17,50.0
-6,-17,50.0
-5,-17,88.98587762089467
-5,-17,50.0
-5,-17,50.0
-5,-16,50.0
-5,-16,50.0
-5,-16,50.0
-6,-16,50.0
-6,-16,50.0
-6,-16,50.0
-5,-16,50.0
-5,-16,50.0
-5,-16,50.0
-6,-16,50.0
-6,-16,50.0
-6,-16,50.0
-5,-16,69.71567817042089
-5,-16,50.0
-5,-16,50.0
-4,-16,50.0
-4,-16,50.0
-4,-16,50.0
-3,-16,85.83484950199609
-3,-16,50.0
-3,-16,92.64821873758984
-3,-15,50.0
-3,-15,62.60983809835826
-3,-15,50.0
-2,-15,50.0
-2,-15,50.0
-2,-15,50.0
-1,-15,50.0
-1,-15,50.0
-1,-15,50.0
0,-15,50.0
0,-15,50.0
0,-15,50.0
1,-15,50.0
1,-15,50.0
1,-15,50.0
2,-15,50.0
2,-15,50.0
2,-15,50.0
1,-15,50.0
1,-15,50.0
1,-15,50.0
2,-15,50.0
2,-15,50.0
2,-15,50.0
1,-15,50.0
1,-15,50.0
1,-15,50.0
0,-15,51.62973204599949
0,-15,50.0
0,-15,69.0253930714855
1,-15,50.0
1,-15,50.0
1,-15,71.68885739119119
2,-15,50.0
2,-15,50.0
2,-15,50.0
2,-16,50.0
2,-16,50.0
2,-16,50.0
3,-16,50.0
3,-16,50.0
3,-16,50.0
4,-16,50.0
4,-16,50.0
4,-16,50.0
5,-16,50.0
5,-16,50.0
5,-16,50.0
6,-16,53.9276600718623
6,-16,50.0
6,-16,50.0
6,-17,50.0
6,-17,50.0
6,-17,50.0
7,-17,50.0
7,-17,50.0
7,-17,50.0
6,-17,50.0
6,-17,50.0
6,-17,50.0
7,-17,50.0
7,-17,50.0
7,-17,50.0
7,-16,50.0
7,-16,50.0
7,-16,50.0
8,-16,50.0
8,-16,50.0
8,-16,50.0
9,-16,50.0
9,-16,50.0
9,-16,50.0
9,-15,50.0
9,-15,50.0
9,-15,50.0
10,-15,50.0
10,-15,50.0
10,-15,50.0
11,-15,50.0
11,-15,50.0
11,-15,50.0
12,-15,50.0
12,-15,50.0
12,-15,50.0
13,-15,50.0
13,-15,50.0
13,-15,50.0
14,-15,50.0
14,-15,50.0
14,-15,50.0
15,-15,50.0
15,-15,50.0
15,-15,50.0
14,-15,50.0
14,-15,50.0
14,-15,50.0
14,-14,50.0
14,-14,50.0
14,-14,50.0
15,-14,50.0
15,-14,50.0
15,-14,50.0
15,-13,50.0
15,-13,50.0
15,-13,50.0
14,-13,50.0
14,-13,73.78701332699407
14,-13,105.85395328821903
13,-13,50.0
13,-13,50.0
13,-13,50.0
14,-13,70.98821951724679
14,-13,50.0
14,-13,56.52098145214841
15,-13,50.0
15,-13,50.0
15,-13,50.0
16,-13,50.0
16,-13,50.0
16,-13,50.0
15,-13,50.0
15,-13,50.0
15,-13,50.0
16,-13,50.0
16,-13,50.0
16,-13,50.0
17,-13,50.0
17,-13,50.0
17,-13,50.0
18,-13,50.0
18,-13,50.0
18,-13,50.0
18,-12,50.0
18,-12,50.0
18,-12,50.0
19,-12,50.0
19,-12,50.0
19,-12,50.0
20,-12,50.0
20,-12,50.0
20,-12,50.0
20,-11,50.0
20,-11,50.0
20,-11,50.114439832426136
20,-10,50.0
20,-10,50.0
20,-10,50.0
20,-9,50.0
20,-9,50.0
20,-9,50.0
20,-8,50.0
20,-8,50.0
20,-8,50.0
20,-7,50.0
20,-7,50.0
20,-7,50.0
20,-8,50.0
20,-8,50.0
20,-8,50.0
20,-7,50.0
20,-7,50.0
20,-7,50.0
20,-6,50.0
20,-6,50.0
20,-6,84.9795940657037
20,-5,50.0
20,-5,50.0
20,-5,50.0
20,-6,50.0
20,-6,50.0
20,-6,51.72207871431832
20,-5,50.0
20,-5,50.0
20,-5,50.0
20,-4,50.0
20,-4,50.0
20,-4,50.0
20,-5,50.0
20,-5,50.0
20,-5,50.0
20,-4,64.86165276380973
20,-4,50.0
20,-4,50.0
20,-3,50.0
20,-3,50.0
20,-3,50.0
20,-2,50.0
20,-2,50.0
20,-2,50.0
20,-1,50.0
20,-1,50.0
20,-1,50.0
20,0,50.0
20,0,50.0
20,0,50.0
20,1,50.0
20,1,50.0
20,1,50.0
20,2,50.0
20,2,50.0
20,2,50.0
20,3,67.90011316074077
20,3,50.0
20,3,50.0
20,4,50.0
20,4,71.60843631738553
20,4,50.0
19,4,50.0
19,4,50.0
19,4,50.0
18,4,50.0
18,4,50.0
18,4,51.09086344128949
17,4,50.0
17,4,50.0
17,4,50.0
16,4,50.0
16,4,50.0
16,4,50.0
15,4,50.0
15,4,50.0
15,4,73.5509888636437
14,4,50.0
14,4,50.0
14,4,50.0
13,4,50.0
13,4,50.0
13,4,50.0
12,4,73.92366380465423
12,4,50.0
12,4,50.0
11,4,93.90545692962553
11,4,57.07812034383789
11,4,50.0
12,4,50.0
12,4,50.0
12,4,50.0
11,4,50.0
11,4,50.0
11,4,50.0
10,4,50.0
10,4,50.0
10,4,50.0
11,4,50.0
11,4,166.0651711480122
11,4,50.0
10,4,50.0
10,4,54.95195731347147
10,4,50.0
9,4,50.0
9,4,50.0
9,4,50.0
8,4,50.0
8,4,69.27314239722224
8,4,81.07621688326947
8,3,58.81510180404062
8,3,50.0
8,3,85.33041182733118
8,2,68.25048991252872
8,2,50.0
8,2,50.0
9,2,50.0
9,2,50.0
9,2,50.0
9,1,50.0
9,1,50.0
9,1,50.0
10,1,50.0
10,1,110.63590356465207
10,1,50.0
11,1,67.54662733428009
11,1,50.0
11,1,50.0
12,1,50.0
12,1,81.53953988717839
12,1,50.0
12,0,50.0
12,0,50.0
12,0,50.0
13,0,50.0
13,0,50.0
13,0,50.0
13,-1,50.0
13,-1,50.0
13,-1,50.0
14,-1,50.0
14,-1,50.0
14,-1,50.0
14,0,50.0
14,0,50.0
14,0,50.0
14,-1,50.0
14,-1,50.0
14,-1,50.0
15,-1,50.0
15,-1,50.0
15,-1,50.0
15,-2,50.0
15,-2,50.0
15,-2,50.0
16,-2,50.0
16,-2,50.0
16,-2,50.0
16,-1,50.0
16,-1,50.0
16,-1,54.11676594195555
16,-2,50.0
16,-2,50.0
16,-2,50.0
16,-3,50.0
16,-3,50.0
16,-3,50.0
16,-4,50.0
16,-4,50.0
16,-4,50.0
16,-5,50.0
16,-5,50.0
16,-5,99.17877402656457
15,-5,50.0
15,-5,50.0
15,-5,50.0
15,-6,50.0
15,-6,50.0
15,-6,50.0
15,-5,78.85229622363985
15,-5,52.13693200378705
15,-5,50.0
15,-4,50.0
15,-4,50.0
15,-4,50.0
14,-4,50.0
14,-4,50.0
14,-4,50.0
14,-3,50.0
14,-3,50.0
14,-3,50.0
13,-3,50.0
13,-3,50.0
13,-3,50.0
13,-2,50.0
13,-2,50.0
13,-2,50.0
13,-1,50.0
13,-1,50.0
13,-1,50.0
13,0,86.43132335868884
13,0,50.0
13,0,50.0
13,1,50.0
13,1,50.0
13,1,50.0
12,1,50.0
12,1,50.0
12,1,50.0
11,1,50.0
11,1,53.56257302630049
11,1,50.0
11,2,50.0
11,2,79.1295589910657
11,2,50.0
10,2,50.0
10,2,50.0
10,2,50.0
10,3,50.0
10,3,50.0
10,3,50.0
10,2,50.0
10,2,50.0
10,2,50.0
10,3,50.0
10,3,50.0
10,3,50.0
10,4,50.0
10,4,50.0
10,4,50.0
10,3,50.0
10,3,50.0
10,3,50.0
10,4,50.0
10,4,50.0
10,4,50.0
10,5,50.0
10,5,50.0
10,5,50.0
10,4,50.0
10,4,50.0
10,4,65.79040860982207
10,5,50.0
10,5,50.0
10,5,50.0
9,5,84.21674083839558
9,5,50.0
9,5,52.84739158075029
9,6,50.0
9,6,50.0
9,6,50.0
9,7,77.14911359752112
9,7,50.0
9,7,50.0
8,7,50.0
8,7,50.0
8,7,50.0
8,6,50.0
8,6,50.0
8,6,55.96044759445282
8,7,50.0
8,7,50.0
8,7,50.0
7,7,50.0
7,7,87.94235670265563
7,7,50.0
7,8,69.37935650692206
7,8,50.0
7,8,50.0
7,9,63.06106242447415
7,9,50.0
7,9,50.0
7,8,50.0
7,8,50.0
7,8,50.0
7,9,50.0
7,9,50.0
7,9,63.773757505934455
7,10,50.0
7,10,50.0
7,10,80.31334906524891
6,10,50.0
6,10,50.0
6,10,50.0
5,10,50.0
5,10,50.0
5,10,50.0
5,11,55.40555427860293
5,11,50.0
5,11,50.0
5,12,50.0
5,12,50.0
5,12,53.785172209118656
5,13,50.0
5,13,99.43787405276086
5,13,50.0
4,13,50.0
4,13,50.0
4,13,50.0
4,14,50.0
4,14,50.0
4,14,50.0
4,15,50.0
4,15,50.0
4,15,50.0
4,16,50.0
4,16,80.28405352121308
4,16,50.0
4,17,50.0
4,17,50.0
4,17,50.0
4,16,50.0
4,16,50.0
4,16,50.0
4,17,50.0
4,17,50.0
4,17,50.0
4,18,50.0
4,18,50.0
4,18,50.0
4,19,50.0
4,19,50.0
4,19,50.0
4,18,62.595737151805956
4,18,50.0
4,18,50.0
4,19,50.0
4,19,50.0
4,19,50.0
4,20,50.0
4,20,50.0
4,20,50.0
5,20,50.0
5,20,50.0
5,20,50.0
5,19,50.0
5,19,50.0
5,19,50.0
6,19,50.0
6,19,50.0
6,19,50.0
7,19,50.0
7,19,50.0
7,19,50.0
8,19,50.0
8,19,50.0
8,19,50.0
9,19,50.0
9,19,50.0
9,19,50.0
9,18,50.0
9,18,50.0
9,18,50.0
9,17,50.0
9,17,50.0
9,17,50.0
10,17,67.09878158222664
10,17,50.0
10,17,50.0
11,17,95.7116201313491
11,17,50.0
11,17,50.0
11,18,50.0
11,18,50.0
11,18,50.0
11,17,50.0
11,17,50.0
11,17,50.0
12,17,50.0
12,17,50.0
12,17,50.0
12,16,50.0
12,16,50.0
12,16,50.0
12,17,50.0
12,17,50.0
12,17,50.0
12,16,63.85339409022776
12,16,50.0
12,16,50.0
12,17,50.0
12,17,50.0
12,17,50.0
12,16,50.0
12,16,50.0
12,16,50.0
12,15,50.0
12,15,56.39381269764337
12,15,50.0
12,14,50.0
12,14,50.0
12,14,50.0
13,14,50.0
13,14,50.0
13,14,50.0
13,13,50.0
13,13,50.0
13,13,50.0
13,12,50.0
13,12,50.0
13,12,50.0
12,12,50.0
12,12,50.0
12,12,50.0
11,12,50.0
11,12,50.0
11,12,50.0
11,11,50.0
11,11,50.0
