4,19,50.0
4,19,50.0
4,18,50.0
4,18,50.0
4,18,50.0
4,17,50.0
4,17,50.0
4,17,50.0
4,16,50.0
4,16,50.0
4,16,50.0
4,15,71.5663184591014
4,15,50.0
4,15,64.54358440420349
4,16,50.0
4,16,50.0
4,16,50.0
4,15,50.0
4,15,50.0
4,15,50.0
4,14,50.0
4,14,50.0
4,14,50.0
4,13,50.0
4,13,50.0
4,13,50.0
4,12,50.0
4,12,50.0
4,12,50.0
4,11,50.0
4,11,120.35549598494013
4,11,98.15389717043786
3,11,50.0
3,11,50.0
3,11,50.0
4,11,50.0
4,11,78.60815571179172
4,11,50.0
4,10,50.0
4,10,50.0
4,10,50.0
3,10,50.0
3,10,50.0
3,10,50.0
3,9,50.0
3,9,50.0
3,9,50.0
3,10,50.0
3,10,50.0
3,10,50.0
3,9,50.0
3,9,50.0
3,9,50.0
3,10,53.50468976687517
3,10,50.0
3,10,115.89503339462973
3,9,50.0
3,9,61.330045905558705
3,9,50.0
3,8,50.0
3,8,58.41215925601411
3,8,65.49619962574428
3,7,50.0
3,7,73.55899426897105
3,7,50.0
2,7,53.34176439562023
2,7,50.0
2,7,50.0
2,8,50.0
2,8,50.0
2,8,50.0
2,7,60.841910593650134
2,7,50.0
2,7,50.0
2,6,50.0
2,6,50.0
2,6,62.206568314246496
2,5,50.0
2,5,50.0
2,5,88.18223672609895
2,4,50.0
2,4,50.0
2,4,151.1929654838688
2,3,50.0
2,3,50.0
2,3,120.77127513914625
2,2,50.0
2,2,56.360464137583214
2,2,50.0
1,2,60.02152412657205
1,2,50.0
1,2,133.43780783580706
1,1,134.9300695975702
1,1,50.0
1,1,63.5925424622959
1,0,50.0
1,0,50.0
1,0,50.0
1,-1,59.498700158041046
1,-1,74.1302494183874
1,-1,50.0
1,-2,92.58707651749901
1,-2,134.72377124714953
1,-2,78.8878231831765
0,-2,50.0
0,-2,64.81473067965106
0,-2,64.33820824359904
-1,-2,98.8776686925636
-1,-2,50.0
-1,-2,104.675885094327
-1,-3,55.44502658915597
-1,-3,92.83948088589804
-1,-3,50.0
-2,-3,50.0
-2,-3,108.11989321091357
-2,-3,64.618814201642
-2,-4,50.0
-2,-4,50.0
-2,-4,50.0
-2,-5,50.0
-2,-5,50.0
-2,-5,50.0
-3,-5,50.0
-3,-5,50.0
-3,-5,50.0
-3,-6,76.40822915133324
-3,-6,50.0
-3,-6,64.11911178039061
-3,-7,68.2791768419315
-3,-7,50.0
-3,-7,50.0
-4,-7,50.0
-4,-7,73.53630125078791
-4,-7,50.0
-4,-8,50.0
-4,-8,50.0
-4,-8,50.0
-4,-9,50.0
-4,-9,50.0
-4,-9,50.0
-4,-10,50.0
-4,-10,50.0
-4,-10,63.49269736942318
-4,-11,50.0
-4,-11,52.05460093500283
-4,-11,50.0
-4,-12,52.88128850118083
-4,-12,95.21949502806211
-4,-12,50.0
-3,-12,50.0
-3,-12,50.0
-3,-12,50.0
-2,-12,50.0
-2,-12,50.0
-2,-12,50.0
-1,-12,50.0
-1,-12,50.0
-1,-12,76.7543483831793
-1,-11,50.0
-1,-11,50.0
-1,-11,50.0
0,-11,50.0
0,-11,50.0
0,-11,50.0
1,-11,50.0
1,-11,50.0
1,-11,50.0
0,-11,50.0
0,-11,50.0
0,-11,50.0
1,-11,50.0
1,-11,65.30954476931791
1,-11,50.0
1,-12,50.0
1,-12,50.0
1,-12,50.0
2,-12,50.0
2,-12,50.0
2,-12,50.0
2,-13,50.0
2,-13,50.0
2,-13,50.0
3,-13,50.0
3,-13,50.0
3,-13,50.0
2,-13,58.606089982471026
2,-13,96.49253967705155
2,-13,50.0
2,-12,58.610622409243575
2,-12,50.0
2,-12,50.0
3,-12,50.0
3,-12,50.0
3,-12,50.0
3,-13,50.0
3,-13,52.611414175048026
3,-13,50.0
3,-12,50.0
3,-12,50.0
3,-12,50.0
4,-12,50.0
4,-12,50.0
4,-12,50.0
4,-11,50.0
4,-11,50.0
4,-11,50.0
5,-11,50.0
5,-11,50.0
5,-11,50.0
6,-11,50.0
6,-11,50.0
6,-11,103.16686854278589
6,-10,59.17486858001605
6,-10,50.0
6,-10,50.0
7,-10,50.0
7,-10,50.0
7,-10,50.0
7,-9,50.0
7,-9,50.0
7,-9,50.0
8,-9,50.0
8,-9,50.0
8,-9,50.0
8,-8,75.35828421661138
8,-8,50.0
8,-8,57.238993009909564
9,-8,50.0
9,-8,82.9762123992104
9,-8,50.0
8,-8,50.0
8,-8,50.0
8,-8,50.0
7,-8,50.0
7,-8,50.0
7,-8,50.0
7,-9,50.0
7,-9,50.0
7,-9,50.0
7,-10,54.16084089321227
7,-10,50.0
7,-10,50.0
6,-10,50.0
6,-10,65.13133045283267
6,-10,50.0
5,-10,50.0
5,-10,50.0
5,-10,50.0
4,-10,50.0
4,-10,50.0
4,-10,76.42284879676725
3,-10,50.0
3,-10,50.0
3,-10,50.0
2,-10,50.0
2,-10,50.0
2,-10,50.0
1,-10,57.65968227169674
1,-10,73.4762023231694
1,-10,50.0
0,-10,50.0
0,-10,50.0
0,-10,50.0
-1,-10,50.0
-1,-10,50.0
-1,-10,50.0
-1,-11,50.0
-1,-11,62.57943092837963
-1,-11,89.64392649390399
-2,-11,52.89437028806875
-2,-11,50.0
-2,-11,87.621386990985
-3,-11,50.0
-3,-11,52.65763451628075
-3,-11,52.05556404833953
-4,-11,83.01134510783601
-4,-11,50.0
-4,-11,50.0
-5,-11,84.09632270596249
-5,-11,50.0
-5,-11,50.0
-6,-11,50.0
-6,-11,50.0
-6,-11,50.0
-7,-11,50.0
-7,-11,50.0
-7,-11,58.301396259831606
-8,-11,50.0
-8,-11,50.0
-8,-11,50.0
-9,-11,50.0
-9,-11,93.99332016575225
-9,-11,50.0
-10,-11,50.0
-10,-11,50.0
-10,-11,65.95584488090572
-11,-11,50.0
-11,-11,50.0
-11,-11,57.77336174670356
-12,-11,50.0
-12,-11,50.0
-12,-11,50.0
-11,-11,50.0
-11,-11,50.0
-11,-11,50.0
-11,-12,50.0
-11,-12,50.0
-11,-12,50.0
-12,-12,50.0
-12,-12,50.0
-12,-12,50.0
-12,-13,50.0
-12,-13,50.0
-12,-13,50.0
-13,-13,50.0
-13,-13,50.0
-13,-13,50.0
-14,-13,50.0
-14,-13,50.0
-14,-13,50.0
-15,-13,50.0
-15,-13,50.0
-15,-13,50.0
-16,-13,50.0
-16,-13,50.0
-16,-13,50.0
-16,-14,50.0
-16,-14,50.0
-16,-14,50.0
-16,-15,50.0
-16,-15,50.0
-16,-15,50.0
-17,-15,50.0
-17,-15,50.0
-17,-15,50.0
-17,-16,50.0
-17,-16,50.0
-17,-16,50.0
-18,-16,50.0
-18,-16,50.0
-18,-16,50.0
-19,-16,50.0
-19,-16,50.0
-19,-16,50.0
-19,-17,50.0
-19,-17,50.0
-19,-17,50.0
-19,-18,50.0
-19,-18,50.0
-19,-18,50.0
-19,-19,50.0
-19,-19,50.0
-19,-19,50.0
-20,-19,50.0
-20,-19,50.0
-20,-19,50.0
-20,-20,50.0
-20,-20,50.0
-20,-20,50.0
-19,-20,50.0
-19,-20,50.0
-19,-20,50.0
-18,-20,50.0
-18,-20,50.0
-18,-20,50.0
-17,-20,50.0
-17,-20,50.0
-17,-20,50.0
-16,-20,50.0
-16,-20,50.0
-16,-20,50.0
-15,-20,50.0
-15,-20,50.0
-15,-20,50.0
-14,-20,50.0
-14,-20,50.0
-14,-20,50.0
-13,-20,50.0
-13,-20,50.0
-13,-20,50.0
-12,-20,50.0
-12,-20,50.0
-12,-20,50.0
-11,-20,50.0
-11,-20,50.0
-11,-20,50.0
-10,-20,50.0
-10,-20,50.0
-10,-20,50.0
-9,-20,55.59500057059759
-9,-20,50.0
-9,-20,50.0
-9,-19,50.0
-9,-19,50.0
-9,-19,50.0
-8,-19,50.0
-8,-19,50.0
-8,-19,50.0
-7,-19,50.0
-7,-19,50.0
-7,-19,50.0
-6,-19,50.0
-6,-19,50.0
-6,-19,50.0
-5,-19,50.0
-5,-19,50.0
-5,-19,50.0
-6,-19,50.0
-6,-19,50.0
-6,-19,50.0
-6,-18,50.0
-6,-18,50.0
-6,-18,50.0
-5,-18,50.0
-5,-18,50.0
-5,-18,50.0
-6,-18,89.15118390369034
-6,-18,50.0
-6,-18,50.0
-6,-17,50.0
-6,-17,50.0
-6,-17,50.0
-5,-17,50.0
-5,-17,50.0
-5,-17,50.0
-5,-16,50.0
-5,-16,50.0
-5,-16,50.0
-6,-16,50.0
-6,-16,50.0
-6,-16,50.0
-5,-16,50.0
-5,-16,50.0
-5,-16,50.0
-6,-16,50.0
-6,-16,50.0
-6,-16,72.86774521192993
-5,-16,50.0
-5,-16,50.0
-5,-16,50.0
-4,-16,50.0
-4,-16,50.0
-4,-16,50.0
-3,-16,50.0
-3,-16,50.0
-3,-16,50.0
-3,-15,63.792337389224194
-3,-15,50.0
-3,-15,50.0
-2,-15,51.78850983047526
-2,-15,50.0
-2,-15,101.97562765362676
-1,-15,50.0
-1,-15,50.0
-1,-15,50.0
0,-15,50.0
0,-15,50.0
0,-15,50.0
1,-15,50.0
1,-15,50.0
1,-15,50.0
2,-15,50.0
2,-15,50.0
2,-15,76.47020702301617
1,-15,50.0
1,-15,50.0
1,-15,50.0
2,-15,50.0
2,-15,50.0
2,-15,50.0
1,-15,50.0
1,-15,50.0
1,-15,50.0
0,-15,50.0
0,-15,61.828364440691445
0,-15,50.0
1,-15,50.0
1,-15,50.0
1,-15,50.0
2,-15,50.0
2,-15,50.0
2,-15,62.762035287916554
2,-16,50.0
2,-16,50.0
2,-16,50.0
3,-16,50.0
3,-16,50.0
3,-16,50.0
4,-16,50.0
4,-16,50.0
4,-16,50.0
5,-16,50.0
5,-16,50.0
5,-16,50.0
6,-16,50.0
6,-16,50.0
6,-16,67.70399310326849
6,-17,50.0
6,-17,50.0
6,-17,50.0
7,-17,50.0
7,-17,50.0
7,-17,50.0
6,-17,50.0
6,-17,50.0
6,-17,50.0
7,-17,50.0
7,-17,50.0
7,-17,50.0
7,-16,50.0
7,-16,79.02371537040766
7,-16,50.0
8,-16,50.0
8,-16,50.0
8,-16,50.0
9,-16,50.0
9,-16,50.0
9,-16,50.0
9,-15,50.0
9,-15,50.0
9,-15,50.0
10,-15,50.0
10,-15,50.0
10,-15,51.978478567151264
11,-15,50.0
11,-15,50.0
11,-15,50.0
12,-15,50.0
12,-15,50.0
12,-15,50.0
13,-15,50.0
13,-15,50.0
13,-15,50.0
14,-15,50.0
14,-15,50.0
14,-15,50.0
15,-15,50.0
15,-15,50.0
15,-15,50.0
14,-15,50.0
14,-15,50.0
14,-15,50.0
14,-14,50.0
14,-14,50.0
14,-14,50.0
15,-14,50.0
15,-14,50.0
15,-14,50.0
15,-13,50.0
15,-13,50.0
15,-13,50.0
14,-13,50.0
14,-13,50.0
14,-13,50.0
13,-13,50.0
13,-13,50.0
13,-13,50.0
14,-13,50.0
14,-13,50.0
14,-13,50.0
15,-13,50.0
15,-13,50.0
15,-13,50.0
16,-13,50.0
16,-13,50.0
16,-13,50.0
15,-13,50.0
15,-13,50.0
15,-13,50.0
16,-13,50.0
16,-13,50.0
16,-13,50.0
17,-13,50.0
17,-13,50.0
17,-13,50.0
18,-13,50.0
18,-13,50.0
18,-13,50.0
18,-12,50.0
18,-12,50.0
18,-12,50.0
19,-12,50.0
19,-12,50.0
19,-12,50.0
20,-12,50.0
20,-12,50.0
20,-12,50.0
20,-11,50.0
20,-11,50.0
20,-11,50.0
20,-10,50.0
20,-10,50.0
20,-10,50.0
20,-9,50.0
20,-9,50.0
20,-9,50.0
20,-8,50.0
20,-8,50.0
20,-8,50.0
20,-7,50.0
20,-7,50.0
20,-7,50.0
20,-8,50.0
20,-8,50.0
20,-8,50.0
20,-7,50.0
20,-7,50.0
20,-7,50.0
20,-6,50.0
20,-6,50.0
20,-6,50.0
20,-5,50.0
20,-5,50.0
20,-5,50.0
20,-6,50.0
20,-6,50.0
20,-6,50.0
20,-5,50.0
20,-5,50.0
20,-5,50.0
20,-4,50.0
20,-4,50.0
20,-4,50.0
20,-5,50.0
20,-5,50.0
20,-5,50.0
20,-4,50.0
20,-4,50.0
20,-4,50.0
20,-3,50.0
20,-3,50.0
20,-3,50.0
20,-2,50.0
20,-2,50.0
20,-2,50.0
20,-1,50.0
20,-1,50.0
20,-1,50.0
20,0,50.0
20,0,50.0
20,0,50.0
20,1,50.0
20,1,50.0
20,1,50.0
20,2,50.0
20,2,50.0
20,2,50.0
20,3,50.0
20,3,50.0
20,3,50.0
20,4,50.0
20,4,50.0
20,4,50.0
19,4,50.0
19,4,50.0
19,4,50.0
18,4,50.0
18,4,50.0
18,4,50.0
17,4,50.0
17,4,50.0
17,4,50.0
16,4,50.0
16,4,50.0
16,4,50.0
15,4,50.0
15,4,50.0
15,4,50.0
14,4,50.0
14,4,50.0
14,4,50.0
13,4,50.0
13,4,50.0
13,4,50.0
12,4,50.0
12,4,50.681222550041674
12,4,50.0
11,4,50.0
11,4,50.0
11,4,50.0
12,4,50.0
12,4,50.0
12,4,50.0
11,4,50.0
11,4,50.0
11,4,50.0
10,4,50.0
10,4,50.0
10,4,74.51316257920372
11,4,50.0
11,4,50.0
11,4,50.0
10,4,58.02203415961008
10,4,50.0
10,4,65.21717587352518
9,4,50.0
9,4,52.57248299770172
9,4,50.0
8,4,50.0
8,4,50.0
8,4,50.0
8,3,50.0
8,3,50.0
8,3,50.0
8,2,50.0
8,2,50.0
8,2,50.0
9,2,109.54267796182435
9,2,50.0
9,2,50.868866449446294
9,1,50.0
9,1,50.0
9,1,50.0
10,1,124.83661542579456
10,1,50.0
10,1,50.0
11,1,50.0
11,1,50.0
11,1,50.0
12,1,50.0
12,1,50.0
12,1,54.92985276340589
12,0,50.0
12,0,50.0
12,0,66.47128562681208
13,0,55.27354336696688
13,0,50.0
13,0,50.0
13,-1,50.0
13,-1,50.0
13,-1,58.786498901873415
14,-1,50.0
14,-1,50.0
14,-1,50.0
14,0,50.0
14,0,50.0
14,0,50.0
14,-1,50.0
14,-1,50.0
14,-1,50.0
15,-1,50.0
15,-1,50.0
15,-1,50.0
15,-2,50.0
15,-2,50.0
15,-2,111.22192626140334
16,-2,50.0
16,-2,50.0
16,-2,50.0
16,-1,50.0
16,-1,50.0
16,-1,50.0
16,-2,50.0
16,-2,50.0
16,-2,50.0
16,-3,50.0
16,-3,50.0
16,-3,50.0
16,-4,50.0
16,-4,50.0
16,-4,50.0
16,-5,50.0
16,-5,50.0
16,-5,50.0
15,-5,50.0
15,-5,50.0
15,-5,50.0
15,-6,50.0
15,-6,50.0
15,-6,50.0
15,-5,50.0
15,-5,84.69814538221574
15,-5,50.0
15,-4,50.0
15,-4,50.0
15,-4,50.0
14,-4,50.0
14,-4,50.0
14,-4,50.0
14,-3,50.0
14,-3,50.0
14,-3,50.0
13,-3,58.26708143467886
13,-3,50.0
13,-3,50.0
13,-2,50.0
13,-2,50.0
13,-2,50.0
13,-1,50.0
13,-1,50.0
13,-1,50.0
13,0,50.0
13,0,50.0
13,0,50.0
13,1,50.0
13,1,50.0
13,1,50.0
12,1,111.88512476497712
12,1,50.0
12,1,50.0
11,1,75.96614483629492
11,1,50.0
11,1,50.0
11,2,50.0
11,2,50.0
11,2,50.0
10,2,50.0
10,2,71.57139073372869
10,2,50.0
10,3,100.76730926092151
10,3,50.0
10,3,50.0
10,2,68.21993255174631
10,2,50.0
10,2,50.0
10,3,50.0
10,3,50.0
10,3,50.0
10,4,50.0
10,4,50.0
10,4,50.0
10,3,50.0
10,3,50.0
10,3,50.0
10,4,50.0
10,4,50.0
10,4,50.0
10,5,50.0
10,5,50.0
10,5,50.0
10,4,50.0
10,4,136.37945132149508
10,4,112.59988820490582
10,5,50.0
10,5,71.65914591195383
10,5,50.0
9,5,50.0
9,5,50.0
9,5,50.0
9,6,55.35490859391821
9,6,60.07858656319648
9,6,50.0
9,7,50.0
9,7,50.0
9,7,50.0
8,7,50.0
8,7,50.0
8,7,50.0
8,6,50.0
8,6,50.0
8,6,50.0
8,7,80.0442022410854
8,7,50.0
8,7,50.0
7,7,51.603945947426865
7,7,63.50281166425877
7,7,50.0
7,8,50.0
7,8,50.0
7,8,50.0
7,9,50.0
7,9,53.918718416664746
7,9,76.45475683558664
7,8,50.0
7,8,50.0
7,8,50.0
7,9,50.0
7,9,50.0
7,9,50.0
7,10,50.0
7,10,65.32547514801794
7,10,60.62715411250473
6,10,50.0
6,10,50.0
6,10,50.0
5,10,64.03095755697372
5,10,50.0
5,10,50.0
5,11,65.41020811806956
5,11,71.60201388684982
5,11,50.0
5,12,50.0
5,12,92.8097295782428
5,12,50.0
5,13,50.0
5,13,50.0
5,13,50.0
4,13,50.0
4,13,50.0
4,13,123.83091045636297
4,14,50.0
4,14,50.0
4,14,50.0
4,15,50.0
4,15,50.0
4,15,50.0
4,16,50.0
4,16,50.0
4,16,50.0
4,17,50.0
4,17,59.87639842301074
4,17,50.0
4,16,50.0
4,16,50.0
4,16,50.0
4,17,50.0
4,17,50.0
4,17,50.0
4,18,50.0
4,18,50.0
4,18,50.0
4,19,50.0
4,19,50.0
4,19,50.0
4,18,50.0
4,18,50.0
4,18,50.0
4,19,50.0
4,19,50.0
4,19,50.0
4,20,50.0
4,20,50.0
4,20,50.0
5,20,50.0
5,20,50.0
5,20,50.0
5,19,50.0
5,19,50.0
5,19,50.0
6,19,50.0
6,19,50.0
6,19,50.0
7,19,50.0
7,19,75.41372027532508
7,19,50.0
8,19,50.0
8,19,50.0
8,19,50.0
9,19,50.0
9,19,50.0
9,19,50.0
9,18,50.0
9,18,50.0
9,18,50.0
9,17,50.0
9,17,50.0
9,17,50.0
10,17,50.0
10,17,50.0
10,17,50.0
11,17,50.0
11,17,50.0
11,17,50.0
11,18,50.0
11,18,50.0
11,18,50.0
11,17,50.0
11,17,50.0
11,17,50.0
12,17,50.0
12,17,50.0
12,17,50.0
12,16,50.0
12,16,50.0
12,16,50.0
12,17,50.0
12,17,50.0
12,17,50.0
12,16,50.0
12,16,50.0
12,16,86.52447540378193
12,17,50.0
12,17,50.0
12,17,50.0
12,16,50.0
12,16,50.0
12,16,50.0
12,15,50.0
12,15,50.0
12,15,50.0
12,14,50.0
12,14,50.0
12,14,50.0
13,14,74.55404510382482
13,14,50.0
13,14,50.0
13,13,50.0
13,13,50.0
13,13,50.0
13,12,50.0
13,12,50.0
13,12,50.0
12,12,50.0
12,12,50.0
12,12,50.0
11,12,50.0
11,12,50.0
11,12,50.0
11,11,50.0
11,11,50.0
