4,19,50.0
4,19,50.0
4,18,50.0
4,18,50.0
4,18,50.0
4,17,50.0
4,17,50.0
4,17,50.0
4,16,50.0
4,16,54.537786781910015
4,16,50.0
4,15,50.0
4,15,50.0
4,15,50.0
4,16,50.0
4,16,50.0
4,16,50.0
4,15,50.0
4,15,50.0
4,15,50.0
4,14,50.0
4,14,50.0
4,14,50.0
4,13,50.0
4,13,50.0
4,13,50.0
4,12,50.0
4,12,50.0
4,12,92.29071996251162
4,11,50.0
4,11,50.0
4,11,50.0
3,11,50.0
3,11,68.18481178272556
3,11,50.0
4,11,50.0
4,11,50.0
4,11,52.90384163256084
4,10,50.0
4,10,50.0
4,10,50.0
3,10,93.07838133081756
3,10,50.0
3,10,50.0
3,9,50.0
3,9,82.46749341560744
3,9,50.0
3,10,68.67099206371697
3,10,50.0
3,10,50.0
3,9,50.0
3,9,52.701059561076136
3,9,50.0
3,10,50.0
3,10,78.2155607594704
3,10,50.0
3,9,55.712834494109565
3,9,59.733432359795636
3,9,50.0
3,8,50.0
3,8,50.0
3,8,50.0
3,7,50.0
3,7,61.64991344917482
3,7,50.0
2,7,50.0
2,7,50.0
2,7,63.98596109161448
2,8,50.0
2,8,50.0
2,8,50.0
2,7,50.0
2,7,50.0
2,7,58.79817396270266
2,6,50.0
2,6,50.0
2,6,80.56564898502828
2,5,50.0
2,5,50.0
2,5,50.0
2,4,94.5175026607314
2,4,50.0
2,4,92.05489363966213
2,3,50.0
2,3,62.40268079014005
2,3,50.0
2,2,50.0
2,2,50.0
2,2,57.82987482731726
1,2,73.62901504264009
1,2,50.0
1,2,62.53253537418975
1,1,50.0
1,1,59.52600398498298
1,1,74.38753706822938
1,0,50.0
1,0,50.0
1,0,73.54793693401612
1,-1,50.0
1,-1,52.072057568441636
1,-1,50.0
1,-2,85.69056416005124
1,-2,50.0
1,-2,50.0
0,-2,54.33433528207536
0,-2,50.0
0,-2,102.66916813284246
-1,-2,77.0120334880384
-1,-2,50.0
-1,-2,50.0
-1,-3,51.53973928495366
-1,-3,50.0
-1,-3,134.66678437223777
-2,-3,50.0
-2,-3,76.96647920259252
-2,-3,50.0
-2,-4,56.087320126732294
-2,-4,50.0
-2,-4,50.0
-2,-5,54.619261480020825
-2,-5,50.0
-2,-5,50.0
-3,-5,50.0
-3,-5,50.0
-3,-5,89.95589257738771
-3,-6,50.0
-3,-6,50.0
-3,-6,50.0
-3,-7,70.95406832611523
-3,-7,58.55886626332768
-3,-7,50.0
-4,-7,59.77768340805992
-4,-7,59.037792234411754
-4,-7,50.0
-4,-8,79.43293863147288
-4,-8,50.0
-4,-8,85.38640822473452
-4,-9,50.0
-4,-9,50.0
-4,-9,50.0
-4,-10,61.70122236849723
-4,-10,50.0
-4,-10,50.0
-4,-11,102.35043558227494
-4,-11,50.0
-4,-11,50.0
-4,-12,50.0
-4,-12,67.07900396503241
-4,-12,50.0
-3,-12,66.7659034750389
-3,-12,85.11441536692013
-3,-12,50.0
-2,-12,50.0
-2,-12,50.0
-2,-12,50.0
-1,-12,50.0
-1,-12,50.0
-1,-12,76.00864492045103
-1,-11,50.0
-1,-11,50.0
-1,-11,50.0
0,-11,50.0
0,-11,50.0
0,-11,50.0
1,-11,105.51068515660464
1,-11,73.8107659223251
1,-11,50.0
0,-11,54.89085487696664
0,-11,50.0
0,-11,50.0
1,-11,50.0
1,-11,50.0
1,-11,50.0
1,-12,50.0
1,-12,50.0
1,-12,50.0
2,-12,50.0
2,-12,50.0
2,-12,77.58853010241029
2,-13,50.0
2,-13,50.0
2,-13,50.0
3,-13,50.0
3,-13,85.48744145396536
3,-13,50.0
2,-13,104.9997666306559
2,-13,50.0
2,-13,50.0
2,-12,54.8924574285104
2,-12,50.0
2,-12,50.0
3,-12,55.035877026963945
3,-12,59.24255297905427
3,-12,78.11217425678689
3,-13,50.0
3,-13,50.0
3,-13,50.0
3,-12,50.0
3,-12,50.05324224702708
3,-12,50.0
4,-12,50.72478037739447
4,-12,50.0
4,-12,50.0
4,-11,50.0
4,-11,50.0
4,-11,50.0
5,-11,52.76732825244562
5,-11,50.0
5,-11,50.0
6,-11,50.0
6,-11,50.0
6,-11,50.0
6,-10,50.0
6,-10,50.0
6,-10,50.0
7,-10,50.0
7,-10,50.0
7,-10,50.0
7,-9,50.0
7,-9,50.0
7,-9,50.0
8,-9,50.0
8,-9,50.0
8,-9,50.0
8,-8,95.2128186870774
8,-8,101.96300847470431
8,-8,50.0
9,-8,50.0
9,-8,50.0
9,-8,50.0
8,-8,50.0
8,-8,50.0
8,-8,60.22680536564391
7,-8,50.0
7,-8,50.0
7,-8,50.0
7,-9,50.0
7,-9,50.0
7,-9,50.0
7,-10,50.0
7,-10,50.0
7,-10,50.0
6,-10,82.60819416780902
6,-10,90.06669960351286
6,-10,50.0
5,-10,61.717303531433416
5,-10,50.0
5,-10,50.0
4,-10,50.0
4,-10,50.0
4,-10,50.0
3,-10,50.0
3,-10,50.0
3,-10,50.0
2,-10,50.0
2,-10,50.0
2,-10,50.0
1,-10,50.0
1,-10,76.61737808447216
1,-10,50.0
0,-10,50.0
0,-10,50.0
0,-10,50.0
-1,-10,50.0
-1,-10,72.10678616242586
-1,-10,50.0
-1,-11,70.69921264971487
-1,-11,50.0
-1,-11,96.17161547450176
-2,-11,50.0
-2,-11,50.0
-2,-11,50.0
-3,-11,50.0
-3,-11,50.0
-3,-11,68.94814785551476
-4,-11,50.0
-4,-11,50.0
-4,-11,50.0
-5,-11,50.0
-5,-11,50.0
-5,-11,50.0
-6,-11,70.25769844256682
-6,-11,50.0
-6,-11,50.0
-7,-11,50.0
-7,-11,71.4246095425269
-7,-11,56.26868724151516
-8,-11,50.0
-8,-11,50.0
-8,-11,73.0604266809913
-9,-11,50.0
-9,-11,50.0
-9,-11,50.0
-10,-11,50.0
-10,-11,50.0
-10,-11,50.0
-11,-11,50.0
-11,-11,50.0
-11,-11,50.0
-12,-11,50.0
-12,-11,50.0
-12,-11,50.0
-11,-11,95.91109483639515
-11,-11,50.0
-11,-11,50.0
-11,-12,50.0
-11,-12,50.0
-11,-12,64.42489945365156
-12,-12,50.0
-12,-12,50.0
-12,-12,50.0
-12,-13,50.0
-12,-13,50.0
-12,-13,50.0
-13,-13,50.0
-13,-13,50.0
-13,-13,50.0
-14,-13,50.0
-14,-13,50.0
-14,-13,50.0
-15,-13,50.0
-15,-13,50.0
-15,-13,50.0
-16,-13,50.0
-16,-13,50.0
-16,-13,50.0
-16,-14,50.0
-16,-14,50.0
-16,-14,50.0
-16,-15,50.0
-16,-15,50.0
-16,-15,50.0
-17,-15,50.0
-17,-15,50.0
-17,-15,50.0
-17,-16,50.0
-17,-16,50.0
-17,-16,50.0
-18,-16,50.0
-18,-16,50.0
-18,-16,50.0
-19,-16,50.0
-19,-16,50.0
-19,-16,50.0
-19,-17,50.0
-19,-17,50.0
-19,-17,50.0
-19,-18,50.0
-19,-18,50.0
-19,-18,50.0
-19,-19,50.0
-19,-19,50.0
-19,-19,50.0
-20,-19,50.0
-20,-19,50.0
-20,-19,50.66673393519473
-20,-20,50.0
-20,-20,50.0
-20,-20,50.0
-19,-20,50.0
-19,-20,50.0
-19,-20,50.0
-18,-20,50.0
-18,-20,50.0
-18,-20,50.0
-17,-20,50.0
-17,-20,50.0
-17,-20,50.0
-16,-20,50.0
-16,-20,50.0
-16,-20,50.0
-15,-20,50.0
-15,-20,50.0
-15,-20,50.0
-14,-20,50.0
-14,-20,50.0
-14,-20,50.0
-13,-20,50.0
-13,-20,50.0
-13,-20,50.0
-12,-20,50.0
-12,-20,50.0
-12,-20,50.0
-11,-20,81.03005084301233
-11,-20,50.0
-11,-20,50.0
-10,-20,50.0
-10,-20,50.0
-10,-20,50.0
-9,-20,50.0
-9,-20,50.0
-9,-20,50.0
-9,-19,50.0
-9,-19,50.0
-9,-19,50.0
-8,-19,50.0
-8,-19,50.0
-8,-19,50.0
-7,-19,50.0
-7,-19,50.0
-7,-19,50.0
-6,-19,50.0
-6,-19,50.0
-6,-19,50.0
-5,-19,50.0
-5,-19,50.0
-5,-19,50.0
-6,-19,50.0
-6,-19,50.0
-6,-19,50.0
-6,-18,50.0
-6,-18,50.0
-6,-18,50.0
-5,-18,50.0
-5,-18,50.39746935294466
-5,-18,50.0
-6,-18,50.0
-6,-18,50.0
-6,-18,50.0
-6,-17,50.0
-6,-17,50.0
-6,-17,50.0
-5,-17,50.0
-5,-17,50.0
-5,-17,50.0
-5,-16,50.0
-5,-16,50.0
-5,-16,50.0
-6,-16,50.0
-6,-16,50.0
-6,-16,50.0
-5,-16,50.0
-5,-16,50.0
-5,-16,50.0
-6,-16,50.0
-6,-16,50.0
-6,-16,50.0
-5,-16,50.0
-5,-16,63.79005680468801
-5,-16,50.0
-4,-16,50.0
-4,-16,53.41512781817325
-4,-16,50.0
-3,-16,50.0
-3,-16,50.0
-3,-16,50.0
-3,-15,98.24154971109542
-3,-15,52.26767487781312
-3,-15,50.0
-2,-15,50.0
-2,-15,67.18366308728446
-2,-15,50.0
-1,-15,52.054997848486316
-1,-15,50.0
-1,-15,50.0
0,-15,50.0
0,-15,50.0
0,-15,50.0
1,-15,50.0
1,-15,87.2383656538743
1,-15,61.10241068801395
2,-15,50.0
2,-15,50.0
2,-15,50.0
1,-15,50.0
1,-15,50.0
1,-15,50.0
2,-15,50.0
2,-15,50.0
2,-15,50.0
1,-15,50.0
1,-15,50.0
1,-15,50.0
0,-15,50.0
0,-15,50.0
0,-15,50.0
1,-15,50.0
1,-15,50.0
1,-15,50.0
2,-15,50.0
2,-15,50.0
2,-15,50.0
2,-16,50.0
2,-16,50.0
2,-16,50.0
3,-16,50.0
3,-16,50.0
3,-16,50.0
4,-16,50.0
4,-16,93.09985802101785
4,-16,50.0
5,-16,50.0
5,-16,50.0
5,-16,50.0
6,-16,50.0
6,-16,50.0
6,-16,50.0
6,-17,50.0
6,-17,50.0
6,-17,50.0
7,-17,50.0
7,-17,50.0
7,-17,50.0
6,-17,50.0
6,-17,50.0
6,-17,50.0
7,-17,50.0
7,-17,50.0
7,-17,50.0
7,-16,50.0
7,-16,50.0
7,-16,50.0
8,-16,50.0
8,-16,50.0
8,-16,50.0
9,-16,50.0
9,-16,50.0
9,-16,117.72731869937691
9,-15,50.0
9,-15,50.0
9,-15,50.0
10,-15,50.0
10,-15,50.0
10,-15,50.0
11,-15,50.0
11,-15,50.0
11,-15,50.0
12,-15,50.0
12,-15,50.0
12,-15,50.0
13,-15,50.0
13,-15,50.0
13,-15,50.0
14,-15,50.0
14,-15,50.0
14,-15,50.0
15,-15,50.0
15,-15,50.0
15,-15,50.0
14,-15,50.0
14,-15,50.0
14,-15,50.0
14,-14,50.0
14,-14,50.0
14,-14,50.0
15,-14,50.0
15,-14,50.0
15,-14,50.0
15,-13,50.0
15,-13,50.0
15,-13,50.0
14,-13,50.0
14,-13,50.0
14,-13,50.0
13,-13,50.0
13,-13,50.0
13,-13,50.0
14,-13,50.0
14,-13,50.0
14,-13,50.0
15,-13,50.0
15,-13,50.0
15,-13,50.0
16,-13,50.0
16,-13,50.0
16,-13,72.88461208886254
15,-13,50.0
15,-13,50.0
15,-13,50.0
16,-13,50.0
16,-13,50.0
16,-13,50.0
17,-13,50.0
17,-13,50.0
17,-13,50.0
18,-13,50.0
18,-13,50.0
18,-13,50.0
18,-12,50.0
18,-12,50.0
18,-12,50.0
19,-12,50.0
19,-12,50.0
19,-12,50.0
20,-12,50.0
20,-12,50.0
20,-12,50.0
20,-11,50.0
20,-11,50.0
20,-11,50.0
20,-10,50.0
20,-10,50.0
20,-10,50.0
20,-9,50.0
20,-9,50.0
20,-9,50.0
20,-8,50.0
20,-8,50.0
20,-8,60.48072010429228
20,-7,50.0
20,-7,50.0
20,-7,52.31459303430172
20,-8,50.0
20,-8,50.0
20,-8,50.0
20,-7,50.0
20,-7,50.0
20,-7,50.0
20,-6,50.0
20,-6,50.0
20,-6,50.0
20,-5,50.0
20,-5,50.0
20,-5,50.0
20,-6,50.0
20,-6,50.0
20,-6,50.0
20,-5,50.0
20,-5,50.0
20,-5,50.0
20,-4,50.0
20,-4,50.0
20,-4,50.0
20,-5,50.0
20,-5,50.0
20,-5,50.0
20,-4,50.0
20,-4,50.0
20,-4,50.0
20,-3,50.0
20,-3,50.0
20,-3,50.0
20,-2,50.0
20,-2,50.0
20,-2,50.0
20,-1,50.0
20,-1,50.0
20,-1,50.0
20,0,50.0
20,0,50.0
20,0,50.0
20,1,50.0
20,1,50.0
20,1,50.0
20,2,50.0
20,2,50.0
20,2,50.0
20,3,50.0
20,3,50.0
20,3,50.0
20,4,50.0
20,4,50.0
20,4,50.0
19,4,50.0
19,4,71.55005221766325
19,4,132.7458260670073
18,4,50.0
18,4,50.0
18,4,50.0
17,4,50.0
17,4,50.0
17,4,50.0
16,4,50.0
16,4,50.0
16,4,50.0
15,4,50.0
15,4,50.0
15,4,50.0
14,4,50.0
14,4,50.0
14,4,50.0
13,4,50.0
13,4,50.0
13,4,50.0
12,4,50.0
12,4,50.0
12,4,50.0
11,4,57.04267717329115
11,4,50.0
11,4,50.0
12,4,50.0
12,4,50.0
12,4,50.0
11,4,50.0
11,4,50.0
11,4,50.0
10,4,50.0
10,4,50.0
10,4,84.3843725579235
11,4,97.56236434993296
11,4,50.0
11,4,50.0
10,4,50.0
10,4,50.0
10,4,50.0
9,4,50.0
9,4,50.0
9,4,50.0
8,4,63.748055888689095
8,4,50.0
8,4,50.0
8,3,50.0
8,3,97.70020410502939
8,3,50.0
8,2,51.13976958754083
8,2,103.4843503760938
8,2,50.0
9,2,50.0
9,2,50.0
9,2,50.0
9,1,51.44896237350879
9,1,50.0
9,1,50.0
10,1,50.0
10,1,50.0
10,1,50.0
11,1,50.0
11,1,50.0
11,1,50.0
12,1,50.0
12,1,59.78050088345297
12,1,50.0
12,0,50.0
12,0,50.0
12,0,50.0
13,0,50.0
13,0,50.0
13,0,50.0
13,-1,50.0
13,-1,50.0
13,-1,50.0
14,-1,50.0
14,-1,50.0
14,-1,69.2799415204131
14,0,50.0
14,0,50.0
14,0,50.0
14,-1,50.0
14,-1,50.0
14,-1,50.0
15,-1,50.0
15,-1,50.0
15,-1,50.0
15,-2,50.0
15,-2,50.0
15,-2,50.0
16,-2,50.0
16,-2,50.0
16,-2,50.0
16,-1,56.290698883579765
16,-1,50.0
16,-1,50.0
16,-2,50.0
16,-2,50.0
16,-2,50.0
16,-3,50.0
16,-3,50.0
16,-3,50.0
16,-4,50.0
16,-4,58.04647681095767
16,-4,50.0
16,-5,50.0
16,-5,50.0
16,-5,50.0
15,-5,50.0
15,-5,50.0
15,-5,50.0
15,-6,50.0
15,-6,50.0
15,-6,50.0
15,-5,50.0
15,-5,50.0
15,-5,50.0
15,-4,50.0
15,-4,50.0
15,-4,50.0
14,-4,50.0
14,-4,50.0
14,-4,50.0
14,-3,50.0
14,-3,50.0
14,-3,50.0
13,-3,56.37410145606917
13,-3,50.0
13,-3,50.0
13,-2,50.0
13,-2,60.924469847993635
13,-2,50.0
13,-1,50.0
13,-1,50.0
13,-1,50.0
13,0,50.0
13,0,50.0
13,0,50.0
13,1,50.0
13,1,53.33563543734595
13,1,50.0
12,1,50.0
12,1,50.0
12,1,50.0
11,1,50.0
11,1,50.0
11,1,50.0
11,2,50.0
11,2,50.0
11,2,50.0
10,2,50.0
10,2,50.0
10,2,50.0
10,3,50.0
10,3,50.0
10,3,50.0
10,2,50.0
10,2,50.0
10,2,50.0
10,3,50.0
10,3,50.0
10,3,100.79887604798162
10,4,50.0
10,4,111.49871187310778
10,4,50.0
10,3,50.0
10,3,50.0
10,3,50.0
10,4,50.0
10,4,50.0
10,4,51.12399420419106
10,5,50.0
10,5,108.01588683565475
10,5,50.0
10,4,50.0
10,4,65.36866386424053
10,4,82.43063055863723
10,5,65.49352958632461
10,5,50.0
10,5,50.0
9,5,50.0
9,5,50.0
9,5,50.0
9,6,62.26823729454841
9,6,50.0
9,6,50.0
9,7,50.0
9,7,50.0
9,7,50.0
8,7,50.0
8,7,50.0
8,7,50.0
8,6,50.0
8,6,50.0
8,6,50.0
8,7,50.0
8,7,105.90913040941302
8,7,60.571248820373796
7,7,50.0
7,7,50.0
7,7,50.0
7,8,50.0
7,8,100.9491402527679
7,8,64.80252610703995
7,9,50.0
7,9,50.0
7,9,50.0
7,8,50.0
7,8,50.0
7,8,50.0
7,9,50.0
7,9,53.055752812601334
7,9,83.34773993859139
7,10,50.0
7,10,50.0
7,10,50.0
6,10,50.0
6,10,50.0
6,10,59.846209898962336
5,10,50.0
5,10,64.09692736314011
5,10,50.0
5,11,69.14868365960103
5,11,96.85574657736015
5,11,50.0
5,12,50.0
5,12,50.0
5,12,50.0
5,13,50.0
5,13,84.0932985649913
5,13,73.73609649356209
4,13,50.0
4,13,50.0
4,13,50.0
4,14,50.0
4,14,50.0
4,14,50.0
4,15,50.0767858217247
4,15,116.35555472391191
4,15,50.0
4,16,50.0
4,16,50.0
4,16,50.0
4,17,50.0
4,17,50.0
4,17,50.0
4,16,50.0
4,16,50.0
4,16,50.0
4,17,50.0
4,17,50.0
4,17,50.0
4,18,50.0
4,18,50.0
4,18,50.0
4,19,50.0
4,19,50.0
4,19,50.0
4,18,50.0
4,18,50.0
4,18,50.0
4,19,50.0
4,19,50.0
4,19,50.0
4,20,50.0
4,20,50.0
4,20,50.0
5,20,50.0
5,20,50.0
5,20,50.0
5,19,53.69478082811716
5,19,50.0
5,19,50.0
6,19,50.0
6,19,50.0
6,19,50.0
7,19,50.0
7,19,50.0
7,19,50.0
8,19,50.0
8,19,50.0
8,19,50.0
9,19,50.0
9,19,50.0
9,19,50.0
9,18,50.0
9,18,50.0
9,18,63.205854215327236
9,17,50.0
9,17,50.0
9,17,50.0
10,17,50.0
10,17,50.0
10,17,50.0
11,17,50.0
11,17,50.0
11,17,50.0
11,18,74.40233673861047
11,18,50.0
11,18,50.0
11,17,50.0
11,17,50.0
11,17,50.0
12,17,50.0
12,17,50.0
12,17,50.0
12,16,50.0
12,16,50.0
12,16,56.15521978408826
12,17,50.0
12,17,50.0
12,17,50.0
12,16,50.0
12,16,50.0
12,16,50.0
12,17,50.0
12,17,50.0
12,17,50.0
12,16,50.0
12,16,50.0
12,16,50.0
12,15,50.0
12,15,50.0
12,15,50.0
12,14,50.0
12,14,50.0
12,14,50.0
13,14,50.0
13,14,50.0
13,14,50.0
13,13,50.0
13,13,53.03702919794885
13,13,50.0
13,12,50.0
13,12,50.0
13,12,50.0
12,12,50.0
12,12,50.0
12,12,50.0
11,12,50.0
11,12,50.0
11,12,50.0
11,11,50.0
11,11,50.0
