4,19,50.0
4,19,50.0
4,18,50.0
4,18,50.0
4,18,50.0
4,17,50.0
4,17,50.0
4,17,50.0
4,16,50.0
4,16,50.0
4,16,50.0
4,15,50.0
4,15,71.41547522324804
4,15,50.0
4,16,50.0
4,16,50.0
4,16,50.0
4,15,59.537676526900704
4,15,50.0
4,15,50.0
4,14,50.0
4,14,50.0
4,14,50.0
4,13,117.87400494315312
4,13,50.0
4,13,50.0
4,12,50.0
4,12,50.0
4,12,93.38500617536482
4,11,50.0
4,11,50.0
4,11,50.0
3,11,61.698740641410474
3,11,69.01457699841784
3,11,50.0
4,11,54.09166025745127
4,11,73.10344496556446
4,11,50.0
4,10,54.34988307429332
4,10,50.0
4,10,50.0
3,10,50.0
3,10,56.39990701477419
3,10,64.9168564502786
3,9,50.0
3,9,50.0
3,9,50.0
3,10,50.0
3,10,50.0
3,10,50.0
3,9,50.0
3,9,50.0
3,9,50.30168848067236
3,10,68.13878893081204
3,10,68.4294878981288
3,10,129.3962054405061
3,9,50.0
3,9,50.0
3,9,50.0
3,8,50.35931313064107
3,8,50.25053623289498
3,8,50.0
3,7,52.47222577121314
3,7,100.68520225902625
3,7,50.0
2,7,50.0
2,7,50.0
2,7,50.0
2,8,69.23333058885886
2,8,50.0
2,8,50.0
2,7,50.0
2,7,50.0
2,7,67.77183728820997
2,6,57.59175116703896
2,6,50.0
2,6,66.95363213376375
2,5,50.0
2,5,50.0
2,5,100.03825079793819
2,4,50.0
2,4,69.30161626019196
2,4,50.0
2,3,50.0
2,3,50.0
2,3,50.0
2,2,50.82071470960912
2,2,50.0
2,2,137.931771080629
1,2,50.0
1,2,50.0
1,2,142.52049232905938
1,1,50.0
1,1,109.29327463148864
1,1,50.0
1,0,110.7248260458428
1,0,50.0
1,0,50.0
1,-1,143.31657732961722
1,-1,73.71498772431616
1,-1,84.50741138887426
1,-2,50.0
1,-2,98.73978084226135
1,-2,50.0
0,-2,52.050259218206904
0,-2,50.0
0,-2,50.0
-1,-2,50.0
-1,-2,50.0
-1,-2,50.0
-1,-3,50.0
-1,-3,50.0
-1,-3,104.95570084902504
-2,-3,77.0590401970608
-2,-3,50.0
-2,-3,50.0
-2,-4,50.0
-2,-4,50.0
-2,-4,50.0
-2,-5,50.0
-2,-5,76.1381651228111
-2,-5,50.0
-3,-5,50.0
-3,-5,50.0
-3,-5,50.0
-3,-6,50.0
-3,-6,50.0
-3,-6,50.0
-3,-7,50.0
-3,-7,50.0
-3,-7,50.0
-4,-7,50.0
-4,-7,50.0
-4,-7,50.0
-4,-8,50.0
-4,-8,82.2868989407564
-4,-8,116.92128596688255
-4,-9,50.0
-4,-9,92.08047011729741
-4,-9,50.0
-4,-10,66.25352352976459
-4,-10,50.0
-4,-10,50.0
-4,-11,50.0
-4,-11,53.45036972549102
-4,-11,50.0
-4,-12,50.0
-4,-12,50.0
-4,-12,50.0
-3,-12,50.0
-3,-12,50.0
-3,-12,50.0
-2,-12,98.74743145996621
-2,-12,50.0
-2,-12,50.0
-1,-12,50.0
-1,-12,50.0
-1,-12,50.0
-1,-11,90.38784691435288
-1,-11,60.12369825348646
-1,-11,50.0
0,-11,50.0
0,-11,50.0
0,-11,50.0
1,-11,50.0
1,-11,50.0
1,-11,50.0
0,-11,50.0
0,-11,50.0
0,-11,50.0
1,-11,50.0
1,-11,50.0
1,-11,80.30831664360498
1,-12,50.0
1,-12,50.0
1,-12,50.0
2,-12,91.55296720774652
2,-12,50.0
2,-12,50.0
2,-13,50.0
2,-13,50.0
2,-13,50.0
3,-13,50.0
3,-13,50.0
3,-13,95.35658687465876
2,-13,69.88544598010114
2,-13,50.0
2,-13,50.0
2,-12,50.0
2,-12,50.0
2,-12,50.0
3,-12,50.0
3,-12,50.0
3,-12,54.70046493637157
3,-13,50.0
3,-13,50.0
3,-13,50.0
3,-12,50.0
3,-12,50.0
3,-12,50.0
4,-12,50.0
4,-12,50.0
4,-12,50.0
4,-11,50.0
4,-11,65.60061203575596
4,-11,55.350800921822916
5,-11,50.0
5,-11,50.0
5,-11,50.0
6,-11,50.0
6,-11,50.0
6,-11,50.0
6,-10,146.77808449884162
6,-10,50.0
6,-10,50.0
7,-10,65.75438485668145
7,-10,59.4872276149472
7,-10,69.29533798210973
7,-9,50.0
7,-9,68.67138674227772
7,-9,50.0
8,-9,50.0
8,-9,50.0
8,-9,50.0
8,-8,50.0
8,-8,80.7194433200092
8,-8,50.0
9,-8,50.0
9,-8,50.0
9,-8,50.0
8,-8,50.0
8,-8,69.29274863838926
8,-8,50.0
7,-8,50.0
7,-8,116.9863943824751
7,-8,50.0
7,-9,50.0
7,-9,50.0
7,-9,50.0
7,-10,50.0
7,-10,50.0
7,-10,50.0
6,-10,50.0
6,-10,50.0
6,-10,50.0
5,-10,50.0
5,-10,50.0
5,-10,50.0
4,-10,50.0
4,-10,53.16858258015206
4,-10,50.0
3,-10,50.0
3,-10,50.0
3,-10,50.0
2,-10,50.0
2,-10,77.32058323087253
2,-10,50.0
1,-10,52.96084540386943
1,-10,50.0
1,-10,50.0
0,-10,50.0
0,-10,50.0
0,-10,50.0
-1,-10,126.44110444403749
-1,-10,50.0
-1,-10,75.42427435658888
-1,-11,60.563410753561485
-1,-11,52.72681475145036
-1,-11,50.0
-2,-11,56.035983188150034
-2,-11,50.0
-2,-11,65.99416580855126
-3,-11,50.0
-3,-11,50.0
-3,-11,50.0
-4,-11,50.0
-4,-11,77.8729615108004
-4,-11,50.0
-5,-11,50.0
-5,-11,50.0
-5,-11,50.0
-6,-11,50.0
-6,-11,50.0
-6,-11,50.0
-7,-11,50.0
-7,-11,50.0
-7,-11,50.0
-8,-11,50.0
-8,-11,50.0
-8,-11,102.01585160590493
-9,-11,50.0
-9,-11,50.0
-9,-11,50.0
-10,-11,50.0
-10,-11,50.0
-10,-11,50.0
-11,-11,50.0
-11,-11,118.51045679562313
-11,-11,50.0
-12,-11,50.0
-12,-11,50.0
-12,-11,50.0
-11,-11,50.0
-11,-11,50.0
-11,-11,65.68103346931653
-11,-12,50.0
-11,-12,50.0
-11,-12,50.0
-12,-12,50.0
-12,-12,50.0
-12,-12,50.0
-12,-13,50.0
-12,-13,50.0
-12,-13,50.0
-13,-13,50.0
-13,-13,50.0
-13,-13,50.0
-14,-13,50.0
-14,-13,50.0
-14,-13,50.0
-15,-13,50.0
-15,-13,50.0
-15,-13,50.0
-16,-13,50.0
-16,-13,50.0
-16,-13,50.0
-16,-14,63.12257640472688
-16,-14,50.0
-16,-14,50.0
-16,-15,50.0
-16,-15,50.0
-16,-15,50.0
-17,-15,50.0
-17,-15,50.0
-17,-15,50.0
-17,-16,50.0
-17,-16,50.0
-17,-16,50.0
-18,-16,50.0
-18,-16,50.0
-18,-16,50.0
-19,-16,50.0
-19,-16,56.0925697636268
-19,-16,50.0
-19,-17,50.0
-19,-17,50.0
-19,-17,50.0
-19,-18,50.0
-19,-18,50.0
-19,-18,50.0
-19,-19,50.0
-19,-19,50.0
-19,-19,50.0
-20,-19,50.0
-20,-19,50.0
-20,-19,50.0
-20,-20,50.0
-20,-20,50.0
-20,-20,50.0
-19,-20,50.0
-19,-20,50.0
-19,-20,50.0
-18,-20,50.0
-18,-20,50.0
-18,-20,50.0
-17,-20,50.0
-17,-20,50.0
-17,-20,50.0
-16,-20,50.0
-16,-20,50.0
-16,-20,50.970437365422384
-15,-20,50.0
-15,-20,50.0
-15,-20,50.0
-14,-20,50.0
-14,-20,50.0
-14,-20,50.0
-13,-20,50.0
-13,-20,50.0
-13,-20,50.0
-12,-20,50.0
-12,-20,50.0
-12,-20,85.26431530171746
-11,-20,50.0
-11,-20,50.0
-11,-20,50.0
-10,-20,50.0
-10,-20,50.0
-10,-20,50.0
-9,-20,50.0
-9,-20,50.0
-9,-20,50.0
-9,-19,50.0
-9,-19,50.0
-9,-19,50.0
-8,-19,50.0
-8,-19,50.0
-8,-19,50.0
-7,-19,50.0
-7,-19,50.0
-7,-19,50.0
-6,-19,50.0
-6,-19,50.0
-6,-19,50.0
-5,-19,50.0
-5,-19,50.0
-5,-19,50.0
-6,-19,50.0
-6,-19,50.0
-6,-19,50.0
-6,-18,50.0
-6,-18,50.0
-6,-18,50.0
-5,-18,50.0
-5,-18,50.0
-5,-18,60.01682990820908
-6,-18,50.0
-6,-18,50.0
-6,-18,50.0
-6,-17,50.0
-6,-17,50.0
-6,-17,50.0
-5,-17,50.0
-5,-17,50.0
-5,-17,50.0
-5,-16,50.0
-5,-16,50.0
-5,-16,50.0
-6,-16,50.0
-6,-16,50.0
-6,-16,50.0
-5,-16,50.0
-5,-16,50.0
-5,-16,50.0
-6,-16,50.0
-6,-16,50.0
-6,-16,50.0
-5,-16,50.0
-5,-16,50.0
-5,-16,50.0
-4,-16,50.0
-4,-16,50.0
-4,-16,50.0
-3,-16,99.1573837235309
-3,-16,50.0
-3,-16,50.0
-3,-15,50.0
-3,-15,50.0
-3,-15,50.0
-2,-15,50.0
-2,-15,50.0
-2,-15,50.0
-1,-15,50.0
-1,-15,50.0
-1,-15,50.0
0,-15,50.0
0,-15,50.0
0,-15,50.0
1,-15,50.0
1,-15,50.0
1,-15,50.0
2,-15,50.0
2,-15,50.0
2,-15,50.0
1,-15,50.0
1,-15,50.0
1,-15,50.0
2,-15,50.0
2,-15,50.0
2,-15,50.0
1,-15,50.0
1,-15,50.0
1,-15,50.89511710944983
0,-15,50.0
0,-15,50.0
0,-15,50.0
1,-15,50.0
1,-15,53.736717357282345
1,-15,50.0
2,-15,50.0
2,-15,50.0
2,-15,50.0
2,-16,50.0
2,-16,50.0
2,-16,50.0
3,-16,50.0
3,-16,50.0
3,-16,50.0
4,-16,50.0
4,-16,50.0
4,-16,50.0
5,-16,50.0
5,-16,50.0
5,-16,50.0
6,-16,50.0
6,-16,50.0
6,-16,50.0
6,-17,50.0
6,-17,50.0
6,-17,50.0
7,-17,50.0
7,-17,50.0
7,-17,50.0
6,-17,50.0
6,-17,50.0
6,-17,50.0
7,-17,72.87202181348576
7,-17,50.0
7,-17,50.0
7,-16,50.0
7,-16,71.92537881430835
7,-16,65.72158612699056
8,-16,50.0
8,-16,50.0
8,-16,50.0
9,-16,50.0
9,-16,50.0
9,-16,50.0
9,-15,50.0
9,-15,50.0
9,-15,50.0
10,-15,50.0
10,-15,50.0
10,-15,50.0
11,-15,56.89810613264186
11,-15,50.0
11,-15,50.62771893625556
12,-15,50.0
12,-15,50.0
12,-15,50.0
13,-15,50.0
13,-15,50.0
13,-15,50.0
14,-15,50.0
14,-15,50.0
14,-15,50.0
15,-15,50.0
15,-15,50.0
15,-15,50.0
14,-15,50.0
14,-15,50.0
14,-15,50.0
14,-14,50.0
14,-14,50.0
14,-14,50.0
15,-14,50.0
15,-14,50.0
15,-14,50.0
15,-13,50.0
15,-13,50.0
15,-13,50.0
14,-13,50.0
14,-13,50.0
14,-13,50.0
13,-13,50.0
13,-13,50.0
13,-13,50.0
14,-13,50.0
14,-13,54.600879122913376
14,-13,50.0
15,-13,50.0
15,-13,50.0
15,-13,50.0
16,-13,50.0
16,-13,50.0
16,-13,50.0
15,-13,50.0
15,-13,50.0
15,-13,50.0
16,-13,50.0
16,-13,79.03288013356489
16,-13,50.0
17,-13,50.0
17,-13,50.0
17,-13,50.0
18,-13,50.0
18,-13,50.0
18,-13,50.0
18,-12,50.0
18,-12,50.0
18,-12,50.0
19,-12,50.0
19,-12,50.0
19,-12,50.0
20,-12,50.0
20,-12,50.0
20,-12,50.0
20,-11,50.0
20,-11,50.0
20,-11,50.0
20,-10,50.0
20,-10,50.0
20,-10,50.0
20,-9,50.0
20,-9,50.0
20,-9,50.0
20,-8,50.0
20,-8,50.0
20,-8,50.0
20,-7,50.0
20,-7,50.0
20,-7,50.0
20,-8,50.0
20,-8,50.0
20,-8,50.0
20,-7,50.0
20,-7,50.0
20,-7,50.0
20,-6,64.84655468363844
20,-6,50.0
20,-6,50.0
20,-5,50.0
20,-5,50.0
20,-5,50.0
20,-6,50.0
20,-6,50.0
20,-6,50.0
20,-5,50.0
20,-5,50.0
20,-5,50.0
20,-4,50.0
20,-4,50.0
20,-4,50.0
20,-5,50.0
20,-5,50.0
20,-5,54.09276596542101
20,-4,50.0
20,-4,50.0
20,-4,50.0
20,-3,50.0
20,-3,50.0
20,-3,50.0
20,-2,50.0
20,-2,50.0
20,-2,50.0
20,-1,50.0
20,-1,50.0
20,-1,50.0
20,0,50.0
20,0,50.0
20,0,50.0
20,1,50.0
20,1,50.0
20,1,50.0
20,2,50.0
20,2,50.0
20,2,50.0
20,3,50.0
20,3,50.0
20,3,50.0
20,4,50.0
20,4,50.0
20,4,50.0
19,4,50.0
19,4,50.0
19,4,50.0
18,4,50.0
18,4,50.0
18,4,50.0
17,4,50.0
17,4,50.0
17,4,50.0
16,4,50.0
16,4,50.0
16,4,50.0
15,4,50.0
15,4,73.04040462071609
15,4,50.0
14,4,50.0
14,4,54.163591985869495
14,4,50.0
13,4,50.0
13,4,50.0
13,4,50.0
12,4,50.0
12,4,50.0
12,4,50.0
11,4,50.0
11,4,50.0
11,4,50.0
12,4,50.0
12,4,90.37397900034648
12,4,57.39618362021497
11,4,61.879267662434856
11,4,50.0
11,4,50.0
10,4,50.0
10,4,50.0
10,4,50.0
11,4,50.0
11,4,50.0
11,4,86.53074077826957
10,4,50.0
10,4,87.03472121360913
10,4,50.0
9,4,104.88436426792744
9,4,50.0
9,4,50.0
8,4,117.56060415994199
8,4,50.0
8,4,50.0
8,3,75.13145878250852
8,3,50.0
8,3,50.0
8,2,50.0
8,2,50.0
8,2,50.0
9,2,53.44033719009094
9,2,91.37724831262148
9,2,50.59978362712298
9,1,50.0
9,1,61.281039183346735
9,1,100.94195813159723
10,1,71.04105529526512
10,1,50.0
10,1,50.0
11,1,50.0
11,1,50.0
11,1,54.97054620458311
12,1,67.52608976817861
12,1,50.0
12,1,50.0
12,0,50.0
12,0,50.0
12,0,50.0
13,0,114.23511515267124
13,0,50.0
13,0,50.0
13,-1,50.0
13,-1,50.0
13,-1,50.0
14,-1,50.0
14,-1,50.0
14,-1,50.0
14,0,50.0
14,0,50.0
14,0,50.0
14,-1,118.67353487637568
14,-1,50.0
14,-1,50.0
15,-1,50.0
15,-1,50.0
15,-1,50.0
15,-2,50.0
15,-2,50.0
15,-2,50.0
16,-2,50.0
16,-2,50.0
16,-2,50.0
16,-1,50.0
16,-1,50.0
16,-1,50.0
16,-2,50.0
16,-2,50.0
16,-2,53.04146536948183
16,-3,50.0
16,-3,50.0
16,-3,50.0
16,-4,50.0
16,-4,54.120363610722045
16,-4,50.0
16,-5,50.0
16,-5,50.0
16,-5,50.0
15,-5,50.0
15,-5,50.0
15,-5,50.0
15,-6,50.0
15,-6,50.0
15,-6,50.0
15,-5,50.0
15,-5,50.0
15,-5,50.0
15,-4,50.0
15,-4,50.0
15,-4,50.0
14,-4,50.0
14,-4,50.0
14,-4,50.0
14,-3,50.0
14,-3,50.0
14,-3,50.0
13,-3,50.0
13,-3,50.0
13,-3,50.0
13,-2,50.0
13,-2,50.0
13,-2,50.0
13,-1,50.0
13,-1,50.0
13,-1,50.0
13,0,50.0
13,0,99.39294487258711
13,0,50.0
13,1,50.0
13,1,50.0
13,1,50.0
12,1,50.0
12,1,50.0
12,1,50.0
11,1,50.0
11,1,60.98662851614467
11,1,50.0
11,2,54.185648431435155
11,2,50.0
11,2,50.0
10,2,50.0
10,2,67.84780656031269
10,2,50.0
10,3,50.0
10,3,50.0
10,3,50.0
10,2,50.0
10,2,50.0
10,2,54.349140200122704
10,3,50.0
10,3,50.0
10,3,50.0
10,4,50.0
10,4,50.0
10,4,50.0
10,3,50.0
10,3,50.0
10,3,117.83333605471604
10,4,50.73635079910642
10,4,50.0
10,4,96.63980079546951
10,5,104.44792730379368
10,5,75.00641659201705
10,5,50.36580894450463
10,4,50.0
10,4,50.0
10,4,50.0
10,5,50.62748297995438
10,5,92.45220767741027
10,5,53.66105289197765
9,5,50.0
9,5,50.0
9,5,50.0
9,6,99.64081993109664
9,6,51.08631659331948
9,6,50.0
9,7,50.0
9,7,50.0
9,7,50.0
8,7,50.0
8,7,50.0
8,7,96.01667840251191
8,6,50.0
8,6,106.70027400725883
8,6,50.0
8,7,50.0
8,7,50.0
8,7,159.9411824939223
7,7,50.0
7,7,69.10509639965208
7,7,50.0
7,8,50.0
7,8,50.0
7,8,50.0
7,9,50.0
7,9,50.0
7,9,84.45613158262518
7,8,50.0
7,8,50.0
7,8,68.18345535083557
7,9,50.0
7,9,50.0
7,9,50.0
7,10,50.0
7,10,50.0
7,10,50.0
6,10,50.0
6,10,50.0
6,10,50.0
5,10,50.0
5,10,82.24980189332278
5,10,50.0
5,11,50.0
5,11,52.384354468647025
5,11,50.0
5,12,50.0
5,12,50.0
5,12,50.0
5,13,50.0
5,13,50.0
5,13,50.0
4,13,50.0
4,13,50.0
4,13,50.0
4,14,50.0
4,14,50.0
4,14,81.35059555154339
4,15,50.0
4,15,50.0
4,15,50.0
4,16,50.0
4,16,50.0
4,16,50.0
4,17,55.02015390527848
4,17,50.0
4,17,50.0
4,16,50.0
4,16,50.0
4,16,50.0
4,17,56.48456742350334
4,17,50.0
4,17,50.0
4,18,66.93360320785126
4,18,50.0
4,18,50.0
4,19,50.0
4,19,79.83040783439215
4,19,50.0
4,18,50.0
4,18,88.30689001198861
4,18,50.0
4,19,50.0
4,19,50.0
4,19,50.0
4,20,50.0
4,20,53.8831275106659
4,20,50.0
5,20,50.0
5,20,50.0
5,20,50.0
5,19,50.0
5,19,50.0
5,19,50.0
6,19,50.0
6,19,50.0
6,19,50.0
7,19,50.0
7,19,50.0
7,19,50.0
8,19,50.0
8,19,50.0
8,19,50.0
9,19,50.0
9,19,50.0
9,19,50.0
9,18,50.0
9,18,50.0
9,18,50.0
9,17,50.0
9,17,50.0
9,17,50.0
10,17,50.0
10,17,50.0
10,17,50.0
11,17,50.0
11,17,50.0
11,17,92.7305039889848
11,18,50.0
11,18,50.0
11,18,50.0
11,17,50.0
11,17,50.0
11,17,50.0
12,17,50.0
12,17,50.0
12,17,50.0
12,16,50.0
12,16,50.0
12,16,50.0
12,17,50.0
12,17,50.0
12,17,50.0
12,16,50.0
12,16,50.0
12,16,50.0
12,17,50.0
12,17,50.0
12,17,50.0
12,16,50.0
12,16,50.0
12,16,50.0
12,15,50.0
12,15,50.0
12,15,50.0
12,14,50.0
12,14,50.0
12,14,50.0
13,14,50.0
13,14,50.0
13,14,50.0
13,13,50.0
13,13,50.0
13,13,50.0
13,12,50.0
13,12,50.0
13,12,50.0
12,12,50.0
12,12,50.0
12,12,50.0
11,12,50.0
11,12,50.0
11,12,50.0
11,11,50.0
11,11,50.0
