4,19,100.0
4,18,100.0
4,18,100.0
4,17,100.0
4,17,100.0
4,16,100.0
4,16,100.0
4,15,100.0
4,15,100.0
4,16,100.0
4,16,100.0
4,15,100.0
4,15,100.0
4,14,100.0
4,14,160.2803531927775
4,13,100.0
4,13,100.0
4,12,100.0
4,12,100.0
4,11,100.0
4,11,100.0
3,11,109.82475169378648
3,11,132.8466002851672
4,11,100.0
4,11,100.0
4,10,100.0
4,10,100.0
3,10,105.42696957645335
3,10,109.36738319810551
3,9,100.0
3,9,100.0
3,10,100.0
3,10,100.0
3,9,248.29356832376175
3,9,100.0
3,10,100.0
3,10,100.0
3,9,122.31626701344936
3,9,104.96240904334418
3,8,230.28752463976593
3,8,100.0
3,7,100.0
3,7,115.00295544204442
2,7,100.0
2,7,100.0
2,8,100.0
2,8,100.0
2,7,100.0
2,7,100.0
2,6,100.0
2,6,100.0
2,5,190.03389799404084
2,5,100.0
2,4,100.0
2,4,100.0
2,3,100.0
2,3,100.0
2,2,100.0
2,2,102.79488303477548
1,2,100.0
1,2,100.0
1,1,105.73720408088845
1,1,239.99033274644893
1,0,125.6101154940575
1,0,101.93465443047774
1,-1,145.39373768825644
1,-1,247.73747127748152
1,-2,100.0
1,-2,163.6649958805483
0,-2,100.0
0,-2,100.0
-1,-2,100.0
-1,-2,100.0
-1,-3,136.36426184761842
-1,-3,100.0
-2,-3,102.07917407796256
-2,-3,100.0
-2,-4,185.88151286609883
-2,-4,100.0
-2,-5,100.0
-2,-5,100.0
-3,-5,116.49510173992589
-3,-5,100.0
-3,-6,121.1564692952501
-3,-6,100.0
-3,-7,204.87434452156992
-3,-7,100.0
-4,-7,100.0
-4,-7,100.0
-4,-8,230.67581386109146
-4,-8,100.0
-4,-9,100.0
-4,-9,100.0
-4,-10,100.0
-4,-10,108.25618535388702
-4,-11,100.0
-4,-11,100.0
-4,-12,100.0
-4,-12,100.0
-3,-12,100.0
-3,-12,100.0
-2,-12,100.0
-2,-12,100.0
-1,-12,100.0
-1,-12,148.46592401433085
-1,-11,180.07574044505043
-1,-11,100.0
0,-11,100.0
0,-11,100.0
1,-11,100.0
1,-11,100.0
0,-11,100.0
0,-11,131.3951796349586
1,-11,100.0
1,-11,112.5835698961027
1,-12,100.0
1,-12,100.0
2,-12,118.86831031225194
2,-12,100.0
2,-13,100.0
2,-13,100.0
3,-13,100.0
3,-13,100.0
2,-13,100.0
2,-13,100.0
2,-12,100.0
2,-12,100.0
3,-12,100.0
3,-12,100.0
3,-13,100.0
3,-13,100.0
3,-12,105.63262720014293
3,-12,100.0
4,-12,100.0
4,-12,100.0
4,-11,100.0
4,-11,100.0
5,-11,100.0
5,-11,100.0
6,-11,100.0
6,-11,100.0
6,-10,100.0
6,-10,100.0
7,-10,100.0
7,-10,100.0
7,-9,127.10468470243009
7,-9,148.20731901329384
8,-9,130.05485934542432
8,-9,149.15384822002636
8,-8,100.0
8,-8,100.0
9,-8,100.0
9,-8,100.0
8,-8,100.0
8,-8,100.0
7,-8,100.0
7,-8,100.0
7,-9,100.0
7,-9,100.0
7,-10,153.29062169927712
7,-10,100.0
6,-10,137.1076954137891
6,-10,100.0
5,-10,100.0
5,-10,238.66008211715302
4,-10,100.0
4,-10,104.14272984460084
3,-10,100.0
3,-10,100.0
2,-10,100.0
2,-10,125.54491121118716
1,-10,132.87059449339588
1,-10,122.57008274063128
0,-10,178.0553934198372
0,-10,100.0
-1,-10,100.0
-1,-10,100.0
-1,-11,100.0
-1,-11,100.0
-2,-11,100.0
-2,-11,100.0
-3,-11,100.0
-3,-11,100.0
-4,-11,117.48805193993672
-4,-11,100.0
-5,-11,100.0
-5,-11,100.0
-6,-11,142.5987731004631
-6,-11,112.48033534904407
-7,-11,100.0
-7,-11,100.0
-8,-11,100.0
-8,-11,100.0
-9,-11,100.0
-9,-11,100.0
-10,-11,100.0
-10,-11,100.0
-11,-11,100.0
-11,-11,100.0
-12,-11,105.98098500486444
-12,-11,100.0
-11,-11,100.0
-11,-11,100.0
-11,-12,100.0
-11,-12,100.0
-12,-12,100.0
-12,-12,100.0
-12,-13,100.0
-12,-13,100.0
-13,-13,100.0
-13,-13,100.0
-14,-13,100.0
-14,-13,100.0
-15,-13,100.0
-15,-13,100.0
-16,-13,100.0
-16,-13,100.0
-16,-14,100.0
-16,-14,100.0
-16,-15,100.0
-16,-15,100.0
-17,-15,100.0
-17,-15,100.0
-17,-16,100.0
-17,-16,100.0
-18,-16,100.0
-18,-16,100.0
-19,-16,100.0
-19,-16,100.0
-19,-17,100.0
-19,-17,100.0
-19,-18,100.0
-19,-18,100.0
-19,-19,100.0
-19,-19,100.0
-20,-19,100.0
-20,-19,100.0
-20,-20,100.0
-20,-20,100.0
-19,-20,100.0
-19,-20,100.0
-18,-20,100.0
-18,-20,100.0
-17,-20,100.0
-17,-20,100.0
-16,-20,100.0
-16,-20,100.0
-15,-20,100.0
-15,-20,100.0
-14,-20,100.0
-14,-20,103.64396300965966
-13,-20,100.0
-13,-20,100.0
-12,-20,100.0
-12,-20,100.0
-11,-20,100.0
-11,-20,100.0
-10,-20,100.0
-10,-20,100.0
-9,-20,100.0
-9,-20,100.0
-9,-19,100.0
-9,-19,100.0
-8,-19,100.0
-8,-19,100.0
-7,-19,100.0
-7,-19,100.0
-6,-19,100.0
-6,-19,100.0
-5,-19,100.0
-5,-19,100.0
-6,-19,100.0
-6,-19,100.0
-6,-18,100.0
-6,-18,100.0
-5,-18,115.02280486760866
-5,-18,100.0
-6,-18,100.0
-6,-18,100.0
-6,-17,100.0
-6,-17,100.0
-5,-17,100.0
-5,-17,100.0
-5,-16,100.0
-5,-16,100.0
-6,-16,100.0
-6,-16,100.0
-5,-16,100.0
-5,-16,100.0
-6,-16,100.0
-6,-16,100.0
-5,-16,100.0
-5,-16,100.0
-4,-16,100.0
-4,-16,100.0
-3,-16,100.0
-3,-16,100.0
-3,-15,100.0
-3,-15,100.0
-2,-15,100.0
-2,-15,100.0
-1,-15,100.0
-1,-15,100.0
0,-15,129.29714900581246
0,-15,100.0
1,-15,100.0
1,-15,100.0
2,-15,100.0
2,-15,100.0
1,-15,100.0
1,-15,100.0
2,-15,100.0
2,-15,100.0
1,-15,100.0
1,-15,100.0
0,-15,100.0
0,-15,100.0
1,-15,108.82380819594326
1,-15,100.0
2,-15,100.0
2,-15,100.0
2,-16,100.0
2,-16,100.0
3,-16,100.0
3,-16,100.0
4,-16,100.0
4,-16,100.0
5,-16,103.01029401263816
5,-16,100.0
6,-16,100.0
6,-16,100.0
6,-17,100.0
6,-17,131.09696381517801
7,-17,100.0
7,-17,100.0
6,-17,100.0
6,-17,100.0
7,-17,101.8848210088457
7,-17,100.0
7,-16,100.0
7,-16,100.0
8,-16,100.0
8,-16,100.0
9,-16,100.0
9,-16,100.0
9,-15,100.0
9,-15,100.0
10,-15,100.0
10,-15,100.0
11,-15,100.0
11,-15,100.0
12,-15,100.0
12,-15,100.0
13,-15,100.0
13,-15,130.09545219218745
14,-15,100.0
14,-15,100.0
15,-15,100.0
15,-15,100.0
14,-15,100.0
14,-15,100.0
14,-14,100.0
14,-14,100.0
15,-14,100.0
15,-14,100.0
15,-13,100.0
15,-13,100.0
14,-13,100.0
14,-13,100.0
13,-13,100.0
13,-13,100.0
14,-13,100.0
14,-13,100.0
15,-13,100.0
15,-13,100.0
16,-13,100.0
16,-13,100.0
15,-13,100.0
15,-13,100.0
16,-13,100.0
16,-13,100.0
17,-13,100.0
17,-13,100.0
18,-13,100.0
18,-13,100.0
18,-12,100.0
18,-12,100.0
19,-12,100.0
19,-12,100.0
20,-12,100.0
20,-12,100.0
20,-11,100.0
20,-11,100.0
20,-10,100.0
20,-10,100.0
20,-9,100.0
20,-9,100.0
20,-8,100.0
20,-8,100.0
20,-7,100.0
20,-7,100.0
20,-8,100.0
20,-8,100.0
20,-7,100.0
20,-7,100.0
20,-6,100.0
20,-6,100.0
20,-5,100.0
20,-5,100.0
20,-6,100.0
20,-6,100.0
20,-5,100.0
20,-5,100.0
20,-4,100.0
20,-4,100.0
20,-5,100.0
20,-5,100.49180331759545
20,-4,100.0
20,-4,100.0
20,-3,100.0
20,-3,100.0
20,-2,100.0
20,-2,100.0
20,-1,100.0
20,-1,100.0
20,0,100.0
20,0,100.0
20,1,100.0
20,1,100.0
20,2,100.0
20,2,100.0
20,3,100.0
20,3,100.0
20,4,100.0
20,4,100.0
19,4,100.0
19,4,100.0
18,4,100.0
18,4,100.0
17,4,100.0
17,4,100.0
16,4,100.0
16,4,100.0
15,4,182.48318043375508
15,4,121.25616549988612
14,4,100.0
14,4,100.0
13,4,100.0
13,4,100.0
12,4,100.0
12,4,137.01121361077313
11,4,100.0
11,4,100.0
12,4,100.0
12,4,100.0
11,4,100.0
11,4,100.0
10,4,100.0
10,4,162.85898976964464
11,4,100.0
11,4,100.0
10,4,100.0
10,4,146.77977061562945
9,4,100.0
9,4,100.0
8,4,122.85712460870953
8,4,100.0
8,3,100.0
8,3,100.0
8,2,100.0
8,2,166.42723886804998
9,2,131.4444889975232
9,2,100.0
9,1,100.0
9,1,100.0
10,1,100.0
10,1,100.0
11,1,100.0
11,1,125.63392677272239
12,1,100.0
12,1,100.0
12,0,100.0
12,0,100.0
13,0,100.0
13,0,100.0
13,-1,151.27589569932982
13,-1,100.0
14,-1,100.0
14,-1,100.0
14,0,100.0
14,0,140.0888304106817
14,-1,100.0
14,-1,100.0
15,-1,100.0
15,-1,100.0
15,-2,100.0
15,-2,100.0
16,-2,100.0
16,-2,100.0
16,-1,100.0
