4,19,50.0
4,19,50.0
4,18,50.0
4,18,74.40252489357925
4,18,50.0
4,17,50.0
4,17,50.0
4,17,50.0
4,16,58.18621744715604
4,16,50.0
4,16,50.0
4,15,50.0
4,15,50.0
4,15,50.0
4,16,50.0
4,16,50.0
4,16,50.0
4,15,50.0
4,15,50.0
4,15,50.0
4,14,50.0
4,14,50.0
4,14,50.0
4,13,50.0
4,13,50.0
4,13,50.0
4,12,101.65875239547407
4,12,50.0
4,12,50.0
4,11,50.0
4,11,50.0
4,11,50.0
3,11,136.19429356572496
3,11,50.0
3,11,50.0
4,11,50.0
4,11,50.0
4,11,50.0
4,10,50.0
4,10,50.0
4,10,50.0
3,10,50.0
3,10,50.0
3,10,50.0
3,9,74.70869384321904
3,9,121.5836334268239
3,9,61.03687426256076
3,10,50.0
3,10,62.96185764173666
3,10,50.0
3,9,50.0
3,9,50.0
3,9,50.0
3,10,50.0
3,10,90.42376065556594
3,10,68.60724185158854
3,9,50.0
3,9,50.0
3,9,50.0
3,8,50.0
3,8,50.0
3,8,50.0
3,7,50.0
3,7,50.0
3,7,50.0
2,7,50.0
2,7,68.34893649867169
2,7,83.11632807121934
2,8,55.66597748382317
2,8,96.40228162005502
2,8,55.25768380534452
2,7,96.01869925224368
2,7,50.0
2,7,50.0
2,6,50.0
2,6,90.51503386110446
2,6,50.0
2,5,50.0
2,5,50.0
2,5,50.0
2,4,60.1010297232954
2,4,50.0
2,4,61.85197529940275
2,3,50.0
2,3,50.0
2,3,50.0
2,2,50.0
2,2,50.0
2,2,51.98256907667596
1,2,50.0
1,2,50.0
1,2,51.87738288995774
1,1,99.69130631846453
1,1,50.0
1,1,50.0
1,0,127.85834345860883
1,0,80.97690230418276
1,0,59.76902611550013
1,-1,79.17120472191435
1,-1,50.0
1,-1,50.0
1,-2,50.0
1,-2,50.0
1,-2,50.0
0,-2,50.0
0,-2,50.0
0,-2,50.0
-1,-2,75.47213419873147
-1,-2,50.0
-1,-2,91.16944460951964
-1,-3,50.0
-1,-3,50.0
-1,-3,50.0
-2,-3,55.55677296729
-2,-3,67.33996955295754
-2,-3,55.94306106044161
-2,-4,50.0
-2,-4,50.0
-2,-4,50.0
-2,-5,50.0
-2,-5,50.0
-2,-5,83.49835453658187
-3,-5,50.0
-3,-5,132.59101828050552
-3,-5,56.17398037051177
-3,-6,64.11910969270862
-3,-6,50.0
-3,-6,50.0
-3,-7,50.0
-3,-7,53.715867749295384
-3,-7,50.0
-4,-7,50.0
-4,-7,85.21068368482536
-4,-7,50.0
-4,-8,50.0
-4,-8,91.92312133518014
-4,-8,50.0
-4,-9,50.0
-4,-9,50.0
-4,-9,50.0
-4,-10,50.0
-4,-10,50.0
-4,-10,50.0
-4,-11,50.0
-4,-11,58.65971700017046
-4,-11,104.30007926520096
-4,-12,50.0
-4,-12,50.0
-4,-12,50.0
-3,-12,50.0
-3,-12,50.0
-3,-12,50.0
-2,-12,50.0
-2,-12,50.0
-2,-12,50.0
-1,-12,50.0
-1,-12,50.0
-1,-12,50.0
-1,-11,50.0
-1,-11,50.0
-1,-11,50.0
0,-11,50.0
0,-11,50.0
0,-11,50.0
1,-11,50.0
1,-11,50.0
1,-11,50.0
0,-11,95.75182237463758
0,-11,50.0
0,-11,50.0
1,-11,50.0
1,-11,50.0
1,-11,57.984907020289015
1,-12,50.0
1,-12,50.0
1,-12,50.0
2,-12,50.0
2,-12,50.0
2,-12,52.17762839896359
2,-13,50.0
2,-13,50.0
2,-13,50.0
3,-13,50.0
3,-13,86.91746996471853
3,-13,50.0
2,-13,50.0
2,-13,50.0
2,-13,50.0
2,-12,50.0
2,-12,50.0
2,-12,50.0
3,-12,50.0
3,-12,50.0
3,-12,50.0
3,-13,50.0
3,-13,50.0
3,-13,50.0
3,-12,50.0
3,-12,51.61961513512574
3,-12,77.60421753335103
4,-12,51.524966709086314
4,-12,50.0
4,-12,50.0
4,-11,50.0
4,-11,50.0
4,-11,50.0
5,-11,50.0
5,-11,50.0
5,-11,50.0
6,-11,64.03560806601384
6,-11,50.0
6,-11,83.67495824389991
6,-10,50.0
6,-10,50.0
6,-10,50.0
7,-10,50.0
7,-10,50.0
7,-10,50.0
7,-9,50.0
7,-9,50.0
7,-9,87.24100714735758
8,-9,50.0
8,-9,50.0
8,-9,50.0
8,-8,50.0
8,-8,50.0
8,-8,50.0
9,-8,50.0
9,-8,50.0
9,-8,50.0
8,-8,50.0
8,-8,50.0
8,-8,50.0
7,-8,50.0
7,-8,50.0
7,-8,82.15353683047806
7,-9,50.26028296192631
7,-9,50.0
7,-9,50.0
7,-10,50.0
7,-10,50.0
7,-10,50.0
6,-10,50.0
6,-10,113.78171906865447
6,-10,50.0
5,-10,50.0
5,-10,50.0
5,-10,50.0
4,-10,50.0
4,-10,50.0
4,-10,50.0
3,-10,50.0
3,-10,50.0
3,-10,50.0
2,-10,50.0
2,-10,50.0
2,-10,50.0
1,-10,50.0
1,-10,93.30690768719444
1,-10,50.0
0,-10,50.0
0,-10,50.0
0,-10,50.0
-1,-10,50.0
-1,-10,50.0
-1,-10,102.78428997765084
-1,-11,50.0
-1,-11,50.0
-1,-11,50.0
-2,-11,65.93937454793931
-2,-11,50.0
-2,-11,85.2121171858943
-3,-11,50.0
-3,-11,50.0
-3,-11,50.0
-4,-11,50.0
-4,-11,50.0
-4,-11,50.0
-5,-11,50.0
-5,-11,103.80189765663246
-5,-11,50.0
-6,-11,50.0
-6,-11,50.0
-6,-11,50.0
-7,-11,92.65434591261548
-7,-11,50.0
-7,-11,57.94912581315057
-8,-11,64.0115966704831
-8,-11,50.0
-8,-11,50.0
-9,-11,50.0
-9,-11,50.0
-9,-11,50.0
-10,-11,50.0
-10,-11,50.0
-10,-11,50.0
-11,-11,50.0
-11,-11,50.0
-11,-11,50.0
-12,-11,50.0
-12,-11,50.0
-12,-11,50.0
-11,-11,50.0
-11,-11,50.0
-11,-11,50.0
-11,-12,50.0
-11,-12,50.0
-11,-12,50.0
-12,-12,50.0
-12,-12,50.0
-12,-12,50.0
-12,-13,50.0
-12,-13,50.0
-12,-13,50.0
-13,-13,50.0
-13,-13,50.0
-13,-13,50.0
-14,-13,50.0
-14,-13,50.0
-14,-13,50.0
-15,-13,50.0
-15,-13,50.0
-15,-13,50.0
-16,-13,50.0
-16,-13,50.0
-16,-13,50.0
-16,-14,50.0
-16,-14,50.0
-16,-14,50.0
-16,-15,50.0
-16,-15,50.0
-16,-15,50.0
-17,-15,50.0
-17,-15,50.0
-17,-15,50.0
-17,-16,50.0
-17,-16,50.0
-17,-16,50.0
-18,-16,50.0
-18,-16,50.0
-18,-16,50.0
-19,-16,50.0
-19,-16,50.0
-19,-16,50.0
-19,-17,50.0
-19,-17,50.0
-19,-17,50.0
-19,-18,50.0
-19,-18,50.0
-19,-18,50.0
-19,-19,50.0
-19,-19,50.0
-19,-19,50.0
-20,-19,50.0
-20,-19,50.0
-20,-19,50.0
-20,-20,50.0
-20,-20,50.0
-20,-20,50.0
-19,-20,50.0
-19,-20,50.0
-19,-20,50.0
-18,-20,50.0
-18,-20,50.0
-18,-20,50.0
-17,-20,50.0
-17,-20,50.0
-17,-20,50.0
-16,-20,50.0
-16,-20,50.0
-16,-20,50.0
-15,-20,50.0
-15,-20,50.0
-15,-20,50.0
-14,-20,50.0
-14,-20,50.0
-14,-20,50.0
-13,-20,58.11566218774955
-13,-20,50.0
-13,-20,50.0
-12,-20,50.0
-12,-20,50.0
-12,-20,50.0
-11,-20,50.0
-11,-20,50.0
-11,-20,50.0
-10,-20,50.0
-10,-20,50.0
-10,-20,50.0
-9,-20,50.0
-9,-20,50.0
-9,-20,50.0
-9,-19,50.0
-9,-19,50.0
-9,-19,50.0
-8,-19,50.0
-8,-19,50.0
-8,-19,50.0
-7,-19,50.0
-7,-19,50.0
-7,-19,50.0
-6,-19,50.0
-6,-19,50.0
-6,-19,50.0
-5,-19,50.0
-5,-19,50.0
-5,-19,50.0
-6,-19,50.0
-6,-19,102.85505769376033
-6,-19,50.0
-6,-18,50.0
-6,-18,50.0
-6,-18,50.0
-5,-18,50.0
-5,-18,50.0
-5,-18,50.0
-6,-18,50.0
-6,-18,50.0
-6,-18,50.0
-6,-17,50.0
-6,-17,50.0
-6,-17,50.0
-5,-17,50.0
-5,-17,50.0
-5,-17,50.0
-5,-16,50.0
-5,-16,50.0
-5,-16,50.0
-6,-16,50.0
-6,-16,55.9019921117326
-6,-16,50.0
-5,-16,50.0
-5,-16,50.0
-5,-16,50.0
-6,-16,52.537455223157714
-6,-16,50.0
-6,-16,50.0
-5,-16,50.0
-5,-16,50.0
-5,-16,50.0
-4,-16,99.40770529959588
-4,-16,50.0
-4,-16,50.0
-3,-16,50.0
-3,-16,63.38604368123448
-3,-16,50.0
-3,-15,50.0
-3,-15,50.0
-3,-15,50.0
-2,-15,50.0
-2,-15,50.0
-2,-15,50.0
-1,-15,50.0
-1,-15,50.0
-1,-15,50.0
0,-15,57.81592812643007
0,-15,50.0
0,-15,50.0
1,-15,50.0
1,-15,50.0
1,-15,50.0
2,-15,50.0
2,-15,50.0
2,-15,50.0
1,-15,64.79643673178771
1,-15,50.0
1,-15,50.0
2,-15,59.34903865380166
2,-15,50.0
2,-15,86.93921109857028
1,-15,50.0
1,-15,50.0
1,-15,81.30074638398763
0,-15,50.0
0,-15,50.0
0,-15,50.0
1,-15,50.0
1,-15,50.0
1,-15,50.0
2,-15,50.0
2,-15,50.0
2,-15,50.0
2,-16,50.0
2,-16,50.0
2,-16,50.0
3,-16,50.0
3,-16,50.0
3,-16,50.0
4,-16,50.30650920711137
4,-16,50.0
4,-16,50.0
5,-16,50.0
5,-16,66.920512745292
5,-16,50.0
6,-16,50.0
6,-16,50.0
6,-16,50.0
6,-17,50.0
6,-17,50.0
6,-17,50.0
7,-17,50.0
7,-17,50.0
7,-17,50.0
6,-17,108.12974646615545
6,-17,50.0
6,-17,50.0
7,-17,50.0
7,-17,50.0
7,-17,50.0
7,-16,50.0
7,-16,50.0
7,-16,64.33504436775605
8,-16,50.0
8,-16,50.0
8,-16,50.0
9,-16,50.0
9,-16,50.0
9,-16,50.0
9,-15,50.0
9,-15,50.0
9,-15,50.0
10,-15,50.0
10,-15,50.0
10,-15,50.0
11,-15,50.0
11,-15,50.0
11,-15,50.0
12,-15,50.0
12,-15,50.0
12,-15,59.418696434032896
13,-15,50.0
13,-15,50.0
13,-15,50.0
14,-15,50.0
14,-15,50.0
14,-15,50.0
15,-15,50.0
15,-15,50.0
15,-15,50.0
14,-15,50.0
14,-15,50.0
14,-15,50.0
14,-14,50.0
14,-14,50.0
14,-14,50.0
15,-14,50.0
15,-14,50.0
15,-14,50.0
15,-13,50.0
15,-13,50.0
15,-13,50.0
14,-13,50.0
14,-13,50.0
14,-13,50.0
13,-13,50.0
13,-13,50.0
13,-13,50.0
14,-13,50.0
14,-13,50.0
14,-13,50.0
15,-13,50.0
15,-13,50.0
15,-13,50.0
16,-13,50.0
16,-13,50.0
16,-13,50.0
15,-13,50.0
15,-13,50.0
15,-13,50.0
16,-13,50.0
16,-13,50.0
16,-13,50.0
17,-13,50.0
17,-13,50.0
17,-13,50.0
18,-13,50.0
18,-13,50.0
18,-13,50.0
18,-12,50.0
18,-12,50.0
18,-12,50.0
19,-12,50.0
19,-12,50.0
19,-12,50.0
20,-12,50.0
20,-12,50.0
20,-12,50.0
20,-11,50.0
20,-11,50.0
20,-11,50.0
20,-10,50.0
20,-10,50.0
20,-10,50.0
20,-9,106.21253651701352
20,-9,50.0
20,-9,50.0
20,-8,50.0
20,-8,50.0
20,-8,50.0
20,-7,50.0
20,-7,50.0
20,-7,50.0
20,-8,50.0
20,-8,50.0
20,-8,50.0
20,-7,50.0
20,-7,50.0
20,-7,50.0
20,-6,50.0
20,-6,50.0
20,-6,50.0
20,-5,50.0
20,-5,50.0
20,-5,50.0
20,-6,50.0
20,-6,50.0
20,-6,50.0
20,-5,50.0
20,-5,50.0
20,-5,50.0
20,-4,50.0
20,-4,55.62934181104761
20,-4,50.0
20,-5,50.0
20,-5,50.0
20,-5,50.0
20,-4,50.0
20,-4,50.0
20,-4,50.0
20,-3,50.0
20,-3,53.29022302078809
20,-3,50.0
20,-2,68.75763897347728
20,-2,50.0
20,-2,50.0
20,-1,50.0
20,-1,50.0
20,-1,50.0
20,0,50.0
20,0,50.0
20,0,50.0
20,1,50.0
20,1,50.0
20,1,50.0
20,2,50.0
20,2,50.0
20,2,50.0
20,3,50.0
20,3,50.0
20,3,50.0
20,4,50.0
20,4,50.0
20,4,50.0
19,4,50.0
19,4,50.0
19,4,50.0
18,4,50.0
18,4,50.0
18,4,50.0
17,4,80.77794592363595
17,4,50.0
17,4,50.0
16,4,50.0
16,4,50.0
16,4,61.40880253521971
15,4,50.0
15,4,58.29274035772262
15,4,98.13105470818158
14,4,50.0
14,4,50.0
14,4,50.0
13,4,50.0
13,4,50.0
13,4,50.0
12,4,50.0
12,4,50.0
12,4,50.0
11,4,50.0
11,4,61.24093654961247
11,4,50.0
12,4,50.0
12,4,50.0
12,4,50.0
11,4,50.0
11,4,50.0
11,4,50.0
10,4,50.0
10,4,76.02139906232937
10,4,50.0
11,4,50.0
11,4,50.0
11,4,50.0
10,4,50.0
10,4,50.0
10,4,50.0
9,4,50.0
9,4,54.6318366571412
9,4,81.53163894497884
8,4,50.0
8,4,50.0
8,4,50.0
8,3,50.0
8,3,50.0
8,3,97.64937634731821
8,2,50.0
8,2,106.409766183349
8,2,50.0
9,2,137.2492629191506
9,2,50.0
9,2,55.895543921334934
9,1,50.0
9,1,50.0
9,1,50.0
10,1,50.0
10,1,50.0
10,1,50.0
11,1,50.0
11,1,50.0
11,1,50.0
12,1,50.0
12,1,50.0
12,1,50.0
12,0,50.0
12,0,50.0
12,0,50.0
13,0,50.0
13,0,50.0
13,0,50.0
13,-1,50.0
13,-1,50.0
13,-1,50.0
14,-1,50.0
14,-1,50.0
14,-1,50.0
14,0,50.0
14,0,50.0
14,0,115.18323932808318
14,-1,50.0
14,-1,50.0
14,-1,50.0
15,-1,57.54765710358824
15,-1,58.21029098304909
15,-1,50.0
15,-2,50.0
15,-2,50.0
15,-2,50.0
16,-2,50.0
16,-2,50.0
16,-2,50.0
16,-1,50.0
16,-1,50.0
16,-1,50.0
16,-2,50.0
16,-2,50.0
16,-2,50.0
16,-3,50.0
16,-3,50.0
16,-3,50.0
16,-4,50.0
16,-4,50.0
16,-4,50.0
16,-5,50.0
16,-5,53.68849382283626
16,-5,50.0
15,-5,50.0
15,-5,50.0
15,-5,50.0
15,-6,50.0
15,-6,50.0
15,-6,50.0
15,-5,50.0
15,-5,50.0
15,-5,50.0
15,-4,50.0
15,-4,50.0
15,-4,69.76943342891649
14,-4,50.0
14,-4,50.0
14,-4,52.561315086955794
14,-3,53.12819613773738
14,-3,50.0
14,-3,50.0
13,-3,50.0
13,-3,50.0
13,-3,50.0
13,-2,50.0
13,-2,50.0
13,-2,50.0
13,-1,50.0
13,-1,50.0
13,-1,50.0
13,0,50.0
13,0,50.0
13,0,50.0
13,1,50.0
13,1,101.07544043080534
13,1,50.0
12,1,50.0
12,1,50.0
12,1,50.0
11,1,50.0
11,1,50.0
11,1,50.0
11,2,50.0
11,2,56.35003319464856
11,2,50.0
10,2,53.3645985540671
10,2,50.0
10,2,50.0
10,3,90.65047094210794
10,3,50.0
10,3,50.0
10,2,50.0
10,2,50.0
10,2,50.0
10,3,50.0
10,3,50.0
10,3,60.03531531567497
10,4,50.0
10,4,50.0
10,4,50.0
10,3,50.0
10,3,118.27434056029136
10,3,50.0
10,4,50.0
10,4,50.0
10,4,70.53088028293269
10,5,50.0
10,5,50.0
10,5,50.0
10,4,50.0
10,4,50.0
10,4,50.0
10,5,50.0
10,5,50.0
10,5,56.65263678369051
9,5,50.0
9,5,50.0
9,5,154.1862492825956
9,6,50.0
9,6,50.0
9,6,50.0
9,7,50.0
9,7,50.0
9,7,50.0
8,7,92.43348590519153
8,7,84.61710621647904
8,7,50.0
8,6,87.80969657293188
8,6,70.62385680142577
8,6,50.0
8,7,134.62344867593782
8,7,50.0
8,7,50.0
7,7,53.61523080648092
7,7,123.26648149648094
7,7,50.0
7,8,113.34265184948029
7,8,50.0
7,8,50.0
7,9,50.0
7,9,70.51881466089272
7,9,50.0
7,8,50.0
7,8,50.0
7,8,61.83720178967344
7,9,50.0
7,9,50.0
7,9,50.0
7,10,50.0
7,10,50.0
7,10,82.1255069517873
6,10,50.0
6,10,50.0
6,10,50.0
5,10,50.0
5,10,50.0
5,10,50.0
5,11,61.51636587452024
5,11,50.0
5,11,50.0
5,12,50.0
5,12,59.886091372783255
5,12,50.0
5,13,50.0
5,13,50.0
5,13,59.086310174912306
4,13,90.16450210646806
4,13,64.62078723577403
4,13,50.0
4,14,50.0
4,14,88.33042315819881
4,14,50.0
4,15,50.0
4,15,58.712546886398925
4,15,50.0
4,16,50.0
4,16,50.0
4,16,62.83038052708248
4,17,50.0
4,17,50.0
4,17,50.0
4,16,92.8966619396625
4,16,50.0
4,16,50.0
4,17,53.48575591534141
4,17,50.0
4,17,50.91617376819895
4,18,50.0
4,18,50.0
4,18,98.89523662486357
4,19,50.0
4,19,50.0
4,19,50.0
4,18,50.0
4,18,50.0
4,18,50.0
4,19,50.0
4,19,50.0
4,19,50.0
4,20,50.0
4,20,50.0
4,20,50.0
5,20,50.0
5,20,50.0
5,20,50.0
5,19,50.0
5,19,50.0
5,19,50.0
6,19,50.0
6,19,50.0
6,19,50.0
7,19,50.0
7,19,50.0
7,19,50.0
8,19,50.0
8,19,50.0
8,19,62.502900220258574
9,19,50.0
9,19,50.0
9,19,50.0
9,18,50.0
9,18,50.0
9,18,50.0
9,17,50.0
9,17,50.0
9,17,50.0
10,17,50.0
10,17,50.0
10,17,50.0
11,17,50.0
11,17,50.0
11,17,50.0
11,18,50.0
11,18,50.0
11,18,89.93078040683193
11,17,50.0
11,17,50.0
11,17,50.0
12,17,50.0
12,17,50.0
12,17,50.0
12,16,50.0
12,16,50.0
12,16,50.0
12,17,50.0
12,17,50.0
12,17,50.0
12,16,50.0
12,16,50.0
12,16,50.0
12,17,50.0
12,17,50.0
12,17,50.0
12,16,50.0
12,16,50.0
12,16,50.0
12,15,50.0
12,15,50.0
12,15,50.0
12,14,50.0
12,14,50.0
12,14,50.0
13,14,50.0
13,14,50.0
13,14,50.0
13,13,50.0
13,13,50.0
13,13,50.0
13,12,50.0
13,12,50.0
13,12,66.21382809236312
12,12,50.0
12,12,50.0
12,12,50.0
11,12,50.0
11,12,50.0
11,12,50.0
11,11,50.0
11,11,50.0
