4,19,100.0
4,18,100.0
4,18,104.83267261037125
4,17,100.0
4,17,100.0
4,16,100.0
4,16,100.0
4,15,100.0
4,15,100.0
4,16,100.0
4,16,100.0
4,15,120.9842203090057
4,15,100.0
4,14,100.0
4,14,100.0
4,13,100.0
4,13,100.0
4,12,100.0
4,12,100.0
4,11,100.0
4,11,100.0
3,11,100.0
3,11,100.0
4,11,100.0
4,11,100.0
4,10,100.0
4,10,100.0
3,10,100.0
3,10,106.17009378420894
3,9,100.0
3,9,100.0
3,10,180.80036076592307
3,10,100.0
3,9,100.0
3,9,117.63820694153605
3,10,100.0
3,10,100.0
3,9,100.0
3,9,100.0
3,8,100.0
3,8,100.0
3,7,102.41055306639628
3,7,144.1473568959646
2,7,100.0
2,7,100.0
2,8,100.0
2,8,100.0
2,7,100.0
2,7,100.0
2,6,100.0
2,6,100.0
2,5,175.3882585674798
2,5,100.0
2,4,100.0
2,4,100.0
2,3,100.0
2,3,100.0
2,2,172.65535180081253
2,2,100.0
1,2,106.289947804204
1,2,125.27419776532741
1,1,100.0
1,1,161.21169393811965
1,0,139.51982208236018
1,0,100.0
1,-1,132.77323590518318
1,-1,100.0
1,-2,126.19650530814037
1,-2,100.0
0,-2,100.0
0,-2,131.9761464347638
-1,-2,100.0
-1,-2,119.01631726085569
-1,-3,100.0
-1,-3,100.0
-2,-3,108.20904087780093
-2,-3,100.0
-2,-4,100.0
-2,-4,192.27076628491076
-2,-5,100.0
-2,-5,100.0
-3,-5,100.0
-3,-5,100.0
-3,-6,100.0
-3,-6,100.0
-3,-7,147.76435228230525
-3,-7,100.0
-4,-7,100.0
-4,-7,156.22462795482164
-4,-8,107.86019110317727
-4,-8,100.0
-4,-9,100.0
-4,-9,100.0
-4,-10,169.1044570482095
-4,-10,100.0
-4,-11,100.0
-4,-11,100.0
-4,-12,111.46403252035665
-4,-12,100.0
-3,-12,100.0
-3,-12,100.0
-2,-12,100.0
-2,-12,100.0
-1,-12,100.0
-1,-12,100.0
-1,-11,100.0
-1,-11,100.0
0,-11,108.01581101794795
0,-11,100.0
1,-11,100.0
1,-11,100.0
0,-11,100.0
0,-11,100.0
1,-11,100.0
1,-11,100.0
1,-12,100.0
1,-12,117.54986531102585
2,-12,100.0
2,-12,100.0
2,-13,100.0
2,-13,100.0
3,-13,100.0
3,-13,100.0
2,-13,100.0
2,-13,141.6655908743648
2,-12,100.0
2,-12,100.0
3,-12,100.0
3,-12,100.0
3,-13,100.0
3,-13,103.89520576294015
3,-12,112.62782460775048
3,-12,100.0
4,-12,100.0
4,-12,100.0
4,-11,100.0
4,-11,100.0
5,-11,100.0
5,-11,100.0
6,-11,143.046616660909
6,-11,100.0
6,-10,100.0
6,-10,100.0
7,-10,100.0
7,-10,100.0
7,-9,100.0
7,-9,226.1389299565247
8,-9,100.0
8,-9,100.0
8,-8,143.42422577168003
8,-8,100.0
9,-8,100.0
9,-8,100.0
8,-8,100.0
8,-8,122.21412122764696
7,-8,100.0
7,-8,100.0
7,-9,100.0
7,-9,100.0
7,-10,100.0
7,-10,100.0
6,-10,100.0
6,-10,112.77473867188655
5,-10,100.0
5,-10,100.0
4,-10,100.0
4,-10,100.0
3,-10,100.0
3,-10,100.0
2,-10,100.0
2,-10,100.0
1,-10,100.0
1,-10,100.0
0,-10,100.0
0,-10,100.0
-1,-10,169.45471863830988
-1,-10,123.61642414008634
-1,-11,100.0
-1,-11,171.882101065092
-2,-11,100.0
-2,-11,100.0
-3,-11,176.25189456082745
-3,-11,100.0
-4,-11,100.0
-4,-11,108.81130344106575
-5,-11,102.78388753147257
-5,-11,100.0
-6,-11,100.0
-6,-11,103.5199085586499
-7,-11,100.0
-7,-11,100.0
-8,-11,100.0
-8,-11,100.0
-9,-11,100.0
-9,-11,100.0
-10,-11,100.0
-10,-11,130.61694546443886
-11,-11,100.0
-11,-11,100.0
-12,-11,100.0
-12,-11,218.69544999845743
-11,-11,100.0
-11,-11,137.86357871504322
-11,-12,100.0
-11,-12,100.0
-12,-12,100.0
-12,-12,100.0
-12,-13,100.0
-12,-13,100.0
-13,-13,100.0
-13,-13,100.0
-14,-13,100.0
-14,-13,100.0
-15,-13,122.28046180243999
-15,-13,100.0
-16,-13,100.0
-16,-13,100.0
-16,-14,100.0
-16,-14,100.0
-16,-15,100.0
-16,-15,100.0
-17,-15,100.0
-17,-15,100.0
-17,-16,100.0
-17,-16,100.0
-18,-16,100.0
-18,-16,100.0
-19,-16,100.0
-19,-16,100.0
-19,-17,100.0
-19,-17,100.0
-19,-18,100.0
-19,-18,100.0
-19,-19,100.0
-19,-19,100.0
-20,-19,100.0
-20,-19,100.0
-20,-20,100.0
-20,-20,100.0
-19,-20,100.0
-19,-20,100.0
-18,-20,100.0
-18,-20,100.0
-17,-20,100.0
-17,-20,100.0
-16,-20,100.0
-16,-20,100.0
-15,-20,100.0
-15,-20,100.0
-14,-20,100.0
-14,-20,100.0
-13,-20,100.0
-13,-20,100.0
-12,-20,100.0
-12,-20,100.0
-11,-20,100.0
-11,-20,100.0
-10,-20,100.0
-10,-20,100.0
-9,-20,100.0
-9,-20,100.0
-9,-19,100.0
-9,-19,100.0
-8,-19,100.0
-8,-19,100.0
-7,-19,100.0
-7,-19,100.0
-6,-19,100.0
-6,-19,100.0
-5,-19,100.0
-5,-19,100.0
-6,-19,100.0
-6,-19,100.0
-6,-18,100.0
-6,-18,100.0
-5,-18,100.0
-5,-18,100.0
-6,-18,100.0
-6,-18,100.0
-6,-17,100.0
-6,-17,100.0
-5,-17,100.0
-5,-17,100.0
-5,-16,100.0
-5,-16,100.0
-6,-16,100.0
-6,-16,100.0
-5,-16,100.0
-5,-16,100.0
-6,-16,100.0
-6,-16,100.0
-5,-16,100.0
-5,-16,100.0
-4,-16,100.0
-4,-16,144.64452322739237
-3,-16,100.0
-3,-16,100.0
-3,-15,137.6488457558188
-3,-15,100.0
-2,-15,100.0
-2,-15,100.0
-1,-15,100.0
-1,-15,151.9542983387433
0,-15,100.0
0,-15,100.0
1,-15,100.0
1,-15,137.81468222912002
2,-15,100.0
2,-15,100.0
1,-15,100.0
1,-15,100.0
2,-15,116.02695784586629
2,-15,100.0
1,-15,100.0
1,-15,100.0
0,-15,165.93180549195245
0,-15,100.41508618035202
1,-15,100.0
1,-15,100.0
2,-15,100.0
2,-15,100.0
2,-16,100.0
2,-16,100.0
3,-16,100.0
3,-16,100.0
4,-16,100.0
4,-16,100.0
5,-16,100.0
5,-16,100.0
6,-16,100.0
6,-16,100.0
6,-17,100.0
6,-17,100.0
7,-17,100.0
7,-17,100.0
6,-17,147.5281362427454
6,-17,100.0
7,-17,100.0
7,-17,100.0
7,-16,100.0
7,-16,103.98410232855062
8,-16,100.0
8,-16,100.0
9,-16,100.0
9,-16,100.0
9,-15,100.0
9,-15,100.0
10,-15,100.0
10,-15,100.0
11,-15,100.0
11,-15,100.0
12,-15,100.0
12,-15,100.0
13,-15,100.0
13,-15,100.0
14,-15,100.0
14,-15,100.0
15,-15,100.0
15,-15,100.0
14,-15,100.0
14,-15,100.0
14,-14,100.0
14,-14,100.0
15,-14,100.0
15,-14,100.0
15,-13,100.0
15,-13,100.0
14,-13,100.0
14,-13,100.0
13,-13,100.0
13,-13,100.0
14,-13,100.0
14,-13,100.0
15,-13,100.0
15,-13,100.0
16,-13,100.0
16,-13,100.0
15,-13,100.0
15,-13,133.48055018880592
16,-13,100.0
16,-13,100.0
17,-13,100.0
17,-13,100.0
18,-13,100.0
18,-13,174.3578010107947
18,-12,100.0
18,-12,100.0
19,-12,100.0
19,-12,100.0
20,-12,100.0
20,-12,100.0
20,-11,100.0
20,-11,100.0
20,-10,100.0
20,-10,100.0
20,-9,100.0
20,-9,100.0
20,-8,100.0
20,-8,100.0
20,-7,100.0
20,-7,100.0
20,-8,100.0
20,-8,100.0
20,-7,100.0
20,-7,100.0
20,-6,100.0
20,-6,100.0
20,-5,100.0
20,-5,100.0
20,-6,100.0
20,-6,100.0
20,-5,100.0
20,-5,100.0
20,-4,100.0
20,-4,100.0
20,-5,100.0
20,-5,100.0
20,-4,100.0
20,-4,100.0
20,-3,100.0
20,-3,100.0
20,-2,100.0
20,-2,100.0
20,-1,100.0
20,-1,100.0
20,0,100.0
20,0,100.0
20,1,100.0
20,1,100.0
20,2,100.0
20,2,100.0
20,3,100.0
20,3,100.0
20,4,100.0
20,4,100.0
19,4,100.0
19,4,100.0
18,4,100.0
18,4,100.0
17,4,100.0
17,4,100.0
16,4,100.0
16,4,100.0
15,4,100.0
15,4,100.0
14,4,100.0
14,4,105.98407897549146
13,4,119.77960776958764
13,4,100.0
12,4,100.0
12,4,100.0
11,4,100.0
11,4,100.0
12,4,100.0
12,4,100.0
11,4,100.0
11,4,100.0
10,4,100.0
10,4,100.0
11,4,100.0
11,4,100.0
10,4,100.0
10,4,100.0
9,4,100.0
9,4,100.0
8,4,100.0
8,4,100.0
8,3,100.0
8,3,129.43676833015766
8,2,100.0
8,2,100.0
9,2,100.0
9,2,100.0
9,1,100.0
9,1,100.0
10,1,104.42836996594352
10,1,188.49302669101746
11,1,100.0
11,1,100.0
12,1,152.37448131370502
12,1,100.0
12,0,100.0
12,0,100.0
13,0,100.0
13,0,100.0
13,-1,100.0
13,-1,100.0
14,-1,100.0
14,-1,121.68506132682333
14,0,166.4104313135265
14,0,100.0
14,-1,100.0
14,-1,100.0
15,-1,100.0
15,-1,100.0
15,-2,100.0
15,-2,100.0
16,-2,100.0
16,-2,100.0
16,-1,182.2733391523018
