4,19,50.0
4,19,50.0
4,18,50.0
4,18,50.0
4,18,50.0
4,17,50.0
4,17,50.0
4,17,50.0
4,16,50.0
4,16,50.0
4,16,50.0
4,15,50.0
4,15,50.0
4,15,50.0
4,16,50.0
4,16,50.0
4,16,50.0
4,15,50.0
4,15,50.0
4,15,50.0
4,14,50.0
4,14,50.0
4,14,50.0
4,13,50.0
4,13,50.0
4,13,50.0
4,12,50.0
4,12,50.0
4,12,50.0
4,11,50.0
4,11,67.80829993610725
4,11,50.0
3,11,50.0
3,11,50.0
3,11,50.0
4,11,50.0
4,11,50.0
4,11,104.31820475174744
4,10,71.87001699894368
4,10,50.0
4,10,50.0
3,10,103.48435153822811
3,10,50.0
3,10,62.91953738166093
3,9,50.0
3,9,75.78819691202226
3,9,50.0
3,10,50.0
3,10,50.0
3,10,50.0
3,9,50.0
3,9,50.0
3,9,50.0
3,10,50.0
3,10,50.0
3,10,83.23385967257383
3,9,50.0
3,9,55.00150953791269
3,9,50.0
3,8,50.0
3,8,55.86934688834141
3,8,50.0
3,7,50.0
3,7,86.49078370589403
3,7,50.0
2,7,50.0
2,7,50.0
2,7,50.0
2,8,91.7124936469031
2,8,66.30918180816813
2,8,50.0
2,7,50.90626727010877
2,7,66.66837478416399
2,7,50.0
2,6,50.0
2,6,50.0
2,6,62.699267425603026
2,5,50.0
2,5,129.0583353353726
2,5,94.7650420699397
2,4,50.0
2,4,66.01001283246288
2,4,80.14735720235971
2,3,50.0
2,3,50.0
2,3,50.0
2,2,50.246949303178454
2,2,106.91147317377602
2,2,50.0
1,2,50.0
1,2,50.0
1,2,58.28073884506402
1,1,50.0
1,1,50.0
1,1,50.0
1,0,50.0
1,0,61.42121425986404
1,0,50.0
1,-1,60.81149259474355
1,-1,50.0
1,-1,77.44337528121345
1,-2,54.79099125293135
1,-2,50.0
1,-2,50.0
0,-2,52.11640981117835
0,-2,50.0
0,-2,50.0
-1,-2,132.01963870394826
-1,-2,147.21202458218784
-1,-2,50.0
-1,-3,50.0
-1,-3,50.0
-1,-3,50.0
-2,-3,50.0
-2,-3,50.0
-2,-3,82.93364527710317
-2,-4,50.0
-2,-4,154.6689754137551
-2,-4,69.89567664685164
-2,-5,50.0
-2,-5,50.0
-2,-5,125.3494111527622
-3,-5,138.53569017400565
-3,-5,50.0
-3,-5,62.71349014566442
-3,-6,50.0
-3,-6,50.0
-3,-6,50.0
-3,-7,50.0
-3,-7,64.52968095811954
-3,-7,84.57714554649877
-4,-7,50.0
-4,-7,50.0
-4,-7,50.0
-4,-8,50.0
-4,-8,50.0
-4,-8,77.50350682741033
-4,-9,50.0
-4,-9,50.0
-4,-9,50.0
-4,-10,50.0
-4,-10,50.0
-4,-10,59.780988387868845
-4,-11,50.0
-4,-11,50.0
-4,-11,50.0
-4,-12,50.0
-4,-12,55.14546064304788
-4,-12,50.0
-3,-12,50.0
-3,-12,50.0
-3,-12,50.0
-2,-12,101.65348387060985
-2,-12,50.0
-2,-12,50.0
-1,-12,68.60433386607964
-1,-12,50.0
-1,-12,118.12553235870953
-1,-11,50.0
-1,-11,50.0
-1,-11,50.0
0,-11,50.0
0,-11,50.0
0,-11,50.0
1,-11,97.6637280028668
1,-11,50.0
1,-11,50.0
0,-11,50.0
0,-11,50.0
0,-11,50.0
1,-11,50.0
1,-11,50.0
1,-11,50.0
1,-12,50.0
1,-12,50.0
1,-12,50.0
2,-12,50.0
2,-12,50.0
2,-12,50.0
2,-13,50.0
2,-13,50.0
2,-13,50.0
3,-13,92.46679703860316
3,-13,50.0
3,-13,50.0
2,-13,50.0
2,-13,50.0
2,-13,53.99976217035191
2,-12,50.0
2,-12,50.0
2,-12,50.0
3,-12,64.9430212991897
3,-12,50.0
3,-12,50.0
3,-13,50.0
3,-13,50.0
3,-13,66.54951959764635
3,-12,119.26783135736555
3,-12,74.42741728847928
3,-12,50.0
4,-12,50.0
4,-12,50.0
4,-12,50.0
4,-11,50.0
4,-11,70.40907281001853
4,-11,92.2811350007253
5,-11,50.0
5,-11,97.44039619389306
5,-11,50.0
6,-11,83.43051908399605
6,-11,50.0
6,-11,50.0
6,-10,50.0
6,-10,70.22639954432
6,-10,50.0
7,-10,50.0
7,-10,50.0
7,-10,50.0
7,-9,50.0
7,-9,50.0
7,-9,50.0
8,-9,50.0
8,-9,50.0
8,-9,50.0
8,-8,50.0
8,-8,50.0
8,-8,50.0
9,-8,50.0
9,-8,50.0
9,-8,56.80251378220118
8,-8,50.0
8,-8,50.0
8,-8,50.0
7,-8,50.0
7,-8,50.0
7,-8,50.0
7,-9,63.04049207680291
7,-9,50.0
7,-9,50.0
7,-10,113.55431264770291
7,-10,50.2842957158489
7,-10,50.0
6,-10,50.0
6,-10,50.0
6,-10,50.0
5,-10,50.0
5,-10,50.0
5,-10,50.0
4,-10,64.10682590150883
4,-10,50.0
4,-10,50.0
3,-10,50.0
3,-10,50.40684781912247
3,-10,50.0
2,-10,84.17215785075155
2,-10,50.0
2,-10,50.0
1,-10,50.0
1,-10,50.0
1,-10,50.0
0,-10,50.0
0,-10,50.0
0,-10,50.0
-1,-10,50.0
-1,-10,50.0
-1,-10,50.0
-1,-11,50.0
-1,-11,50.0
-1,-11,50.0
-2,-11,50.0
-2,-11,50.0
-2,-11,50.0
-3,-11,50.0
-3,-11,50.0
-3,-11,50.0
-4,-11,50.0
-4,-11,50.0
-4,-11,50.0
-5,-11,50.0
-5,-11,50.0
-5,-11,50.0
-6,-11,50.0
-6,-11,50.0
-6,-11,50.0
-7,-11,50.0
-7,-11,50.0
-7,-11,50.0
-8,-11,50.0
-8,-11,50.0
-8,-11,50.0
-9,-11,50.0
-9,-11,50.0
-9,-11,50.0
-10,-11,50.0
-10,-11,50.6150467905411
-10,-11,50.0
-11,-11,50.0
-11,-11,50.0
-11,-11,50.0
-12,-11,50.0
-12,-11,50.0
-12,-11,50.0
-11,-11,50.0
-11,-11,50.0
-11,-11,50.0
-11,-12,50.0
-11,-12,50.0
-11,-12,50.0
-12,-12,50.0
-12,-12,50.0
-12,-12,50.0
-12,-13,50.0
-12,-13,50.0
-12,-13,50.0
-13,-13,50.0
-13,-13,50.0
-13,-13,50.0
-14,-13,50.0
-14,-13,50.0
-14,-13,50.0
-15,-13,50.0
-15,-13,50.0
-15,-13,50.0
-16,-13,50.0
-16,-13,50.0
-16,-13,50.0
-16,-14,50.0
-16,-14,50.0
-16,-14,50.0
-16,-15,50.0
-16,-15,50.0
-16,-15,50.0
-17,-15,50.0
-17,-15,50.0
-17,-15,50.0
-17,-16,50.0
-17,-16,50.0
-17,-16,50.0
-18,-16,50.0
-18,-16,50.0
-18,-16,50.0
-19,-16,76.62297591673418
-19,-16,50.0
-19,-16,50.0
-19,-17,50.0
-19,-17,50.0
-19,-17,50.0
-19,-18,50.0
-19,-18,50.0
-19,-18,50.0
-19,-19,50.0
-19,-19,50.0
-19,-19,50.0
-20,-19,50.0
-20,-19,50.0
-20,-19,50.0
-20,-20,50.0
-20,-20,50.0
-20,-20,50.0
-19,-20,50.0
-19,-20,50.0
-19,-20,50.0
-18,-20,50.0
-18,-20,50.0
-18,-20,50.0
-17,-20,50.0
-17,-20,50.0
-17,-20,50.0
-16,-20,50.0
-16,-20,50.0
-16,-20,50.0
-15,-20,50.0
-15,-20,50.0
-15,-20,50.0
-14,-20,50.0
-14,-20,50.0
-14,-20,50.0
-13,-20,50.0
-13,-20,50.0
-13,-20,50.0
-12,-20,50.0
-12,-20,50.0
-12,-20,50.0
-11,-20,50.0
-11,-20,50.0
-11,-20,50.0
-10,-20,50.0
-10,-20,75.35657848473366
-10,-20,50.0
-9,-20,50.0
-9,-20,50.0
-9,-20,50.0
-9,-19,50.0
-9,-19,50.0
-9,-19,50.0
-8,-19,50.0
-8,-19,50.0
-8,-19,50.0
-7,-19,50.0
-7,-19,50.0
-7,-19,50.0
-6,-19,50.0
-6,-19,50.0
-6,-19,50.0
-5,-19,50.0
-5,-19,50.0
-5,-19,50.0
-6,-19,50.0
-6,-19,50.0
-6,-19,50.0
-6,-18,50.0
-6,-18,50.0
-6,-18,52.05904030215896
-5,-18,50.0
-5,-18,50.0
-5,-18,50.0
-6,-18,50.0
-6,-18,50.0
-6,-18,50.0
-6,-17,50.0
-6,-17,50.0
-6,-17,50.0
-5,-17,50.0
-5,-17,50.0
-5,-17,50.0
-5,-16,50.0
-5,-16,50.0
-5,-16,50.0
-6,-16,50.0
-6,-16,50.0
-6,-16,83.16870017922207
-5,-16,50.0
-5,-16,50.0
-5,-16,50.0
-6,-16,50.0
-6,-16,71.70323441588434
-6,-16,50.0
-5,-16,63.60532412230607
-5,-16,50.0
-5,-16,50.0
-4,-16,50.0
-4,-16,50.0
-4,-16,50.0
-3,-16,50.0
-3,-16,50.0
-3,-16,50.0
-3,-15,50.0
-3,-15,50.0
-3,-15,50.0
-2,-15,50.0
-2,-15,50.0
-2,-15,50.0
-1,-15,50.0
-1,-15,63.6826034544609
-1,-15,50.0
0,-15,82.20435115331072
0,-15,50.0
0,-15,50.0
1,-15,50.0
1,-15,61.018717146072504
1,-15,50.0
2,-15,50.0
2,-15,50.0
2,-15,50.0
1,-15,50.0
1,-15,50.0
1,-15,50.0
2,-15,50.0
2,-15,50.0
2,-15,50.0
1,-15,50.0
1,-15,50.0
1,-15,50.0
0,-15,102.30993734085274
0,-15,50.0
0,-15,50.0
1,-15,50.0
1,-15,50.0
1,-15,50.0
2,-15,50.0
2,-15,50.0
2,-15,50.0
2,-16,50.0
2,-16,50.0
2,-16,76.5908203954035
3,-16,50.0
3,-16,50.0
3,-16,55.67823135638719
4,-16,50.0
4,-16,50.0
4,-16,50.0
5,-16,50.0
5,-16,50.0
5,-16,50.0
6,-16,50.0
6,-16,50.0
6,-16,50.0
6,-17,50.0
6,-17,50.0
6,-17,50.0
7,-17,50.0
7,-17,50.0
7,-17,50.0
6,-17,50.0
6,-17,50.0
6,-17,50.0
7,-17,50.0
7,-17,50.0
7,-17,50.0
7,-16,50.0
7,-16,50.0
7,-16,50.0
8,-16,50.0
8,-16,50.0
8,-16,50.0
9,-16,50.0
9,-16,50.0
9,-16,50.0
9,-15,50.0
9,-15,50.0
9,-15,50.0
10,-15,50.0
10,-15,50.0
10,-15,50.0
11,-15,50.0
11,-15,50.0
11,-15,50.0
12,-15,50.0
12,-15,50.0
12,-15,50.0
13,-15,50.0
13,-15,50.0
13,-15,50.0
14,-15,50.0
14,-15,50.0
14,-15,50.0
15,-15,50.0
15,-15,50.0
15,-15,50.0
14,-15,50.0
14,-15,50.0
14,-15,50.0
14,-14,50.0
14,-14,50.0
14,-14,50.0
15,-14,50.0
15,-14,50.0
15,-14,50.0
15,-13,50.0
15,-13,50.0
15,-13,50.0
14,-13,50.0
14,-13,50.0
14,-13,50.0
13,-13,50.0
13,-13,50.0
13,-13,50.0
14,-13,50.0
14,-13,50.0
14,-13,50.0
15,-13,50.0
15,-13,50.0
15,-13,50.0
16,-13,50.0
16,-13,50.0
16,-13,50.0
15,-13,50.0
15,-13,50.0
15,-13,50.0
16,-13,50.0
16,-13,50.0
16,-13,50.0
17,-13,50.0
17,-13,50.0
17,-13,50.0
18,-13,50.0
18,-13,50.0
18,-13,50.0
18,-12,50.0
18,-12,50.0
18,-12,77.73074887300423
19,-12,50.0
19,-12,50.0
19,-12,50.0
20,-12,50.0
20,-12,50.0
20,-12,50.0
20,-11,50.0
20,-11,50.0
20,-11,50.0
20,-10,50.0
20,-10,50.0
20,-10,50.0
20,-9,50.0
20,-9,50.0
20,-9,50.0
20,-8,50.0
20,-8,50.0
20,-8,50.0
20,-7,50.0
20,-7,50.0
20,-7,50.0
20,-8,50.0
20,-8,50.0
20,-8,50.0
20,-7,50.0
20,-7,64.75237650304712
20,-7,50.0
20,-6,50.0
20,-6,50.0
20,-6,50.0
20,-5,50.0
20,-5,50.0
20,-5,50.0
20,-6,50.0
20,-6,50.0
20,-6,50.0
20,-5,50.0
20,-5,50.0
20,-5,50.0
20,-4,50.0
20,-4,50.0
20,-4,50.0
20,-5,50.0
20,-5,50.0
20,-5,50.0
20,-4,50.0
20,-4,50.0
20,-4,50.0
20,-3,50.0
20,-3,50.0
20,-3,50.0
20,-2,50.0
20,-2,50.0
20,-2,50.0
20,-1,50.0
20,-1,50.0
20,-1,50.0
20,0,50.0
20,0,50.0
20,0,50.0
20,1,50.0
20,1,50.0
20,1,50.0
20,2,50.0
20,2,50.0
20,2,50.0
20,3,50.0
20,3,50.0
20,3,50.0
20,4,50.0
20,4,50.0
20,4,50.0
19,4,50.0
19,4,54.65488384600926
19,4,50.0
18,4,50.0
18,4,50.0
18,4,50.0
17,4,50.0
17,4,51.20412819286389
17,4,50.0
16,4,50.0
16,4,50.0
16,4,50.0
15,4,50.0
15,4,50.0
15,4,50.0
14,4,50.0
14,4,50.0
14,4,50.0
13,4,50.0
13,4,50.0
13,4,50.0
12,4,50.0
12,4,50.0
12,4,106.20929563245687
11,4,52.867851235337426
11,4,50.0
11,4,50.0
12,4,50.0
12,4,50.0
12,4,50.0
11,4,50.0
11,4,50.0
11,4,50.0
10,4,71.26942149624637
10,4,127.00540081092825
10,4,50.0
11,4,74.77693717984793
11,4,50.0
11,4,51.07690904105257
10,4,50.0
10,4,78.16500812615972
10,4,50.0
9,4,50.0
9,4,50.0
9,4,84.42225143713401
8,4,54.85464022601144
8,4,50.0
8,4,50.0
8,3,50.0
8,3,50.0
8,3,50.0
8,2,50.0
8,2,50.0
8,2,50.0
9,2,50.0
9,2,56.21719875684749
9,2,50.0
9,1,52.66583476894873
9,1,50.0
9,1,50.0
10,1,50.0
10,1,76.11581692474367
10,1,53.521786779101376
11,1,50.0
11,1,50.0
11,1,92.08422129924239
12,1,50.0
12,1,113.41621129351915
12,1,50.0
12,0,50.0
12,0,50.0
12,0,95.6331311303185
13,0,50.0
13,0,78.9080862544572
13,0,50.0
13,-1,50.0
13,-1,50.0
13,-1,50.0
14,-1,55.50100173863122
14,-1,50.0
14,-1,50.0
14,0,50.0
14,0,50.0
14,0,50.0
14,-1,50.0
14,-1,50.0
14,-1,50.0
15,-1,50.0
15,-1,50.0
15,-1,50.0
15,-2,50.0
15,-2,50.0
15,-2,50.0
16,-2,50.0
16,-2,50.0
16,-2,50.0
16,-1,50.0
16,-1,50.0
16,-1,64.83334280963018
16,-2,50.0
16,-2,50.0
16,-2,50.0
16,-3,50.0
16,-3,50.0
16,-3,50.0
16,-4,50.0
16,-4,50.0
16,-4,50.0
16,-5,50.0
16,-5,72.88646398846161
16,-5,50.0
15,-5,50.0
15,-5,50.0
15,-5,50.0
15,-6,50.0
15,-6,50.0
15,-6,50.0
15,-5,50.0
15,-5,50.0
15,-5,50.0
15,-4,50.0
15,-4,50.0
15,-4,50.0
14,-4,50.0
14,-4,50.0
14,-4,50.0
14,-3,50.0
14,-3,50.0
14,-3,50.0
13,-3,50.0
13,-3,57.41182592360444
13,-3,50.0
13,-2,50.0
13,-2,50.0
13,-2,50.0
13,-1,50.07040744001934
13,-1,50.0
13,-1,56.326277434014045
13,0,50.0
13,0,50.0
13,0,57.27548247612301
13,1,84.02311278245043
13,1,50.0
13,1,97.78092197031224
12,1,50.0
12,1,50.0
12,1,50.0
11,1,50.0
11,1,59.41609225553842
11,1,50.0
11,2,89.71137495518936
11,2,66.38562211624601
11,2,50.0
10,2,50.0
10,2,50.0
10,2,50.0
10,3,50.0
10,3,50.0
10,3,50.0
10,2,58.28637462559017
10,2,50.0
10,2,105.48878197955428
10,3,50.0
10,3,50.0
10,3,50.0
10,4,50.0
10,4,50.0
10,4,79.08865283775472
10,3,64.10015726145156
10,3,87.94109941871218
10,3,67.09649508733766
10,4,50.0
10,4,64.59932107725895
10,4,50.0
10,5,50.0
10,5,50.0
10,5,92.59806042746517
10,4,50.0
10,4,50.0
10,4,50.0
10,5,54.290033105572206
10,5,50.0
10,5,50.0
9,5,50.0
9,5,83.41438879167634
9,5,50.0
9,6,58.23324062631143
9,6,50.0
9,6,78.18293366788923
9,7,50.0
9,7,50.0
9,7,50.0
8,7,74.34812248381405
8,7,50.0
8,7,50.0
8,6,121.88268113378508
8,6,50.0
8,6,103.65873803353243
8,7,50.0
8,7,50.0
8,7,57.33410395975875
7,7,50.0
7,7,50.0
7,7,50.0
7,8,50.0
7,8,60.63067269528825
7,8,50.0
7,9,50.0
7,9,50.0
7,9,50.0
7,8,50.0
7,8,50.0
7,8,50.0
7,9,50.0
7,9,89.74863884313798
7,9,50.0
7,10,50.0
7,10,82.76639317442749
7,10,50.0
6,10,50.0
6,10,50.0
6,10,73.09738321451847
5,10,80.12933385024232
5,10,50.0
5,10,63.29091535573724
5,11,50.0
5,11,50.0
5,11,50.0
5,12,59.9158448864753
5,12,50.0
5,12,50.0
5,13,50.0
5,13,50.0
5,13,50.0
4,13,50.0
4,13,50.0
4,13,50.0
4,14,50.0
4,14,50.0
4,14,76.46850143945537
4,15,50.0
4,15,50.0
4,15,50.0
4,16,50.0
4,16,50.0
4,16,50.0
4,17,50.0
4,17,50.0
4,17,50.0
4,16,50.0
4,16,50.0
4,16,50.0
4,17,50.0
4,17,50.0
4,17,50.0
4,18,50.0
4,18,50.0
4,18,50.0
4,19,50.0
4,19,50.0
4,19,50.0
4,18,50.0
4,18,50.0
4,18,50.0
4,19,50.0
4,19,50.0
4,19,50.0
4,20,50.0
4,20,50.0
4,20,50.0
5,20,50.0
5,20,50.0
5,20,50.0
5,19,50.0
5,19,50.0
5,19,58.788287424343686
6,19,50.0
6,19,50.0
6,19,50.0
7,19,50.0
7,19,50.0
7,19,50.0
8,19,50.0
8,19,50.0
8,19,50.0
9,19,50.0
9,19,50.0
9,19,50.0
9,18,50.0
9,18,50.0
9,18,50.0
9,17,62.06971825548864
9,17,50.0
9,17,50.0
10,17,50.0
10,17,50.0
10,17,50.0
11,17,50.0
11,17,50.0
11,17,50.0
11,18,50.0
11,18,50.0
11,18,50.0
11,17,50.0
11,17,70.60633975427771
11,17,50.0
12,17,50.0
12,17,50.0
12,17,50.0
12,16,50.0
12,16,50.0
12,16,50.0
12,17,50.0
12,17,50.0
12,17,50.0
12,16,50.0
12,16,50.0
12,16,50.0
12,17,50.0
12,17,50.0
12,17,50.0
12,16,50.0
12,16,50.0
12,16,50.0
12,15,50.0
12,15,50.0
12,15,50.0
12,14,50.0
12,14,50.0
12,14,50.0
13,14,50.0
13,14,50.0
13,14,50.0
13,13,50.0
13,13,50.0
13,13,50.0
13,12,50.0
13,12,50.0
13,12,50.0
12,12,50.0
12,12,50.0
12,12,50.0
11,12,50.0
11,12,50.0
11,12,50.0
11,11,50.0
11,11,50.0
