4,19,100.0
4,18,100.0
4,18,100.0
4,17,100.0
4,17,100.0
4,16,100.0
4,16,151.05009061143377
4,15,100.0
4,15,100.0
4,16,100.0
4,16,100.0
4,15,100.0
4,15,100.0
4,14,100.0
4,14,100.0
4,13,132.19086015318896
4,13,100.0
4,12,100.0
4,12,100.0
4,11,100.0
4,11,100.0
3,11,100.0
3,11,100.0
4,11,100.0
4,11,115.16326041809471
4,10,100.0
4,10,100.0
3,10,100.0
3,10,100.0
3,9,100.0
3,9,158.52067117628542
3,10,164.74170702763857
3,10,100.0
3,9,100.0
3,9,100.61597164164414
3,10,100.0
3,10,100.0
3,9,100.0
3,9,156.57466234280014
3,8,150.32431010381515
3,8,235.87989368147214
3,7,100.0
3,7,100.0
2,7,156.09948279974014
2,7,124.98110762310878
2,8,100.0
2,8,100.0
2,7,100.0
2,7,100.0
2,6,100.0
2,6,133.39446446323683
2,5,129.7614256966719
2,5,100.0
2,4,100.0
2,4,100.0
2,3,100.0
2,3,177.9533580423721
2,2,100.0
2,2,119.8523972318726
1,2,120.24517890587445
1,2,180.48587081846458
1,1,100.0
1,1,166.00758452008796
1,0,100.0
1,0,100.0
1,-1,100.0
1,-1,106.18738050865043
1,-2,103.5754922667676
1,-2,100.0
0,-2,146.18960713695353
0,-2,140.6033550585496
-1,-2,173.90641061415366
-1,-2,105.8633237683179
-1,-3,101.74821287139957
-1,-3,212.54129217939243
-2,-3,118.41677729337489
-2,-3,100.0
-2,-4,100.0
-2,-4,100.0
-2,-5,114.09497181190963
-2,-5,100.0
-3,-5,158.97017245553505
-3,-5,122.56459240674761
-3,-6,100.0
-3,-6,100.0
-3,-7,100.0
-3,-7,100.0
-4,-7,100.0
-4,-7,100.0
-4,-8,100.0
-4,-8,100.0
-4,-9,100.0
-4,-9,100.0
-4,-10,100.0
-4,-10,100.0
-4,-11,100.0
-4,-11,100.0
-4,-12,129.24915475530838
-4,-12,100.0
-3,-12,100.0
-3,-12,100.0
-2,-12,100.0
-2,-12,127.32082106745756
-1,-12,100.0
-1,-12,100.0
-1,-11,100.0
-1,-11,100.0
0,-11,100.0
0,-11,203.16458028291336
1,-11,106.92534254931849
1,-11,100.0
0,-11,100.0
0,-11,100.0
1,-11,100.0
1,-11,100.0
1,-12,180.65681381784634
1,-12,100.0
2,-12,100.0
2,-12,100.0
2,-13,171.826214446639
2,-13,100.0
3,-13,148.79560135553794
3,-13,100.0
2,-13,150.3303486394695
2,-13,100.0
2,-12,100.0
2,-12,100.0
3,-12,100.0
3,-12,100.0
3,-13,100.0
3,-13,138.2246193424681
3,-12,100.0
3,-12,100.0
4,-12,100.0
4,-12,100.0
4,-11,100.0
4,-11,100.0
5,-11,100.0
5,-11,122.2728772989484
6,-11,100.0
6,-11,100.0
6,-10,116.26977609470102
6,-10,100.0
7,-10,100.0
7,-10,100.0
7,-9,100.11640189420254
7,-9,100.0
8,-9,100.0
8,-9,113.26027226609645
8,-8,100.0
8,-8,100.0
9,-8,100.0
9,-8,100.0
8,-8,100.0
8,-8,100.0
7,-8,100.0
7,-8,100.0
7,-9,100.0
7,-9,100.0
7,-10,100.0
7,-10,100.0
6,-10,100.0
6,-10,100.0
5,-10,100.0
5,-10,100.0
4,-10,100.0
4,-10,100.0
3,-10,100.0
3,-10,100.0
2,-10,100.0
2,-10,100.0
1,-10,100.0
1,-10,100.0
0,-10,114.04930516815115
0,-10,100.0
-1,-10,100.0
-1,-10,100.0
-1,-11,100.0
-1,-11,100.0
-2,-11,119.56678429145828
-2,-11,100.0
-3,-11,100.0
-3,-11,100.0
-4,-11,100.0
-4,-11,126.12879270167704
-5,-11,232.58597931146392
-5,-11,100.0
-6,-11,100.0
-6,-11,100.0
-7,-11,100.0
-7,-11,100.0
-8,-11,100.0
-8,-11,100.0
-9,-11,129.0863717068496
-9,-11,100.0
-10,-11,143.74531107649423
-10,-11,100.0
-11,-11,100.0
-11,-11,100.0
-12,-11,100.0
-12,-11,100.0
-11,-11,100.0
-11,-11,103.86629009804174
-11,-12,100.0
-11,-12,100.0
-12,-12,100.0
-12,-12,100.0
-12,-13,100.0
-12,-13,100.0
-13,-13,100.0
-13,-13,110.1456525907823
-14,-13,100.0
-14,-13,100.0
-15,-13,100.0
-15,-13,100.0
-16,-13,100.0
-16,-13,100.0
-16,-14,100.0
-16,-14,100.0
-16,-15,100.0
-16,-15,118.85340767641357
-17,-15,100.0
-17,-15,100.0
-17,-16,100.0
-17,-16,100.0
-18,-16,100.0
-18,-16,100.0
-19,-16,100.0
-19,-16,100.0
-19,-17,100.0
-19,-17,100.0
-19,-18,100.0
-19,-18,100.0
-19,-19,100.0
-19,-19,100.0
-20,-19,100.0
-20,-19,100.0
-20,-20,100.0
-20,-20,100.0
-19,-20,100.0
-19,-20,100.0
-18,-20,100.0
-18,-20,100.0
-17,-20,100.0
-17,-20,100.0
-16,-20,100.0
-16,-20,100.0
-15,-20,100.0
-15,-20,100.0
-14,-20,100.0
-14,-20,100.0
-13,-20,100.0
-13,-20,100.0
-12,-20,100.0
-12,-20,100.0
-11,-20,100.0
-11,-20,100.0
-10,-20,100.0
-10,-20,100.0
-9,-20,100.0
-9,-20,100.0
-9,-19,100.0
-9,-19,100.0
-8,-19,100.0
-8,-19,100.0
-7,-19,100.0
-7,-19,100.0
-6,-19,100.0
-6,-19,100.0
-5,-19,100.0
-5,-19,100.0
-6,-19,100.0
-6,-19,100.0
-6,-18,100.0
-6,-18,100.0
-5,-18,100.0
-5,-18,100.0
-6,-18,100.0
-6,-18,100.0
-6,-17,100.0
-6,-17,100.0
-5,-17,100.0
-5,-17,100.0
-5,-16,100.0
-5,-16,128.4123411349421
-6,-16,100.0
-6,-16,100.0
-5,-16,100.0
-5,-16,100.0
-6,-16,107.74952974324358
-6,-16,100.0
-5,-16,100.0
-5,-16,100.0
-4,-16,100.0
-4,-16,100.0
-3,-16,100.0
-3,-16,100.0
-3,-15,100.0
-3,-15,100.0
-2,-15,100.0
-2,-15,163.52364298815718
-1,-15,100.0
-1,-15,100.0
0,-15,113.68598866221309
0,-15,100.0
1,-15,100.0
1,-15,100.0
2,-15,100.0
2,-15,100.0
1,-15,120.25508104667192
1,-15,100.0
2,-15,100.0
2,-15,100.0
1,-15,100.0
1,-15,100.0
0,-15,100.0
0,-15,100.0
1,-15,100.0
1,-15,100.0
2,-15,150.31315334670307
2,-15,100.0
2,-16,100.0
2,-16,100.0
3,-16,100.0
3,-16,100.0
4,-16,100.0
4,-16,100.0
5,-16,100.0
5,-16,100.0
6,-16,100.0
6,-16,100.0
6,-17,100.0
6,-17,100.0
7,-17,100.0
7,-17,100.0
6,-17,100.0
6,-17,100.0
7,-17,100.0
7,-17,111.84063360166763
7,-16,100.0
7,-16,100.0
8,-16,100.0
8,-16,100.0
9,-16,100.0
9,-16,100.0
9,-15,100.0
9,-15,100.0
10,-15,100.0
10,-15,100.0
11,-15,100.0
11,-15,100.0
12,-15,100.0
12,-15,100.0
13,-15,100.0
13,-15,100.0
14,-15,146.54102211242537
14,-15,100.0
15,-15,100.0
15,-15,100.0
14,-15,100.0
14,-15,100.0
14,-14,100.0
14,-14,100.0
15,-14,100.0
15,-14,100.0
15,-13,100.0
15,-13,100.0
14,-13,100.0
14,-13,100.0
13,-13,100.0
13,-13,100.0
14,-13,100.0
14,-13,100.0
15,-13,100.0
15,-13,100.0
16,-13,100.0
16,-13,100.0
15,-13,100.0
15,-13,100.0
16,-13,100.0
16,-13,100.0
17,-13,100.0
17,-13,100.0
18,-13,100.0
18,-13,100.0
18,-12,100.0
18,-12,100.0
19,-12,100.0
19,-12,100.0
20,-12,100.0
20,-12,100.0
20,-11,100.0
20,-11,100.0
20,-10,100.0
20,-10,100.0
20,-9,100.0
20,-9,100.0
20,-8,100.0
20,-8,100.0
20,-7,100.0
20,-7,114.61977187235115
20,-8,100.0
20,-8,100.0
20,-7,100.0
20,-7,100.0
20,-6,100.0
20,-6,100.0
20,-5,100.0
20,-5,100.0
20,-6,100.0
20,-6,100.0
20,-5,100.0
20,-5,102.60972503009815
20,-4,100.0
20,-4,100.0
20,-5,100.0
20,-5,100.0
20,-4,100.0
20,-4,100.0
20,-3,100.0
20,-3,100.0
20,-2,100.0
20,-2,100.0
20,-1,100.0
20,-1,100.0
20,0,100.0
20,0,100.0
20,1,100.0
20,1,100.0
20,2,100.0
20,2,100.0
20,3,100.0
20,3,100.0
20,4,100.0
20,4,100.0
19,4,100.0
19,4,100.0
18,4,100.0
18,4,100.0
17,4,100.0
17,4,100.0
16,4,100.0
16,4,100.0
15,4,100.0
15,4,100.0
14,4,133.33534108693274
14,4,100.0
13,4,100.0
13,4,100.0
12,4,100.0
12,4,100.0
11,4,100.0
11,4,121.94516246768104
12,4,100.0
12,4,100.0
11,4,100.0
11,4,100.0
10,4,100.0
10,4,125.70058579674219
11,4,100.0
11,4,132.62460610894112
10,4,100.0
10,4,100.0
9,4,100.0
9,4,100.0
8,4,100.0
8,4,100.0
8,3,100.0
8,3,100.0
8,2,100.0
8,2,100.0
9,2,100.0
9,2,100.0
9,1,100.0
9,1,100.0
10,1,100.0
10,1,103.80609603672889
11,1,100.0
11,1,100.0
12,1,100.0
12,1,100.0
12,0,109.51549352419457
12,0,100.0
13,0,103.54329735539781
13,0,100.0
13,-1,100.0
13,-1,100.0
14,-1,100.0
14,-1,100.0
14,0,100.0
14,0,100.0
14,-1,100.0
14,-1,134.0651524769679
15,-1,100.0
15,-1,100.0
15,-2,100.0
15,-2,100.0
16,-2,124.75765581118415
16,-2,100.0
16,-1,100.0
