4,19,100.0
4,18,100.0
4,18,100.0
4,17,100.0
4,17,100.0
4,16,100.0
4,16,100.0
4,15,100.0
4,15,100.0
4,16,139.39580691478258
4,16,100.0
4,15,100.0
4,15,100.0
4,14,100.0
4,14,100.0
4,13,100.0
4,13,100.0
4,12,100.0
4,12,100.0
4,11,100.0
4,11,100.0
3,11,100.0
3,11,100.0
4,11,100.0
4,11,100.0
4,10,104.60640839434
4,10,160.31330441111854
3,10,100.0
3,10,100.0
3,9,100.0
3,9,100.0
3,10,100.0
3,10,100.0
3,9,100.0
3,9,100.0
3,10,100.0
3,10,100.0
3,9,100.0
3,9,100.0
3,8,100.0
3,8,100.0
3,7,100.0
3,7,120.02518585947223
2,7,100.0
2,7,100.0
2,8,100.0
2,8,100.0
2,7,164.3778994955524
2,7,100.0
2,6,164.88195922964422
2,6,137.16607921005425
2,5,173.06446352278107
2,5,100.0
2,4,107.90416909698136
2,4,230.7132094233181
2,3,100.0
2,3,134.47078729073627
2,2,100.0
2,2,190.3104536540486
1,2,100.0
1,2,100.0
1,1,106.7789340380653
1,1,100.0
1,0,195.6909836624186
1,0,163.43073312526647
1,-1,100.0
1,-1,100.0
1,-2,141.58913164102495
1,-2,152.4823212074366
0,-2,100.0
0,-2,100.0
-1,-2,151.9462689087748
-1,-2,111.60326848805971
-1,-3,126.0650084419861
-1,-3,139.64285252247603
-2,-3,100.0
-2,-3,116.12379459612092
-2,-4,164.75342990185666
-2,-4,100.0
-2,-5,100.0
-2,-5,133.29740033202808
-3,-5,161.51758327866327
-3,-5,100.0
-3,-6,100.0
-3,-6,194.48825092450843
-3,-7,100.0
-3,-7,100.0
-4,-7,132.15426845509364
-4,-7,100.0
-4,-8,100.0
-4,-8,100.0
-4,-9,100.0
-4,-9,100.0
-4,-10,100.0
-4,-10,140.5726371660315
-4,-11,100.0
-4,-11,100.0
-4,-12,100.0
-4,-12,100.0
-3,-12,100.0
-3,-12,100.0
-2,-12,100.0
-2,-12,100.0
-1,-12,100.0
-1,-12,164.02478046103624
-1,-11,100.0
-1,-11,100.0
0,-11,100.0
0,-11,192.54663335860167
1,-11,100.0
1,-11,100.0
0,-11,100.0
0,-11,100.0
1,-11,100.0
1,-11,100.0
1,-12,100.0
1,-12,109.07271683788116
2,-12,100.0
2,-12,100.0
2,-13,100.0
2,-13,100.0
3,-13,100.0
3,-13,100.0
2,-13,133.65174139546792
2,-13,109.42632601133536
2,-12,124.17374904455357
2,-12,100.0
3,-12,100.0
3,-12,100.0
3,-13,100.0
3,-13,100.0
3,-12,146.40032105565427
3,-12,100.0
4,-12,100.0
4,-12,100.0
4,-11,109.55806065425344
4,-11,100.0
5,-11,100.0
5,-11,126.28267087679177
6,-11,100.0
6,-11,100.0
6,-10,100.0
6,-10,100.0
7,-10,100.0
7,-10,114.97369501177208
7,-9,100.0
7,-9,100.0
8,-9,100.0
8,-9,100.0
8,-8,100.0
8,-8,100.0
9,-8,100.0
9,-8,100.0
8,-8,100.0
8,-8,110.62950002902018
7,-8,100.0
7,-8,100.0
7,-9,100.0
7,-9,100.0
7,-10,100.0
7,-10,100.0
6,-10,100.0
6,-10,100.0
5,-10,100.0
5,-10,100.0
4,-10,100.0
4,-10,100.0
3,-10,109.33081655106727
3,-10,100.0
2,-10,100.0
2,-10,109.20279366166568
1,-10,100.0
1,-10,100.0
0,-10,100.0
0,-10,115.20469380458096
-1,-10,100.0
-1,-10,100.0
-1,-11,120.21975979721724
-1,-11,100.0
-2,-11,177.87242701195703
-2,-11,100.0
-3,-11,100.0
-3,-11,100.0
-4,-11,100.0
-4,-11,100.0
-5,-11,100.0
-5,-11,100.0
-6,-11,128.99459790832577
-6,-11,123.57381043105624
-7,-11,100.0
-7,-11,100.0
-8,-11,100.0
-8,-11,100.0
-9,-11,100.0
-9,-11,100.0
-10,-11,100.0
-10,-11,100.0
-11,-11,100.0
-11,-11,100.0
-12,-11,100.0
-12,-11,120.80282878494677
-11,-11,100.0
-11,-11,100.0
-11,-12,100.0
-11,-12,100.0
-12,-12,100.0
-12,-12,100.0
-12,-13,100.0
-12,-13,100.0
-13,-13,100.0
-13,-13,100.0
-14,-13,100.0
-14,-13,100.0
-15,-13,100.0
-15,-13,123.22375987198346
-16,-13,100.0
-16,-13,100.0
-16,-14,100.0
-16,-14,100.0
-16,-15,100.0
-16,-15,100.0
-17,-15,100.0
-17,-15,100.0
-17,-16,100.0
-17,-16,100.0
-18,-16,100.0
-18,-16,100.0
-19,-16,100.0
-19,-16,100.0
-19,-17,100.0
-19,-17,100.0
-19,-18,100.0
-19,-18,100.0
-19,-19,100.0
-19,-19,100.0
-20,-19,100.0
-20,-19,100.0
-20,-20,100.0
-20,-20,100.0
-19,-20,100.0
-19,-20,100.0
-18,-20,100.0
-18,-20,100.0
-17,-20,100.0
-17,-20,100.0
-16,-20,100.0
-16,-20,100.0
-15,-20,100.0
-15,-20,100.0
-14,-20,100.0
-14,-20,100.0
-13,-20,100.0
-13,-20,100.0
-12,-20,100.0
-12,-20,100.0
-11,-20,100.0
-11,-20,100.0
-10,-20,100.0
-10,-20,100.0
-9,-20,100.0
-9,-20,100.0
-9,-19,100.0
-9,-19,100.0
-8,-19,100.0
-8,-19,100.0
-7,-19,100.0
-7,-19,100.0
-6,-19,100.0
-6,-19,100.0
-5,-19,100.0
-5,-19,100.0
-6,-19,100.0
-6,-19,100.0
-6,-18,100.0
-6,-18,100.0
-5,-18,100.0
-5,-18,100.0
-6,-18,100.0
-6,-18,100.0
-6,-17,100.0
-6,-17,100.0
-5,-17,100.0
-5,-17,100.0
-5,-16,100.0
-5,-16,100.0
-6,-16,107.68098085314439
-6,-16,100.0
-5,-16,100.0
-5,-16,100.0
-6,-16,100.0
-6,-16,100.0
-5,-16,100.0
-5,-16,100.0
-4,-16,100.0
-4,-16,100.0
-3,-16,100.0
-3,-16,100.0
-3,-15,100.0
-3,-15,100.0
-2,-15,100.0
-2,-15,100.0
-1,-15,100.0
-1,-15,100.0
0,-15,100.0
0,-15,100.0
1,-15,100.0
1,-15,100.0
2,-15,100.0
2,-15,100.0
1,-15,163.34628239869267
1,-15,133.68081143829897
2,-15,100.0
2,-15,100.0
1,-15,100.0
1,-15,100.0
0,-15,100.0
0,-15,100.0
1,-15,100.0
1,-15,100.0
2,-15,100.0
2,-15,134.21471047170775
2,-16,100.0
2,-16,100.0
3,-16,100.0
3,-16,100.0
4,-16,100.0
4,-16,100.0
5,-16,136.11857051676583
5,-16,100.0
6,-16,100.0
6,-16,100.0
6,-17,100.0
6,-17,100.0
7,-17,100.0
7,-17,100.0
6,-17,100.0
6,-17,100.0
7,-17,100.0
7,-17,100.0
7,-16,100.0
7,-16,100.0
8,-16,100.0
8,-16,100.0
9,-16,100.0
9,-16,100.0
9,-15,100.0
9,-15,100.0
10,-15,100.0
10,-15,132.5633520729467
11,-15,100.0
11,-15,100.0
12,-15,100.0
12,-15,100.0
13,-15,100.0
13,-15,100.0
14,-15,100.0
14,-15,100.0
15,-15,100.0
15,-15,100.0
14,-15,100.0
14,-15,100.0
14,-14,100.0
14,-14,141.16109958913273
15,-14,100.0
15,-14,100.0
15,-13,100.0
15,-13,100.0
14,-13,100.0
14,-13,100.0
13,-13,100.0
13,-13,100.0
14,-13,100.0
14,-13,100.0
15,-13,100.0
15,-13,100.0
16,-13,123.72686475302199
16,-13,100.0
15,-13,100.0
15,-13,100.0
16,-13,100.0
16,-13,100.0
17,-13,100.0
17,-13,100.0
18,-13,100.0
18,-13,100.0
18,-12,100.0
18,-12,100.0
19,-12,100.0
19,-12,100.0
20,-12,100.0
20,-12,100.0
20,-11,100.0
20,-11,100.0
20,-10,100.0
20,-10,100.0
20,-9,100.0
20,-9,100.0
20,-8,100.0
20,-8,100.0
20,-7,100.0
20,-7,100.0
20,-8,100.0
20,-8,100.0
20,-7,127.91330066290817
20,-7,100.0
20,-6,100.0
20,-6,100.0
20,-5,100.0
20,-5,100.0
20,-6,100.0
20,-6,100.0
20,-5,100.0
20,-5,100.0
20,-4,100.0
20,-4,100.0
20,-5,100.0
20,-5,100.0
20,-4,100.0
20,-4,100.0
20,-3,100.0
20,-3,100.0
20,-2,100.0
20,-2,100.0
20,-1,100.0
20,-1,100.0
20,0,100.0
20,0,100.0
20,1,100.0
20,1,126.16933716981106
20,2,100.0
20,2,100.0
20,3,100.0
20,3,100.0
20,4,100.0
20,4,100.0
19,4,100.0
19,4,100.0
18,4,100.0
18,4,100.0
17,4,100.0
17,4,100.0
16,4,100.0
16,4,100.0
15,4,100.0
15,4,157.7601486020682
14,4,100.0
14,4,100.0
13,4,105.20932854293106
13,4,100.0
12,4,100.0
12,4,100.0
11,4,100.0
11,4,100.0
12,4,100.0
12,4,100.0
11,4,105.8478167475496
11,4,100.0
10,4,100.0
10,4,100.0
11,4,100.0
11,4,100.0
10,4,100.0
10,4,100.0
9,4,100.0
9,4,100.0
8,4,100.0
8,4,100.0
8,3,100.0
8,3,166.026618068197
8,2,146.5103642414315
8,2,100.0
9,2,100.0
9,2,100.0
9,1,100.0
9,1,165.34488434531934
10,1,121.3230153098655
10,1,100.0
11,1,100.0
11,1,100.0
12,1,100.0
12,1,100.0
12,0,100.0
12,0,100.0
13,0,100.0
13,0,100.0
13,-1,100.0
13,-1,100.0
14,-1,100.0
14,-1,100.0
14,0,100.0
14,0,100.0
14,-1,108.52041045343586
14,-1,100.0
15,-1,100.0
15,-1,100.0
15,-2,100.0
15,-2,100.0
16,-2,100.0
16,-2,100.0
16,-1,100.0
