4,19,100.0
4,18,100.0
4,18,100.0
4,17,100.0
4,17,100.0
4,16,100.0
4,16,100.0
4,15,100.0
4,15,100.0
4,16,100.0
4,16,100.0
4,15,103.70923776465361
4,15,100.0
4,14,100.0
4,14,100.0
4,13,100.0
4,13,133.21673992255256
4,12,100.0
4,12,100.0
4,11,100.0
4,11,100.0
3,11,100.0
3,11,100.0
4,11,100.0
4,11,126.94882982623358
4,10,100.0
4,10,100.0
3,10,156.24142555977937
3,10,126.16039084503225
3,9,104.10243627299333
3,9,110.52966810366337
3,10,100.0
3,10,100.0
3,9,100.0
3,9,111.51776776506652
3,10,100.0
3,10,100.0
3,9,100.0
3,9,100.0
3,8,100.0
3,8,100.0
3,7,146.47598305865864
3,7,175.21851078998998
2,7,153.18695063249072
2,7,100.0
2,8,100.0
2,8,156.72516451104227
2,7,100.0
2,7,100.0
2,6,100.0
2,6,162.09834301376128
2,5,138.53416776305028
2,5,100.0
2,4,144.09461884111943
2,4,100.0
2,3,100.0
2,3,190.6338715742248
2,2,100.0
2,2,100.0
1,2,112.59910988185376
1,2,100.0
1,1,215.6749781306784
1,1,100.0
1,0,100.0
1,0,102.21456585455618
1,-1,101.8954098077082
1,-1,109.58144969326273
1,-2,216.84710007981997
1,-2,120.39854898114027
0,-2,100.0
0,-2,177.16051607180322
-1,-2,119.7462409757263
-1,-2,100.0
-1,-3,158.43337782816346
-1,-3,115.33760593385306
-2,-3,100.0
-2,-3,100.0
-2,-4,100.0
-2,-4,100.0
-2,-5,100.0
-2,-5,135.83373416848806
-3,-5,100.0
-3,-5,100.0
-3,-6,100.0
-3,-6,100.0
-3,-7,100.0
-3,-7,118.85129201812529
-4,-7,100.0
-4,-7,106.09720768739669
-4,-8,100.0
-4,-8,100.0
-4,-9,100.0
-4,-9,100.0
-4,-10,100.0
-4,-10,100.0
-4,-11,100.0
-4,-11,100.0
-4,-12,100.0
-4,-12,100.0
-3,-12,100.0
-3,-12,100.0
-2,-12,100.0
-2,-12,156.08556888061764
-1,-12,131.63470176267163
-1,-12,100.0
-1,-11,100.0
-1,-11,169.1611880891779
0,-11,110.00680291563302
0,-11,100.0
1,-11,100.0
1,-11,100.0
0,-11,100.0
0,-11,100.0
1,-11,100.0
1,-11,100.0
1,-12,100.0
1,-12,100.0
2,-12,100.0
2,-12,250.44810463735783
2,-13,100.0
2,-13,100.0
3,-13,100.0
3,-13,100.0
2,-13,100.0
2,-13,100.0
2,-12,100.0
2,-12,100.0
3,-12,100.0
3,-12,100.0
3,-13,100.0
3,-13,100.0
3,-12,100.0
3,-12,100.0
4,-12,100.0
4,-12,100.0
4,-11,100.0
4,-11,100.0
5,-11,100.0
5,-11,100.0
6,-11,100.0
6,-11,100.0
6,-10,100.0
6,-10,100.0
7,-10,100.0
7,-10,100.0
7,-9,100.0
7,-9,141.61423226185548
8,-9,100.0
8,-9,100.0
8,-8,157.83035663501585
8,-8,100.0
9,-8,100.0
9,-8,100.0
8,-8,100.0
8,-8,100.0
7,-8,100.0
7,-8,100.0
7,-9,100.0
7,-9,100.0
7,-10,100.0
7,-10,100.0
6,-10,100.0
6,-10,100.0
5,-10,100.0
5,-10,112.34495929533901
4,-10,100.0
4,-10,154.78466954317327
3,-10,100.0
3,-10,100.0
2,-10,107.33628192092763
2,-10,100.0
1,-10,102.73623871995497
1,-10,100.0
0,-10,100.0
0,-10,100.0
-1,-10,206.9800190129158
-1,-10,100.0
-1,-11,100.0
-1,-11,100.0
-2,-11,100.0
-2,-11,100.0
-3,-11,100.0
-3,-11,100.0
-4,-11,100.0
-4,-11,100.0
-5,-11,100.0
-5,-11,128.3095218809025
-6,-11,100.0
-6,-11,100.0
-7,-11,100.0
-7,-11,100.0
-8,-11,100.0
-8,-11,100.0
-9,-11,100.0
-9,-11,100.0
-10,-11,166.450456793606
-10,-11,100.0
-11,-11,100.0
-11,-11,100.0
-12,-11,100.0
-12,-11,108.6015212707455
-11,-11,110.49396206005059
-11,-11,100.0
-11,-12,100.0
-11,-12,100.0
-12,-12,100.0
-12,-12,100.0
-12,-13,100.0
-12,-13,100.0
-13,-13,100.0
-13,-13,100.0
-14,-13,100.0
-14,-13,100.0
-15,-13,100.0
-15,-13,100.0
-16,-13,100.0
-16,-13,100.0
-16,-14,100.0
-16,-14,100.0
-16,-15,100.0
-16,-15,100.0
-17,-15,100.0
-17,-15,100.0
-17,-16,100.0
-17,-16,100.0
-18,-16,100.0
-18,-16,100.0
-19,-16,100.0
-19,-16,100.0
-19,-17,100.0
-19,-17,100.0
-19,-18,100.0
-19,-18,100.0
-19,-19,100.0
-19,-19,100.0
-20,-19,100.0
-20,-19,100.0
-20,-20,100.0
-20,-20,100.0
-19,-20,100.0
-19,-20,100.0
-18,-20,100.0
-18,-20,100.0
-17,-20,100.0
-17,-20,100.0
-16,-20,100.0
-16,-20,100.0
-15,-20,100.0
-15,-20,100.0
-14,-20,100.0
-14,-20,100.0
-13,-20,100.0
-13,-20,100.0
-12,-20,100.0
-12,-20,100.0
-11,-20,100.0
-11,-20,100.0
-10,-20,100.0
-10,-20,100.0
-9,-20,100.0
-9,-20,100.0
-9,-19,100.0
-9,-19,100.0
-8,-19,100.0
-8,-19,100.0
-7,-19,100.0
-7,-19,100.0
-6,-19,100.0
-6,-19,100.0
-5,-19,100.0
-5,-19,100.0
-6,-19,100.0
-6,-19,100.0
-6,-18,100.0
-6,-18,100.0
-5,-18,100.0
-5,-18,100.0
-6,-18,100.0
-6,-18,100.0
-6,-17,100.0
-6,-17,100.0
-5,-17,100.0
-5,-17,100.0
-5,-16,100.0
-5,-16,100.0
-6,-16,100.0
-6,-16,100.0
-5,-16,100.0
-5,-16,100.0
-6,-16,100.0
-6,-16,153.12226757650478
-5,-16,100.0
-5,-16,100.0
-4,-16,100.0
-4,-16,100.0
-3,-16,100.0
-3,-16,100.0
-3,-15,100.0
-3,-15,100.0
-2,-15,100.0
-2,-15,134.1530358517429
-1,-15,100.0
-1,-15,100.0
0,-15,100.0
0,-15,100.0
1,-15,100.0
1,-15,100.0
2,-15,100.0
2,-15,100.0
1,-15,100.0
1,-15,100.0
2,-15,100.0
2,-15,100.0
1,-15,100.0
1,-15,100.0
0,-15,100.0
0,-15,100.0
1,-15,121.14598109725257
1,-15,100.0
2,-15,146.4579449870123
2,-15,100.0
2,-16,100.0
2,-16,100.0
3,-16,100.0
3,-16,100.0
4,-16,100.0
4,-16,100.0
5,-16,100.0
5,-16,100.0
6,-16,100.0
6,-16,100.0
6,-17,134.22750583145344
6,-17,100.0
7,-17,100.0
7,-17,100.0
6,-17,100.0
6,-17,100.0
7,-17,100.0
7,-17,100.77072000623042
7,-16,100.0
7,-16,100.0
8,-16,100.0
8,-16,100.0
9,-16,116.84441958633408
9,-16,100.0
9,-15,100.0
9,-15,100.0
10,-15,100.0
10,-15,100.0
11,-15,100.0
11,-15,100.0
12,-15,100.0
12,-15,100.0
13,-15,100.0
13,-15,100.0
14,-15,100.0
14,-15,100.0
15,-15,100.0
15,-15,100.0
14,-15,100.0
14,-15,100.0
14,-14,100.0
14,-14,100.0
15,-14,100.0
15,-14,100.0
15,-13,100.0
15,-13,100.0
14,-13,100.0
14,-13,116.83903532690064
13,-13,100.0
13,-13,100.0
14,-13,100.0
14,-13,100.0
15,-13,100.0
15,-13,100.0
16,-13,100.0
16,-13,100.0
15,-13,100.0
15,-13,100.0
16,-13,100.0
16,-13,100.0
17,-13,100.0
17,-13,100.0
18,-13,100.0
18,-13,100.0
18,-12,100.0
18,-12,100.0
19,-12,100.0
19,-12,100.0
20,-12,100.0
20,-12,100.0
20,-11,100.0
20,-11,100.0
20,-10,100.0
20,-10,100.0
20,-9,100.0
20,-9,100.0
20,-8,100.0
20,-8,100.0
20,-7,100.0
20,-7,100.0
20,-8,100.0
20,-8,100.0
20,-7,100.0
20,-7,100.0
20,-6,100.0
20,-6,100.0
20,-5,100.0
20,-5,100.0
20,-6,126.21719201621907
20,-6,100.0
20,-5,100.0
20,-5,100.0
20,-4,100.0
20,-4,100.0
20,-5,100.0
20,-5,100.0
20,-4,100.0
20,-4,114.77753226592004
20,-3,100.0
20,-3,100.0
20,-2,100.0
20,-2,100.0
20,-1,100.0
20,-1,100.0
20,0,100.0
20,0,100.0
20,1,100.0
20,1,100.0
20,2,100.0
20,2,100.0
20,3,100.0
20,3,100.0
20,4,100.0
20,4,100.0
19,4,100.0
19,4,100.0
18,4,100.0
18,4,100.0
17,4,100.0
17,4,100.0
16,4,136.97798149735578
16,4,100.0
15,4,100.0
15,4,100.0
14,4,100.0
14,4,100.0
13,4,100.0
13,4,100.0
12,4,100.0
12,4,104.97663341877444
11,4,100.0
11,4,100.0
12,4,100.0
12,4,100.0
11,4,100.0
11,4,115.05029066501251
10,4,100.0
10,4,130.92686424919876
11,4,100.0
11,4,100.0
10,4,100.0
10,4,130.0938485546619
9,4,100.0
9,4,100.0
8,4,100.0
8,4,100.0
8,3,105.52394363473155
8,3,117.07703999368297
8,2,100.0
8,2,100.0
9,2,100.0
9,2,158.81095839799963
9,1,100.0
9,1,197.00495105002142
10,1,100.0
10,1,100.0
11,1,100.0
11,1,100.0
12,1,106.80535493251988
12,1,100.0
12,0,100.0
12,0,101.3321068147216
13,0,100.0
13,0,100.0
13,-1,100.0
13,-1,100.0
14,-1,100.0
14,-1,106.70422420482788
14,0,100.0
14,0,100.0
14,-1,100.0
14,-1,100.0
15,-1,116.90140903229931
15,-1,100.0
15,-2,114.16696477894945
15,-2,100.0
16,-2,100.0
16,-2,100.0
16,-1,100.0
