4.18182
4.18182
4.18182
4.18182
4.18182
4.18182
4.18182
4.18182
4.18182
4.18182
4.18182
4.18182
4.18182
4.18182
4.18105
4.18182
4.17902
4.18182
4.17648
4.18182
4.18182
4.17749
4.1728
4.17635
4.17798
4.18029
4.17902
4.17902
4.17902
4.18182
4.18182
4.18029
4.18105
4.18182
4.18182
4.18055
4.18182
4.18182
4.18182
4.18182
4.18182
4.18182
4.18182
4.18182
4.18182
4.18182
4.18182
4.18182
4.18182
4.18182
4.18182
4.18182
4.18182
4.18182
4.18055
4.18182
4.18182
4.18182
4.18055
4.18182
4.18182
4.18182
4.18182
4.18182
4.18182
4.18182
4.18182
4.18182
4.18182
4.18182
4.18182
4.18182
4.18182
4.18182
4.18182
4.18182
4.18055
4.18182
4.17865
4.18182
4.18182
4.18182
4.17992
4.18182
4.18182
4.18182
4.18182
4.18029
4.18182
4.18182
4.18182
4.18182
4.18182
4.18182
4.18182
4.18182
4.18182
4.18182
4.18182
