4.18182
4.18182
4.18182
4.18182
4.18182
4.18182
4.18182
4.18182
4.18182
4.18055
4.18182
4.18182
4.18105
4.18182
4.18055
4.18105
4.18105
4.17648
4.18105
4.18029
4.17517
4.17952
4.17952
4.17798
4.17062
4.18029
4.17725
4.18105
4.17471
4.18182
4.18182
4.18182
4.18105
4.18029
4.18182
4.18182
4.18182
4.18182
4.18182
4.18182
4.18182
4.18182
4.18182
4.18182
4.18182
4.18182
4.18182
4.18182
4.18182
4.18182
4.18182
4.18182
4.18182
4.18182
4.18182
4.18182
4.18182
4.18182
4.18182
4.18182
4.18182
4.18182
4.18182
4.18182
4.18182
4.18182
4.18182
4.18182
4.18182
4.18182
4.18029
4.18182
4.18182
4.18182
4.18105
4.18182
4.18182
4.18029
4.17801
4.18182
4.18182
4.18182
4.18029
4.18182
4.18182
4.18182
4.18182
4.18182
4.18182
4.18182
4.18182
4.18182
4.18182
4.18182
4.18182
4.18182
4.18182
4.18182
4.18182
