4.18182
4.18182
4.18182
4.18182
4.18182
4.18182
4.18182
4.18182
4.18182
4.18055
4.18182
4.18182
4.18182
4.18182
4.18182
4.18182
4.18182
4.18029
4.17722
4.18182
4.17798
4.17568
4.17471
4.17298
4.17825
4.18182
4.17787
4.17914
4.17712
4.18182
4.18182
4.18105
4.18182
4.17992
4.18182
4.18055
4.17992
4.18182
4.18182
4.18182
4.18182
4.18182
4.18182
4.18182
4.18182
4.18182
4.18182
4.18182
4.18182
4.18182
4.18182
4.18182
4.18182
4.18182
4.18182
4.18182
4.18182
4.18182
4.18182
4.18182
4.18182
4.18182
4.18182
4.18182
4.18182
4.18182
4.18182
4.18182
4.18105
4.18182
4.18182
4.18055
4.18029
4.181
4.18182
4.18182
4.18055
4.18182
4.18182
4.18029
4.18105
4.18182
4.18182
4.18182
4.18182
4.18105
4.18182
4.18182
4.18182
4.18182
4.18182
4.18182
4.18182
4.18182
4.18182
4.18182
4.18182
4.18182
4.18182
