4.18182
4.18182
4.18182
4.18182
4.18182
4.18182
4.18182
4.18182
4.18182
4.18055
4.18182
4.18182
4.18182
4.18182
4.18182
4.18029
4.17902
4.18105
4.17902
4.18105
4.1776
4.18182
4.18055
4.16934
4.18105
4.18105
4.17801
4.18182
4.18105
4.18029
4.18182
4.18182
4.18029
4.18182
4.18182
4.18182
4.18182
4.18182
4.18182
4.18182
4.18105
4.18182
4.18182
4.18182
4.18182
4.18182
4.18182
4.18182
4.18182
4.18182
4.18182
4.18182
4.18182
4.18182
4.18182
4.18182
4.18182
4.18182
4.18182
4.18182
4.18182
4.18182
4.18182
4.18182
4.18182
4.17801
4.18182
4.18182
4.18182
4.18182
4.18182
4.18182
4.18182
4.18055
4.17837
4.18182
4.18182
4.17798
4.18029
4.17798
4.18182
4.18182
4.18055
4.18182
4.18055
4.18182
4.18182
4.18105
4.18182
4.18182
4.18182
4.18182
4.18182
4.18182
4.18029
4.18182
4.18182
4.18182
4.18182
