4.18182
4.18182
4.18182
4.18182
4.18182
4.18182
4.18182
4.18182
4.18182
4.17992
4.18182
4.18182
4.18182
4.1799
4.18182
4.18105
4.17902
4.18105
4.17837
4.18029
4.17952
4.181
4.17584
4.17915
4.18055
4.17798
4.17801
4.18029
4.18055
4.1799
4.18182
4.18182
4.18182
4.18182
4.18182
4.18055
4.18182
4.18182
4.18105
4.18182
4.18182
4.18182
4.18182
4.18182
4.18182
4.18182
4.18182
4.18182
4.18182
4.18182
4.18182
4.18182
4.18182
4.18182
4.18182
4.18182
4.18182
4.18182
4.18182
4.18182
4.18182
4.18182
4.18182
4.18182
4.18182
4.18182
4.18182
4.18182
4.18182
4.18182
4.18182
4.18182
4.18182
4.18182
4.18182
4.18182
4.18055
4.18182
4.18105
4.18182
4.18182
4.18182
4.18182
4.18182
4.18182
4.18182
4.18182
4.18182
4.18182
4.18182
4.18182
4.18182
4.18182
4.18182
4.18182
4.18182
4.18182
4.18182
4.18182
