4.18182
4.18182
4.18182
4.18182
4.18182
4.18182
4.18182
4.18182
4.18182
4.18182
4.18182
4.18182
4.18182
4.18055
4.18182
4.18105
4.18105
4.17952
4.17611
4.18182
4.17722
4.18105
4.17929
4.18105
4.18105
4.17979
4.1766
4.18182
4.17647
4.18182
4.18182
4.18182
4.18182
4.18182
4.18182
4.18182
4.1799
4.18182
4.18182
4.18182
4.18182
4.18182
4.18182
4.18182
4.18182
4.18182
4.18182
4.18182
4.18182
4.18182
4.18182
4.18182
4.18182
4.18182
4.18182
4.18182
4.18182
4.18182
4.18182
4.18182
4.18182
4.18182
4.18182
4.18182
4.18182
4.18182
4.18182
4.18182
4.18182
4.18182
4.18182
4.18182
4.17837
4.18105
4.18182
4.18182
4.18182
4.18182
4.18182
4.18182
4.18182
4.18182
4.18182
4.18182
4.18182
4.18182
4.18182
4.18182
4.18182
4.18182
4.18182
4.18182
4.18182
4.18182
4.18182
4.18182
4.18182
4.18182
4.18182
