4.18182
4.18182
4.18182
4.18182
4.1799
4.18182
4.18182
4.18182
4.18182
4.18182
4.18182
4.18182
4.17798
4.18182
4.17979
4.18105
4.17683
4.18105
4.17159
4.1799
4.17762
4.18105
4.17952
4.18105
4.17839
4.18029
4.18029
4.17762
4.17825
4.18105
4.18182
4.18182
4.18182
4.18182
4.18182
4.18029
4.18182
4.18182
4.18182
4.18182
4.18182
4.18182
4.18182
4.18182
4.18182
4.18182
4.18182
4.18182
4.18182
4.18182
4.18182
4.18182
4.18182
4.18182
4.18182
4.18182
4.18182
4.18182
4.18182
4.18182
4.18182
4.18182
4.18182
4.18182
4.18182
4.18182
4.18182
4.18182
4.18182
4.18182
4.18182
4.18182
4.18105
4.18182
4.18055
4.17518
4.18029
4.18182
4.18182
4.18182
4.1799
4.17992
4.18055
4.18182
4.1799
4.18182
4.18182
4.18182
4.18182
4.18182
4.18182
4.18182
4.18182
4.18182
4.18182
4.18182
4.18182
4.18182
4.18182
