-17,16,249.6044474489758
-16,16,100.0
-16,16,251.61063524034594
-16,15,117.42066476611751
-16,15,255.1688883248789
-15,15,385.3088316001142
-15,15,100.0
-16,15,105.81964544842512
-16,15,102.86337729067446
-15,15,100.0
-15,15,132.5570671975541
-14,15,283.69260481458264
-14,15,193.3832304834443
-15,15,106.25661724548942
-15,15,100.0
-14,15,422.65988604948853
-14,15,220.1788325790567
-13,15,245.73761196394156
-13,15,101.82963742500912
-14,15,100.0
-14,15,207.44349402564916
-14,14,208.86463939781575
-14,14,195.36065036342742
-13,14,267.74082476517225
-13,14,306.1219248790087
-13,13,160.4364776038038
-13,13,100.0
-13,14,227.33442479582428
-13,14,159.23079465944605
-12,14,175.67418105312615
-12,14,177.52940604930538
-12,13,335.7211029844161
-12,13,203.70603944625964
-11,13,190.34086593677407
-11,13,100.0
-10,13,224.1562184359334
-10,13,363.5356558507809
-9,13,100.0
-9,13,302.6639964792977
-9,12,382.824979667193
-9,12,208.34571881008046
-9,11,382.73750043710277
-9,11,380.1459988239987
-8,11,445.75581310894574
-8,11,631.4026470669309
-7,11,163.89576599330366
-7,11,225.1872699397129
-7,10,237.7435375824786
-7,10,305.0174237159023
-7,9,237.94585186598516
-7,9,478.2046679751404
-6,9,182.84840278862836
-6,9,100.0
-5,9,499.91556821251805
-5,9,287.33566927345936
-4,9,270.32360747611995
-4,9,392.90776337537005
-4,8,443.7387275837525
-4,8,312.89452224443096
-3,8,577.193946500259
-3,8,202.76249622368354
-3,7,470.6391109649223
-3,7,783.4493368259546
-2,7,665.6876854015014
-2,7,278.3667857671927
-2,6,400.3960461454258
-2,6,172.74080632264912
-2,5,506.79779239503085
-2,5,472.8470872459746
-1,5,182.45746850575537
-1,5,359.51436953375526
0,5,585.8544854915144
0,5,507.95574328464414
0,4,414.78344869287343
0,4,247.7148333471953
0,3,758.7478851659585
0,3,380.27486787806015
1,3,448.56104136492127
1,3,813.6274748157175
2,3,419.5491819209059
2,3,452.4000530504468
2,2,248.59262390462544
2,2,373.377086473639
2,1,619.9020226551174
2,1,860.6465837792681
3,1,556.7554175471278
3,1,319.7407490771896
4,1,670.3215554606259
4,1,416.8775398253055
4,2,173.15559529376588
4,2,543.7168432492334
4,1,392.69248504619304
4,1,542.8687705409011
4,0,475.80390176203673
4,0,318.8637131008951
5,0,358.18924236926637
5,0,326.0599057063432
4,0,319.08736536005694
4,0,494.16504227868006
4,-1,608.2164276644838
4,-1,220.55114965402024
5,-1,762.0526119386777
5,-1,405.63216921731015
6,-1,498.16567805567956
6,-1,361.1241190074682
6,0,453.64579557911327
6,0,474.27176906281016
7,0,586.4177907349701
7,0,701.6480358187662
7,1,272.69178148760756
7,1,276.2392387956975
8,1,326.4668523069886
8,1,375.6351568199703
9,1,229.17691651981283
9,1,397.2407134031044
10,1,309.9391572344642
10,1,371.57346349164146
11,1,867.6822868875411
11,1,431.07637089863545
11,0,382.54693149962236
11,0,413.9502592296419
11,-1,189.39651433697298
11,-1,392.82384033463563
11,0,349.5491757828655
11,0,441.9668338983862
12,0,411.9834878429863
12,0,100.0
13,0,580.320350515263
13,0,263.1537964312219
13,1,169.12129258282437
13,1,426.49268117238927
13,2,227.55490067451098
13,2,357.4588960319539
13,1,402.59304941973863
13,1,252.1331006493287
13,2,386.6198545319444
13,2,263.6138306326906
14,2,100.0
14,2,244.8142324483897
15,2,300.7487126364107
15,2,100.0
15,3,157.7065683929871
15,3,202.1394229790037
15,4,170.94401323196846
15,4,272.2872411341219
15,5,100.0
15,5,250.47563723117662
16,5,302.86559460639273
16,5,100.0
16,4,556.5195173021166
16,4,389.1071718905537
16,5,378.97326574910903
16,5,157.3304410241272
16,6,100.0
16,6,395.9753190635595
16,7,100.0
16,7,359.30603798296687
16,8,100.0
16,8,166.24817618489874
17,8,100.0
17,8,240.32879475305202
16,8,100.0
16,8,100.0
16,9,203.97878535447853
16,9,227.74841637724427
15,9,399.9720755665897
15,9,100.30074855791464
14,9,151.05242169740256
14,9,206.565736449198
15,9,174.7319785783084
15,9,100.0
15,10,246.0798851733844
15,10,239.68357899144448
14,10,357.4961891654775
14,10,194.82814073506046
13,10,316.3409770629132
13,10,225.90871025920728
12,10,318.71758327460543
12,10,237.49923500573556
12,11,211.3043513651221
12,11,248.67554996921388
11,11,384.34046409616246
11,11,130.81797275277864
11,12,483.5714573355121
11,12,126.32858569128508
12,12,248.6822965716082
12,12,100.0
12,13,320.76512564416953
12,13,682.6859760879129
12,14,259.893112265112
12,14,204.81063694366583
11,14,295.17657694113774
11,14,121.38407990587388
11,15,384.03384298358253
11,15,100.0
12,15,100.0
12,15,278.41577216959917
11,15,336.77069115795246
11,15,303.0305984180965
10,15,113.180115449927
10,15,355.95048436207617
9,15,397.9143515831541
9,15,249.21401254024283
8,15,241.11105880873387
8,15,100.0
7,15,242.10780641442523
7,15,103.8199799332887
7,14,348.9220203453219
7,14,279.015192895081
8,14,229.20347001093907
8,14,291.4851428715979
8,15,342.3294590978128
8,15,177.4149694868571
7,15,100.0
7,15,394.37034336593507
6,15,100.0
6,15,140.12117912820995
5,15,472.7916181777075
5,15,218.86964654675708
6,15,269.6464091642155
6,15,234.30933964564207
7,15,247.96428022546513
7,15,326.2502865467935
6,15,395.7042379124311
6,15,100.0
5,15,181.59128590923484
5,15,168.32664432707142
5,16,212.6906033426488
5,16,377.6513409537954
4,16,192.2436038675223
4,16,355.33492797286976
3,16,193.02906761228854
3,16,100.0
2,16,218.05308107112026
2,16,112.12430551693485
3,16,443.4296996672479
3,16,349.3990600187441
2,16,246.34393496075907
2,16,172.50363034702178
1,16,101.9470445618266
1,16,107.96864297890426
1,17,243.74112096242823
1,17,245.99143525377247
0,17,100.0
0,17,206.16902502623378
-1,17,100.0
-1,17,100.0
-1,18,100.0
-1,18,176.64272858268126
-2,18,212.04841993580882
-2,18,100.0
-3,18,137.64349386517318
-3,18,145.1228775386919
-3,19,182.8995975869721
-3,19,100.0
-4,19,346.55821237845146
-4,19,208.33833151691528
-4,20,100.0
-4,20,100.0
-5,20,339.76115278585695
-5,20,276.8695915915855
-6,20,100.0
-6,20,147.73879211018635
-7,20,100.0
-7,20,187.8735087732066
-8,20,398.8478913122879
-8,20,237.81921899530846
-9,20,269.8404752579693
-9,20,100.0
-10,20,100.0
-10,20,100.0
-11,20,239.1559932929734
-11,20,197.94860268831775
-10,20,100.0
-10,20,132.21961676362147
-11,20,180.46870389945477
-11,20,100.0
-12,20,100.0
-12,20,148.1513446830516
-13,20,100.0
-13,20,100.0
-13,19,100.0
-13,19,141.96857415538835
-14,19,108.01933345784622
-14,19,168.95346673134424
-14,18,100.0
-14,18,100.0
-15,18,100.0
-15,18,100.0
-16,18,285.76776739291483
-16,18,152.22832081988184
-17,18,197.05123001670518
-17,18,100.0
-18,18,103.84606478081355
-18,18,105.29322457050267
-18,17,203.21771886419378
-18,17,100.0
-19,17,100.0
-19,17,100.0
-20,17,177.85308131185514
-20,17,298.342999709528
-20,18,100.0
-20,18,185.37764261585676
-20,19,100.0
-20,19,100.0
-20,18,100.0
-20,18,100.0
-20,17,100.0
-20,17,100.0
-20,16,100.0
-20,16,100.0
-20,15,119.45380257123722
-20,15,100.0
-20,14,180.31846006541724
-20,14,151.06100766592846
-19,14,109.7870960750154
-19,14,100.0
-18,14,100.0
-18,14,100.0
-17,14,171.58058866940772
-17,14,100.0
-17,13,221.99357033168826
-17,13,201.14706630572755
-18,13,359.3635961275986
-18,13,167.3527542003692
-17,13,100.0
-17,13,100.0
-16,13,369.4070007365977
-16,13,100.0
-16,14,100.0
-16,14,177.61243187769068
-16,15,100.0
-16,15,100.0
-16,14,100.0
-16,14,100.0
-15,14,100.0
-15,14,133.26234943666634
-14,14,187.4006496376559
-14,14,100.0
-13,14,216.02643747327625
-13,14,168.09170535249848
-12,14,173.79975816010088
-12,14,331.7177088192369
-12,13,100.0
-12,13,100.0
-12,14,207.29907082809154
-12,14,128.42559699070927
-12,13,136.71794858118085
-12,13,100.0
-12,14,100.0
-12,14,345.602731864779
-11,14,207.22096171745014
-11,14,100.0
-11,15,396.58354571656656
-11,15,341.4199304635432
-11,14,339.55251120648654
-11,14,242.10081942157456
-12,14,251.39598124521154
-12,14,100.0
-12,13,268.90856563046606
-12,13,167.48928481099978
-11,13,100.0
-11,13,152.36824775974299
-11,12,301.4318405208623
-11,12,222.79826849697494
-11,11,143.2421031704157
-11,11,281.07096353521894
-11,10,432.2766611979557
-11,10,152.96032121305478
-11,11,100.0
-11,11,175.6013608867324
-11,10,371.00163077731685
-11,10,112.40822016380034
-11,11,408.0840023156409
-11,11,465.18901937568626
-11,12,463.3679316171918
-11,12,100.0
-11,11,162.37230270703816
-11,11,213.34434957674986
-10,11,293.77466525341885
-10,11,226.40753989652916
-11,11,275.94329863649614
-11,11,345.9239895358213
-12,11,202.17573915681234
-12,11,100.0
-11,11,171.91308187635957
-11,11,100.0
-11,10,361.64861738205946
-11,10,293.6200218219545
-10,10,353.5507075993048
-10,10,217.82623901321458
-10,9,219.45680813267953
-10,9,244.28528542865368
-10,8,146.4141587858883
-10,8,156.11037029963853
-9,8,248.872381344996
-9,8,139.71520119037652
-8,8,406.38497917859587
-8,8,282.2943730290292
-8,9,188.74846494820025
-8,9,574.9518389716256
-8,8,734.1621840695686
-8,8,262.2654728453314
-7,8,258.720561517698
-7,8,428.0538128423932
-7,7,125.88290811283977
-7,7,275.78027651678144
-7,6,250.0260306642258
-7,6,119.50060990346455
-6,6,100.0
-6,6,438.08753041945874
-6,7,505.93114871729244
-6,7,277.6302124626582
-6,6,605.5522741254883
-6,6,405.7502882651489
-6,5,389.646615230108
-6,5,290.60486147794643
-6,4,330.47533263724495
-6,4,278.9963897767886
-6,3,235.48421139636181
-6,3,163.85437290741345
-6,4,777.3293112465929
-6,4,527.275265040562
-5,4,284.3033716592124
-5,4,298.994862524573
-5,3,297.1057575719135
-5,3,630.7895946915094
-5,2,327.92052468597024
-5,2,565.4424246372806
-5,1,626.8034760908602
-5,1,297.9094351035234
-5,0,438.10989906350545
-5,0,347.70258469434486
-5,-1,386.0187441723323
-5,-1,209.6623235244093
-6,-1,432.2517371055376
-6,-1,414.70450470180975
-6,-2,594.5879414684691
-6,-2,531.1861948204439
-6,-3,338.27567607166236
-6,-3,538.0186768472389
-6,-4,497.72963646615676
-6,-4,773.862687430466
-5,-4,586.3217463370697
-5,-4,277.97349991875376
-4,-4,330.13190589834204
-4,-4,619.2936765931
-4,-5,396.687157395483
-4,-5,329.5986557073276
-3,-5,168.95946644533808
-3,-5,230.33791157318893
-2,-5,715.7266024243474
-2,-5,150.89630044857398
-1,-5,327.52270356118066
-1,-5,685.9657002495585
-1,-6,430.45060881204375
-1,-6,270.9453194331057
0,-6,320.53481688548595
0,-6,286.15600054244743
0,-7,291.6871175672225
0,-7,311.39007021667635
1,-7,467.89675373551836
1,-7,151.5381944915639
2,-7,354.72144761541875
2,-7,685.9817053260322
2,-8,212.2615979911495
2,-8,512.087184874
3,-8,334.0994177577493
3,-8,352.6619977292507
4,-8,449.1825450240219
4,-8,554.2289265243506
4,-9,739.6703625438622
4,-9,279.423043746355
5,-9,100.0
5,-9,278.9442989506836
5,-10,429.3244331270338
5,-10,223.56144312562986
6,-10,607.6580379465274
6,-10,327.15736758840023
5,-10,236.03884537120575
5,-10,168.09009229575128
5,-11,331.9129998784198
5,-11,286.3805903294537
6,-11,157.02096656448055
6,-11,291.41186087949666
6,-12,139.23889037148584
6,-12,247.92625435905808
7,-12,100.0
7,-12,100.49745098554496
8,-12,176.32339908556543
8,-12,226.49183372761865
9,-12,114.16669408310457
9,-12,182.28408353687337
8,-12,673.1103619799094
8,-12,295.01958458821326
9,-12,160.14036591028372
9,-12,619.021399867356
10,-12,100.0
10,-12,668.3434241564267
11,-12,100.0
