-17,16,61.02395818445058
-17,16,57.69612571994579
-16,16,50.0
-16,16,102.60980376068048
-16,16,163.41594512559988
-16,15,55.44661712879076
-16,15,61.02395818445058
-16,15,50.0
-15,15,177.06339978435048
-15,15,75.26208882036185
-15,15,55.44661712879076
-16,15,198.82495789055838
-16,15,61.02395818445058
-16,15,50.0
-15,15,67.77298901523187
-15,15,104.56597275477296
-15,15,148.25059884218746
-14,15,93.96874262901986
-14,15,50.84615103718649
-14,15,121.84911790832533
-15,15,84.33998694816884
-15,15,157.8538096389292
-15,15,55.44661712879076
-14,15,55.44661712879076
-14,15,61.02395818445058
-14,15,245.97802504101276
-13,15,61.49691435634517
-13,15,50.0
-13,15,50.0
-14,15,55.44661712879076
-14,15,94.15994232948594
-14,15,208.59298845717018
-14,14,171.7881908650451
-14,14,211.71061254735403
-14,14,138.5032502209799
-13,14,50.0
-13,14,177.50387833914087
-13,14,535.9564425353336
-13,13,161.73671260706246
-13,13,84.52622493786302
-13,13,56.505024000535535
-13,14,61.42926652555766
-13,14,188.89824107022218
-13,14,175.10205624084213
-12,14,74.58429618150336
-12,14,109.05442643552786
-12,14,172.83978770629545
-12,13,82.72160874502278
-12,13,485.62548187512624
-12,13,92.01764722883506
-11,13,230.64194467978837
-11,13,144.64245724756512
-11,13,358.2331151287733
-10,13,103.13746905233774
-10,13,184.23269950862482
-10,13,50.0
-9,13,106.2156006904967
-9,13,259.6776890574677
-9,13,111.89876096647997
-9,12,130.1855498269087
-9,12,114.63018533443402
-9,12,105.53234619838045
-9,11,62.046372932750685
-9,11,500.984397672973
-9,11,438.97823874222627
-8,11,168.3008129350474
-8,11,96.96731076589532
-8,11,172.45853658587276
-7,11,137.53035856180185
-7,11,99.87332648610361
-7,11,287.34558959353353
-7,10,227.36337366685444
-7,10,468.9424349870095
-7,10,186.22640231227865
-7,9,396.6667345822177
-7,9,50.049691057460194
-7,9,291.5610835694017
-6,9,282.0623423246543
-6,9,193.90621224915157
-6,9,166.3318605032129
-5,9,225.9772091041967
-5,9,595.812939588212
-5,9,254.8139499826499
-4,9,169.8582425603121
-4,9,223.97968742221224
-4,9,112.87276396450343
-4,8,186.50811508197404
-4,8,188.62051444077332
-4,8,417.4850125409831
-3,8,164.62582147569137
-3,8,232.77950692851383
-3,8,143.48166269679606
-3,7,373.2488032903562
-3,7,422.9996507051512
-3,7,252.50743978164203
-2,7,232.77515967224448
-2,7,156.18606001969613
-2,7,171.90851673644036
-2,6,128.66519616752078
-2,6,239.02824628780226
-2,6,302.34644207928574
-2,5,310.732773789489
-2,5,206.3232633134997
-2,5,216.96025965491395
-1,5,372.2013090165497
-1,5,293.9772135664132
-1,5,331.34201491298177
0,5,262.26162944200706
0,5,237.81515587586398
0,5,201.08808862075753
0,4,281.2626485542411
0,4,374.080426482119
0,4,150.2323693069804
0,3,308.48508125711015
0,3,362.953061442273
0,3,441.28639956092746
1,3,226.6721000565475
1,3,805.3999939391306
1,3,284.32733429445443
2,3,304.98976138332966
2,3,192.24134799907446
2,3,64.18022771623265
2,2,247.036728063844
2,2,578.984371909378
2,2,279.1638512571335
2,1,333.4523769654117
2,1,240.97170125650882
2,1,256.36868193565584
3,1,332.5143919372195
3,1,337.9460738669739
3,1,271.2371200005535
4,1,520.2859389535487
4,1,505.2497242778646
4,1,281.5356867212387
4,2,540.6939043025177
4,2,164.61061513573407
4,2,262.39126973652264
4,1,432.9536286906326
4,1,317.26686257882557
4,1,203.4575425651219
4,0,654.225714413674
4,0,235.39646444972144
4,0,900.0
5,0,472.2808442581404
5,0,666.2795430423314
5,0,264.82911914485595
4,0,324.17402591642326
4,0,221.01997842092277
4,0,246.22910906270494
4,-1,189.40070438137442
4,-1,208.88272489995282
4,-1,157.21440675382973
5,-1,488.11783241549824
5,-1,276.2020126709835
5,-1,210.44887715726645
6,-1,204.36844923008945
6,-1,204.8683607786836
6,-1,248.3353443590039
6,0,249.86367101311785
6,0,242.7283852216679
6,0,158.68003214748967
7,0,233.1720352998125
7,0,289.8867104248324
7,0,265.15755097608394
7,1,229.04766511063036
7,1,250.77928258866757
7,1,258.7594800933674
8,1,226.23732171633534
8,1,507.51155235104295
8,1,221.66087756807352
9,1,471.23460061414056
9,1,290.8347811685811
9,1,281.60760589492446
10,1,654.7199986056339
10,1,224.32941559241343
10,1,194.49624281110997
11,1,217.11243018808335
11,1,242.96349417011777
11,1,309.633620984226
11,0,546.464323532391
11,0,210.34547219813274
11,0,210.78216270333627
11,-1,252.1703778682858
11,-1,50.0
11,-1,375.8626618533616
11,0,183.0214960214533
11,0,118.66069084434758
11,0,144.20867006859874
12,0,232.42953968909455
12,0,455.62966201317107
12,0,61.02395818445058
13,0,231.43268565571475
13,0,182.44148722576998
13,0,111.7743531356339
13,1,125.58530641127379
13,1,245.86859541264957
13,1,230.5743575500016
13,2,207.43775453216122
13,2,424.76782878433806
13,2,374.9280825441761
13,1,128.98363517474877
13,1,50.0
13,1,117.15290694783091
13,2,300.1167107974395
13,2,193.3906119456631
13,2,137.85194571504212
14,2,132.8933667507398
14,2,491.53604048892174
14,2,181.9903753109158
15,2,581.6030488208096
15,2,405.15854620525386
15,2,267.5093813873463
15,3,50.90099297162595
15,3,156.1211356142561
15,3,519.518845073294
15,4,215.50112218767035
15,4,142.71189177831297
15,4,201.22546413185486
15,5,112.98230691816387
15,5,257.72747328790575
15,5,110.77499040753548
16,5,137.40573524094356
16,5,144.35975378491662
16,5,69.70529583057626
16,4,122.19381830912188
16,4,154.9160396268641
16,4,169.35276119761977
16,5,143.14380977691178
16,5,257.97328860402695
16,5,192.79711169677
16,6,447.0112450862683
16,6,78.47385680921268
16,6,93.80410937420112
16,7,56.24339211574906
16,7,127.90243994515538
16,7,89.10266426340732
16,8,529.9383057410998
16,8,279.384767506554
16,8,114.27847329665155
17,8,247.40609922837723
17,8,462.60688853060276
17,8,111.44438125134627
16,8,156.14221250666284
16,8,137.45304836918413
16,8,176.42979769932236
16,9,164.11094062796366
16,9,361.56474151499935
16,9,101.00058327931922
15,9,50.0
15,9,59.692570289613414
15,9,61.02395818445058
14,9,95.73309623907889
14,9,50.0
14,9,172.77291243069072
15,9,61.46238378669629
15,9,186.04378320465452
15,9,140.83626044407063
15,10,55.44661712879076
15,10,196.50240296660257
15,10,139.96375955698977
14,10,128.76914287987083
14,10,190.52088884764729
14,10,138.72946601200852
13,10,178.56137319984134
13,10,110.69581928450691
13,10,165.13774101085352
12,10,272.20040857802013
12,10,143.50265740173236
12,10,150.11284530072498
12,11,95.49529071717888
12,11,111.776056158171
12,11,125.25525239330838
11,11,101.09396461644408
11,11,67.8458807661135
11,11,193.66426167938363
11,12,191.5251423669804
11,12,128.1985554961651
11,12,524.3551812895296
12,12,240.72143734347787
12,12,156.1891575447103
12,12,278.7916512772148
12,13,111.07585334417895
12,13,238.98205298689948
12,13,170.47346712040257
12,14,120.95720229613056
12,14,143.50926180784205
12,14,50.0
11,14,50.0
11,14,427.6610483858941
11,14,133.58428087609676
11,15,55.44661712879076
11,15,130.21383357989396
11,15,132.34374966154178
12,15,50.0
12,15,63.03575892345586
12,15,81.7760923716277
11,15,141.02065625448222
11,15,114.03578947262613
11,15,336.9527525768419
10,15,50.0
10,15,167.07366891284533
10,15,266.5987702440906
9,15,88.71673022537348
9,15,94.07191969538351
9,15,50.0
8,15,115.83822417075744
8,15,127.81746867449124
8,15,50.0
7,15,50.0
7,15,265.47069282944415
7,15,139.2843404054119
7,14,50.0
7,14,186.20750326381497
7,14,179.01016621175847
8,14,94.29845327594501
8,14,184.71994637432985
8,14,228.05512259356365
8,15,170.76136673199488
8,15,108.47002956769613
8,15,167.14425506422663
7,15,179.831597820867
7,15,157.42996368664785
7,15,166.80880423879043
6,15,498.5564570960785
6,15,263.92656399181146
6,15,430.39052774266395
5,15,174.43173303699464
5,15,78.24411386811818
5,15,178.09100689070223
6,15,57.74933569069057
6,15,73.99922346861015
6,15,96.58490158419349
7,15,165.67580668332238
7,15,323.790155259183
7,15,247.8769131120701
6,15,186.55018723093747
6,15,118.81628181378508
6,15,77.8246148501887
5,15,97.5431207050436
5,15,188.8557795733975
5,15,168.46158062309146
5,16,110.67050534612684
5,16,118.48085455320495
5,16,152.48168906220815
4,16,142.26933700702034
4,16,211.55409846822084
4,16,50.0
3,16,57.3136087560671
3,16,72.18807182328172
3,16,370.79236232623475
2,16,90.90176716601337
2,16,105.81774975452483
2,16,73.44217293372795
3,16,151.26673875288787
3,16,258.05312280733324
3,16,490.3181536011203
2,16,50.0
2,16,50.0
2,16,100.48235562862732
1,16,157.5370943809814
1,16,498.59320352195266
1,16,160.6300744270443
1,17,257.102763226466
1,17,66.29479459187553
1,17,430.68894675874094
0,17,188.19009943917905
0,17,55.44661712879076
0,17,50.0
-1,17,117.42401535716273
-1,17,382.3669100095971
-1,17,113.7278487342932
-1,18,50.0
-1,18,165.42597606627405
-1,18,75.95491209041005
-2,18,102.0336892445656
-2,18,112.96991766313263
-2,18,187.2389448661688
-3,18,173.65617838159866
-3,18,92.57945720575745
-3,18,119.58453387799756
-3,19,90.85188202842382
-3,19,153.67931438987972
-3,19,50.0
-4,19,231.5267413342776
-4,19,50.0
-4,19,61.02395818445058
-4,20,113.39664691884346
-4,20,51.073212995602084
-4,20,106.73227284006293
-5,20,61.02395818445058
-5,20,55.44661712879076
-5,20,133.93404559267103
-6,20,164.56463048708798
-6,20,134.20512559648853
-6,20,125.8073465416467
-7,20,61.02395818445058
-7,20,61.02395818445058
-7,20,128.00977963852804
-8,20,136.80255723577451
-8,20,303.7496987139362
-8,20,124.77699645870192
-9,20,55.44661712879076
-9,20,104.80021390430744
-9,20,50.0
-10,20,50.0
-10,20,50.0
-10,20,50.0
-11,20,136.13321401084485
-11,20,61.02395818445058
-11,20,226.99339693300948
-10,20,91.90069265115216
-10,20,151.89219673772405
-10,20,50.0
-11,20,50.0
-11,20,280.5037475669145
-11,20,50.0
-12,20,61.02395818445058
-12,20,86.30842666117772
-12,20,100.76099092844862
-13,20,97.1382618928192
-13,20,61.02395818445058
-13,20,221.7398505469347
-13,19,50.0
-13,19,50.0
-13,19,61.02395818445058
-14,19,393.6151667803162
-14,19,50.0
-14,19,281.59504700688217
-14,18,161.19456578885445
-14,18,55.44661712879076
-14,18,55.44661712879076
-15,18,61.02395818445058
-15,18,115.03109606569285
-15,18,97.21788413076587
-16,18,74.60118298564996
-16,18,50.0
-16,18,50.0
-17,18,99.17029534568837
-17,18,106.88491060003228
-17,18,50.0
-18,18,55.44661712879076
-18,18,123.88102370192887
-18,18,237.1154450874937
-18,17,61.02395818445058
-18,17,55.44661712879076
-18,17,50.0
-19,17,55.44661712879076
-19,17,61.72486044404045
-19,17,55.44661712879076
-20,17,242.5767391278726
-20,17,55.44661712879076
-20,17,50.0
-20,18,55.44661712879076
-20,18,50.0
-20,18,55.44661712879076
-20,19,61.02395818445058
-20,19,50.0
-20,19,61.02395818445058
-20,18,50.0
-20,18,50.0
-20,18,66.99298947625837
-20,17,106.62380132038088
-20,17,61.02395818445058
-20,17,50.0
-20,16,87.85413024384673
-20,16,50.0
-20,16,50.0
-20,15,61.02395818445058
-20,15,55.44661712879076
-20,15,61.02395818445058
-20,14,73.08472881015354
-20,14,50.0
-20,14,55.44661712879076
-19,14,55.44661712879076
-19,14,102.96211452498198
-19,14,61.02395818445058
-18,14,61.02395818445058
-18,14,55.44661712879076
-18,14,50.0
-17,14,61.02395818445058
-17,14,86.23367353744221
-17,14,55.44661712879076
-17,13,128.60172032041754
-17,13,50.0
-17,13,131.09554685229182
-18,13,50.0
-18,13,457.4266493611001
-18,13,75.70004444955177
-17,13,207.85401507758286
-17,13,55.44661712879076
-17,13,240.54792574707196
-16,13,168.29171436980636
-16,13,50.0
-16,13,55.44661712879076
-16,14,69.16755612615384
-16,14,291.5164095688817
-16,14,61.02395818445058
-16,15,55.44661712879076
-16,15,103.8555288506609
-16,15,75.05626877497296
-16,14,263.5651892626292
-16,14,50.0
-16,14,61.02395818445058
-15,14,78.34921576274672
-15,14,64.2047556366575
-15,14,55.44661712879076
-14,14,160.1687958035938
-14,14,50.0
-14,14,132.0541017586583
-13,14,132.75556594096224
-13,14,61.02395818445058
-13,14,142.06450539367503
-12,14,79.17754628760497
-12,14,158.16040010988462
-12,14,366.99128607883836
-12,13,50.0
-12,13,112.14297539164053
-12,13,55.44661712879076
-12,14,61.02395818445058
-12,14,55.44661712879076
-12,14,135.4508576287833
-12,13,123.42935993253124
-12,13,50.0
-12,13,186.92946424705968
-12,14,380.24453921859237
-12,14,95.24627347303507
-12,14,91.16037991701302
-11,14,222.46131632541977
-11,14,50.0
-11,14,119.10014331966107
-11,15,160.2332046903879
-11,15,61.02395818445058
-11,15,82.21861802710998
-11,14,160.0099155945887
-11,14,78.44409085991612
-11,14,75.98906257090829
-12,14,135.6001821482411
-12,14,55.44661712879076
-12,14,316.4355409492643
-12,13,73.29920544108094
-12,13,159.34824705471524
-12,13,197.89113771705894
-11,13,89.3822695038391
-11,13,153.8972563907784
-11,13,79.68003203984915
-11,12,50.0
-11,12,370.4769023491906
-11,12,129.9472559781953
-11,11,94.17011169650041
-11,11,169.6209417353486
-11,11,185.54437854351195
-11,10,260.9775872262135
-11,10,123.04542188603568
-11,10,84.0379758788554
-11,11,122.11543021165821
-11,11,50.0
-11,11,380.19581849006084
-11,10,153.30368730536551
-11,10,74.33357949630297
-11,10,55.84784559451858
-11,11,97.57241160241615
-11,11,155.76374833137425
-11,11,361.4808340024798
-11,12,195.1798962043479
-11,12,50.0
-11,12,50.0
-11,11,135.09784648751278
-11,11,72.71030776520894
-11,11,192.27549038065231
-10,11,185.05970072446445
-10,11,50.0
-10,11,50.0
-11,11,97.32232386156055
-11,11,130.08935074631847
-11,11,120.21298722119492
-12,11,174.65519232714112
-12,11,100.82199262418956
-12,11,194.2057791074282
-11,11,228.96527417675364
-11,11,113.42442499056136
-11,11,50.0
-11,10,61.02395818445058
-11,10,50.0
-11,10,171.2055427555236
-10,10,141.03764228356692
-10,10,164.77262320440445
-10,10,193.88523190628118
-10,9,239.93209619478267
-10,9,50.0
-10,9,170.65185298911626
-10,8,60.23583836152525
-10,8,147.8941457488281
-10,8,224.13036933332256
-9,8,405.4310855051174
-9,8,135.62598280682755
-9,8,758.8897817222964
-8,8,258.86318649505074
-8,8,102.60652007998925
-8,8,112.71869838296034
-8,9,50.0
-8,9,173.59650646030406
-8,9,161.20459047321162
-8,8,91.13307070356777
-8,8,160.45118098276092
-8,8,102.61399145527264
-7,8,188.24782983056483
-7,8,517.7789713715849
-7,8,136.9603021055326
-7,7,454.9977753889178
-7,7,196.63393163486597
-7,7,160.86518964858544
-7,6,473.2618605426534
-7,6,487.06764760109
-7,6,237.37427177141197
-6,6,218.19237517272242
-6,6,237.33624712216854
-6,6,400.8793165958939
-6,7,148.6090213030859
-6,7,212.0046745902909
-6,7,267.992218338263
-6,6,639.7796533349449
-6,6,260.99705968422757
-6,6,182.87345509298262
-6,5,507.96193742495683
-6,5,236.1350422193478
-6,5,194.82601086995965
-6,4,526.0015166654505
-6,4,549.0048804568552
-6,4,590.89927976654
-6,3,537.1351345765466
-6,3,233.340374299802
-6,3,269.90725322527413
-6,4,253.971028375011
-6,4,383.65700651328814
-6,4,218.42445777072243
-5,4,150.8286577783271
-5,4,215.8321795351471
-5,4,330.37378625555726
-5,3,212.42514734372912
-5,3,203.96813384115575
-5,3,189.6022828243991
-5,2,191.5727619174687
-5,2,326.9453298582225
-5,2,239.65695049978663
-5,1,127.487483568237
-5,1,278.1176244151069
-5,1,190.97449061628618
-5,0,621.7615998505912
-5,0,173.53844412557325
-5,0,426.2892378365611
-5,-1,285.8252614830924
-5,-1,203.93453197286473
-5,-1,186.2268065091548
-6,-1,211.11486066157832
-6,-1,252.02441601966132
-6,-1,315.0804803705589
-6,-2,307.0898116009269
-6,-2,104.17343167590452
-6,-2,246.5426174314539
-6,-3,175.2313620873582
-6,-3,270.3981452643564
-6,-3,399.4000173453667
-6,-4,248.7031012860333
-6,-4,252.5642727319822
-6,-4,200.8565573193755
-5,-4,314.0836732315549
-5,-4,197.70009312327178
-5,-4,180.38290965177555
-4,-4,277.2215845646032
-4,-4,521.7212088513846
-4,-4,255.58638251583062
-4,-5,133.678521964291
-4,-5,218.98554099177107
-4,-5,496.6347308548352
-3,-5,225.52257164539253
-3,-5,274.0343072562626
-3,-5,193.92326757073212
-2,-5,191.8048793027712
-2,-5,189.65754901343126
-2,-5,349.2906951223338
-1,-5,257.35223279553503
-1,-5,211.08234159389673
-1,-5,223.92155233061135
-1,-6,193.71196152138222
-1,-6,93.79932880734715
-1,-6,267.526209179578
0,-6,126.67311271048574
0,-6,336.93033113450184
0,-6,308.62132042162455
0,-7,275.7609115659602
0,-7,172.25792187128607
0,-7,247.98690939897395
1,-7,441.1193421600207
1,-7,147.01967907557326
1,-7,216.93460732099925
2,-7,149.41499780967652
2,-7,223.88100337893897
2,-7,232.5870281687234
2,-8,547.768780615788
2,-8,50.0
2,-8,137.35104182476965
3,-8,140.7038987861124
3,-8,106.41180207693154
3,-8,143.3177891651805
4,-8,50.0
4,-8,194.647684110384
4,-8,185.15706454999574
4,-9,124.68074160593822
4,-9,214.48425791479906
4,-9,158.89230928451943
5,-9,178.11983882809403
5,-9,184.85572683075395
5,-9,183.72920656894786
5,-10,127.86738839595425
5,-10,90.91310180619853
5,-10,206.67301691318457
6,-10,189.46960724929934
6,-10,304.27421783062357
6,-10,314.14250913616297
5,-10,125.3002986307402
5,-10,192.36065608221128
5,-10,76.58546571838932
5,-11,207.9966928747887
5,-11,185.88934122859376
5,-11,50.0
6,-11,88.29369987289235
6,-11,381.3309160459722
6,-11,50.0
6,-12,540.1274260285331
6,-12,283.38389048296506
6,-12,119.16201719980015
7,-12,145.30133460595445
7,-12,480.89817877130326
7,-12,160.98843995702003
8,-12,191.85495664367022
8,-12,293.7524040305834
8,-12,190.9247723168939
9,-12,61.02395818445058
9,-12,55.44661712879076
9,-12,50.0
8,-12,201.06738286435015
8,-12,74.41710462817608
8,-12,136.2870848273572
9,-12,159.41054830308377
9,-12,293.1960853990771
9,-12,311.52743221411527
10,-12,50.0
10,-12,50.0
10,-12,91.39976885336198
11,-12,50.0
11,-12,213.25801664723872
11,-12,50.0
11,-13,143.93054593247467
11,-13,50.0
11,-13,164.75418241518693
12,-13,61.02395818445058
12,-13,134.60766761665505
12,-13,148.67238957735935
13,-13,55.44661712879076
13,-13,341.69379339204363
13,-13,61.02395818445058
12,-13,71.82278537778669
12,-13,50.0
12,-13,50.0
13,-13,92.26226986584544
13,-13,140.2403279834574
13,-13,107.20603492156806
13,-14,138.73194444133702
13,-14,142.14195332406757
13,-14,61.02395818445058
14,-14,50.0
14,-14,57.63459169016002
14,-14,55.44661712879076
14,-15,61.02395818445058
14,-15,77.68397171296945
14,-15,148.91734844037236
13,-15,327.6951004156027
13,-15,369.007404256683
13,-15,81.488974033133
14,-15,104.12004090614963
14,-15,50.0
14,-15,50.0
15,-15,92.73661489315774
15,-15,55.44661712879076
15,-15,55.44661712879076
14,-15,50.0
14,-15,70.00558910640565
14,-15,363.37299077075033
13,-15,55.44661712879076
13,-15,55.29223435474175
13,-15,64.03891337287003
14,-15,55.44661712879076
14,-15,50.0
14,-15,106.51895300631055
15,-15,187.14795621628946
15,-15,55.44661712879076
15,-15,61.02395818445058
15,-16,158.6984406323249
15,-16,50.0
15,-16,50.0
16,-16,61.02395818445058
16,-16,111.64690822580067
16,-16,71.13163549426314
17,-16,50.0
17,-16,376.51290440553385
17,-16,50.0
16,-16,81.12543038311799
16,-16,159.2570747621332
16,-16,50.0
17,-16,78.50384598036202
17,-16,61.02395818445058
17,-16,69.80326470900023
18,-16,212.20779044281778
18,-16,61.02395818445058
18,-16,126.2218180970937
17,-16,96.03296446260345
17,-16,55.44661712879076
17,-16,55.44661712879076
18,-16,61.02395818445058
18,-16,59.77698419930205
18,-16,50.0
19,-16,55.44661712879076
19,-16,61.02395818445058
19,-16,50.0
20,-16,50.0
20,-16,61.02395818445058
20,-16,50.0
20,-15,80.68131641034086
20,-15,55.44661712879076
20,-15,55.44661712879076
20,-14,55.44661712879076
20,-14,106.38133584703645
20,-14,50.0
20,-13,55.44661712879076
20,-13,50.0
20,-13,71.23396023531238
20,-12,61.02395818445058
20,-12,228.60173759643203
20,-12,50.0
20,-11,50.0
20,-11,50.0
20,-11,61.02395818445058
20,-10,59.11508259601693
20,-10,50.0
20,-10,61.02395818445058
20,-9,50.0
20,-9,50.0
20,-9,55.44661712879076
20,-10,50.0
20,-10,83.70787525994479
20,-10,55.44661712879076
20,-9,50.0
20,-9,50.0
20,-9,254.7847148686528
20,-8,87.81670040585429
20,-8,50.0
20,-8,55.44661712879076
20,-7,101.72196135665205
20,-7,212.32997819120357
20,-7,61.02395818445058
20,-6,329.38073347265095
20,-6,55.44661712879076
20,-6,249.32295949460706
20,-5,50.0
20,-5,99.21725770360275
20,-5,69.82524353337561
20,-6,55.44661712879076
20,-6,114.27838504918822
20,-6,55.44661712879076
20,-5,55.44661712879076
20,-5,50.0
20,-5,50.0
20,-4,50.0
20,-4,130.29538941790491
20,-4,61.02395818445058
20,-3,55.44661712879076
20,-3,50.0
20,-3,61.02395818445058
20,-2,50.0
20,-2,109.60615312553114
20,-2,118.83108822245964
20,-1,50.0
20,-1,125.96630253956353
20,-1,77.0380330865142
20,0,90.52617095584786
20,0,137.3652199468239
20,0,61.02395818445058
20,-1,178.63356354947007
20,-1,63.58618943121121
20,-1,61.02395818445058
20,0,115.73701068655697
20,0,592.810220699082
20,0,91.45296343534193
20,1,84.31073586392291
20,1,50.0
20,1,100.17601252167853
20,0,86.52404924999014
20,0,115.35831845275229
20,0,191.64487520179023
20,1,120.63390909679762
20,1,70.56078626640397
20,1,143.71568791709333
20,2,79.08016033676427
20,2,61.02395818445058
20,2,583.2798788469745
20,3,132.77375452985865
20,3,102.91696884137298
20,3,56.13720031147111
20,4,120.70663830388182
20,4,50.0
20,4,402.6781165131666
20,5,215.9606929443951
20,5,153.9171133385017
20,5,55.44661712879076
20,6,82.40393353540334
20,6,71.59429016923524
20,6,82.393329914296
20,7,161.54074697759717
20,7,50.0
20,7,69.6262226461327
20,8,50.0
20,8,164.04928416582462
20,8,61.02395818445058
20,7,125.23989128290634
20,7,61.02395818445058
20,7,66.61039619464083
20,6,94.88664374701777
20,6,124.25351673173371
20,6,75.45547848428212
19,6,68.9938885837221
19,6,140.96059212215437
19,6,50.0
18,6,142.669488175434
18,6,64.96611262357425
18,6,96.16151221512035
17,6,102.38971080933581
17,6,222.8753211432636
17,6,50.0
16,6,151.25555423858683
16,6,459.0593404092199
16,6,188.6244581371235
16,5,226.00292605042435
16,5,151.55945455018886
16,5,92.64593149835392
16,4,293.11373070766035
16,4,133.16214964194182
16,4,64.16199950300195
16,3,235.307912723065
16,3,72.3987129794159
16,3,156.92890351457552
16,2,92.03288496377753
16,2,392.39786434688176
16,2,177.62987771482483
16,3,228.49546535167966
16,3,188.2532537270628
16,3,718.9662996362339
15,3,199.97806808404317
15,3,117.21729416651857
15,3,207.55679792801837
14,3,156.206439988746
14,3,156.73993161743763
14,3,113.31354609580691
14,2,129.29122160154182
14,2,110.46376553282303
14,2,249.59526348245882
13,2,173.86282147360524
13,2,384.4696524341862
13,2,171.21329363153956
13,3,130.92661936292762
13,3,206.0117155425925
13,3,254.91208350131615
13,2,232.31258432576706
13,2,229.37855507963556
13,2,61.02395818445058
12,2,260.41068139759625
12,2,295.4375634791298
12,2,295.37491957761955
12,3,533.517919384572
12,3,319.7231572838251
12,3,235.040630744657
12,2,197.86671246103037
12,2,223.36366119419216
12,2,192.24210808843023
12,3,120.72652801206073
12,3,257.08996900995567
12,3,590.4438350980373
11,3,180.3455457669168
11,3,136.38277446139492
11,3,184.68976020577625
11,2,194.03837420594627
11,2,205.60761735851784
11,2,198.84660970266776
11,1,262.5780818293209
11,1,165.18327046084784
11,1,154.9399499490692
11,0,220.6632754970556
11,0,250.1293964908853
11,0,435.8654863937658
10,0,768.5805237973539
10,0,155.00187870472553
