-17,16,100.0
-16,16,100.0
-16,16,100.0
-16,15,100.0
-16,15,101.7301535567998
-15,15,101.16534382771184
-15,15,250.9547303974431
-16,15,206.14115883343368
-16,15,176.83204487447614
-15,15,144.57107591804828
-15,15,123.71190140008862
-14,15,331.6995231349773
-14,15,216.71572846570442
-15,15,100.0
-15,15,100.0
-14,15,182.72647865535896
-14,15,258.42299068982203
-13,15,273.23295570692903
-13,15,100.0
-14,15,134.12855425290212
-14,15,284.8020737029594
-14,14,100.0
-14,14,257.7595485594861
-13,14,276.2661540721918
-13,14,191.4280062707829
-13,13,136.3795592507345
-13,13,100.0
-13,14,494.9802191393886
-13,14,425.12327776513393
-12,14,188.25761264780581
-12,14,147.36318375528805
-12,13,118.47066399262806
-12,13,100.0
-11,13,110.09809099901207
-11,13,452.82488517821696
-10,13,416.22945828900754
-10,13,219.90775350040397
-9,13,107.15353477435366
-9,13,210.44743793084888
-9,12,148.40052252523083
-9,12,190.12394728731044
-9,11,215.84094575995533
-9,11,331.41804750025335
-8,11,289.11896364375644
-8,11,211.4233679348044
-7,11,310.20012640318396
-7,11,197.32017808641228
-7,10,211.9451852262799
-7,10,380.3877452935657
-7,9,345.42011862044853
-7,9,296.68706643802784
-6,9,445.8846944506429
-6,9,252.23635055341956
-5,9,366.97371784279125
-5,9,228.7961463421145
-4,9,493.61126715356306
-4,9,604.6952776589184
-4,8,254.81021178707914
-4,8,344.3835061760134
-3,8,531.8068898250922
-3,8,372.3072196092148
-3,7,351.22706045356614
-3,7,312.4568924967514
-2,7,215.19996646376043
-2,7,207.95493380415522
-2,6,414.7874692180772
-2,6,428.6877741585475
-2,5,589.4981048625664
-2,5,638.8222303673274
-1,5,416.61703881975836
-1,5,372.52485009743737
0,5,292.6674671531368
0,5,472.70580507048567
0,4,520.3153832291481
0,4,754.7629151481254
0,3,239.43129215741357
0,3,568.2722369370612
1,3,387.89313207993507
1,3,530.3020695250149
2,3,677.2890675809937
2,3,227.73639065168547
2,2,949.4567711183612
2,2,344.43229113754217
2,1,460.0393710510985
2,1,384.9948456041511
3,1,544.3113720116495
3,1,433.5980943984078
4,1,462.12201921358843
4,1,341.8744384570805
4,2,342.79332217638296
4,2,497.0974525356689
4,1,540.920120890568
4,1,457.7593319917202
4,0,442.2200361546228
4,0,419.8101577646758
5,0,297.54809032568664
5,0,345.443352614589
4,0,424.6781950571278
4,0,425.06408403050136
4,-1,646.9648055334133
4,-1,592.3335969208671
5,-1,456.87281066615975
5,-1,217.9738463457841
6,-1,473.97539716826714
6,-1,397.77183429442675
6,0,358.6854419977451
6,0,333.42645854748906
7,0,444.81575136553965
7,0,380.2779579852173
7,1,306.2800168988953
7,1,314.3199035558586
8,1,379.9233864609825
8,1,301.2709455217075
9,1,331.82743985579884
9,1,357.8298304696938
10,1,421.5697678498034
10,1,349.75962933271063
11,1,301.50022974597664
11,1,362.9024847744024
11,0,221.72748087050707
11,0,168.34234360016416
11,-1,100.0
11,-1,131.30236188432568
11,0,435.4027857944313
11,0,386.05331134420675
12,0,583.1930656201516
12,0,260.2184613454027
13,0,277.50900120807927
13,0,100.0
13,1,215.37349659839674
13,1,253.89550122732345
13,2,661.7008547796315
13,2,106.89113899043491
13,1,206.14475693532808
13,1,203.57016589537176
13,2,287.63120210130944
13,2,256.3272021871733
14,2,507.3470772184739
14,2,361.95386277314
15,2,279.63336066606723
15,2,611.9956870634877
15,3,100.0
15,3,262.1177329579405
15,4,311.57383419112415
15,4,100.0
15,5,100.0
15,5,214.2107978589509
16,5,218.4078379766232
16,5,211.33381461219147
16,4,367.17904319139706
16,4,135.4642330835828
16,5,356.96701225843077
16,5,176.3730511057791
16,6,282.86370837323517
16,6,100.0
16,7,163.58289350366448
16,7,205.2179663070546
16,8,463.10240090810885
16,8,100.0
17,8,280.994379151239
17,8,100.0
16,8,107.06893929770385
16,8,176.0117014385008
16,9,266.37636744455455
16,9,241.7990913158574
15,9,100.0
15,9,363.9213792520717
14,9,100.0
14,9,263.6365391024607
15,9,198.13027417777852
15,9,301.4580300423417
15,10,100.0
15,10,265.61744922797936
14,10,101.50163428260844
14,10,100.0
13,10,153.49808725458627
13,10,303.1687122786708
12,10,180.50142288132704
12,10,270.0891852654701
12,11,100.0
12,11,224.68786873521688
11,11,210.83685451184297
11,11,120.53979420922465
11,12,228.65062151945057
11,12,217.42662152036806
12,12,100.0
12,12,281.1368188750638
12,13,124.14443486629897
12,13,215.4702864520955
12,14,100.0
12,14,100.0
11,14,100.0
11,14,149.86903139964016
11,15,169.04921516878892
11,15,100.0
12,15,100.0
12,15,225.4826008768688
11,15,247.50597192609075
11,15,155.30244412821708
10,15,100.0
10,15,234.2395913450999
9,15,100.0
9,15,272.63119758985204
8,15,271.27481202822526
8,15,100.0
7,15,100.0
7,15,468.09599809788136
7,14,100.0
7,14,324.1317708922362
8,14,218.96285961125915
8,14,430.755215828059
8,15,100.0
8,15,430.516800710315
7,15,125.25969388285966
7,15,296.3892353831861
6,15,293.0270590982739
6,15,113.61271481805235
5,15,100.0
5,15,100.0
6,15,157.67416660616973
6,15,468.85263627472165
7,15,466.1761416918302
7,15,462.46222035863616
6,15,176.5591374005906
6,15,331.15694458122715
5,15,213.63240273756688
5,15,166.19989644109387
5,16,370.91041935671115
5,16,104.42264550713284
4,16,445.4686425966271
4,16,308.31122790319216
3,16,100.0
3,16,286.03908217450385
2,16,235.13449829205183
2,16,198.9144204344648
3,16,441.3670453032868
3,16,180.2636266010818
2,16,208.3613213706036
2,16,335.78882016756927
1,16,198.85739408531933
1,16,444.2078010776562
1,17,290.1959002571669
1,17,187.7865023765577
0,17,266.35434411569355
0,17,141.1291290620413
-1,17,262.0976631291778
-1,17,123.29772190372806
-1,18,315.68202781047
-1,18,127.00296786244867
-2,18,100.0
-2,18,108.35171428894024
-3,18,441.8711828089295
-3,18,173.2609256767861
-3,19,142.83198127529337
-3,19,170.93659749246862
-4,19,338.7926589513723
-4,19,160.93618714014283
-4,20,100.0
-4,20,100.0
-5,20,100.0
-5,20,226.50758744792805
-6,20,100.0
-6,20,119.94679695423575
-7,20,269.6261153965803
-7,20,100.0
-8,20,231.52925703318346
-8,20,100.0
-9,20,256.96458822438353
-9,20,143.78528581389097
-10,20,100.0
-10,20,100.0
-11,20,100.0
-11,20,100.0
-10,20,100.0
-10,20,137.50452141224517
-11,20,223.849378339557
-11,20,151.76077430485284
-12,20,100.0
-12,20,279.471538453173
-13,20,220.42724621235058
-13,20,231.1316353342702
-13,19,100.0
-13,19,340.73374252079816
-14,19,279.6036381783253
-14,19,100.0
-14,18,100.0
-14,18,349.138058975501
-15,18,100.0
-15,18,100.0
-16,18,199.6445555591277
-16,18,100.0
-17,18,100.0
-17,18,100.0
-18,18,100.0
-18,18,100.0
-18,17,100.0
-18,17,100.0
-19,17,231.2611451731426
-19,17,160.7273399996979
-20,17,100.0
-20,17,169.1343323398337
-20,18,100.0
-20,18,100.0
-20,19,100.0
-20,19,244.282243808623
-20,18,118.74374279668514
-20,18,100.0
-20,17,100.0
-20,17,100.0
-20,16,100.0
-20,16,203.93611703464094
-20,15,234.19068981773074
-20,15,279.4408305984179
-20,14,100.0
-20,14,100.0
-19,14,100.0
-19,14,100.0
-18,14,100.0
-18,14,196.64511464281742
-17,14,149.88416987180318
-17,14,260.40719798205714
-17,13,100.0
-17,13,100.0
-18,13,100.0
-18,13,100.0
-17,13,287.79018800082224
-17,13,161.85499313251395
-16,13,137.60159709237948
-16,13,100.0
-16,14,126.91350050296126
-16,14,147.46876793116834
-16,15,132.54780714325673
-16,15,103.66908892737943
-16,14,100.0
-16,14,133.4903758412727
-15,14,100.0
-15,14,355.94309013887516
-14,14,286.1610331010461
-14,14,107.16061300328906
-13,14,100.0
-13,14,142.48629513370526
-12,14,277.48523152150557
-12,14,257.3849578342939
-12,13,177.43086445317942
-12,13,181.25823586033218
-12,14,272.00874289014047
-12,14,100.0
-12,13,221.9367792286395
-12,13,138.05278408650562
-12,14,100.0
-12,14,456.1605205164201
-11,14,192.08082219240072
-11,14,398.6077316668499
-11,15,262.0185890393636
-11,15,228.37313558041757
-11,14,406.2093484657052
-11,14,100.0
-12,14,101.18693215108746
-12,14,169.92428055007093
-12,13,100.0
-12,13,150.2007834056177
-11,13,100.0
-11,13,100.0
-11,12,383.02380116775515
-11,12,206.8545946934205
-11,11,181.2478968748745
-11,11,162.39563082911727
-11,10,100.0
-11,10,341.11758801019744
-11,11,310.55419913758385
-11,11,111.29636404299247
-11,10,185.3261057957134
-11,10,157.2781920255913
-11,11,222.61769132206396
-11,11,100.0
-11,12,298.5114817771849
-11,12,248.64559911208872
-11,11,100.0
-11,11,375.2138943027801
-10,11,217.9289551150994
-10,11,171.94101593021037
-11,11,223.96944326890437
-11,11,189.23849974141118
-12,11,347.1623897696852
-12,11,309.678572564351
-11,11,116.88958376386657
-11,11,111.36352999260355
-11,10,100.0
-11,10,289.34038261088506
-10,10,350.87275613758004
-10,10,231.6955921859015
-10,9,203.0285109205178
-10,9,365.17630901179706
-10,8,399.42248080190103
-10,8,189.51076953242875
-9,8,297.1815193043539
-9,8,312.5172089679179
-8,8,304.4389390489545
-8,8,473.01055326645917
-8,9,403.29412519178067
-8,9,315.2765362215617
-8,8,370.4041133252137
-8,8,241.3986836359724
-7,8,236.90902570942688
-7,8,204.28871289317544
-7,7,616.9468584801054
-7,7,404.23775376843247
-7,6,662.4760742553549
-7,6,201.67260944507888
-6,6,160.32254869025567
-6,6,546.9482343590806
-6,7,405.241911048138
-6,7,671.9417200417315
-6,6,240.21371768145394
-6,6,356.51979189933735
-6,5,742.8603666735855
-6,5,321.7320290671129
-6,4,407.74590782955215
-6,4,453.3884036063169
-6,3,464.6740160712402
-6,3,616.9364913885637
-6,4,210.14468509512363
-6,4,430.50147484951196
-5,4,570.8507499225873
-5,4,406.2660959504782
-5,3,506.3043864702232
-5,3,518.7838573025851
-5,2,159.70814670407987
-5,2,372.5731557092944
-5,1,333.88829931799233
-5,1,412.8553231249553
-5,0,647.1948793863708
-5,0,548.5416740985654
-5,-1,486.52302776601994
-5,-1,481.7586407243605
-6,-1,449.2952291203378
-6,-1,545.4483791510756
-6,-2,351.23325142814343
-6,-2,562.3370441203358
-6,-3,387.79270394344314
-6,-3,393.79047963707893
-6,-4,323.0084142731571
-6,-4,404.47742741166485
-5,-4,440.3196219700578
-5,-4,511.659315627197
-4,-4,408.59550562051567
-4,-4,401.18454535025654
-4,-5,294.84156814781926
-4,-5,703.3438491756289
-3,-5,421.7700941258812
-3,-5,102.13483957509942
-2,-5,320.775496123807
-2,-5,335.0875126997481
-1,-5,725.4379095842562
-1,-5,741.8543414023882
-1,-6,205.44048741189508
-1,-6,522.0936735735123
0,-6,409.08954271447897
0,-6,483.5342632171523
0,-7,245.81575260951195
0,-7,400.2186743236614
1,-7,453.83235445818116
1,-7,379.45738864851205
2,-7,592.2281429091535
2,-7,318.1532615611379
2,-8,217.53038856796562
2,-8,341.37340609003587
3,-8,278.5522883478444
3,-8,284.5439347736609
4,-8,427.7296451583168
4,-8,245.8841000854339
4,-9,219.48600533699502
4,-9,543.7030238158586
5,-9,228.06287047723637
5,-9,301.03404269827075
5,-10,268.59622262159667
5,-10,365.453639130009
6,-10,401.513925508021
6,-10,250.1215510581577
5,-10,297.7353774757525
5,-10,387.04340669675634
5,-11,207.78799770643369
5,-11,192.87008946537094
6,-11,110.07115553134028
6,-11,243.57651600425825
6,-12,376.89063750538537
6,-12,418.05971572340667
7,-12,114.266114148965
7,-12,237.62471291223983
8,-12,202.10873149246757
8,-12,100.0
9,-12,181.5966432548492
9,-12,345.8211533993908
8,-12,176.6438801832204
8,-12,492.73324889932803
9,-12,264.668396270363
9,-12,336.2012147056671
10,-12,205.62183062708718
10,-12,265.7879892290984
11,-12,154.3495765144118
