-17,16,100.0
-16,16,100.0
-16,16,239.31217426317298
-16,15,272.925076295925
-16,15,137.53650837950414
-15,15,100.0
-15,15,100.0
-16,15,216.78213386780828
-16,15,251.86353872879218
-15,15,100.0
-15,15,100.0
-14,15,100.0
-14,15,127.82524421850748
-15,15,241.3976703695065
-15,15,100.0
-14,15,595.4206687666823
-14,15,100.0
-13,15,100.0
-13,15,100.0
-14,15,192.43131353175895
-14,15,157.83066435819188
-14,14,193.30848330651793
-14,14,146.3096637443716
-13,14,463.51996447546696
-13,14,528.0764700301885
-13,13,100.0
-13,13,183.8451491713092
-13,14,268.5583440547838
-13,14,436.31593804789566
-12,14,362.1726081572258
-12,14,120.66705841016346
-12,13,100.0
-12,13,155.5373289080227
-11,13,288.7217023118306
-11,13,290.4098077952817
-10,13,261.08913800305214
-10,13,394.25800187347295
-9,13,408.17663143482383
-9,13,179.048061569095
-9,12,275.36942292733494
-9,12,171.84293750346478
-9,11,488.8926581695805
-9,11,382.2578568033518
-8,11,338.86193977822774
-8,11,401.81778636241415
-7,11,453.50456111496413
-7,11,509.7331594150132
-7,10,224.019978841888
-7,10,313.01418150915447
-7,9,169.45408868756743
-7,9,131.90698828879167
-6,9,301.19361934491315
-6,9,335.97216083885
-5,9,132.72569865679253
-5,9,690.4165593828585
-4,9,261.6522833110963
-4,9,360.07407892875835
-4,8,323.08936761223924
-4,8,620.4739287219554
-3,8,133.8761591188134
-3,8,306.29448141664864
-3,7,756.0083228960041
-3,7,663.8545561886937
-2,7,429.4687715863087
-2,7,342.59458234134934
-2,6,548.584237176281
-2,6,382.9358684684303
-2,5,474.26420542510607
-2,5,442.6523732373993
-1,5,402.26439663578435
-1,5,433.34932965318967
0,5,611.6228914857057
0,5,644.2545729371351
0,4,320.27363917294366
0,4,722.8253925029562
0,3,436.8261317482813
0,3,394.4095349496153
1,3,558.601764297242
1,3,658.5375319749048
2,3,358.7321221214745
2,3,1155.7158946443642
2,2,480.7357803158676
2,2,598.5956456551418
2,1,553.3481118198137
2,1,447.1306585947717
3,1,480.0223513412773
3,1,300.0332884400934
4,1,517.2789688072266
4,1,275.1531271595161
4,2,449.8152386803307
4,2,617.1168745031747
4,1,459.68110796867603
4,1,229.5189387686894
4,0,621.194441298009
4,0,443.24648500006674
5,0,275.4542838026849
5,0,433.815343340769
4,0,816.2647581269389
4,0,247.8236570241228
4,-1,280.34298028853203
4,-1,328.2603114694328
5,-1,483.7685459362653
5,-1,595.3019907726203
6,-1,448.0414269285388
6,-1,806.7311737700059
6,0,454.08366966544236
6,0,221.42755530404176
7,0,855.4056662389793
7,0,373.5269055554769
7,1,368.1556970619696
7,1,379.5438232701571
8,1,500.84506878649245
8,1,384.42619305710184
9,1,337.16359432702825
9,1,380.8332466461091
10,1,258.3117955764084
10,1,129.69703827325552
11,1,410.04499997532116
11,1,322.41099493468204
11,0,205.56811768676116
11,0,627.1967503895387
11,-1,420.3085614840102
11,-1,266.5196131205623
11,0,157.40973616531124
11,0,565.6400328258827
12,0,250.27928306296047
12,0,479.8238608424414
13,0,100.0
13,0,134.9786633472436
13,1,355.8141212392155
13,1,402.2417796922944
13,2,272.86919951815565
13,2,138.18947604937483
13,1,227.75467487823084
13,1,284.5945583248426
13,2,383.52052933225036
13,2,503.79101246404275
14,2,481.4966250327144
14,2,100.0
15,2,175.57637321307348
15,2,293.96186925599903
15,3,313.70840900062666
15,3,335.7271309352482
15,4,100.0
15,4,233.525203044417
15,5,213.85190469603697
15,5,178.56326930789442
16,5,216.95174600384328
16,5,215.90159483058017
16,4,114.56705153290366
16,4,142.30233475576404
16,5,178.3758052740099
16,5,343.5711265776607
16,6,100.0
16,6,572.8712597685808
16,7,227.566925361843
16,7,128.42722311015552
16,8,231.6951100771632
16,8,100.0
17,8,100.0
17,8,100.0
16,8,385.10253195429755
16,8,416.90326283091224
16,9,112.5552305907177
16,9,244.1662883798079
15,9,100.0
15,9,181.8751442608747
14,9,100.0
14,9,417.7532615290513
15,9,227.5841727650552
15,9,312.013133337182
15,10,332.65193993871094
15,10,230.46874890283868
14,10,189.40341939236006
14,10,355.11664367882787
13,10,128.0577738038142
13,10,260.7998622918006
12,10,351.93533145129476
12,10,373.3388253134556
12,11,205.59680306795065
12,11,100.0
11,11,433.82828451210816
11,11,151.39466025183424
11,12,100.0
11,12,318.5460611465998
12,12,100.0
12,12,363.0159225783435
12,13,238.6050989526913
12,13,100.0
12,14,100.0
12,14,234.93235569920927
11,14,100.0
11,14,119.69209181277208
11,15,100.0
11,15,204.5513680131621
12,15,384.8058756904243
12,15,106.49350426746969
11,15,234.37599149241402
11,15,229.64538034253425
10,15,100.0
10,15,344.6217691674552
9,15,394.3376408315361
9,15,100.0
8,15,100.0
8,15,260.03428827238633
7,15,277.85086460650854
7,15,397.96274001604127
7,14,235.42756938564727
7,14,116.8781657164329
8,14,225.17400532026485
8,14,239.4953449253237
8,15,446.6065963396853
8,15,183.13770849300005
7,15,100.0
7,15,243.12240910536738
6,15,104.93338678462021
6,15,265.69226002473295
5,15,241.72774755709906
5,15,100.0
6,15,274.2093731658854
6,15,336.5492116593432
7,15,147.76298461397053
7,15,590.9329187780147
6,15,100.0
6,15,222.52374014519904
5,15,213.2136529122822
5,15,266.24975078497005
5,16,100.0
5,16,213.60410011490802
4,16,441.22052104006866
4,16,140.46656762013941
3,16,151.86184272622916
3,16,523.2741268017452
2,16,230.9122705674626
2,16,168.14069843208628
3,16,205.20549299278593
3,16,102.04584690731548
2,16,100.0
2,16,117.71026050366812
1,16,425.07977610846075
1,16,368.3115441637701
1,17,100.0
1,17,302.86889244384355
0,17,277.81145928054076
0,17,220.65770052236965
-1,17,100.0
-1,17,100.0
-1,18,270.19954528172076
-1,18,302.316063283446
-2,18,102.67175480325032
-2,18,459.6312963491626
-3,18,216.56933252594894
-3,18,249.22263366717002
-3,19,162.8775605493229
-3,19,172.06782727937778
-4,19,176.4711699048944
-4,19,451.88988863762324
-4,20,100.0
-4,20,312.8128279151457
-5,20,273.58856242577485
-5,20,264.1285862941098
-6,20,236.52049918173446
-6,20,289.9304942595778
-7,20,100.0
-7,20,100.0
-8,20,100.0
-8,20,100.0
-9,20,100.0
-9,20,100.0
-10,20,100.0
-10,20,100.0
-11,20,100.0
-11,20,100.0
-10,20,100.0
-10,20,140.1753369262775
-11,20,125.1997187461272
-11,20,100.0
-12,20,100.0
-12,20,138.81844561954654
-13,20,100.0
-13,20,100.0
-13,19,100.0
-13,19,117.22722892962446
-14,19,100.0
-14,19,100.0
-14,18,201.5978649284351
-14,18,100.0
-15,18,100.0
-15,18,100.0
-16,18,100.0
-16,18,100.0
-17,18,174.23772863547367
-17,18,126.67035123072178
-18,18,100.0
-18,18,100.0
-18,17,260.1860297047344
-18,17,100.0
-19,17,100.0
-19,17,147.05391112720804
-20,17,100.0
-20,17,192.46753671968915
-20,18,100.0
-20,18,100.0
-20,19,100.0
-20,19,100.0
-20,18,100.0
-20,18,100.0
-20,17,116.26999327063086
-20,17,100.0
-20,16,265.0730594210976
-20,16,100.0
-20,15,100.0
-20,15,250.5921990204889
-20,14,100.0
-20,14,100.0
-19,14,100.0
-19,14,279.25274867928596
-18,14,173.2122721292203
-18,14,228.36276282438823
-17,14,100.0
-17,14,121.81921662640531
-17,13,307.6815976185644
-17,13,158.59649194443688
-18,13,106.57224020417186
-18,13,100.0
-17,13,100.0
-17,13,282.5681018466298
-16,13,122.34344336303405
-16,13,100.0
-16,14,100.0
-16,14,244.5413253910766
-16,15,294.5695836000641
-16,15,112.76151411584836
-16,14,172.32235805493625
-16,14,338.2590697879312
-15,14,100.0
-15,14,102.03873311243069
-14,14,519.1620994333516
-14,14,188.4433533596252
-13,14,174.2490934227664
-13,14,255.17452102219045
-12,14,232.4308729818873
-12,14,140.43834115248558
-12,13,164.62561138927032
-12,13,268.184079872667
-12,14,340.17341024274947
-12,14,184.99325008296708
-12,13,100.0
-12,13,171.0682441817222
-12,14,254.96182311220295
-12,14,100.0
-11,14,158.3054623864403
-11,14,314.23218644638155
-11,15,113.48745248386697
-11,15,100.0
-11,14,165.17371776149955
-11,14,100.0
-12,14,131.89682280456418
-12,14,116.83853497637786
-12,13,100.0
-12,13,190.3687706753156
-11,13,100.0
-11,13,127.05472711280889
-11,12,448.2916347627058
-11,12,100.0
-11,11,100.0
-11,11,277.06429738309197
-11,10,315.601435616911
-11,10,127.66865570170508
-11,11,318.88464364876234
-11,11,100.0
-11,10,212.87812398315748
-11,10,280.46525311170103
-11,11,144.0641171180286
-11,11,313.9742657155818
-11,12,163.63172139649575
-11,12,209.620453727632
-11,11,306.7093718859246
-11,11,187.6757736908768
-10,11,321.4470481567533
-10,11,385.76611909513815
-11,11,438.3569052705443
-11,11,319.50125825189315
-12,11,100.0
-12,11,100.0
-11,11,580.7628353574692
-11,11,200.60632808716366
-11,10,349.2080584763116
-11,10,261.93168582442337
-10,10,135.4795391948715
-10,10,100.0
-10,9,229.41707429577284
-10,9,261.09375112292815
-10,8,339.8110550557927
-10,8,181.1563546967928
-9,8,230.80379403497514
-9,8,100.0
-8,8,289.7187698776659
-8,8,263.4535769086342
-8,9,300.40915217427505
-8,9,460.51460218265964
-8,8,192.5012258115646
-8,8,108.52611785566549
-7,8,448.7626845062854
-7,8,223.63688282867366
-7,7,539.3221290701731
-7,7,292.0488039204581
-7,6,315.47940283562843
-7,6,297.74717475647606
-6,6,302.1158245552565
-6,6,209.69612934796868
-6,7,318.7328644543071
-6,7,100.0
-6,6,166.09845560912805
-6,6,187.04368006291622
-6,5,169.99740600938014
-6,5,372.84316193328306
-6,4,1060.3876392366662
-6,4,415.62352124631656
-6,3,304.34077528046623
-6,3,328.1214712374847
-6,4,377.7454035541883
-6,4,425.59838055164715
-5,4,477.065075403808
-5,4,580.6314477108056
-5,3,806.7712722931207
-5,3,518.1199009764426
-5,2,392.13230467710713
-5,2,323.6058054070468
-5,1,619.3152701541574
-5,1,475.4935764512198
-5,0,371.7413494228998
-5,0,318.8126437435682
-5,-1,458.005005890647
-5,-1,328.3698169102866
-6,-1,422.83326719899185
-6,-1,477.1060115327674
-6,-2,471.784240309501
-6,-2,655.9681541401965
-6,-3,461.1714906548909
-6,-3,390.9873680206298
-6,-4,413.5391595009074
-6,-4,451.4236473726061
-5,-4,292.77039114835924
-5,-4,291.10169891900813
-4,-4,402.76736043915787
-4,-4,664.2705420956671
-4,-5,595.7870044999034
-4,-5,240.3664169620413
-3,-5,611.6394406232866
-3,-5,476.26659352118844
-2,-5,559.2620211770496
-2,-5,365.2260330734422
-1,-5,754.4192348324086
-1,-5,276.70585819505413
-1,-6,404.12245722250367
-1,-6,805.6392561270397
0,-6,780.3429850547943
0,-6,602.2427341886158
0,-7,471.4654153008275
0,-7,302.6969791884551
1,-7,384.5297534643828
1,-7,157.62363857439627
2,-7,373.25462503866993
2,-7,292.45964178179827
2,-8,402.76038449428927
2,-8,428.72990294639374
3,-8,300.5337815606183
3,-8,292.67877983509777
4,-8,200.3033542386296
4,-8,546.9627007537575
4,-9,297.63910946051607
4,-9,303.9904282161101
5,-9,474.08355860911354
5,-9,372.9584411587502
5,-10,451.94332153691613
5,-10,506.6880940243629
6,-10,285.24639357432807
6,-10,445.69669734991436
5,-10,754.4848472000506
5,-10,477.0951475397002
5,-11,100.0
5,-11,108.5594249688607
6,-11,266.8232731526884
6,-11,389.8215949807075
6,-12,312.57145007475856
6,-12,266.9627714344482
7,-12,502.0832761584685
7,-12,354.9662862814178
8,-12,359.538138041413
8,-12,167.44385936096216
9,-12,378.44482035342924
9,-12,390.10803731552033
8,-12,253.8656735750416
8,-12,263.89169066424296
9,-12,307.32695607472334
9,-12,223.65742916900436
10,-12,137.41156881509283
10,-12,100.0
11,-12,126.3899566069063
