-17,16,100.0
-16,16,100.0
-16,16,100.0
-16,15,100.0
-16,15,100.0
-15,15,128.74423265955005
-15,15,346.1856905416414
-16,15,100.0
-16,15,100.0
-15,15,352.8360737368076
-15,15,100.0
-14,15,161.29579768935656
-14,15,100.0
-15,15,128.6617289759875
-15,15,100.0
-14,15,100.0
-14,15,100.0
-13,15,100.0
-13,15,100.0
-14,15,193.2300820041346
-14,15,100.0
-14,14,139.0983623736128
-14,14,278.8661287309194
-13,14,207.54528082861788
-13,14,165.3781888257602
-13,13,387.2083583432551
-13,13,204.38473241319565
-13,14,100.0
-13,14,260.17725486680666
-12,14,180.9627769422782
-12,14,347.3088679961471
-12,13,100.0
-12,13,182.29259262712768
-11,13,100.0
-11,13,191.94974734798348
-10,13,100.0
-10,13,144.44986536558858
-9,13,151.10569000139424
-9,13,461.30361319713336
-9,12,358.70303903908473
-9,12,268.599968010051
-9,11,536.3393361997227
-9,11,100.0
-8,11,339.3171261428871
-8,11,138.34621016077324
-7,11,416.89694571311634
-7,11,406.04686064584496
-7,10,192.0972425308934
-7,10,396.2366298946116
-7,9,301.63235620986086
-7,9,299.8963882509936
-6,9,292.9000375020776
-6,9,242.61684088275467
-5,9,311.45359544666667
-5,9,276.602563765443
-4,9,276.93012242968433
-4,9,280.4915398939768
-4,8,359.4324016833203
-4,8,458.890985933841
-3,8,368.88850827079
-3,8,588.8196030309168
-3,7,405.42442352460216
-3,7,554.2143284944187
-2,7,221.86913478765825
-2,7,436.63516740811133
-2,6,1047.3619856496932
-2,6,385.81255383402913
-2,5,499.68873406252646
-2,5,796.0665190802534
-1,5,265.7739168691736
-1,5,527.449447705768
0,5,100.0
0,5,563.4027740499139
0,4,395.9098293368562
0,4,369.78797284579923
0,3,457.52219141106934
0,3,714.7644208236329
1,3,174.61325369503402
1,3,381.47805405132505
2,3,276.16754905501165
2,3,493.7397252298579
2,2,651.8967634298061
2,2,307.79669909675306
2,1,642.6258265521287
2,1,409.2206314665337
3,1,564.7298021028046
3,1,398.1272007912693
4,1,317.4867388641054
4,1,597.0839680253987
4,2,228.0058177740369
4,2,421.7180688289603
4,1,238.08532747029392
4,1,381.24158757832527
4,0,234.07119515652425
4,0,386.00556070709143
5,0,488.98528738919566
5,0,293.74253731216777
4,0,263.0828712179884
4,0,470.74854607528056
4,-1,283.3760729758783
4,-1,515.6604520542695
5,-1,268.8561595613012
5,-1,391.3610158416136
6,-1,304.70320020423236
6,-1,553.541708285257
6,0,329.47011612617706
6,0,330.52666126816126
7,0,647.9375605784415
7,0,253.29052764779124
7,1,738.6471625975563
7,1,276.18902733245596
8,1,334.23482294949844
8,1,327.7876044235984
9,1,568.4455677655503
9,1,204.79955539840572
10,1,669.7021736268566
10,1,449.78637586920536
11,1,849.7121795514679
11,1,284.69657675891744
11,0,154.68144870419465
11,0,264.6701647969878
11,-1,240.16017993175097
11,-1,331.86855941518445
11,0,464.23562823812296
11,0,415.9053578828418
12,0,311.4830203243389
12,0,496.031347384401
13,0,501.10530249809983
13,0,349.296909512996
13,1,333.1706733011306
13,1,256.37296607326755
13,2,100.0
13,2,100.0
13,1,378.14732547595844
13,1,188.12843576669223
13,2,594.4167235979455
13,2,357.27711681118126
14,2,100.0
14,2,204.1538111702966
15,2,250.75624348461082
15,2,205.97701017967046
15,3,292.9967089738024
15,3,250.0112169764921
15,4,271.05639238090544
15,4,100.0
15,5,227.62509632928425
15,5,166.36250567444705
16,5,299.0211109806229
16,5,199.7105881641914
16,4,100.0
16,4,100.0
16,5,367.43799508466384
16,5,289.73957354717294
16,6,438.07492915465366
16,6,100.0
16,7,100.0
16,7,217.83336851888583
16,8,100.0
16,8,133.73242164179848
17,8,376.95578334632893
17,8,365.71881393314254
16,8,100.0
16,8,411.40376775378365
16,9,200.79085073894504
16,9,163.59326176147604
15,9,296.5242552722617
15,9,208.23094853678313
14,9,235.91982132526755
14,9,156.77798671442878
15,9,258.8188339993582
15,9,100.0
15,10,252.440389431769
15,10,413.27228364096544
14,10,113.39437998108565
14,10,309.4457360726677
13,10,445.32523470780694
13,10,505.29255772847745
12,10,165.1652564178862
12,10,273.9116099128165
12,11,100.0
12,11,449.83029671664633
11,11,112.65181164663585
11,11,246.88270928811647
11,12,213.8396492226335
11,12,311.9853983712741
12,12,434.0637982019553
12,12,325.0959954412964
12,13,226.14714763605167
12,13,100.0
12,14,100.0
12,14,100.0
11,14,100.0
11,14,100.0
11,15,100.0
11,15,100.0
12,15,290.59391798176284
12,15,100.0
11,15,267.8948428040517
11,15,120.27901305217287
10,15,100.0
10,15,465.78218422185546
9,15,121.93473110144258
9,15,301.04830950643054
8,15,100.0
8,15,253.24176609871282
7,15,150.34644123682583
7,15,100.20166820724612
7,14,344.7747947141334
7,14,302.7097675437251
8,14,192.22360347283254
8,14,269.37186495570097
8,15,212.7808714741133
8,15,243.12700948179062
7,15,259.20404491118904
7,15,473.8723076547637
6,15,347.88185143743453
6,15,241.13127084643085
5,15,222.46783079440792
5,15,134.95333915710438
6,15,224.6905595849547
6,15,216.13140531860782
7,15,131.07509008142154
7,15,252.48339463584153
6,15,197.88080062842775
6,15,296.54526621119766
5,15,100.0
5,15,149.80210474940571
5,16,457.80935181152125
5,16,100.0
4,16,342.41273317391466
4,16,191.52495456388436
3,16,100.0
3,16,204.41075197730143
2,16,286.20080271703387
2,16,107.09058236808151
3,16,173.40873079998497
3,16,398.8141222328526
2,16,100.0
2,16,100.0
1,16,152.64195713181311
1,16,192.66034711745877
1,17,100.0
1,17,100.0
0,17,267.4640172644859
0,17,537.5232037772528
-1,17,274.34605605368245
-1,17,290.1178756805973
-1,18,134.4295003377295
-1,18,340.1385227957086
-2,18,302.0411781333597
-2,18,211.87735258296482
-3,18,100.0
-3,18,217.9230046258115
-3,19,107.73029637639348
-3,19,163.24044653212087
-4,19,467.62642776709504
-4,19,226.41568286338853
-4,20,160.82442184684248
-4,20,142.21834477738312
-5,20,100.0
-5,20,100.0
-6,20,100.0
-6,20,129.7284300463393
-7,20,124.10872680502399
-7,20,106.55347341713184
-8,20,100.0
-8,20,268.8589160838074
-9,20,100.0
-9,20,309.55846555384585
-10,20,108.6554884993546
-10,20,246.2294038464116
-11,20,158.85376182684644
-11,20,100.0
-10,20,100.0
-10,20,100.0
-11,20,100.0
-11,20,100.0
-12,20,100.0
-12,20,256.10978709198673
-13,20,141.46194457691013
-13,20,100.0
-13,19,100.0
-13,19,100.0
-14,19,100.0
-14,19,273.6993409696205
-14,18,167.79316607923312
-14,18,165.09713754056793
-15,18,100.0
-15,18,141.77190246862517
-16,18,223.22693413225
-16,18,100.0
-17,18,126.33480869348699
-17,18,105.16346077570128
-18,18,424.0992503361691
-18,18,100.0
-18,17,164.72752344151002
-18,17,100.0
-19,17,100.0
-19,17,100.0
-20,17,196.60904457287455
-20,17,100.0
-20,18,147.93422482134036
-20,18,100.0
-20,19,100.0
-20,19,104.08608804212305
-20,18,100.0
-20,18,100.0
-20,17,100.0
-20,17,212.91882992240954
-20,16,100.0
-20,16,100.0
-20,15,131.9204885145175
-20,15,225.67229113461778
-20,14,222.5173760767469
-20,14,100.0
-19,14,174.26945226350975
-19,14,294.33254789296916
-18,14,100.0
-18,14,100.0
-17,14,100.0
-17,14,100.0
-17,13,100.0
-17,13,100.0
-18,13,100.0
-18,13,117.48491798610621
-17,13,100.0
-17,13,127.21736224521307
-16,13,100.0
-16,13,392.35958943683363
-16,14,237.01314653766167
-16,14,100.0
-16,15,354.20857183694835
-16,15,100.0
-16,14,100.0
-16,14,241.7467247245541
-15,14,342.2655294744968
-15,14,273.8721314062724
-14,14,390.50143430315535
-14,14,340.14110559289395
-13,14,186.6870548185484
-13,14,272.2033316820604
-12,14,125.06032991070293
-12,14,366.49959434817924
-12,13,175.2711756188461
-12,13,511.58402344883683
-12,14,293.20704976957074
-12,14,177.5583626519161
-12,13,100.0
-12,13,172.6804579251809
-12,14,137.1016068490536
-12,14,186.41149577442079
-11,14,129.77547289130334
-11,14,100.0
-11,15,100.0
-11,15,337.1708191622308
-11,14,100.0
-11,14,250.63969625463164
-12,14,411.6677111872638
-12,14,215.98531508906424
-12,13,103.05636639983047
-12,13,247.07248584700426
-11,13,214.32597430266787
-11,13,100.0
-11,12,201.6998751530204
-11,12,262.0707274765874
-11,11,445.66299657097574
-11,11,199.31650740411442
-11,10,358.26738276374516
-11,10,241.3188180075961
-11,11,451.3769414389134
-11,11,307.36361332613035
-11,10,160.65845076958823
-11,10,188.49886703833945
-11,11,557.8516429854085
-11,11,561.4170190246911
-11,12,298.3157292281454
-11,12,272.02025483837974
-11,11,231.93311273128265
-11,11,262.12921756420866
-10,11,288.48528645681154
-10,11,298.2263859774144
-11,11,238.85444132539817
-11,11,414.1890591357618
-12,11,204.61370154152087
-12,11,100.0
-11,11,100.0
-11,11,370.0807922020306
-11,10,406.3990422375499
-11,10,216.57275343296692
-10,10,262.6542139936754
-10,10,161.52666631197087
-10,9,201.84917517650064
-10,9,276.1393314234628
-10,8,399.8534978004409
-10,8,247.99760170859497
-9,8,410.5599671430566
-9,8,497.73788870934663
-8,8,485.4106591144278
-8,8,100.0
-8,9,427.9719281749818
-8,9,470.3569195960971
-8,8,143.10319062300175
-8,8,290.0494902671208
-7,8,171.66813652352087
-7,8,330.02101190096596
-7,7,100.0
-7,7,319.1076954732829
-7,6,481.14011645015216
-7,6,310.32012344944496
-6,6,342.2286108508491
-6,6,206.94130020815754
-6,7,510.4054399299773
-6,7,344.86426517890305
-6,6,315.36101126536926
-6,6,173.51609943659503
-6,5,350.39206167674035
-6,5,432.81287390243483
-6,4,302.81870601713433
-6,4,577.6490088606315
-6,3,416.99384222944815
-6,3,100.0
-6,4,610.8116832899194
-6,4,411.70022922059655
-5,4,385.9530497598033
-5,4,608.2302998150956
-5,3,536.7445562392893
-5,3,314.3235554274509
-5,2,257.18639121072283
-5,2,473.0059929762391
-5,1,431.94903635419934
-5,1,360.1788212066855
-5,0,328.0000746877938
-5,0,625.9585512315612
-5,-1,469.2688005170795
-5,-1,454.7383710957618
-6,-1,471.6398416485564
-6,-1,377.2724941752638
-6,-2,440.4457917532995
-6,-2,123.06057567024115
-6,-3,608.9714096443149
-6,-3,276.26541723337414
-6,-4,426.8549234275734
-6,-4,475.6265266439043
-5,-4,563.7156084686651
-5,-4,321.37149777160323
-4,-4,562.267425041606
-4,-4,358.35246874048266
-4,-5,252.20872615600916
-4,-5,380.1527505050868
-3,-5,798.2857488643413
-3,-5,113.61049295626867
-2,-5,601.0100038362789
-2,-5,256.97914894418005
-1,-5,468.38092079688397
-1,-5,441.85962173287464
-1,-6,274.11342132370356
-1,-6,184.355862680431
0,-6,405.2112415896541
0,-6,617.0095643655496
0,-7,471.0664196964307
0,-7,638.1064459393173
1,-7,798.2187036434129
1,-7,685.1771660637189
2,-7,419.71161987401695
2,-7,397.3701325290494
2,-8,402.7623210909304
2,-8,357.1813912646469
3,-8,493.4210871561978
3,-8,484.36521391053054
4,-8,273.72024710153255
4,-8,334.1284368719091
4,-9,348.3047936658627
4,-9,372.97350640991056
5,-9,100.0
5,-9,339.29266788111056
5,-10,226.17341349612906
5,-10,398.6170830260221
6,-10,363.968677433155
6,-10,290.348583281472
5,-10,112.51025602469687
5,-10,205.4215565705191
5,-11,355.0928322076025
5,-11,363.47897625196526
6,-11,454.29598680709677
6,-11,376.87593812563296
6,-12,250.82193201398263
6,-12,361.80916562831743
7,-12,223.13166123593027
7,-12,240.22952607458123
8,-12,243.63928644736083
8,-12,462.46437531399965
9,-12,265.5682616683903
9,-12,134.66775222625478
8,-12,314.4537301988756
8,-12,275.3608563613172
9,-12,302.26478913266067
9,-12,232.98506864071723
10,-12,163.06301285047084
10,-12,124.73652046529412
11,-12,158.0451104422542
