-17,16,100.0
-16,16,100.0
-16,16,110.58143287260603
-16,15,184.66211821779123
-16,15,227.0133459568985
-15,15,256.40008492739616
-15,15,100.0
-16,15,100.0
-16,15,100.0
-15,15,251.52522204060529
-15,15,271.8646660579569
-14,15,165.66970746807223
-14,15,100.0
-15,15,100.0
-15,15,100.0
-14,15,172.6097443373352
-14,15,115.96702595599685
-13,15,235.03832237035738
-13,15,100.0
-14,15,268.28348824246916
-14,15,220.6649634315524
-14,14,203.23934091351924
-14,14,178.60549358365938
-13,14,100.0
-13,14,186.51305301388294
-13,13,100.0
-13,13,356.3397051121809
-13,14,273.86670917347396
-13,14,144.57020317564005
-12,14,100.0
-12,14,272.1257664598088
-12,13,240.26308548420758
-12,13,100.0
-11,13,374.51252254841734
-11,13,463.75764075276544
-10,13,126.75465363783003
-10,13,222.17312241907106
-9,13,100.0
-9,13,265.6497450365058
-9,12,220.63192011997327
-9,12,194.32855469601307
-9,11,352.4443576104104
-9,11,200.55063156280244
-8,11,237.30242057590985
-8,11,142.60602633676677
-7,11,360.2343109600845
-7,11,309.60518763563454
-7,10,400.2843739197341
-7,10,496.03798753355875
-7,9,302.1763739729668
-7,9,100.0
-6,9,260.5841999593691
-6,9,179.09911565426523
-5,9,661.2774769726516
-5,9,277.6992975667599
-4,9,257.49539964184873
-4,9,444.85934230832993
-4,8,521.6641489052829
-4,8,429.5582110213604
-3,8,496.04035086523743
-3,8,350.2225595046862
-3,7,263.6041668868993
-3,7,278.00531002146806
-2,7,1043.3100033452822
-2,7,554.454981912517
-2,6,361.7464874915804
-2,6,612.0629803225337
-2,5,280.771602545782
-2,5,487.3025213780098
-1,5,309.9613226069957
-1,5,412.283528141661
0,5,346.3335971782958
0,5,423.55583890737876
0,4,573.7804501498647
0,4,358.029971565145
0,3,480.5204157173517
0,3,482.2161079136381
1,3,703.5819430787218
1,3,426.566877284429
2,3,253.4146493905837
2,3,401.49551908366686
2,2,1182.4255915902327
2,2,347.4694810179091
2,1,349.563183182171
2,1,342.77235446972094
3,1,868.9056221096907
3,1,416.1147442350649
4,1,280.82323030483633
4,1,412.15099629854325
4,2,884.2844343121806
4,2,359.8517198138326
4,1,539.2030656293792
4,1,276.0514594012526
4,0,466.74045856158375
4,0,364.5357772134566
5,0,409.2917962191716
5,0,175.5200000833025
4,0,679.9988860641797
4,0,620.4372459639729
4,-1,396.24796653928604
4,-1,830.750997880233
5,-1,348.30644900260666
5,-1,745.5190930178928
6,-1,300.098819131416
6,-1,267.58449503519523
6,0,267.82886541546134
6,0,428.90558654834126
7,0,265.16167702015343
7,0,387.67352388397063
7,1,507.4888303239814
7,1,487.6692338261232
8,1,555.7034908304835
8,1,280.4958762160376
9,1,199.74104848233776
9,1,228.60377249040224
10,1,247.3745447782684
10,1,386.37187871399595
11,1,319.22243429659596
11,1,520.417971842072
11,0,350.48101054431385
11,0,226.55329477028627
11,-1,619.2776655814407
11,-1,142.34886936956258
11,0,332.8857053073963
11,0,365.7400973673104
12,0,306.8877274187638
12,0,713.7360624873174
13,0,275.82539287069585
13,0,315.5882552896653
13,1,265.7044056914553
13,1,349.61503656648506
13,2,162.00077476311526
13,2,182.19823522868109
13,1,314.60122084271774
13,1,405.8745690265727
13,2,268.4646078221563
13,2,271.76372874698137
14,2,146.88675243451002
14,2,267.73976846239407
15,2,150.5743599666221
15,2,444.5755840169942
15,3,396.6105103404238
15,3,319.8050100593404
15,4,153.820801359788
15,4,256.3262846828583
15,5,342.71458733018716
15,5,337.7699599993062
16,5,129.13785823246658
16,5,100.0
16,4,287.857673642671
16,4,100.0
16,5,316.34195360219223
16,5,194.5386172476126
16,6,203.90606303259221
16,6,100.0
16,7,131.87575671409795
16,7,201.5375232605054
16,8,100.0
16,8,100.0
17,8,100.0
17,8,100.0
16,8,307.70481989460893
16,8,284.28633117624554
16,9,100.0
16,9,141.13065734934503
15,9,100.0
15,9,221.19446713318666
14,9,123.77017214601227
14,9,313.382307746178
15,9,100.0
15,9,106.6894771312039
15,10,274.0738976209089
15,10,100.0
14,10,263.16586259758117
14,10,135.38914658693218
13,10,490.44628467786305
13,10,219.2550380518316
12,10,225.7357758516036
12,10,606.2312028480333
12,11,100.0
12,11,100.0
11,11,136.11367303558575
11,11,249.91626841953183
11,12,105.68416303679834
11,12,281.8980131337642
12,12,358.0625724480791
12,12,388.5936064841248
12,13,100.0
12,13,433.76014551477806
12,14,165.80155574713046
12,14,327.4170982112202
11,14,100.0
11,14,193.8008547712893
11,15,368.36758095502915
11,15,100.0
12,15,148.5366878543353
12,15,168.7316754989282
11,15,239.90110518749373
11,15,243.28166439119698
10,15,197.33530500086826
10,15,275.41478117449583
9,15,100.0
9,15,202.76407354496155
8,15,187.47372247327291
8,15,373.58724029884127
7,15,238.75354605219238
7,15,288.0268513144527
7,14,173.31419540528242
7,14,374.4351520198595
8,14,354.73356966713504
8,14,100.0
8,15,100.0
8,15,100.0
7,15,100.0
7,15,461.77726358268984
6,15,126.1572407367477
6,15,284.75827499640997
5,15,298.3365366687757
5,15,251.44479874796758
6,15,286.973521407467
6,15,145.58308845256192
7,15,100.0
7,15,397.8847640115746
6,15,100.0
6,15,332.5422349930984
5,15,238.92488591636993
5,15,275.53483324701904
5,16,261.96356105383177
5,16,122.63893476367261
4,16,212.80856294982664
4,16,234.64580953524907
3,16,255.75119316422496
3,16,389.12138213889494
2,16,152.49370355935145
2,16,461.4832353424283
3,16,305.3599914546229
3,16,300.66396408290063
2,16,231.56032516211212
2,16,117.55112519618916
1,16,245.92945101236054
1,16,302.3926935927041
1,17,221.64625441822125
1,17,273.3540779762205
0,17,401.9245495595028
0,17,180.9767528614908
-1,17,493.07949002095313
-1,17,393.03260566187646
-1,18,255.378276996935
-1,18,100.0
-2,18,120.7391175552299
-2,18,100.0
-3,18,158.7781631975441
-3,18,292.72720318758
-3,19,204.11449222970833
-3,19,178.46717176051212
-4,19,150.96303822377922
-4,19,100.0
-4,20,264.59648848182906
-4,20,192.24622825649442
-5,20,100.0
-5,20,117.38060596907667
-6,20,157.83579276125977
-6,20,118.94001111668777
-7,20,221.3471525305721
-7,20,162.76299598739502
-8,20,137.59246666227583
-8,20,100.0
-9,20,337.49351658490184
-9,20,196.3983884699133
-10,20,100.0
-10,20,100.0
-11,20,156.0122828722411
-11,20,395.0733654644888
-10,20,138.30915750905564
-10,20,100.0
-11,20,100.0
-11,20,100.0
-12,20,100.0
-12,20,172.16621520705485
-13,20,100.0
-13,20,100.0
-13,19,100.0
-13,19,100.0
-14,19,100.0
-14,19,100.0
-14,18,170.52284382563943
-14,18,137.2916815800019
-15,18,100.0
-15,18,151.91507395328216
-16,18,150.11601962189945
-16,18,100.0
-17,18,127.2023420596331
-17,18,100.0
-18,18,100.0
-18,18,100.0
-18,17,100.0
-18,17,141.0192502032543
-19,17,100.0
-19,17,100.0
-20,17,100.0
-20,17,169.54515432650874
-20,18,100.0
-20,18,100.0
-20,19,100.0
-20,19,261.98396969258897
-20,18,221.6485373532144
-20,18,100.0
-20,17,100.0
-20,17,127.61875956377654
-20,16,100.0
-20,16,100.0
-20,15,100.0
-20,15,100.0
-20,14,100.0
-20,14,100.0
-19,14,314.66557410762425
-19,14,100.0
-18,14,100.0
-18,14,258.3602190546877
-17,14,246.49023028831797
-17,14,138.04507560796986
-17,13,179.65769331761646
-17,13,100.0
-18,13,169.8236816778717
-18,13,100.0
-17,13,100.0
-17,13,100.0
-16,13,100.0
-16,13,267.8995835752469
-16,14,108.0423903823814
-16,14,130.29337772841683
-16,15,100.0
-16,15,100.0
-16,14,320.83605152498717
-16,14,186.6626212787513
-15,14,206.79667487332853
-15,14,100.0
-14,14,100.0
-14,14,100.0
-13,14,118.15533799380384
-13,14,131.11580135077102
-12,14,310.17866829778455
-12,14,100.0
-12,13,299.55439991395554
-12,13,388.10649299514637
-12,14,100.0
-12,14,115.40238487037102
-12,13,142.4372417584198
-12,13,100.0
-12,14,131.50805365572393
-12,14,222.27713143193773
-11,14,100.0
-11,14,384.8091479993649
-11,15,288.2865856407211
-11,15,100.0
-11,14,100.8488042548619
-11,14,143.75600349624693
-12,14,158.3069455683177
-12,14,100.0
-12,13,100.0
-12,13,100.0
-11,13,100.0
-11,13,199.27424755938702
-11,12,508.8251752960772
-11,12,508.9644868206748
-11,11,236.29549414459748
-11,11,175.12588207186275
-11,10,416.121800062975
-11,10,806.1435194461959
-11,11,348.51206019075613
-11,11,588.2774999271176
-11,10,100.0
-11,10,279.6343431919447
-11,11,143.73925895205048
-11,11,308.63549902261485
-11,12,193.096870849771
-11,12,294.25188575207295
-11,11,164.11077936487465
-11,11,252.96644017331604
-10,11,196.52151773730594
-10,11,718.4549704840144
-11,11,286.0103031253493
-11,11,418.19232495978184
-12,11,100.0
-12,11,349.9168082633172
-11,11,218.2015155158049
-11,11,181.410715270759
-11,10,171.70110039358187
-11,10,369.7931433498103
-10,10,247.532576369912
-10,10,115.8215429840083
-10,9,194.64208373700865
-10,9,463.88065538559687
-10,8,242.49455063950748
-10,8,268.9426220523131
-9,8,389.2227443407444
-9,8,187.00969728185237
-8,8,234.80385393620725
-8,8,174.63086467582656
-8,9,170.1477087934237
-8,9,560.5411997770389
-8,8,244.4726563269355
-8,8,451.4286572952256
-7,8,386.05864944071186
-7,8,583.7611243986024
-7,7,272.06522377666874
-7,7,218.6874598997158
-7,6,183.96149359526837
-7,6,774.0719814410282
-6,6,213.51293433875864
-6,6,512.4041593763727
-6,7,334.6869427359753
-6,7,314.52488285481115
-6,6,613.1968427810131
-6,6,504.78417335526467
-6,5,396.12832086164883
-6,5,511.78712179297474
-6,4,251.48031648209133
-6,4,154.8724745281061
-6,3,342.16770266987436
-6,3,843.4038070432428
-6,4,358.98155875053175
-6,4,661.2392277856771
-5,4,720.5608463798727
-5,4,443.8443439200439
-5,3,505.8552603415015
-5,3,380.6510086118128
-5,2,373.87735669036203
-5,2,254.88231262124708
-5,1,721.1690466102756
-5,1,545.9734383878387
-5,0,728.9442695565806
-5,0,595.8357755633062
-5,-1,569.8360994929219
-5,-1,429.79960551873336
-6,-1,758.1627147401208
-6,-1,396.14259509273353
-6,-2,870.8561591783991
-6,-2,188.47049115081668
-6,-3,293.3828997338343
-6,-3,519.7885442270147
-6,-4,170.36907761371515
-6,-4,287.31758090904526
-5,-4,298.1753831288851
-5,-4,219.1797710471785
-4,-4,507.09459273137065
-4,-4,439.2895320588518
-4,-5,188.174074274539
-4,-5,443.3899205858094
-3,-5,203.4659899617773
-3,-5,176.9955885782603
-2,-5,299.09561316048064
-2,-5,326.0865803473192
-1,-5,458.36200669059957
-1,-5,355.9825011369994
-1,-6,384.98556555733876
-1,-6,270.0393546288705
0,-6,378.7899477924787
0,-6,222.01917224292185
0,-7,238.650996884479
0,-7,409.9672681572234
1,-7,358.18732540849834
1,-7,549.2886219028247
2,-7,600.2753416923172
2,-7,561.1187030341642
2,-8,186.63012226671708
2,-8,290.7494136431968
3,-8,406.6673324072651
3,-8,641.9852362612593
4,-8,156.5452832964081
4,-8,455.3978030306522
4,-9,468.97132568379743
4,-9,507.5871415320546
5,-9,440.24028679011747
5,-9,708.9362390036233
5,-10,475.4589324353244
5,-10,350.47599574915336
6,-10,100.0
6,-10,369.82632874960296
5,-10,280.44608253916243
5,-10,205.40143373110084
5,-11,550.7946229277178
5,-11,200.0352088578968
6,-11,385.6010171949085
6,-11,192.44794188650312
6,-12,329.5850191996868
6,-12,100.0
7,-12,508.8579856347529
7,-12,316.39793217406265
8,-12,260.1496685266462
8,-12,214.22731667066336
9,-12,113.58224304819501
9,-12,341.226074259855
8,-12,206.51836266372104
8,-12,289.1717727926218
9,-12,177.0296340547485
9,-12,228.24144176408464
10,-12,228.09546504443514
10,-12,193.83308349050463
11,-12,100.0
