-17,16,50.0
-17,16,339.39069063367714
-16,16,55.44661712879076
-16,16,50.0
-16,16,55.44661712879076
-16,15,50.0
-16,15,106.01865922651257
-16,15,61.02395818445058
-15,15,70.76124253578232
-15,15,89.93226684251057
-15,15,53.51579360495176
-16,15,61.02395818445058
-16,15,71.70902893519276
-16,15,50.0
-15,15,309.8735856368347
-15,15,61.02395818445058
-15,15,129.71354224004628
-14,15,55.44661712879076
-14,15,50.0
-14,15,89.36383985939038
-15,15,190.71272089422862
-15,15,308.3460778759064
-15,15,164.5646739557502
-14,15,60.89389892207362
-14,15,55.44661712879076
-14,15,117.4695296353502
-13,15,419.6974367658287
-13,15,50.0
-13,15,166.7867341629429
-14,15,61.02395818445058
-14,15,50.0
-14,15,371.1097678505067
-14,14,61.02395818445058
-14,14,89.06149777671486
-14,14,82.19643788400137
-13,14,135.90670038246773
-13,14,112.5685105756287
-13,14,63.633086954824876
-13,13,89.87982672086878
-13,13,84.0147872225256
-13,13,61.02395818445058
-13,14,55.44661712879076
-13,14,87.30233137714426
-13,14,56.13848670413461
-12,14,149.43169094949437
-12,14,205.17862924609997
-12,14,119.05908186955241
-12,13,112.36101791827545
-12,13,193.07537664870418
-12,13,112.25308942792383
-11,13,241.64574061018754
-11,13,93.94297939038786
-11,13,135.76611064162302
-10,13,71.78447720680342
-10,13,170.09307120340355
-10,13,98.95486626135465
-9,13,298.92269531304254
-9,13,162.82675724036736
-9,13,205.8668834605804
-9,12,371.7614754304634
-9,12,292.9133697877013
-9,12,235.83146359935662
-9,11,76.1211577177028
-9,11,80.04831634310847
-9,11,276.98982402982966
-8,11,289.4446579373509
-8,11,106.89170272675855
-8,11,227.5874636090494
-7,11,78.37141802486434
-7,11,108.74435055886107
-7,11,160.621375532278
-7,10,253.24888348386725
-7,10,178.4753344664906
-7,10,338.23501597428464
-7,9,200.7252230882199
-7,9,150.94636281168366
-7,9,157.83935797692192
-6,9,481.31753654882397
-6,9,84.3709830721395
-6,9,229.41452848846893
-5,9,113.08701914735417
-5,9,50.0
-5,9,419.0544495235161
-4,9,315.2986820313638
-4,9,209.71382840264042
-4,9,122.64781916205861
-4,8,282.27369595564323
-4,8,157.79866073373387
-4,8,462.13927488819587
-3,8,113.59653260327416
-3,8,241.351542960558
-3,8,222.16398903168897
-3,7,194.87667728676996
-3,7,242.66243573598507
-3,7,214.2149036316764
-2,7,679.7225811330135
-2,7,484.2498694244791
-2,7,210.3733518029228
-2,6,216.61010358627422
-2,6,285.06463054757455
-2,6,300.813200664539
-2,5,201.20356833036544
-2,5,345.7987204212928
-2,5,338.109446928799
-1,5,235.95477199697885
-1,5,250.42912690533427
-1,5,268.42058618553665
0,5,167.55917687905284
0,5,191.63457178881785
0,5,268.2124167870339
0,4,97.15699102637309
0,4,585.581771131891
0,4,263.02074126575405
0,3,154.47819114136422
0,3,281.95132211661826
0,3,305.1315960936603
1,3,698.2208221608552
1,3,246.62336459665752
1,3,300.65946540235353
2,3,199.81255686660612
2,3,251.89890871227658
2,3,234.26420358280907
2,2,260.82416940239455
2,2,244.6254047731333
2,2,409.01918864006325
2,1,421.18927477421283
2,1,330.03223620344096
2,1,562.8375928011877
3,1,223.40939487504875
3,1,264.5835046594371
3,1,188.32788186218616
4,1,249.71153079335005
4,1,710.0146442970113
4,1,259.42800223606133
4,2,711.3111169979694
4,2,275.8458395326365
4,2,185.4146855673496
4,1,314.61027003208187
4,1,255.85202961165277
4,1,274.9745482154525
4,0,666.0456339903972
4,0,538.5706120209659
4,0,326.57666823606894
5,0,190.22452988197622
5,0,287.0153580904
5,0,240.06100747747428
4,0,289.4053971342959
4,0,660.2275163613266
4,0,219.4760165629806
4,-1,584.2938755692348
4,-1,297.09884160012115
4,-1,190.70205894628336
5,-1,480.28899787488405
5,-1,205.41095994055848
5,-1,509.25656778658276
6,-1,184.8232673678122
6,-1,50.0
6,-1,231.83417542566488
6,0,212.67691746390835
6,0,548.573477798926
6,0,304.15973667499566
7,0,184.514907883631
7,0,313.6234065757684
7,0,196.61405621147085
7,1,180.2572083542812
7,1,203.95548709467283
7,1,278.2155990747201
8,1,292.83388818545916
8,1,202.57285915194703
8,1,289.33277447343403
9,1,132.25469322818407
9,1,261.15028244811515
9,1,204.11779427643864
10,1,359.1161288785564
10,1,269.07467723700046
10,1,458.40481885522166
11,1,155.72306486195967
11,1,240.8029996351496
11,1,520.12524964123
11,0,305.4515194003881
11,0,288.80166473726337
11,0,227.13054123392996
11,-1,178.16948053175577
11,-1,268.23849663043796
11,-1,180.44491119995268
11,0,134.20033304714343
11,0,199.4543600025999
11,0,157.03869508117802
12,0,69.92808203065175
12,0,217.44676407891873
12,0,189.66742213376023
13,0,589.1928175928041
13,0,165.06134038587518
13,0,385.6073428367986
13,1,153.25091773855695
13,1,384.8705281664328
13,1,224.44977576961196
13,2,249.6643728159898
13,2,115.82755472884827
13,2,100.30791628025284
13,1,188.48310706320862
13,1,120.23867021411732
13,1,338.2584121218394
13,2,101.8462703342444
13,2,168.50538777392273
13,2,182.337390601449
14,2,416.8634030960323
14,2,161.4347788114386
14,2,286.0219826196992
15,2,319.8729174594431
15,2,61.70130187758217
15,2,157.14174375145825
15,3,163.9137184703784
15,3,55.44661712879076
15,3,128.22570312669217
15,4,438.0746492067449
15,4,507.2395391274571
15,4,153.0913230700003
15,5,739.0009815936628
15,5,136.96892480643857
15,5,189.53675623079954
16,5,180.15272256487464
16,5,490.7931779929585
16,5,181.40295700955022
16,4,105.04397086602698
16,4,182.81098855843516
16,4,251.8068522343706
16,5,82.40848843301407
16,5,133.3723520997548
16,5,190.29443068879198
16,6,61.02395818445058
16,6,210.81410265402658
16,6,50.0
16,7,61.02395818445058
16,7,204.05525084073076
16,7,164.7487379303954
16,8,81.38437230316092
16,8,196.73574627247945
16,8,179.91927087162924
17,8,116.70353240346805
17,8,186.54354010372458
17,8,50.0
16,8,234.13311108718005
16,8,50.0
16,8,145.46915449743793
16,9,61.02395818445058
16,9,128.62591907730138
16,9,533.2266859735035
15,9,228.34544016278014
15,9,157.96545623591203
15,9,99.20506106990467
14,9,167.33702986958252
14,9,133.06775014886998
14,9,210.93881825353265
15,9,126.55994355090102
15,9,196.64072383391022
15,9,128.8837506896482
15,10,286.1576533426905
15,10,508.91946492390974
15,10,106.62753603682165
14,10,223.46136408469218
14,10,110.92352204997549
14,10,112.96438635742257
13,10,78.51380298777073
13,10,50.0
13,10,107.486455289108
12,10,273.5720362061191
12,10,261.820231901844
12,10,100.7941585941347
12,11,177.53830959501025
12,11,160.92623531253855
12,11,60.355921494252584
11,11,212.7287198765734
11,11,186.223313774764
11,11,50.0
11,12,59.27044685916232
11,12,612.2603829947077
11,12,379.8122297481641
12,12,83.56100383570018
12,12,183.87509386335933
12,12,173.0435114721014
12,13,58.221280250820335
12,13,126.78681203318989
12,13,681.44045458409
12,14,222.22678494441095
12,14,61.02395818445058
12,14,98.81015580637663
11,14,50.0
11,14,117.2182323597622
11,14,151.41616045149206
11,15,154.07583442972248
11,15,50.0
11,15,121.92973348201363
12,15,117.13730487776382
12,15,116.14889465385926
12,15,122.0877868199674
11,15,164.93350586512048
11,15,138.8740232234922
11,15,50.0
10,15,138.7001610981908
10,15,89.94245734474099
10,15,115.90438399971899
9,15,61.02395818445058
9,15,61.02395818445058
9,15,150.2403789664156
8,15,73.39428769609236
8,15,50.0
8,15,111.7869695010273
7,15,165.4133940460522
7,15,219.3943692003877
7,15,180.1138648918508
7,14,364.3888767304219
7,14,60.600613052293596
7,14,104.56641688625024
8,14,50.0
8,14,373.83961281393476
8,14,111.37947303705528
8,15,174.21534448462398
8,15,203.0827364370856
8,15,50.0
7,15,100.81039593813975
7,15,234.74095139597043
7,15,104.80592772904293
6,15,59.23798446805985
6,15,59.49041676116875
6,15,86.97090374094802
5,15,118.85030008812188
5,15,94.17281616075265
5,15,495.3144773452438
6,15,88.67293844018579
6,15,50.0
6,15,64.84596784627647
7,15,120.12957448957029
7,15,184.20645770270497
7,15,55.44661712879076
6,15,122.14144958027856
6,15,271.3950477437605
6,15,97.74690302306408
5,15,473.669035355908
5,15,188.78867890088773
5,15,221.96260155712287
5,16,89.97334697960682
5,16,176.62621470412432
5,16,164.77499702375505
4,16,112.14434584999131
4,16,50.0
4,16,50.0
3,16,216.2815307709194
3,16,121.75868335056984
3,16,50.0
2,16,281.08769176256226
2,16,78.24071218619983
2,16,196.57095385633158
3,16,308.27628477188387
3,16,50.0
3,16,79.50065413285554
2,16,200.6413160291337
2,16,166.8911336044785
2,16,78.26826672257081
1,16,122.9726759869935
1,16,196.16186443422745
1,16,355.0562677461561
1,17,303.8937316097945
1,17,61.02395818445058
1,17,180.58133248780655
0,17,261.40612760356595
0,17,146.21981992643634
0,17,110.85549655772094
-1,17,160.8496724862335
-1,17,171.7447542934405
-1,17,50.0
-1,18,214.40047901572996
-1,18,167.55301015906804
-1,18,61.02395818445058
-2,18,137.8886852913497
-2,18,129.62818948593716
-2,18,101.69854862314443
-3,18,365.511088355646
-3,18,140.4811845571998
-3,18,50.0
-3,19,108.02911679879846
-3,19,69.53750109029582
-3,19,50.0
-4,19,105.66158464733354
-4,19,85.62995874372004
-4,19,50.0
-4,20,81.81373958241683
-4,20,50.0
-4,20,140.80855464018026
-5,20,50.0
-5,20,121.11988700917438
-5,20,115.67362170015667
-6,20,286.8228707207218
-6,20,50.0
-6,20,74.15979646567787
-7,20,57.87524357285089
-7,20,80.82094796163567
-7,20,50.0
-8,20,114.07541957449789
-8,20,57.51256284227239
-8,20,132.95243192649392
-9,20,129.39675119042107
-9,20,115.09114778374516
-9,20,61.02395818445058
-10,20,78.47956661429988
-10,20,84.5804991729218
-10,20,113.50216040798682
-11,20,55.44661712879076
-11,20,167.30565533724095
-11,20,50.0
-10,20,61.02395818445058
-10,20,61.02395818445058
-10,20,50.0
-11,20,61.02395818445058
-11,20,50.0
-11,20,61.02395818445058
-12,20,50.0
-12,20,55.78099626935867
-12,20,61.02395818445058
-13,20,101.18834897910207
-13,20,61.02395818445058
-13,20,55.44661712879076
-13,19,71.5468209331403
-13,19,125.32385529095235
-13,19,152.24215160649618
-14,19,61.02395818445058
-14,19,99.48193389741185
-14,19,64.98240385803739
-14,18,85.9728156883964
-14,18,72.21642734318019
-14,18,50.0
-15,18,79.07124506446559
-15,18,50.0
-15,18,61.02395818445058
-16,18,50.0
-16,18,86.09535733797875
-16,18,70.21260643926033
-17,18,50.0
-17,18,80.0739922597345
-17,18,332.5129657455933
-18,18,86.28834359473497
-18,18,50.0
-18,18,133.01396701474874
-18,17,51.07032571144874
-18,17,69.97407293106446
-18,17,116.32273458616082
-19,17,61.02395818445058
-19,17,55.44661712879076
-19,17,55.44661712879076
-20,17,191.01672582731553
-20,17,50.0
-20,17,61.02395818445058
-20,18,50.0
-20,18,88.40555664901727
-20,18,61.02395818445058
-20,19,301.2983570409412
-20,19,137.11717038026737
-20,19,50.0
-20,18,55.44661712879076
-20,18,61.02395818445058
-20,18,143.6687395103177
-20,17,65.63962282307934
-20,17,50.0
-20,17,50.0
-20,16,71.79872386424307
-20,16,61.02395818445058
-20,16,61.02395818445058
-20,15,61.02395818445058
-20,15,61.02395818445058
-20,15,64.64024007577947
-20,14,153.26510919204463
-20,14,55.44661712879076
-20,14,55.44661712879076
-19,14,368.544815253594
-19,14,61.02395818445058
-19,14,50.0
-18,14,73.7802237867682
-18,14,73.69270622693489
-18,14,111.19210132556398
-17,14,50.0
-17,14,310.4946964015245
-17,14,113.17205761647475
-17,13,93.43344328719398
-17,13,55.44661712879076
-17,13,109.63059265472596
-18,13,152.57838007907966
-18,13,61.02395818445058
-18,13,77.03502793458529
-17,13,50.0
-17,13,68.80464142967944
-17,13,116.21014232316607
-16,13,60.13205490843315
-16,13,50.0
-16,13,55.44661712879076
-16,14,50.0
-16,14,50.0
-16,14,50.0
-16,15,69.63793097164842
-16,15,61.02395818445058
-16,15,126.16606601307305
-16,14,71.73359671158646
-16,14,126.05465495870266
-16,14,97.79370355010776
-15,14,55.44661712879076
-15,14,61.02395818445058
-15,14,426.4972406333513
-14,14,57.13451133370121
-14,14,50.0
-14,14,121.40405239820943
-13,14,50.0
-13,14,93.35522418336627
-13,14,130.40768643599122
-12,14,114.8371733061415
-12,14,84.08075861210153
-12,14,134.31291225085215
-12,13,55.44661712879076
-12,13,241.72612660969125
-12,13,92.3587604393896
-12,14,136.9347093154445
-12,14,172.31764029481315
-12,14,156.53701202395408
-12,13,61.02395818445058
-12,13,125.34298041215348
-12,13,88.85964068720371
-12,14,194.73356143240068
-12,14,284.4088155082484
-12,14,55.44661712879076
-11,14,174.40463401198292
-11,14,97.99088330758674
-11,14,163.85807462263278
-11,15,206.90798574715012
-11,15,100.80053610968957
-11,15,61.02395818445058
-11,14,153.8606772212348
-11,14,82.74118375077323
-11,14,96.4732847655902
-12,14,108.60331509440518
-12,14,141.59831589085914
-12,14,128.98073506725555
-12,13,184.37450116886416
-12,13,183.40015528109961
-12,13,123.60390936404656
-11,13,61.02395818445058
-11,13,339.83859951852025
-11,13,231.61534997993908
-11,12,189.64133701908753
-11,12,159.05027191766018
-11,12,58.23623960044618
-11,11,169.2325954709658
-11,11,183.07343134961877
-11,11,50.0
-11,10,198.33795318593536
-11,10,135.50180125914204
-11,10,313.95353310961013
-11,11,194.67846838984855
-11,11,183.41024480513073
-11,11,465.2735799274869
-11,10,125.75035675580739
-11,10,55.44661712879076
-11,10,234.8101046318564
-11,11,132.25232922851023
-11,11,103.98038582821013
-11,11,462.2702019867901
-11,12,221.3069470359763
-11,12,218.09077265230687
-11,12,217.63295832540672
-11,11,165.50216471636432
-11,11,227.17106968790608
-11,11,200.6692603066484
-10,11,131.40499348487623
-10,11,97.6328637995766
-10,11,331.1129897100559
-11,11,74.21740479651314
-11,11,136.73261352323019
-11,11,568.9014654287306
-12,11,226.16372355417818
-12,11,150.40932710614914
-12,11,117.48914041223813
-11,11,140.45189769203202
-11,11,100.56298288061981
-11,11,396.4078236461637
-11,10,93.660303792643
-11,10,189.4600969478244
-11,10,161.1360439061727
-10,10,123.71012598087437
-10,10,114.2510718906488
-10,10,185.6861285659665
-10,9,171.13835198427358
-10,9,151.9992777835767
-10,9,143.69570031900028
-10,8,143.98578559677117
-10,8,167.87105223492816
-10,8,165.42637281620722
-9,8,167.7070976017282
-9,8,243.40305882076427
-9,8,307.14844999978027
-8,8,145.20725728827335
-8,8,307.46727319379943
-8,8,180.4245654140772
-8,9,98.04980707661585
-8,9,523.6657729910994
-8,9,200.83410685119009
-8,8,173.34258803222164
-8,8,84.45621455893323
-8,8,389.04503388730615
-7,8,152.44409308586964
-7,8,99.1467725466764
-7,8,257.3233615997799
-7,7,214.07669066958073
-7,7,90.43988084311661
-7,7,452.8041182265102
-7,6,200.19105420383477
-7,6,198.2261083700244
-7,6,50.0
-6,6,498.723277279821
-6,6,271.4459520770065
-6,6,200.41151335274827
-6,7,125.31787664157613
-6,7,225.0591933204723
-6,7,204.96714523251032
-6,6,194.49694627698184
-6,6,268.6413217291734
-6,6,199.07274807578963
-6,5,266.01213837870205
-6,5,474.07861378832183
-6,5,145.15551053668474
-6,4,253.4488141971102
-6,4,223.33971028229152
-6,4,195.96814645344992
-6,3,128.2048922384376
-6,3,485.81014138189124
-6,3,414.0453879008044
-6,4,311.8547668207168
-6,4,222.75304497078673
-6,4,306.9366620987661
-5,4,169.35792080080665
-5,4,263.40446016097184
-5,4,338.949717515257
-5,3,153.0879866363589
-5,3,390.272674611182
-5,3,193.54216950571532
-5,2,261.73900124210394
-5,2,205.9979428886823
-5,2,288.2185375123833
-5,1,269.2854630796089
-5,1,258.57755147472784
-5,1,163.43509289185968
-5,0,115.00811964571753
-5,0,217.90024581122628
-5,0,96.03217539343122
-5,-1,439.82023909432525
-5,-1,188.29746383179406
-5,-1,151.50020882541946
-6,-1,667.875616819196
-6,-1,354.0603410951335
-6,-1,245.35377242531706
-6,-2,150.54496449945725
-6,-2,266.6469851047408
-6,-2,433.7828202827084
-6,-3,234.41492562272393
-6,-3,730.2372658759252
-6,-3,209.14237115331224
-6,-4,307.5044993226798
-6,-4,473.30515190322825
-6,-4,244.9960273815402
-5,-4,304.7817010638249
-5,-4,174.78070396263092
-5,-4,212.64947605665282
-4,-4,175.1571113855775
-4,-4,219.62538201353152
-4,-4,578.4267940293533
-4,-5,276.94732217392175
-4,-5,196.76374789907948
-4,-5,468.7216228967575
-3,-5,273.73341383017646
-3,-5,117.6080895822723
-3,-5,219.82277063624838
-2,-5,236.58581368695062
-2,-5,328.32266149307515
-2,-5,201.79244527643792
-1,-5,150.59485729549874
-1,-5,96.04218228136565
-1,-5,314.0035422916673
-1,-6,171.6766437646656
-1,-6,168.5823390749019
-1,-6,284.7249956476426
0,-6,339.22611645391635
0,-6,204.73046740161925
0,-6,303.8659515460264
0,-7,196.52520713861887
0,-7,239.8137305836754
0,-7,257.8441388944706
1,-7,50.0
1,-7,173.01961895057485
1,-7,510.7947486604373
2,-7,305.488565319781
2,-7,282.9154980678105
2,-7,50.0
2,-8,85.80547725661995
2,-8,224.35157338878298
2,-8,141.61105356508358
3,-8,203.5140009417945
3,-8,200.43684540616428
3,-8,52.55035869435733
4,-8,234.79977494330598
4,-8,214.22076809611855
4,-8,238.38904060442502
4,-9,560.8428529087763
4,-9,213.63428600936862
4,-9,499.40401168512574
5,-9,182.1045754416333
5,-9,423.24597737708615
5,-9,169.73352558979497
5,-10,214.8121261141457
5,-10,244.91365627098156
5,-10,164.04877063840473
6,-10,211.68278115748367
6,-10,228.67766199745714
6,-10,134.2322865270267
5,-10,67.11644432363227
5,-10,78.90565037291822
5,-10,333.1068877699147
5,-11,160.9575212668478
5,-11,255.81969928549472
5,-11,245.80786288971694
6,-11,510.3518633746738
6,-11,164.32860323945332
6,-11,101.13776848058966
6,-12,50.0
6,-12,61.85600331090657
6,-12,354.74298860771154
7,-12,123.62123573912902
7,-12,126.6181843473224
7,-12,256.88988787230716
8,-12,50.0
8,-12,218.60676093133847
8,-12,70.05951591172419
9,-12,114.80721980096094
9,-12,140.13064570866374
9,-12,215.8868260323045
8,-12,137.91668223924728
8,-12,50.0
8,-12,50.0
9,-12,184.94278052026422
9,-12,159.5284602529535
9,-12,166.67757962288977
10,-12,387.74642425169634
10,-12,61.02395818445058
10,-12,50.0
11,-12,122.4959573597878
11,-12,50.0
11,-12,50.0
11,-13,119.99952711550242
11,-13,50.0
11,-13,87.48034354879795
12,-13,155.59962869152042
12,-13,144.15531112740643
12,-13,50.0
13,-13,456.1811793155548
13,-13,61.02395818445058
13,-13,50.0
12,-13,61.22106821504755
12,-13,106.23191689088773
12,-13,154.4013523081746
13,-13,56.21928194172915
13,-13,199.5166454809986
13,-13,165.17226678625127
13,-14,50.0
13,-14,78.4463099660531
13,-14,186.616351799165
14,-14,50.0
14,-14,114.83349028924152
14,-14,110.32162751564768
14,-15,389.6347026056589
14,-15,118.76458967750786
14,-15,142.39656983887937
13,-15,61.02395818445058
13,-15,153.37254039526135
13,-15,61.02395818445058
14,-15,50.0
14,-15,284.99511690197755
14,-15,50.0
15,-15,160.87121505305265
15,-15,159.3448747716787
15,-15,50.0
14,-15,59.59880043702518
14,-15,368.0883787575654
14,-15,50.0
13,-15,126.45599824622516
13,-15,133.70250575472056
13,-15,91.36247904184575
14,-15,137.65276315369158
14,-15,50.0
14,-15,50.0
15,-15,50.0
15,-15,61.02395818445058
15,-15,282.5256758731097
15,-16,50.0
15,-16,197.82095700789975
15,-16,50.0
16,-16,129.34565456681764
16,-16,50.0
16,-16,55.44661712879076
17,-16,55.44661712879076
17,-16,50.0
17,-16,50.0
16,-16,57.30026461081122
16,-16,99.86167236412327
16,-16,132.4951232310287
17,-16,58.081481991270905
17,-16,89.97349045471587
17,-16,59.807514221596705
18,-16,109.52877545784385
18,-16,50.0
18,-16,61.02395818445058
17,-16,79.19320928932896
17,-16,50.0
17,-16,55.44661712879076
18,-16,50.0
18,-16,55.44661712879076
18,-16,55.44661712879076
19,-16,55.44661712879076
19,-16,56.46895610350147
19,-16,55.44661712879076
20,-16,50.0
20,-16,55.44661712879076
20,-16,156.5231575799571
20,-15,173.59007196889598
20,-15,61.02395818445058
20,-15,50.0
20,-14,55.44661712879076
20,-14,106.04195700581766
20,-14,50.0
20,-13,61.02395818445058
20,-13,55.44661712879076
20,-13,344.608443963117
20,-12,50.0
20,-12,61.02395818445058
20,-12,50.0
20,-11,50.0
20,-11,55.44661712879076
20,-11,79.68017909819449
20,-10,104.7816528165258
20,-10,50.0
20,-10,50.0
20,-9,129.92917371813223
20,-9,61.02395818445058
20,-9,220.82709358805707
20,-10,61.02395818445058
20,-10,61.02395818445058
20,-10,88.7447548855381
20,-9,77.74168466414102
20,-9,115.5831084150121
20,-9,50.0
20,-8,104.83602010841554
20,-8,68.70231002034642
20,-8,68.77078213521979
20,-7,302.3814045492392
20,-7,160.41932289669646
20,-7,61.02395818445058
20,-6,61.02395818445058
20,-6,58.4867901710459
20,-6,114.2627758507598
20,-5,194.7413457823607
20,-5,87.7996965890693
20,-5,213.82073616497647
20,-6,61.02395818445058
20,-6,99.17817808685749
20,-6,131.07381052741457
20,-5,110.93131242620044
20,-5,55.44661712879076
20,-5,132.09671684176973
20,-4,55.44661712879076
20,-4,50.0
20,-4,78.14969358532205
20,-3,50.0
20,-3,55.44661712879076
20,-3,63.40418732734704
20,-2,55.44661712879076
20,-2,176.56092761552497
20,-2,55.44661712879076
20,-1,61.02395818445058
20,-1,319.10281820041973
20,-1,50.0
20,0,150.50448258853865
20,0,98.49825829560955
20,0,94.4711439013266
20,-1,104.48872543832161
20,-1,185.54762573344556
20,-1,61.02395818445058
20,0,156.19605886280948
20,0,50.0
20,0,297.2999693730047
20,1,105.68255608168558
20,1,70.06223080257224
20,1,410.98504627435966
20,0,181.18952391326127
20,0,125.91086545454688
20,0,136.97902648085835
20,1,55.44661712879076
20,1,78.2210268403565
20,1,161.67957317268448
20,2,50.0
20,2,138.6003805948437
20,2,110.37283310154797
20,3,141.5867606057361
20,3,198.8935747967031
20,3,50.0
20,4,146.65313497108724
20,4,50.0
20,4,107.9367973168422
20,5,55.44661712879076
20,5,78.97508622186028
20,5,134.19625175711565
20,6,204.32906080778704
20,6,61.02395818445058
20,6,95.20651394498502
20,7,55.44661712879076
20,7,61.02395818445058
20,7,61.02395818445058
20,8,50.0
20,8,366.11396801961513
20,8,326.18222776743846
20,7,114.21684408649656
20,7,50.0
20,7,107.92040231208551
20,6,85.69044382392596
20,6,134.8961548474568
20,6,350.59381067818134
19,6,119.50239622863037
19,6,199.0462504067106
19,6,55.44661712879076
18,6,124.26124661352856
18,6,86.68481749251909
18,6,61.02395818445058
17,6,50.0
17,6,85.45097861688677
17,6,147.75228278910694
16,6,566.2656632343705
16,6,477.4479555280626
16,6,447.5532572696311
16,5,55.44661712879076
16,5,163.77210286885398
16,5,135.98133296309823
16,4,168.24117195228735
16,4,129.83750104800538
16,4,171.8774351107645
16,3,106.58123232833319
16,3,250.66783961314576
16,3,126.4481967698398
16,2,212.98855586626277
16,2,415.56708057203997
16,2,76.45505807940751
16,3,61.02395818445058
16,3,135.23837753360587
16,3,260.8411111075468
15,3,190.51496502899775
15,3,259.14353934210516
15,3,166.03150681347574
14,3,185.41403925720408
14,3,182.00606282732844
14,3,80.3272670880936
14,2,268.5650260752419
14,2,167.39886937649229
14,2,198.5810027344358
13,2,230.16824208384546
13,2,149.39491639040284
13,2,141.76904171096942
13,3,116.37748383739304
13,3,50.0
13,3,284.98515008800393
13,2,238.73164132274707
13,2,240.54798211182185
13,2,625.5644990762838
12,2,206.53123766839747
12,2,146.45449805906344
12,2,373.70342208323547
12,3,144.41343627870367
12,3,190.03394077674503
12,3,248.39646234640648
12,2,275.40505939048523
12,2,150.0799282990618
12,2,215.8786483326081
12,3,200.77088849042485
12,3,200.50687421665418
12,3,104.48264380956739
11,3,72.33805109132288
11,3,183.02644979425494
11,3,271.51918889152205
11,2,222.01283324319624
11,2,177.2506904522796
11,2,222.7950502900381
11,1,222.2049064962629
11,1,232.72619611720822
11,1,232.53241029908608
11,0,220.49822534485952
11,0,169.08787516508153
11,0,237.53867134222605
10,0,427.91101698951263
10,0,227.92431161410906
