-17,16,101.33938962383237
-16,16,193.46269662858361
-16,16,122.93746480404974
-16,15,100.0
-16,15,100.0
-15,15,472.0474522851753
-15,15,319.03542817259034
-16,15,272.14927901338024
-16,15,100.0
-15,15,176.9905134191048
-15,15,100.0
-14,15,117.18751405416134
-14,15,249.15227501166208
-15,15,164.09064382424063
-15,15,100.0
-14,15,215.45477606034973
-14,15,300.7142668095662
-13,15,100.0
-13,15,179.7628232986619
-14,15,117.506494922079
-14,15,100.0
-14,14,235.05347996025984
-14,14,100.0
-13,14,100.0
-13,14,100.0
-13,13,195.18773084530127
-13,13,221.10872540059972
-13,14,283.1458820982974
-13,14,192.55780683915793
-12,14,197.62858509640427
-12,14,191.50117840422143
-12,13,674.2519722905523
-12,13,196.25397292740251
-11,13,102.30355446638767
-11,13,281.9344834175363
-10,13,198.7951648312145
-10,13,100.0
-9,13,242.65179669894735
-9,13,100.0
-9,12,100.0
-9,12,297.84847690303775
-9,11,247.10879461056456
-9,11,443.9752344310258
-8,11,100.0
-8,11,314.7515907964945
-7,11,303.1734440401904
-7,11,915.4045276617925
-7,10,508.23666187846914
-7,10,210.43580141294422
-7,9,516.7350423814648
-7,9,346.1713622473375
-6,9,100.0
-6,9,578.0778897334116
-5,9,392.0325343772184
-5,9,281.30146032434095
-4,9,202.3080181179337
-4,9,144.93668215300735
-4,8,604.6900935924798
-4,8,290.22729147717064
-3,8,177.06738261633376
-3,8,509.52047905642974
-3,7,391.8486107825442
-3,7,963.6994548165217
-2,7,284.6316046259162
-2,7,220.57884506620923
-2,6,825.5858524898563
-2,6,523.4455185586494
-2,5,277.8011982276928
-2,5,501.92945775740117
-1,5,431.6479849839306
-1,5,327.6137831095285
0,5,314.9462825262644
0,5,503.098490762976
0,4,337.027395674587
0,4,312.13076649362876
0,3,567.7479451861249
0,3,398.7868088229197
1,3,295.1629809213921
1,3,725.0826209911654
2,3,463.769356208567
2,3,323.2211419740098
2,2,452.0451524501282
2,2,654.5596207405055
2,1,256.58906430235504
2,1,605.6427695356122
3,1,825.3445657239248
3,1,397.9283597110799
4,1,502.08051714170534
4,1,368.2888890825955
4,2,636.3744804879523
4,2,211.83477663120277
4,1,573.0275981347588
4,1,241.33624395642371
4,0,308.7267510725005
4,0,413.15247115505184
5,0,324.90128626550256
5,0,379.677430618146
4,0,933.3819678436768
4,0,105.80974977351428
4,-1,816.3182496037286
4,-1,494.5180928315731
5,-1,459.1888195586307
5,-1,587.0375586330287
6,-1,535.0486238952294
6,-1,382.31071967662297
6,0,582.9476750973296
6,0,433.04445358908237
7,0,343.4623608637951
7,0,303.19939281841
7,1,249.0123248490468
7,1,383.7313666058329
8,1,544.2849041741074
8,1,563.9033235959661
9,1,100.0
9,1,102.99587432019584
10,1,299.6895692177435
10,1,100.0
11,1,358.62234940702746
11,1,100.0
11,0,475.6839463849642
11,0,528.0738412587103
11,-1,316.3965624024306
11,-1,134.71062287236018
11,0,742.0377420159992
11,0,781.829206640102
12,0,688.817201285171
12,0,100.0
13,0,100.0
13,0,146.75334541290107
13,1,165.63665104616888
13,1,442.4222468309078
13,2,389.57245104943445
13,2,314.43422053048187
13,1,386.027928859775
13,1,120.85599457444076
13,2,500.93396772171445
13,2,100.0
14,2,218.47101568243286
14,2,277.43170290586346
15,2,269.7464508935598
15,2,372.8528772764418
15,3,175.14815885993178
15,3,144.46436775098516
15,4,113.30447733680911
15,4,100.0
15,5,241.0704527334867
15,5,177.64192538253405
16,5,217.8857328907723
16,5,225.03225359823216
16,4,374.5717567859914
16,4,332.4843756729637
16,5,261.70432608806874
16,5,100.0
16,6,100.0
16,6,315.0339471496334
16,7,100.0
16,7,353.4673561470015
16,8,273.996578209361
16,8,100.0
17,8,475.0372074954426
17,8,230.04852056509577
16,8,114.81056014120131
16,8,220.28047423210975
16,9,230.83487228798236
16,9,264.46380992517305
15,9,172.43532216454963
15,9,316.62956794610193
14,9,100.0
14,9,100.0
15,9,266.65075772101966
15,9,100.0
15,10,173.3547718645698
15,10,424.35005647679776
14,10,109.56180825576907
14,10,100.0
13,10,265.66728180928226
13,10,189.93634017551292
12,10,254.00489183862766
12,10,100.0
12,11,237.50808542948408
12,11,368.68585076604984
11,11,514.4528837807063
11,11,153.4046114516138
11,12,430.53980628062845
11,12,311.5123277545762
12,12,124.69439209901171
12,12,201.97237704985042
12,13,317.8184720855431
12,13,577.5116000730973
12,14,595.3298431659787
12,14,444.9536770570001
11,14,100.0
11,14,282.9968646292863
11,15,100.0
11,15,320.0294100898549
12,15,100.0
12,15,292.54932096639527
11,15,194.2082768863425
11,15,210.86216259589136
10,15,100.0
10,15,100.0
9,15,224.34457354700837
9,15,318.67578226367925
8,15,437.18823164740263
8,15,169.01705557957578
7,15,339.9426858005218
7,15,283.33890462723366
7,14,236.91121603497288
7,14,148.05905421407215
8,14,243.9933486009626
8,14,100.0
8,15,186.37570519464714
8,15,295.55126168037606
7,15,100.0
7,15,152.5694009055349
6,15,184.07722355868205
6,15,195.9890899424637
5,15,100.0
5,15,225.00900066207035
6,15,263.5983853170554
6,15,215.50878069913725
7,15,204.95351160192146
7,15,100.0
6,15,346.04247527874315
6,15,100.0
5,15,250.80645301557183
5,15,308.15690544626636
5,16,431.48647260757787
5,16,367.11835239784267
4,16,389.6194607901364
4,16,569.1271030609664
3,16,678.0259725779963
3,16,406.72516421120616
2,16,202.8422798389544
2,16,141.15295084176375
3,16,303.7586577040819
3,16,309.4309238002682
2,16,211.18477759821604
2,16,301.35770160517757
1,16,100.0
1,16,196.19759750551384
1,17,314.37049389800893
1,17,100.0
0,17,278.0854248445012
0,17,331.2786070202545
-1,17,100.0
-1,17,108.82170386215317
-1,18,100.0
-1,18,332.101966581552
-2,18,208.200441659302
-2,18,242.05400340667433
-3,18,199.49715191299882
-3,18,100.0
-3,19,101.76195354667168
-3,19,100.0
-4,19,100.0
-4,19,103.80816203935463
-4,20,102.58779528255808
-4,20,134.87992572202347
-5,20,135.68070220938765
-5,20,210.9953329742848
-6,20,100.0
-6,20,133.3110327036319
-7,20,201.70082985105688
-7,20,182.316987288002
-8,20,183.5423153681528
-8,20,187.49362003964274
-9,20,100.0
-9,20,100.0
-10,20,100.0
-10,20,100.0
-11,20,109.5327922218437
-11,20,114.59843384773738
-10,20,100.0
-10,20,382.3561270924934
-11,20,126.52261688198338
-11,20,136.47320028774652
-12,20,100.0
-12,20,218.5477917327043
-13,20,100.0
-13,20,104.33846964141561
-13,19,231.9845148718762
-13,19,100.0
-14,19,100.0
-14,19,100.0
-14,18,100.0
-14,18,100.0
-15,18,100.0
-15,18,206.75460727117144
-16,18,100.0
-16,18,165.77813377534775
-17,18,126.53046460156737
-17,18,100.0
-18,18,100.0
-18,18,100.0
-18,17,100.0
-18,17,477.42439174814194
-19,17,100.0
-19,17,100.0
-20,17,100.0
-20,17,166.9490295390831
-20,18,100.0
-20,18,100.0
-20,19,100.0
-20,19,100.0
-20,18,100.0
-20,18,100.0
-20,17,100.0
-20,17,100.0
-20,16,100.0
-20,16,290.0718626415269
-20,15,134.88315186601875
-20,15,210.75960954770812
-20,14,100.0
-20,14,100.0
-19,14,100.0
-19,14,100.0
-18,14,201.70391713463323
-18,14,100.0
-17,14,220.53816864990495
-17,14,140.6576071621654
-17,13,100.0
-17,13,100.0
-18,13,100.0
-18,13,417.01221409822983
-17,13,100.0
-17,13,160.07508801514075
-16,13,100.0
-16,13,100.0
-16,14,100.0
-16,14,256.4034278191534
-16,15,100.0
-16,15,100.0
-16,14,214.61809118873282
-16,14,100.0
-15,14,100.0
-15,14,100.0
-14,14,100.0
-14,14,248.16534379385678
-13,14,381.655501506858
-13,14,304.09325499054256
-12,14,125.44635577667026
-12,14,100.0
-12,13,272.20861733239565
-12,13,252.34553421498944
-12,14,218.81203710595824
-12,14,100.0
-12,13,118.12651347013197
-12,13,224.9196008480776
-12,14,192.9973457995684
-12,14,170.01166381661736
-11,14,453.8539354325811
-11,14,100.0
-11,15,197.99297884951935
-11,15,596.9845298100458
-11,14,100.0
-11,14,248.30199489635766
-12,14,274.71551640277227
-12,14,143.18777302315098
-12,13,542.4427171796792
-12,13,165.9769581725299
-11,13,611.6234315985795
-11,13,208.33220676631964
-11,12,373.83736122481304
-11,12,335.39583024433466
-11,11,131.5774719202911
-11,11,217.69245483705942
-11,10,221.63738276824768
-11,10,346.9879923681226
-11,11,236.21979329220233
-11,11,305.3084248346346
-11,10,368.67740025695974
-11,10,303.5509653330659
-11,11,256.64523173362386
-11,11,100.0
-11,12,379.45815202685344
-11,12,100.0
-11,11,124.90321542633002
-11,11,503.14649803338943
-10,11,282.7313843987305
-10,11,303.8684579069361
-11,11,263.5983063849018
-11,11,100.0
-12,11,100.0
-12,11,183.29525085433255
-11,11,279.3067629793385
-11,11,242.90450175567975
-11,10,161.07110289359503
-11,10,197.5905858156535
-10,10,233.2206273729123
-10,10,433.32559868051516
-10,9,261.32539965724095
-10,9,745.4837660684617
-10,8,210.13984159210494
-10,8,100.0
-9,8,241.33677125665568
-9,8,100.0
-8,8,287.2763454868337
-8,8,235.48944872965131
-8,9,284.9293665732073
-8,9,153.75314389489546
-8,8,266.18276506791557
-8,8,367.36898122423554
-7,8,341.51655534569085
-7,8,321.22339631772417
-7,7,174.72728573114009
-7,7,310.6657310599363
-7,6,409.3903099180433
-7,6,593.4481885507399
-6,6,406.8453349330624
-6,6,357.38806563366325
-6,7,664.7438654734892
-6,7,409.7180756659292
-6,6,314.8665683467755
-6,6,263.7047930069356
-6,5,349.36115835094336
-6,5,203.34556856825967
-6,4,435.16321376286766
-6,4,544.3827274103165
-6,3,100.0
-6,3,443.6862257781655
-6,4,413.84444376474903
-6,4,458.0951536895864
-5,4,473.0105252281636
-5,4,202.50002078995277
-5,3,512.8804591600805
-5,3,326.3261628209089
-5,2,330.46894906043235
-5,2,562.8473547133825
-5,1,553.0216976625278
-5,1,251.29218791331715
-5,0,495.81841281312103
-5,0,354.8326001325743
-5,-1,297.79731160792164
-5,-1,723.0170873873159
-6,-1,507.426657126392
-6,-1,379.8019256436136
-6,-2,567.243725488278
-6,-2,321.9512264769179
-6,-3,590.2853688898714
-6,-3,459.0532457438162
-6,-4,186.83976778220523
-6,-4,372.49605990957485
-5,-4,389.06170983199536
-5,-4,491.4534487612762
-4,-4,270.0561388998381
-4,-4,528.3896180435569
-4,-5,269.7714157821292
-4,-5,650.5975228476352
-3,-5,312.16260054886334
-3,-5,556.862940424312
-2,-5,732.6522694136098
-2,-5,190.95701515192928
-1,-5,458.84103762066695
-1,-5,416.93499873571915
-1,-6,321.18505555723107
-1,-6,397.23741532299493
0,-6,468.82874711289816
0,-6,389.9229026758043
0,-7,309.53821387806414
0,-7,511.3682793579567
1,-7,394.45918798488117
1,-7,248.69131107001374
2,-7,330.3713669326297
2,-7,437.02711470813256
2,-8,510.4358446092199
2,-8,244.896075129963
3,-8,343.1384651673798
3,-8,465.439927061121
4,-8,506.7194906845784
4,-8,100.0
4,-9,240.37269788748432
4,-9,252.08881322659096
5,-9,205.5525956645304
5,-9,365.1506672256328
5,-10,488.65428273646444
5,-10,150.90004658089578
6,-10,387.2238957812846
6,-10,306.11340392181245
5,-10,239.80172146084124
5,-10,280.16818291178635
5,-11,489.1712177076595
5,-11,275.6234212472895
6,-11,382.3481816940769
6,-11,169.05334827000132
6,-12,100.0
6,-12,710.9092622642105
7,-12,548.7214800402055
7,-12,352.7236891497292
8,-12,429.1646071579469
8,-12,199.87779760541818
9,-12,239.8143002024972
9,-12,246.27728989090906
8,-12,283.03250891181716
8,-12,230.23356979870098
9,-12,100.0
9,-12,189.68638826439098
10,-12,181.60865650986042
10,-12,100.0
11,-12,257.95975495939507
