-17,16,50.0
-17,16,50.0
-16,16,50.0
-16,16,127.30756248683298
-16,16,89.44829066063755
-16,15,103.34508515134533
-16,15,125.22756391423215
-16,15,218.38764412707928
-15,15,117.06897633475657
-15,15,76.9048089057291
-15,15,88.8724032570521
-16,15,61.02395818445058
-16,15,61.02395818445058
-16,15,165.27143235292203
-15,15,202.97595051535885
-15,15,141.02696827271038
-15,15,75.4927894639509
-14,15,50.0
-14,15,70.95692758401802
-14,15,50.0
-15,15,55.44661712879076
-15,15,71.15339205334706
-15,15,60.15879934998344
-14,15,287.1480342807792
-14,15,141.58073144687606
-14,15,81.50956960376735
-13,15,55.44661712879076
-13,15,99.9544078327034
-13,15,99.75399442166861
-14,15,97.67001976429003
-14,15,71.57868159266424
-14,15,55.44661712879076
-14,14,159.4983545480506
-14,14,266.2115198451225
-14,14,58.521297474092975
-13,14,70.03454854385953
-13,14,55.44661712879076
-13,14,61.02395818445058
-13,13,61.02395818445058
-13,13,50.0
-13,13,61.02395818445058
-13,14,104.0316834638108
-13,14,225.521633442659
-13,14,119.41166124426464
-12,14,233.8734814589018
-12,14,128.45285940513656
-12,14,55.44661712879076
-12,13,55.44661712879076
-12,13,50.0
-12,13,156.03868852241638
-11,13,103.50033399281537
-11,13,145.78860772334556
-11,13,76.52943683250456
-10,13,340.93918281900403
-10,13,167.0032930271609
-10,13,160.6051925175787
-9,13,438.3977691105217
-9,13,134.68393610119554
-9,13,61.02395818445058
-9,12,50.0
-9,12,177.53780428117327
-9,12,222.14869437642392
-9,11,390.4038283974587
-9,11,123.15891487735009
-9,11,93.4609943503938
-8,11,252.5377461436539
-8,11,217.09769604143654
-8,11,534.2383833654299
-7,11,72.95043739232676
-7,11,594.6798239203629
-7,11,148.05058347857326
-7,10,212.15094929693103
-7,10,220.96636272374982
-7,10,153.7932955721385
-7,9,186.9369999844624
-7,9,416.32191177181556
-7,9,109.45868749174
-6,9,175.96197131408655
-6,9,239.40517125175887
-6,9,203.61995735348583
-5,9,221.75221488273453
-5,9,147.76655356204884
-5,9,147.88488025838222
-4,9,184.65775758946583
-4,9,180.8739502470874
-4,9,74.78466987938684
-4,8,127.29892807590085
-4,8,219.07612769230028
-4,8,185.12800783480918
-3,8,177.4831798833015
-3,8,151.4151683074195
-3,8,699.2429145543235
-3,7,214.7716759652378
-3,7,234.0947353895131
-3,7,273.4150562238424
-2,7,296.49419099672
-2,7,174.5629147473257
-2,7,284.0006210728568
-2,6,302.8289720080128
-2,6,304.421961982683
-2,6,116.73175618748373
-2,5,113.33106960298892
-2,5,274.5493254568955
-2,5,285.2560378808004
-1,5,103.9547319560998
-1,5,173.3973762824371
-1,5,171.11910720813552
0,5,336.51961134556245
0,5,377.05184182389155
0,5,277.74584558399005
0,4,396.13897617450095
0,4,257.40468188196667
0,4,322.3234055463846
0,3,663.6475505381197
0,3,286.3756596190727
0,3,449.7003289885444
1,3,116.10076433760523
1,3,481.98078796461556
1,3,81.28515209278999
2,3,289.0000190351237
2,3,415.05745918182674
2,3,233.6223610008072
2,2,216.07281072878055
2,2,237.09091610390252
2,2,182.87659455171314
2,1,425.5694851682252
2,1,338.54413006606234
2,1,266.02999554005356
3,1,339.02668733917915
3,1,127.34529794518653
3,1,240.78223001049165
4,1,231.71202396313976
4,1,258.99489642439255
4,1,267.3844395956745
4,2,370.15440346943524
4,2,646.3340777712274
4,2,255.79632915557062
4,1,256.7189358329342
4,1,289.6090365479851
4,1,213.66337559531988
4,0,323.5228904504528
4,0,692.9586293356351
4,0,231.64818154795046
5,0,318.1328950022336
5,0,173.01303634401012
5,0,258.91765755603603
4,0,223.1471394828114
4,0,328.46173752612214
4,0,178.00021754987475
4,-1,211.07101477057927
4,-1,253.6372551759752
4,-1,320.98755702468225
5,-1,164.10812488911125
5,-1,211.45896480130548
5,-1,243.51953213879074
6,-1,50.0
6,-1,253.63544761887727
6,-1,210.01061398000923
6,0,243.5833882814213
6,0,111.23918281251969
6,0,360.45566499504235
7,0,242.99625487318838
7,0,257.80377578073205
7,0,244.7511136550914
7,1,208.71491242967573
7,1,279.09135854795437
7,1,236.81512270624597
8,1,146.98559756074846
8,1,303.98616788432184
8,1,313.7724216704768
9,1,233.3088430753234
9,1,212.42612387595523
9,1,449.71730838880706
10,1,382.6629298976403
10,1,349.6044711366315
10,1,130.19582803205813
11,1,251.77416775875628
11,1,164.75753206068316
11,1,66.59718221288523
11,0,413.7387113616422
11,0,121.24523691914364
11,0,139.74114367402052
11,-1,198.5518436475928
11,-1,152.64644180979712
11,-1,211.85227435601402
11,0,123.07834180786791
11,0,419.15573406023964
11,0,294.5801058089782
12,0,151.35937032278827
12,0,269.6456175327748
12,0,233.0948070114759
13,0,241.7061477796056
13,0,159.25667353362905
13,0,141.1571281746805
13,1,251.95735924763687
13,1,437.85052196523645
13,1,585.7731141524434
13,2,191.92280763409008
13,2,152.82149693353313
13,2,127.33004649343563
13,1,337.17514783315573
13,1,160.54189361995526
13,1,695.4260206465808
13,2,226.3585896876006
13,2,133.51372323767833
13,2,179.00150430270986
14,2,214.62621152435202
14,2,454.8943852539172
14,2,184.6166473006338
15,2,183.39123062340056
15,2,215.318345907861
15,2,147.63334140238706
15,3,125.90545208268708
15,3,214.0208193066363
15,3,205.7026619188489
15,4,197.0520935826136
15,4,175.29160681797555
15,4,154.81614367873738
15,5,135.39555870364575
15,5,218.53151117526346
15,5,509.90929095221895
16,5,107.78171347881013
16,5,98.28394666317675
16,5,128.19625652351814
16,4,94.33904706323828
16,4,170.7718764197293
16,4,282.60229065132336
16,5,96.96069416778039
16,5,72.46235738207508
16,5,261.54184178538856
16,6,133.99497989643905
16,6,202.25378463810208
16,6,140.89987828987807
16,7,126.17979616948848
16,7,108.55350512010402
16,7,98.06459869792998
16,8,50.0
16,8,109.69108930441473
16,8,243.16422632443408
17,8,183.16321336008963
17,8,118.3299470740716
17,8,139.20265116869825
16,8,50.0
16,8,55.44661712879076
16,8,160.05957260484257
16,9,50.0
16,9,359.5698685902554
16,9,155.1253212006635
15,9,510.6011034254787
15,9,50.0
15,9,348.3621231647677
14,9,123.58408750491553
14,9,439.62343311206894
14,9,167.73062326636645
15,9,61.02395818445058
15,9,341.2682294408291
15,9,147.22787498879404
15,10,84.63857740949945
15,10,192.56899454066433
15,10,64.16710427381281
14,10,154.20991816413823
14,10,146.4000252402948
14,10,154.25662409683676
13,10,219.14041416911812
13,10,220.84299448183887
13,10,210.3942351387814
12,10,172.79112935488953
12,10,125.30692091754729
12,10,179.55607672365443
12,11,91.62856885081618
12,11,140.88178137374786
12,11,50.0
11,11,106.48695656251202
11,11,50.0
11,11,148.31938950723128
11,12,147.68955035310998
11,12,174.06447243862596
11,12,102.52277845188621
12,12,90.45807496732317
12,12,126.84551326678957
12,12,238.8690280269834
12,13,61.02395818445058
12,13,67.94944275658085
12,13,116.75017705833258
12,14,362.0682110338964
12,14,70.95177375478757
12,14,50.0
11,14,276.2394926270753
11,14,85.93307306910592
11,14,441.73358224031364
11,15,121.67380944820401
11,15,59.43897112635044
11,15,134.9138633921351
12,15,114.24140323654177
12,15,132.77273516635992
12,15,125.362145850072
11,15,112.27158330919745
11,15,124.97741437258128
11,15,80.90066179581721
10,15,50.0
10,15,127.37749595160969
10,15,162.69811732677132
9,15,571.010751784675
9,15,154.32693507685616
9,15,124.24036318678034
8,15,113.68867775185082
8,15,329.3867073650532
8,15,82.69262073088495
7,15,76.85519127446742
7,15,106.39006792903703
7,15,531.9411415027297
7,14,240.09836867441658
7,14,475.85284299068246
7,14,66.14897893720689
8,14,61.02395818445058
8,14,313.72266430725404
8,14,111.66415043922484
8,15,69.57372462597556
8,15,121.9316392161273
8,15,84.06580866634536
7,15,128.46291724752493
7,15,429.96640784573924
7,15,284.2474952114402
6,15,106.09393126525735
6,15,229.72461380098113
6,15,121.7304130236574
5,15,174.74561030764258
5,15,76.4864041464825
5,15,166.99261919719885
6,15,198.16045040060948
6,15,318.53016323017835
6,15,61.59796833229831
7,15,100.3537535701925
7,15,517.9959099418611
7,15,106.43205599535062
6,15,291.6247505521695
6,15,162.53207231203515
6,15,148.98992920445167
5,15,346.4075134920908
5,15,129.35336960728438
5,15,75.94353014010987
5,16,258.7161167384101
5,16,50.0
5,16,251.02025555345833
4,16,224.81325757750216
4,16,120.96731950948806
4,16,50.0
3,16,138.510762153171
3,16,61.02395818445058
3,16,55.44661712879076
2,16,55.44661712879076
2,16,61.02395818445058
2,16,99.30411103448125
3,16,523.9891819735398
3,16,117.41029282467241
3,16,76.84961755552678
2,16,94.82481021554446
2,16,220.73854034363973
2,16,171.6226693684793
1,16,142.09134337831412
1,16,192.42914455424773
1,16,55.44661712879076
1,17,136.77857908388114
1,17,262.6764557233653
1,17,50.0
0,17,470.54026363670914
0,17,77.51401217065296
0,17,50.0
-1,17,59.75596876579901
-1,17,132.26464122727242
-1,17,167.5927830411964
-1,18,50.0
-1,18,72.65999532719641
-1,18,195.01909411738026
-2,18,69.06969777217074
-2,18,73.59570788996524
-2,18,89.9237552595424
-3,18,62.369435968142945
-3,18,145.97414752425118
-3,18,99.00739356578241
-3,19,117.96029728955673
-3,19,233.39688370381114
-3,19,50.0
-4,19,61.02395818445058
-4,19,58.60260089336234
-4,19,168.92553424792973
-4,20,50.0
-4,20,62.522686623740285
-4,20,55.44661712879076
-5,20,61.02395818445058
-5,20,75.86650571507022
-5,20,187.05492363176091
-6,20,93.74627630949794
-6,20,67.30987643980237
-6,20,66.94598701127582
-7,20,141.60752841718812
-7,20,120.91523071883857
-7,20,50.0
-8,20,90.41545632256742
-8,20,141.5453267948387
-8,20,84.63024862071035
-9,20,50.0
-9,20,61.02395818445058
-9,20,133.86975065195068
-10,20,61.02395818445058
-10,20,68.06046640288616
-10,20,50.0
-11,20,145.16583040949524
-11,20,72.67184029701764
-11,20,50.0
-10,20,50.0
-10,20,55.44661712879076
-10,20,109.86631560426011
-11,20,55.44661712879076
-11,20,109.0128590033364
-11,20,53.83098618747852
-12,20,50.0
-12,20,50.0
-12,20,61.02395818445058
-13,20,50.0
-13,20,57.97680669696125
-13,20,55.44661712879076
-13,19,61.02395818445058
-13,19,55.44661712879076
-13,19,61.02395818445058
-14,19,50.0
-14,19,55.44661712879076
-14,19,84.95716355476638
-14,18,64.70586856080652
-14,18,74.31725895512353
-14,18,200.82663049554628
-15,18,61.02395818445058
-15,18,50.0
-15,18,129.03440989227886
-16,18,77.60195495003268
-16,18,55.44661712879076
-16,18,50.0
-17,18,111.35428572585644
-17,18,62.73964205982933
-17,18,61.02395818445058
-18,18,101.73941904490991
-18,18,50.0
-18,18,50.0
-18,17,60.4307097382564
-18,17,169.05377712994945
-18,17,133.56878830929065
-19,17,50.29105634088635
-19,17,55.44661712879076
-19,17,111.57818489830474
-20,17,213.22589002378888
-20,17,55.44661712879076
-20,17,50.0
-20,18,50.0
-20,18,50.0
-20,18,61.02395818445058
-20,19,55.44661712879076
-20,19,55.44661712879076
-20,19,50.0
-20,18,50.0
-20,18,50.0
-20,18,50.0
-20,17,74.60679386785978
-20,17,55.44661712879076
-20,17,61.02395818445058
-20,16,65.10976163349983
-20,16,55.44661712879076
-20,16,50.0
-20,15,52.57016384009008
-20,15,61.02395818445058
-20,15,61.02395818445058
-20,14,61.02395818445058
-20,14,61.02395818445058
-20,14,81.68420980606388
-19,14,134.73001089925623
-19,14,449.2385612247271
-19,14,55.44661712879076
-18,14,157.99171310636132
-18,14,55.44661712879076
-18,14,55.44661712879076
-17,14,81.96008274387125
-17,14,66.15642980110111
-17,14,219.0644093321813
-17,13,50.0
-17,13,61.02395818445058
-17,13,131.50607229896414
-18,13,159.79181033405035
-18,13,85.90777442079587
-18,13,457.3638286794037
-17,13,55.44661712879076
-17,13,77.49320947564208
-17,13,179.8243742937941
-16,13,127.34359484965523
-16,13,55.44661712879076
-16,13,55.44661712879076
-16,14,107.46510739766312
-16,14,92.91564642460905
-16,14,91.9460595024937
-16,15,193.68180121264822
-16,15,90.95475896259731
-16,15,50.0
-16,14,55.44661712879076
-16,14,198.47793836078972
-16,14,61.02395818445058
-15,14,50.0
-15,14,96.42364065906126
-15,14,55.44661712879076
-14,14,61.02395818445058
-14,14,103.27302566263177
-14,14,89.17467366717027
-13,14,50.0
-13,14,131.33887110474785
-13,14,114.8965403771047
-12,14,55.44661712879076
-12,14,154.14183827036908
-12,14,519.9426167900717
-12,13,153.97433573096362
-12,13,83.49497553633302
-12,13,162.2695880970383
-12,14,61.02395818445058
-12,14,147.24007868134728
-12,14,70.87118089842613
-12,13,226.03754808018613
-12,13,101.83975520630374
-12,13,50.0
-12,14,170.39477960984442
-12,14,62.78199004292943
-12,14,105.56776063449166
-11,14,101.00930973228374
-11,14,190.46673497692657
-11,14,196.06710814583516
-11,15,181.70288522317688
-11,15,96.7658979525144
-11,15,123.79222196036167
-11,14,98.2646887739677
-11,14,132.77132359886414
-11,14,112.52558714259958
-12,14,55.44661712879076
-12,14,191.51319473054758
-12,14,50.0
-12,13,61.02395818445058
-12,13,57.2954912257413
-12,13,179.91226943945043
-11,13,129.77737574700973
-11,13,139.9926668188793
-11,13,50.0
-11,12,58.65693427497912
-11,12,50.0
-11,12,61.02395818445058
-11,11,159.61588571475735
-11,11,55.44661712879076
-11,11,115.32576337187018
-11,10,199.98051297611406
-11,10,250.13812939038496
-11,10,222.07239989881396
-11,11,258.1682355197109
-11,11,50.0
-11,11,231.4999250932746
-11,10,50.0
-11,10,60.57620333996986
-11,10,90.86468033278646
-11,11,91.70393251442088
-11,11,509.65910358895565
-11,11,124.44273271349844
-11,12,71.4753980157499
-11,12,139.5951140403593
-11,12,152.8335338549585
-11,11,172.0289764383211
-11,11,50.0
-11,11,50.0
-10,11,66.82123545163265
-10,11,111.48066540381211
-10,11,182.1803832289292
-11,11,401.34398202892174
-11,11,540.8175504061074
-11,11,138.2028207120023
-12,11,140.52692209863014
-12,11,202.0341995050032
-12,11,183.13032049890307
-11,11,233.73152258981713
-11,11,327.0222386016144
-11,11,61.02395818445058
-11,10,85.32676848765382
-11,10,192.56634405322205
-11,10,166.820319998946
-10,10,75.51942607683627
-10,10,50.0
-10,10,140.29496370083282
-10,9,158.21879847748886
-10,9,216.78279331002918
-10,9,143.34603423753722
-10,8,291.82461544586414
-10,8,313.2899315621044
-10,8,246.03130087381794
-9,8,174.34563140529102
-9,8,367.24291524801794
-9,8,216.51011473120616
-8,8,179.79714445943637
-8,8,394.70873067715183
-8,8,266.82252679255737
-8,9,235.1348121843995
-8,9,87.33852065886978
-8,9,214.02989824290893
-8,8,144.75522550592532
-8,8,248.99746565041397
-8,8,165.60822144236
-7,8,180.5297001078764
-7,8,153.08186151165523
-7,8,95.66169274948513
-7,7,191.21949334809338
-7,7,277.6414400992796
-7,7,136.9359360367612
-7,6,124.68379549005506
-7,6,304.17320946455857
-7,6,185.8137573320946
-6,6,489.0578851918848
-6,6,395.15060838885074
-6,6,272.7887435148429
-6,7,430.81572585967126
-6,7,322.33994981937883
-6,7,263.16630121020495
-6,6,650.8053877950836
-6,6,189.37533621007677
-6,6,480.4576935018916
-6,5,69.00594726930605
-6,5,297.5154271896203
-6,5,182.90817051276775
-6,4,438.7559129122494
-6,4,474.11970332429917
-6,4,382.04995598140795
-6,3,190.3155559282173
-6,3,242.72085564915028
-6,3,173.52450818465775
-6,4,148.7636625138221
-6,4,324.6638427021789
-6,4,204.6997738349551
-5,4,346.1740606207861
-5,4,398.56353511439534
-5,4,592.2227712094723
-5,3,183.6953151987217
-5,3,181.37788056749372
-5,3,207.00115848357962
-5,2,204.01055494581394
-5,2,196.3035320101984
-5,2,240.91686771476407
-5,1,254.79832022602812
-5,1,328.374663811053
-5,1,50.0
-5,0,234.1877002344738
-5,0,326.62055102835325
-5,0,291.7908292070815
-5,-1,271.9250009819695
-5,-1,251.08510522945997
-5,-1,280.94647348122993
-6,-1,302.50539955193705
-6,-1,275.7178379365174
-6,-1,161.71305432694533
-6,-2,265.2665698607681
-6,-2,181.12847534409792
-6,-2,143.02973238956758
-6,-3,145.23267633040376
-6,-3,206.39784261913346
-6,-3,175.46749308187893
-6,-4,240.04919322241162
-6,-4,197.93027403364897
-6,-4,123.67281536820504
-5,-4,183.53034670352142
-5,-4,571.3406901593498
-5,-4,132.55786912948366
-4,-4,242.21517028051926
-4,-4,177.65402322024215
-4,-4,264.27642846765815
-4,-5,384.4152534277645
-4,-5,129.67899077396714
-4,-5,210.07535013064614
-3,-5,199.88948967184103
-3,-5,185.27293404130262
-3,-5,355.13316847204334
-2,-5,227.58858810597383
-2,-5,268.75051720230147
-2,-5,201.23331962476627
-1,-5,247.25152308917617
-1,-5,253.35684452770192
-1,-5,278.9829038875712
-1,-6,139.01769441520256
-1,-6,334.84855205470603
-1,-6,116.43572867566537
0,-6,521.9299157099335
0,-6,155.36884819269818
0,-6,353.289612148639
0,-7,259.5333079450428
0,-7,181.48978907138246
0,-7,239.65616328634385
1,-7,253.29216582327936
1,-7,280.4585681965996
1,-7,200.99001408169292
2,-7,216.53641975609756
2,-7,154.03425129434652
2,-7,200.1539457515373
2,-8,195.24475615461353
2,-8,636.5716200542965
2,-8,248.26713478649657
3,-8,279.72795030933645
3,-8,191.56680124477234
3,-8,124.81313280840946
4,-8,166.0768964963101
4,-8,199.89734206341006
4,-8,146.05584729015928
4,-9,128.25389315703822
4,-9,145.6431322019045
4,-9,121.18091336084242
5,-9,594.1361908505163
5,-9,127.13665587155135
5,-9,237.63877393887822
5,-10,180.4872057777195
5,-10,169.30262989983905
5,-10,239.26858914723908
6,-10,467.813848623245
6,-10,186.75263348333021
6,-10,151.1643544547168
5,-10,67.84253651817377
5,-10,194.34494881614108
5,-10,211.01635861207234
5,-11,161.49874613375843
5,-11,129.3261788931663
5,-11,185.28958945092668
6,-11,433.22543028155724
6,-11,107.80296670155414
6,-11,111.07904593663244
6,-12,74.12853902946588
6,-12,159.0829421693193
6,-12,282.9891888965544
7,-12,145.50448874284828
7,-12,361.5747007204956
7,-12,109.16578517014645
8,-12,50.0
8,-12,156.45836877179715
8,-12,50.0
9,-12,192.26406668559292
9,-12,95.13825935943773
9,-12,150.20235894921487
8,-12,192.9063768230845
8,-12,207.59284737760618
8,-12,152.25976743126162
9,-12,50.0
9,-12,200.97172228217124
9,-12,458.2871488354218
10,-12,50.0
10,-12,107.67216265412809
10,-12,231.37359426630627
11,-12,95.30506105417406
11,-12,368.41578111320473
11,-12,119.12200245250085
11,-13,75.07165183848414
11,-13,181.41625608581114
11,-13,161.14996575455314
12,-13,210.44204890520783
12,-13,229.7265186923215
12,-13,135.90282830913992
13,-13,61.02395818445058
13,-13,55.44661712879076
13,-13,50.0
12,-13,61.02395818445058
12,-13,136.05978347301684
12,-13,73.67530089770973
13,-13,347.22619484366874
13,-13,96.19110638886016
13,-13,141.9532016185178
13,-14,55.44661712879076
13,-14,55.44661712879076
13,-14,372.32823592542763
14,-14,87.00346881234285
14,-14,61.02395818445058
14,-14,61.02395818445058
14,-15,134.53993152289266
14,-15,50.0
14,-15,88.1741497241804
13,-15,108.82786409802563
13,-15,50.0
13,-15,121.94928922460119
14,-15,55.44661712879076
14,-15,152.26715621464515
14,-15,89.3331891981151
15,-15,50.0
15,-15,55.44661712879076
15,-15,74.93805413907667
14,-15,50.0
14,-15,76.81925604588136
14,-15,61.02395818445058
13,-15,76.44114588691534
13,-15,50.0
13,-15,50.0
14,-15,70.07281215393168
14,-15,61.02395818445058
14,-15,50.0
15,-15,55.44661712879076
15,-15,50.0
15,-15,61.02395818445058
15,-16,137.7032068803553
15,-16,119.96642838375035
15,-16,256.72511893684975
16,-16,56.73019893423962
16,-16,61.02395818445058
16,-16,82.39198826723137
17,-16,61.02395818445058
17,-16,61.02395818445058
17,-16,55.44661712879076
16,-16,61.02395818445058
16,-16,141.36231268907204
16,-16,55.44661712879076
17,-16,50.0
17,-16,61.02395818445058
17,-16,55.44661712879076
18,-16,50.0
18,-16,79.27024626548965
18,-16,50.0
17,-16,55.44661712879076
17,-16,93.00083178550976
17,-16,61.02395818445058
18,-16,119.16069572907544
18,-16,50.0
18,-16,131.64936194869074
19,-16,55.44661712879076
19,-16,50.0
19,-16,50.0
20,-16,50.0
20,-16,50.0
20,-16,61.02395818445058
20,-15,55.44661712879076
20,-15,55.44661712879076
20,-15,61.02395818445058
20,-14,57.58310657216983
20,-14,55.44661712879076
20,-14,50.0
20,-13,62.5535749566537
20,-13,80.3435504003962
20,-13,198.12465523277757
20,-12,55.44661712879076
20,-12,61.02395818445058
20,-12,50.0
20,-11,50.0
20,-11,259.4179174076444
20,-11,50.0
20,-10,55.44661712879076
20,-10,55.44661712879076
20,-10,89.41644134784741
20,-9,84.23012482643726
20,-9,143.75129865119837
20,-9,99.02506266691933
20,-10,50.0
20,-10,55.44661712879076
20,-10,62.619613749789146
20,-9,61.02395818445058
20,-9,61.02395818445058
20,-9,50.0
20,-8,110.69547826248574
20,-8,178.96426509275807
20,-8,54.32352062549545
20,-7,61.02395818445058
20,-7,61.02395818445058
20,-7,159.0194551164874
20,-6,135.7642530331397
20,-6,61.02395818445058
20,-6,99.74381308381321
20,-5,118.60842687668104
20,-5,61.02395818445058
20,-5,150.13360953949058
20,-6,73.22295002492118
20,-6,155.01914934753563
20,-6,389.9110037821193
20,-5,106.6705318662741
20,-5,70.5122250317284
20,-5,50.0
20,-4,61.127542995414785
20,-4,88.6035577777973
20,-4,78.22986875769669
20,-3,55.44661712879076
20,-3,190.72858960933524
20,-3,61.02395818445058
20,-2,55.44661712879076
20,-2,339.7416115512365
20,-2,50.0
20,-1,50.0
20,-1,173.29963880675433
20,-1,95.92101230754642
20,0,141.8535283868598
20,0,101.67448712406319
20,0,86.91809225030472
20,-1,152.4363297025917
20,-1,50.0
20,-1,50.0
20,0,104.85601242444699
20,0,50.0
20,0,83.75796539605399
20,1,101.11623998926724
20,1,50.0
20,1,145.56475753234534
20,0,171.2887729991175
20,0,50.0
20,0,209.30754322401106
20,1,441.7184038164556
20,1,135.67839370306095
20,1,68.71037149165845
20,2,67.31952831908751
20,2,55.44661712879076
20,2,142.5958751618832
20,3,125.12063342540934
20,3,135.5998258195208
20,3,196.55318953334992
20,4,80.7110833683443
20,4,61.02395818445058
20,4,102.19707241291503
20,5,61.080614713499884
20,5,143.4774623361693
20,5,212.8309218258726
20,6,85.33380248204428
20,6,55.44661712879076
20,6,320.3418872648616
20,7,57.35905662464154
20,7,50.0
20,7,151.26672849940297
20,8,150.6946355158805
20,8,177.65368732258307
20,8,61.02395818445058
20,7,61.02395818445058
20,7,170.7502916871489
20,7,50.0
20,6,439.4771858171947
20,6,196.29527987369482
20,6,246.10147497948367
19,6,186.09636331799317
19,6,115.86750579916007
19,6,50.0
18,6,50.0
18,6,180.91072057624262
18,6,67.48431594692954
17,6,91.40397957709558
17,6,209.9337818854235
17,6,156.7230780058875
16,6,99.54234556175825
16,6,136.95130583707208
16,6,437.96321288922366
16,5,209.62358132439448
16,5,147.9158406533932
16,5,169.90657215325044
16,4,154.0120644932799
16,4,87.88942539685345
16,4,710.7871342237659
16,3,142.34446066932128
16,3,600.2158725057923
16,3,225.1874578295568
16,2,492.1798504720127
16,2,140.3491170356684
16,2,118.29068761904196
16,3,197.67154512438236
16,3,107.73751477857351
16,3,60.65146249628016
15,3,227.51903592791183
15,3,128.85773243017138
15,3,177.42949661097617
14,3,71.40942537047763
14,3,111.84217666802449
14,3,203.05701564710068
14,2,64.6761808351881
14,2,240.2250853921604
14,2,332.67350223959517
13,2,106.98059250186489
13,2,211.79326079932727
13,2,230.66227452390768
13,3,293.9676284155802
13,3,151.29076905333844
13,3,247.14878609845522
13,2,208.25183878959803
13,2,302.8528267817488
13,2,182.7901273635996
12,2,148.77625878113344
12,2,496.46140157868274
12,2,161.10838747428096
12,3,69.8303110652755
12,3,61.33252136479523
12,3,179.236796629986
12,2,54.09347533403174
12,2,357.16383731261504
12,2,202.0364577747345
12,3,110.14135898446159
12,3,135.63672869880298
12,3,139.73957888069103
11,3,121.79963702671006
11,3,188.4641041257007
11,3,86.58706559260565
11,2,300.6627665895941
11,2,266.60736432855197
11,2,289.7153372441762
11,1,225.85341386862493
11,1,223.47481203489252
11,1,364.9023481296581
11,0,238.13939735540004
11,0,191.11247408212472
11,0,154.29741494748015
10,0,235.70621964357255
10,0,419.4151509943552
