-17,16,61.02395818445058
-17,16,55.44661712879076
-16,16,78.73122276699586
-16,16,61.02395818445058
-16,16,50.0
-16,15,84.1739676396834
-16,15,61.02395818445058
-16,15,50.0
-15,15,124.13384463608082
-15,15,61.02395818445058
-15,15,86.82636025695024
-16,15,61.02395818445058
-16,15,113.45613514783174
-16,15,88.91616526671675
-15,15,235.54152536906125
-15,15,206.2129419594192
-15,15,94.56506081056388
-14,15,188.03566021896933
-14,15,165.14098044464254
-14,15,63.443047922084936
-15,15,92.05637935190883
-15,15,86.20375191496912
-15,15,50.0
-14,15,55.44661712879076
-14,15,94.62940232997872
-14,15,75.26536522220076
-13,15,50.0
-13,15,88.10988955447951
-13,15,59.978371678934224
-14,15,406.722760670779
-14,15,70.6548278445276
-14,15,222.9780780350679
-14,14,58.4819173780279
-14,14,407.1852661722004
-14,14,55.44661712879076
-13,14,249.0721704281854
-13,14,82.08194585172778
-13,14,235.75209621210843
-13,13,55.44661712879076
-13,13,103.56620133366957
-13,13,50.0
-13,14,68.27872632202117
-13,14,161.13379204723495
-13,14,150.8416983322686
-12,14,181.23508038893004
-12,14,83.91595103795552
-12,14,64.19135613536048
-12,13,143.93256096900976
-12,13,100.90011405785366
-12,13,168.6631139871973
-11,13,162.6142677331675
-11,13,139.22172810377091
-11,13,77.41886539985074
-10,13,88.46734459296573
-10,13,66.8593400098349
-10,13,50.0
-9,13,50.0
-9,13,113.4955138380254
-9,13,109.2339761471745
-9,12,185.5071674822838
-9,12,231.23020651300567
-9,12,115.81908841606133
-9,11,206.6570958556385
-9,11,228.5646326226801
-9,11,133.25697136575715
-8,11,107.35429236896982
-8,11,342.6997058238289
-8,11,228.60928318595174
-7,11,152.8554940186957
-7,11,75.40690726460241
-7,11,119.37519218831936
-7,10,138.8246693489617
-7,10,53.00940583584918
-7,10,170.80011855595305
-7,9,223.64284549874114
-7,9,208.39662422077902
-7,9,86.97273926401976
-6,9,158.0623422093116
-6,9,245.63208671921657
-6,9,202.16066099703346
-5,9,304.4490099287137
-5,9,164.07590375816426
-5,9,303.9552683218608
-4,9,155.87478130143435
-4,9,127.52829411180844
-4,9,218.29201166275982
-4,8,321.3385772836308
-4,8,74.77929069113287
-4,8,73.2727454798963
-3,8,441.57850040392566
-3,8,282.37212350200815
-3,8,356.5516198616927
-3,7,253.53423115567617
-3,7,451.07451675880094
-3,7,204.73789209669198
-2,7,608.6144408589204
-2,7,225.23591989023163
-2,7,506.5184390696895
-2,6,217.47092963001344
-2,6,461.34533898719445
-2,6,227.51886629873093
-2,5,493.75226962655194
-2,5,324.85820779965195
-2,5,343.74737886038537
-1,5,143.6020941619007
-1,5,269.6248292421872
-1,5,221.99461921625993
0,5,176.00985253836504
0,5,291.5037859215965
0,5,276.623512613766
0,4,306.51767388273083
0,4,177.4024182808995
0,4,327.32636077524097
0,3,527.48798942106
0,3,404.7211096606618
0,3,341.43105980736436
1,3,360.7719306841178
1,3,308.6536732076085
1,3,718.1980631011832
2,3,366.64233253601446
2,3,279.79521073826686
2,3,727.4471598808693
2,2,479.6710479974132
2,2,280.9975417636274
2,2,216.1928902188513
2,1,474.3053064327001
2,1,255.55834546413595
2,1,772.7986162911377
3,1,240.33196701887243
3,1,174.18025765278605
3,1,323.5692033542095
4,1,454.42283752749995
4,1,360.9586492256162
4,1,200.11227000162825
4,2,276.2236628828052
4,2,203.0517022160393
4,2,158.02657251524982
4,1,283.2459873635779
4,1,169.34226498529088
4,1,232.51838495125617
4,0,219.47717588450385
4,0,558.00746402993
4,0,222.87621813812854
5,0,254.84149792134318
5,0,109.69314082497174
5,0,232.16373755767327
4,0,900.0
4,0,255.39380304145436
4,0,379.3882444673642
4,-1,122.60034598259148
4,-1,283.38671124369137
4,-1,244.68795500083812
5,-1,351.1548946278051
5,-1,223.80667345636215
5,-1,181.5775851167735
6,-1,237.20165457411144
6,-1,438.62924488525766
6,-1,135.464166634819
6,0,168.65424559114774
6,0,371.34990876294796
6,0,228.10037181268848
7,0,274.2334792845063
7,0,268.8322444624845
7,0,833.0119186960532
7,1,444.53977313336014
7,1,260.7985023403446
7,1,521.3329416370351
8,1,144.8433225972559
8,1,185.7302847542464
8,1,232.47193505020758
9,1,508.3154532411475
9,1,127.0264534457204
9,1,165.0747584699186
10,1,142.61764640063242
10,1,142.0929619415732
10,1,339.36847582997314
11,1,167.42386505563704
11,1,185.41384249493456
11,1,283.3447328697483
11,0,241.26216586090092
11,0,252.14652750721314
11,0,214.91046882464926
11,-1,150.8054195848802
11,-1,99.33999440418148
11,-1,95.95962602363909
11,0,197.3307915224948
11,0,214.82861090334458
11,0,299.3339887872547
12,0,50.0
12,0,484.7696159655576
12,0,213.85212900150646
13,0,136.27487521288478
13,0,295.61558784409385
13,0,214.94664910726473
13,1,55.44661712879076
13,1,263.37803262597174
13,1,296.8390999444423
13,2,397.27025023887643
13,2,355.120937525572
13,2,259.15583504106723
13,1,426.19195096368315
13,1,115.49190530850838
13,1,191.20559978206262
13,2,85.97798352166623
13,2,214.45166915916755
13,2,156.13534210967654
14,2,190.05599626430347
14,2,187.9349259650645
14,2,89.48710076756663
15,2,115.64222286901133
15,2,61.02395818445058
15,2,115.21138052584219
15,3,109.681259649532
15,3,120.80487336668847
15,3,102.46905761356288
15,4,130.90657048823252
15,4,120.14867602073299
15,4,230.8551470500999
15,5,282.6976841899907
15,5,88.84607592162365
15,5,194.70859904079384
16,5,225.38796855072928
16,5,129.69609445408955
16,5,251.52011202341205
16,4,239.40087626984823
16,4,225.81230571723205
16,4,118.35848792435294
16,5,116.52116060789503
16,5,113.77922940344797
16,5,50.0
16,6,203.55502915459618
16,6,129.426222895226
16,6,239.67968097875928
16,7,291.6036948139231
16,7,172.95140233485722
16,7,192.84187317045382
16,8,89.59439489857313
16,8,54.513426472899816
16,8,50.0
17,8,91.259885395359
17,8,138.37766270526174
17,8,139.01529233476586
16,8,146.92939619601566
16,8,55.44661712879076
16,8,206.88481620232656
16,9,241.262731350847
16,9,119.84056433896373
16,9,126.19546533219514
15,9,139.4491810833121
15,9,61.02395818445058
15,9,134.3769328323551
14,9,69.0868490142442
14,9,182.9432752491235
14,9,209.70854756045574
15,9,50.0
15,9,50.0
15,9,50.0
15,10,142.77287711381126
15,10,255.15002968347812
15,10,108.1462734045254
14,10,61.31794169567185
14,10,202.77129569804646
14,10,177.49677287990193
13,10,100.4837890401611
13,10,208.9606835498104
13,10,165.82413427072612
12,10,282.85703636218915
12,10,138.94117357898747
12,10,184.82316971807577
12,11,163.44896015926798
12,11,157.2259716744579
12,11,121.29913836451291
11,11,174.14215972626778
11,11,164.9009362002713
11,11,591.7248153176552
11,12,59.893437052780996
11,12,226.8965746573216
11,12,100.81966750521588
12,12,126.28059324419596
12,12,459.1036152243664
12,12,156.9351649812284
12,13,136.18645635991115
12,13,122.08466154531982
12,13,50.0
12,14,94.55808440916896
12,14,282.8197511681609
12,14,111.55216585157791
11,14,111.35047814535619
11,14,121.68036091709055
11,14,165.60373189006722
11,15,197.8151880725924
11,15,70.39191521799818
11,15,134.4777199327157
12,15,105.49849109833067
12,15,50.0
12,15,118.00039580115592
11,15,96.54029055286816
11,15,280.9576504787061
11,15,135.818163889368
10,15,80.1455313386579
10,15,308.3980894850019
10,15,220.98452069400622
9,15,140.03378208188155
9,15,224.89231678192832
9,15,127.57608089957907
8,15,50.0
8,15,486.80555268387235
8,15,368.9534116639161
7,15,137.69220272434424
7,15,249.73322915324002
7,15,187.00557939627288
7,14,252.08458293374352
7,14,50.565609925567315
7,14,166.47670737427705
8,14,105.67415536123329
8,14,188.53938187275264
8,14,190.04668992690426
8,15,116.32611316721837
8,15,126.94661595617877
8,15,91.99402239423472
7,15,156.78854474303992
7,15,193.94314040097342
7,15,87.39234080351802
6,15,168.7151896974601
6,15,270.4605823992105
6,15,76.97377433890685
5,15,227.75957988248564
5,15,247.88720010492875
5,15,449.1985477435749
6,15,136.11023959230002
6,15,166.9819758539767
6,15,58.11346681190662
7,15,145.65103928611057
7,15,462.0048384739017
7,15,253.9955716027811
6,15,158.75834571702143
6,15,87.45929795934326
6,15,147.9444353531345
5,15,50.0
5,15,126.8921784773809
5,15,88.06159690699381
5,16,487.11360071564457
5,16,248.33256945919186
5,16,50.0
4,16,55.44661712879076
4,16,226.24836273697468
4,16,181.107820168521
3,16,256.10593829664185
3,16,150.24418661848568
3,16,55.45812541070069
2,16,121.94477037744714
2,16,465.8780955187989
2,16,50.0
3,16,61.02395818445058
3,16,253.06802888927015
3,16,151.6776968238304
2,16,109.06113760486862
2,16,109.82686061108771
2,16,50.0
1,16,50.0
1,16,73.24975736115161
1,16,309.8586590609091
1,17,154.98710369138908
1,17,446.5524408023791
1,17,61.02395818445058
0,17,138.88740651192353
0,17,55.44661712879076
0,17,133.06567943475292
-1,17,132.76586237186453
-1,17,196.73079434097713
-1,17,109.43123963005394
-1,18,62.476742503477794
-1,18,187.04146811567077
-1,18,73.23968392316372
-2,18,135.36092110952805
-2,18,213.5583131773576
-2,18,86.2461223118881
-3,18,95.47102192903732
-3,18,61.106633721636484
-3,18,215.07718211541635
-3,19,91.68966447371156
-3,19,128.51670786112692
-3,19,134.10212749835662
-4,19,112.79340108792503
-4,19,50.0
-4,19,61.02395818445058
-4,20,90.035477360837
-4,20,77.24872808521926
-4,20,154.60035167132276
-5,20,151.08444802428653
-5,20,102.19610445223574
-5,20,50.0
-6,20,50.0
-6,20,171.21103282803546
-6,20,50.0
-7,20,72.32467761335832
-7,20,74.15553131055803
-7,20,89.2844248780946
-8,20,88.71216361546486
-8,20,402.88747381218434
-8,20,50.0
-9,20,196.2490479892097
-9,20,55.44661712879076
-9,20,147.61870575580048
-10,20,55.44661712879076
-10,20,50.0
-10,20,184.22680472959254
-11,20,63.11237743885015
-11,20,50.0
-11,20,274.53662159298005
-10,20,61.02395818445058
-10,20,153.51686381987
-10,20,129.10383603178687
-11,20,83.97721264383962
-11,20,50.0
-11,20,133.9701441188189
-12,20,137.8251077514273
-12,20,104.78386396162284
-12,20,61.02395818445058
-13,20,79.30535246418677
-13,20,61.02395818445058
-13,20,61.02395818445058
-13,19,97.81377953752693
-13,19,50.0
-13,19,55.44661712879076
-14,19,98.00244026751407
-14,19,190.19024299087337
-14,19,306.2827814437064
-14,18,126.16042760334992
-14,18,82.02026806937322
-14,18,381.9731956259529
-15,18,67.30174931702233
-15,18,50.0
-15,18,61.02395818445058
-16,18,50.0
-16,18,69.93660593670263
-16,18,61.02395818445058
-17,18,258.55107875080466
-17,18,50.0
-17,18,50.0
-18,18,410.8948898451713
-18,18,55.44661712879076
-18,18,55.44661712879076
-18,17,172.03034502565916
-18,17,61.02395818445058
-18,17,61.118971384582835
-19,17,64.25254264066724
-19,17,55.44661712879076
-19,17,50.0
-20,17,50.41262929851725
-20,17,50.0
-20,17,225.91685170123273
-20,18,189.11221914622286
-20,18,50.0
-20,18,188.57788414699348
-20,19,86.19426388157505
-20,19,50.0
-20,19,50.0
-20,18,55.44661712879076
-20,18,55.44661712879076
-20,18,50.0
-20,17,67.81277688716858
-20,17,50.0
-20,17,50.0
-20,16,55.44661712879076
-20,16,50.0
-20,16,141.99285130951233
-20,15,61.679125220262875
-20,15,50.0
-20,15,50.0
-20,14,55.44661712879076
-20,14,61.02395818445058
-20,14,112.2692837114812
-19,14,61.02395818445058
-19,14,52.000100864902336
-19,14,55.44661712879076
-18,14,55.44661712879076
-18,14,55.44661712879076
-18,14,55.44661712879076
-17,14,68.634878084097
-17,14,112.90342076503543
-17,14,105.13349790029807
-17,13,50.0
-17,13,61.02395818445058
-17,13,55.44661712879076
-18,13,150.56466381731695
-18,13,55.44661712879076
-18,13,50.0
-17,13,521.9302537266844
-17,13,61.02395818445058
-17,13,112.24273412170203
-16,13,55.44661712879076
-16,13,50.0
-16,13,55.44661712879076
-16,14,61.02395818445058
-16,14,70.20120196536672
-16,14,129.83807534261604
-16,15,50.0
-16,15,50.0
-16,15,61.02395818445058
-16,14,76.14074562489152
-16,14,120.38054625249264
-16,14,67.1627088237247
-15,14,55.44661712879076
-15,14,50.0
-15,14,139.29804521926195
-14,14,95.17107952495823
-14,14,79.8098377312745
-14,14,50.0
-13,14,195.4887091853227
-13,14,131.39804757600936
-13,14,127.37022346458005
-12,14,104.08967059096756
-12,14,87.53210122650509
-12,14,207.73037654197816
-12,13,113.8965633851195
-12,13,147.8181339926508
-12,13,64.81517786802948
-12,14,188.74338787922937
-12,14,50.0
-12,14,238.43332186906164
-12,13,126.41580836553169
-12,13,133.86455144400801
-12,13,131.1391591182301
-12,14,61.02395818445058
-12,14,61.02395818445058
-12,14,50.0
-11,14,109.70973935756332
-11,14,149.32885325076103
-11,14,62.02074656456949
-11,15,50.0
-11,15,55.44661712879076
-11,15,219.00788418146038
-11,14,225.9639235455134
-11,14,365.3101989290013
-11,14,201.35117822958864
-12,14,80.78990499593186
-12,14,112.25657534264096
-12,14,50.0
-12,13,157.23167979483273
-12,13,55.44661712879076
-12,13,154.4913880912846
-11,13,90.50028394697046
-11,13,95.69463498775326
-11,13,50.0
-11,12,96.98129588398339
-11,12,134.92250399812286
-11,12,181.41971333712547
-11,11,270.43979357092053
-11,11,479.06023310112096
-11,11,96.51982708313307
-11,10,165.08894151146154
-11,10,150.06558732500966
-11,10,133.16155759105123
-11,11,242.89405589366385
-11,11,158.86570153307377
-11,11,185.5431531652132
-11,10,77.39778383995669
-11,10,152.31061930533605
-11,10,183.4481188335651
-11,11,137.69521564937017
-11,11,132.33310355224714
-11,11,60.60831874979131
-11,12,185.09273762413795
-11,12,90.740717173778
-11,12,50.0
-11,11,50.0
-11,11,167.72192042600184
-11,11,85.19354734386806
-10,11,139.75609230236967
-10,11,162.40347379294488
-10,11,50.0
-11,11,137.59960584581827
-11,11,103.35740761713603
-11,11,495.77927412431484
-12,11,50.0
-12,11,104.404165667169
-12,11,406.09979629907286
-11,11,144.33298819170867
-11,11,50.0
-11,11,162.46006449920768
-11,10,524.7824517289673
-11,10,158.54177635341128
-11,10,392.20033462578374
-10,10,194.90446235962338
-10,10,92.7341039696301
-10,10,65.46588185868146
-10,9,140.48839328928628
-10,9,171.78846838164557
-10,9,104.85203145314287
-10,8,601.8414869605826
-10,8,169.10010001659666
-10,8,194.19773237578784
-9,8,314.30485185159193
-9,8,99.86344891041749
-9,8,426.72414980112063
-8,8,207.14937031694802
-8,8,212.75807976085957
-8,8,147.69864023008685
-8,9,372.5089647223664
-8,9,226.94528381320734
-8,9,212.5766995292256
-8,8,162.5043126608565
-8,8,240.7287605083991
-8,8,76.83703509596708
-7,8,318.0019079820308
-7,8,151.18958444248443
-7,8,285.55788682047876
-7,7,93.61653422266494
-7,7,410.0442022429102
-7,7,181.18658504877203
-7,6,276.0368639099848
-7,6,196.10817998853724
-7,6,216.40751936910863
-6,6,137.4476537269867
-6,6,96.99858803904702
-6,6,201.51230424493238
-6,7,171.3420578842181
-6,7,280.96461833085067
-6,7,160.50978728109902
-6,6,168.32125687683936
-6,6,110.6933637100633
-6,6,167.56326326706173
-6,5,192.13475314250263
-6,5,397.6602635919552
-6,5,151.23776369645077
-6,4,380.68855644814147
-6,4,333.003476920699
-6,4,238.04612432363035
-6,3,508.78478075471287
-6,3,425.15291593893
-6,3,134.39312074461864
-6,4,188.70771412562087
-6,4,326.1565573371086
-6,4,216.48804798093627
-5,4,222.35512561166706
-5,4,237.66390862943416
-5,4,243.1000903989577
-5,3,571.9999309855067
-5,3,266.2576908804643
-5,3,76.60540170998985
-5,2,158.32628865972643
-5,2,234.19104185976437
-5,2,154.88455429746816
-5,1,299.1793963754756
-5,1,245.41904146496967
-5,1,324.8542553819243
-5,0,537.5939580642967
-5,0,311.45209796408517
-5,0,282.84200115166243
-5,-1,137.0635970949749
-5,-1,82.42126973509129
-5,-1,263.5352787046814
-6,-1,231.55267998894956
-6,-1,242.39194567847366
-6,-1,264.3797195774638
-6,-2,135.77887630121296
-6,-2,331.14826963697374
-6,-2,217.222618351919
-6,-3,290.0000654661308
-6,-3,158.56425072385767
-6,-3,132.05921285506233
-6,-4,205.06542224496323
-6,-4,336.3392516265179
-6,-4,170.6644859436061
-5,-4,261.3508185402233
-5,-4,240.8118643579379
-5,-4,326.8410610431922
-4,-4,218.7022743971374
-4,-4,702.7253826112049
-4,-4,198.5855607972263
-4,-5,215.30561687646696
-4,-5,293.8355697580598
-4,-5,543.045634932841
-3,-5,310.33223528265876
-3,-5,272.93984391421776
-3,-5,249.98828388354352
-2,-5,209.03168153800996
-2,-5,231.64245176393908
-2,-5,388.5143481085484
-1,-5,224.47776062980216
-1,-5,393.6621862131944
-1,-5,216.099244922242
-1,-6,578.8323722725222
-1,-6,205.08964165705885
-1,-6,389.9476082779757
0,-6,128.45578334384845
0,-6,234.90501731430044
0,-6,161.69714794323005
0,-7,301.22929222165567
0,-7,441.62887194965583
0,-7,444.5294870824651
1,-7,212.72443530741782
1,-7,115.85487016231103
1,-7,447.7735581299829
2,-7,304.5690333916506
2,-7,146.6951316650895
2,-7,206.44792488229206
2,-8,239.7882578583363
2,-8,262.6718907038049
2,-8,231.67755806053725
3,-8,245.42326251328336
3,-8,253.68809596251162
3,-8,332.6326825641246
4,-8,130.85518861998963
4,-8,381.9973928873669
4,-8,380.6037759817095
4,-9,97.11373361704764
4,-9,176.97888493907212
4,-9,119.97327947681927
5,-9,256.7931947454054
5,-9,188.41495136598743
5,-9,187.20366959968828
5,-10,545.2605443827334
5,-10,336.6351793892723
5,-10,98.9859644822416
6,-10,118.82430646394428
6,-10,93.06400881481781
6,-10,204.404487333895
5,-10,88.33715147396484
5,-10,609.4127965244318
5,-10,129.56369069525152
5,-11,222.4632969331305
5,-11,284.0369892523085
5,-11,213.57645272602664
6,-11,181.81622635787673
6,-11,186.86655268575385
6,-11,138.68511088066225
6,-12,76.20798596691517
6,-12,255.35256339637613
6,-12,234.1984029852332
7,-12,480.03397007532493
7,-12,179.8119280587691
7,-12,160.0546727180471
8,-12,148.8996028244368
8,-12,135.00350447347967
8,-12,117.53261945484746
9,-12,504.7086483509033
9,-12,92.9151203316593
9,-12,133.47295393266657
8,-12,361.97989361405587
8,-12,83.89484063815846
8,-12,143.67337678197003
9,-12,138.3361119520755
9,-12,91.31604322784285
9,-12,91.35971760043577
10,-12,232.85122762995624
10,-12,250.32957701931855
10,-12,325.9704436078847
11,-12,128.16904327470047
11,-12,115.89161633138643
11,-12,449.3586139231252
11,-13,201.34315256697707
11,-13,176.7936563227761
11,-13,101.7516508910914
12,-13,251.41156935829923
12,-13,50.0
12,-13,97.96479940003832
13,-13,61.02395818445058
13,-13,99.40538589324774
13,-13,76.97171081233085
12,-13,186.6421081243591
12,-13,55.44661712879076
12,-13,85.26029542366211
13,-13,207.50205622303048
13,-13,422.2980245085128
13,-13,58.876611494699176
13,-14,61.02395818445058
13,-14,236.0892116199444
13,-14,50.0
14,-14,121.5357817044918
14,-14,64.69160763042794
14,-14,61.02395818445058
14,-15,72.34476560228897
14,-15,365.21400246744514
14,-15,61.02395818445058
13,-15,50.0
13,-15,292.31613273792937
13,-15,55.44661712879076
14,-15,50.0
14,-15,50.0
14,-15,55.44661712879076
15,-15,172.3501226341118
15,-15,119.30635912637932
15,-15,73.8615494644584
14,-15,61.02395818445058
14,-15,68.85600788084479
14,-15,55.44661712879076
13,-15,50.0
13,-15,71.95090449527181
13,-15,59.01627925053514
14,-15,61.02395818445058
14,-15,55.44661712879076
14,-15,50.0
15,-15,55.44661712879076
15,-15,111.31514078682068
15,-15,50.0
15,-16,131.94401510718126
15,-16,61.02395818445058
15,-16,55.44661712879076
16,-16,50.0
16,-16,75.72386187758588
16,-16,115.72049947263697
17,-16,61.02395818445058
17,-16,50.0
17,-16,55.44661712879076
16,-16,55.44661712879076
16,-16,50.0
16,-16,50.0
17,-16,61.02395818445058
17,-16,55.44661712879076
17,-16,55.44661712879076
18,-16,50.0
18,-16,55.44661712879076
18,-16,61.02395818445058
17,-16,61.76795714464189
17,-16,50.0
17,-16,50.0
18,-16,50.0
18,-16,296.85171739012003
18,-16,50.0
19,-16,61.02395818445058
19,-16,55.44661712879076
19,-16,50.0
20,-16,83.24811527016132
20,-16,50.0
20,-16,102.62554483872158
20,-15,55.44661712879076
20,-15,76.00881547950283
20,-15,50.0
20,-14,61.02395818445058
20,-14,61.02395818445058
20,-14,61.02395818445058
20,-13,86.16133211937624
20,-13,61.02395818445058
20,-13,61.02395818445058
20,-12,50.0
20,-12,143.6905445051195
20,-12,61.02395818445058
20,-11,61.02395818445058
20,-11,61.02395818445058
20,-11,55.44661712879076
20,-10,65.41244188649635
20,-10,338.9743071629013
20,-10,258.89030985516695
20,-9,55.44661712879076
20,-9,50.0
20,-9,50.0
20,-10,50.0
20,-10,50.0
20,-10,55.44661712879076
20,-9,55.44661712879076
20,-9,72.9427313477965
20,-9,61.02395818445058
20,-8,61.02395818445058
20,-8,99.32440375111094
20,-8,50.0
20,-7,108.15206622160366
20,-7,184.402018611489
20,-7,78.98517399679929
20,-6,275.9103568842637
20,-6,61.02395818445058
20,-6,50.0
20,-5,61.02395818445058
20,-5,50.0
20,-5,77.4168047156884
20,-6,97.41203760211155
20,-6,153.17155221263272
20,-6,55.44661712879076
20,-5,61.02395818445058
20,-5,50.0
20,-5,191.63579012408292
20,-4,50.0
20,-4,108.35009033727425
20,-4,138.91572306865507
20,-3,140.14463371168284
20,-3,129.99310992974665
20,-3,75.27041028336829
20,-2,50.0
20,-2,118.57181224210825
20,-2,142.89313412437852
20,-1,61.02395818445058
20,-1,316.0517958679054
20,-1,61.02395818445058
20,0,149.14871936404538
20,0,198.6150939278134
20,0,55.44661712879076
20,-1,50.0
20,-1,156.32071875235613
20,-1,134.5825452041891
20,0,191.11457445756153
20,0,115.43430037423074
20,0,178.55909242790997
20,1,87.03092826665849
20,1,200.00530386406768
20,1,142.74155729818636
20,0,188.60713661215175
20,0,108.53051111275002
20,0,61.02395818445058
20,1,465.23968962483383
20,1,67.13270145242713
20,1,160.65532599946152
20,2,103.65845200768277
20,2,103.41182038847784
20,2,50.0
20,3,50.0
20,3,65.99610527036762
20,3,61.02395818445058
20,4,57.359533306593605
20,4,50.0
20,4,78.33320782667543
20,5,84.26664151864603
20,5,129.63740834578607
20,5,162.61296634087114
20,6,61.02395818445058
20,6,74.61135017007604
20,6,69.34981487739951
20,7,67.36003686515075
20,7,50.0
20,7,55.44661712879076
20,8,189.88880552463866
20,8,62.83306487780034
20,8,212.2171059748485
20,7,143.4578437000905
20,7,129.40287783039471
20,7,184.85192340584518
20,6,60.95458999630844
20,6,64.65076515022
20,6,70.28603063957611
19,6,198.8227964787439
19,6,61.02395818445058
19,6,172.10048456545616
18,6,50.0
18,6,518.4201334871489
18,6,50.0
17,6,151.54281019598199
17,6,104.16684501852897
17,6,149.27554804401439
16,6,50.0
16,6,236.305143078666
16,6,119.77063887391155
16,5,129.9591178475257
16,5,57.63710460220075
16,5,350.7578279752417
16,4,160.7161913868149
16,4,50.0
16,4,50.0
16,3,50.0
16,3,209.85210056813975
16,3,164.51577679052477
16,2,169.26643191787278
16,2,89.26023240250274
16,2,120.84146219979621
16,3,143.64834090293746
16,3,139.9135771042025
16,3,197.70613437055627
15,3,128.4938974214192
15,3,186.38319869264834
15,3,235.68113302081844
14,3,114.3398819866988
14,3,275.5446753415716
14,3,281.9758493291804
14,2,115.36362110996427
14,2,74.43922042279407
14,2,197.43110815484596
13,2,135.0525685544791
13,2,143.32385110961448
13,2,201.96113065073692
13,3,50.0
13,3,265.91383477809535
13,3,250.5473988884218
13,2,213.08679470049435
13,2,173.83126288304908
13,2,275.1150516666895
12,2,167.60542664097855
12,2,306.60686066501
12,2,224.9676840531597
12,3,291.6645226965471
12,3,80.09781741501486
12,3,723.2967495746682
12,2,215.85073596810565
12,2,239.73883010858754
12,2,248.06225989150724
12,3,527.2534509602731
12,3,302.2782107992921
12,3,409.5734259383696
11,3,445.7994252634944
11,3,357.0226069235662
11,3,187.23477175534194
11,2,442.5580714352998
11,2,169.88228688816406
11,2,360.70134973241477
11,1,410.8244281424825
11,1,361.57998439311626
11,1,673.7387167073011
11,0,214.25230983543432
11,0,261.9385689269755
11,0,203.94544149620492
10,0,219.90547551220928
10,0,197.80517323927015
