-17,16,100.0
-16,16,130.14575839693612
-16,16,100.0
-16,15,157.1888755077607
-16,15,100.0
-15,15,100.0
-15,15,132.9189527352384
-16,15,100.0
-16,15,239.14459076976132
-15,15,165.98342608321548
-15,15,129.5493804705232
-14,15,100.0
-14,15,242.1474209109021
-15,15,272.7149671035594
-15,15,106.84656004923599
-14,15,100.0
-14,15,445.745383569396
-13,15,194.21594521767832
-13,15,276.72209809294856
-14,15,100.0
-14,15,166.83111142391385
-14,14,110.15262196571834
-14,14,204.23566541389638
-13,14,100.0
-13,14,277.4353707773496
-13,13,100.0
-13,13,112.79227220077065
-13,14,108.10756002758303
-13,14,123.97049857345162
-12,14,100.0
-12,14,100.0
-12,13,338.38785274054135
-12,13,407.9254792831188
-11,13,100.0
-11,13,100.0
-10,13,100.0
-10,13,238.4264746753573
-9,13,272.82650291677703
-9,13,144.65223292828608
-9,12,263.3459950790188
-9,12,260.8431370345342
-9,11,203.588358789381
-9,11,405.0120482489475
-8,11,295.2123027563816
-8,11,342.87047829693904
-7,11,210.5665285859361
-7,11,286.04216264305114
-7,10,246.57117365632934
-7,10,241.14122091921277
-7,9,276.6603952341585
-7,9,388.1117487670053
-6,9,271.9331660946738
-6,9,535.7405638333116
-5,9,335.36611742591884
-5,9,330.3542514810501
-4,9,259.4831077982194
-4,9,460.7873244206079
-4,8,415.2860131073085
-4,8,372.9819343949784
-3,8,384.28518362949814
-3,8,369.60761373241155
-3,7,333.4109879208386
-3,7,419.47023675518835
-2,7,415.2493727294182
-2,7,614.567785126259
-2,6,447.6221330410796
-2,6,368.39361367722614
-2,5,561.3876019821456
-2,5,927.5217196453161
-1,5,444.96534611100543
-1,5,319.27395810269553
0,5,261.19958134038666
0,5,310.9299794056609
0,4,534.8293396273449
0,4,572.0843948578552
0,3,894.3778874215135
0,3,308.6537431215258
1,3,311.76493492207123
1,3,203.44049632481548
2,3,490.2813768184813
2,3,465.3907503082895
2,2,446.5867020377305
2,2,587.4839761370665
2,1,643.046997719591
2,1,539.4099668409365
3,1,577.5359220426536
3,1,600.8685562679952
4,1,515.9498860688352
4,1,398.8310273111472
4,2,437.45595512343857
4,2,287.88339386408677
4,1,541.1802758854029
4,1,543.715137421635
4,0,452.05534884771225
4,0,361.46912333731933
5,0,786.8537837336996
5,0,192.91089815294407
4,0,391.31162141410204
4,0,471.24525176640725
4,-1,521.689944779047
4,-1,350.38138706780614
5,-1,578.0825276055417
5,-1,584.8417255981195
6,-1,380.56966537998795
6,-1,887.9116787666059
6,0,222.8202203586037
6,0,369.4949583081207
7,0,415.9839085827281
7,0,371.2625405230563
7,1,529.0293062403545
7,1,365.40491554612873
8,1,496.38466061475015
8,1,514.8227134112827
9,1,415.9824017492252
9,1,666.9280960961024
10,1,105.28597704829636
10,1,827.8493363773686
11,1,100.0
11,1,473.96148130064705
11,0,162.22677667433177
11,0,254.20972377442922
11,-1,100.0
11,-1,441.29009019511557
11,0,143.25549621164006
11,0,100.0
12,0,239.74445335411949
12,0,532.7901076505823
13,0,276.0557361129161
13,0,288.0257170614218
13,1,280.7934024677568
13,1,393.8400829305391
13,2,380.7214870236002
13,2,242.213215867532
13,1,139.1104726263106
13,1,510.50936449188765
13,2,100.0
13,2,365.03893383969336
14,2,536.949465682955
14,2,362.89963999669453
15,2,226.30795676958326
15,2,359.47172111178804
15,3,176.4035300543533
15,3,376.01689054878716
15,4,183.85139302125265
15,4,174.47089245701028
15,5,112.71847882835851
15,5,325.6825127587989
16,5,190.5833210363869
16,5,254.2619652036769
16,4,230.23943439368315
16,4,207.67922902268003
16,5,100.0
16,5,208.29153879913198
16,6,109.50528288385128
16,6,239.28116797486348
16,7,226.1454903095375
16,7,259.41010063792226
16,8,331.5886268868815
16,8,715.772963030432
17,8,122.00588949163966
17,8,100.0
16,8,206.04473912362704
16,8,274.2473448849035
16,9,138.16707075278026
16,9,164.77827417767287
15,9,100.0
15,9,405.98857546209723
14,9,219.87431312144196
14,9,351.85105333497484
15,9,324.31088846555053
15,9,100.0
15,10,296.3087908574101
15,10,357.8427851391615
14,10,143.09620960530088
14,10,127.91080354447206
13,10,362.7888479566732
13,10,254.948348908524
12,10,196.80079589287107
12,10,180.18651900849272
12,11,382.5415789134444
12,11,195.65446585055952
11,11,100.0
11,11,324.4138201474892
11,12,100.0
11,12,100.0
12,12,383.69205478493456
12,12,391.3898917419099
12,13,103.04288840430134
12,13,100.0
12,14,100.0
12,14,100.0
11,14,290.7524383964936
11,14,327.18809087774423
11,15,100.0
11,15,187.07011526113556
12,15,100.0
12,15,172.77100826911382
11,15,153.1944822850096
11,15,100.0
10,15,364.271026405243
10,15,280.285686553132
9,15,179.4903397548548
9,15,225.6865589630608
8,15,100.0
8,15,186.18396290110476
7,15,677.7048333045506
7,15,171.02719849753646
7,14,180.28205423803598
7,14,283.17177129785654
8,14,100.0
8,14,325.92295384810905
8,15,136.2710784969286
8,15,100.0
7,15,125.41947558027486
7,15,383.649544741097
6,15,133.11639908214505
6,15,111.54492455047497
5,15,192.15242441926165
5,15,152.81865452512486
6,15,361.97489378011187
6,15,100.0
7,15,224.9695070313475
7,15,100.0
6,15,220.22441651719083
6,15,274.35968055842744
5,15,362.0108349503588
5,15,184.41618502378586
5,16,303.0887751839714
5,16,100.0
4,16,100.0
4,16,100.0
3,16,330.9994602713483
3,16,107.72368020345188
2,16,411.2470917786289
2,16,172.8369544850836
3,16,199.13063894169588
3,16,111.94802832301971
2,16,188.0756123971588
2,16,356.48799719698144
1,16,184.63593753111797
1,16,194.9215214642546
1,17,267.36041755401607
1,17,100.0
0,17,528.4825317385264
0,17,324.45686180020704
-1,17,215.09155821900285
-1,17,277.9213436175338
-1,18,131.83471250109548
-1,18,245.53782394626288
-2,18,228.76559965056592
-2,18,252.53792897867748
-3,18,225.52306567507597
-3,18,339.48594510134933
-3,19,100.0
-3,19,234.83200140022922
-4,19,531.767689343045
-4,19,100.0
-4,20,230.8382925948422
-4,20,227.29694023148417
-5,20,189.51620746057137
-5,20,100.0
-6,20,100.0
-6,20,105.35684276053775
-7,20,178.03523753199448
-7,20,100.0
-8,20,236.95317149629804
-8,20,113.32247126393509
-9,20,100.0
-9,20,100.0
-10,20,133.3090456687613
-10,20,100.0
-11,20,212.4093560694743
-11,20,100.0
-10,20,105.90497369581107
-10,20,100.0
-11,20,100.0
-11,20,100.0
-12,20,134.7977751446221
-12,20,318.45941713925004
-13,20,189.49380957698898
-13,20,100.0
-13,19,126.7039951323039
-13,19,100.0
-14,19,150.9911437826099
-14,19,100.0
-14,18,369.05141201810846
-14,18,208.2278162721309
-15,18,100.0
-15,18,166.12573391989832
-16,18,294.4477414000004
-16,18,100.0
-17,18,100.0
-17,18,100.0
-18,18,100.0
-18,18,100.0
-18,17,100.0
-18,17,100.0
-19,17,189.23193783041407
-19,17,100.0
-20,17,100.0
-20,17,202.65459881424664
-20,18,100.0
-20,18,113.91415423110841
-20,19,100.0
-20,19,120.79685228184657
-20,18,100.0
-20,18,369.40571830988756
-20,17,100.0
-20,17,100.0
-20,16,100.0
-20,16,179.22587981652157
-20,15,100.0
-20,15,100.0
-20,14,100.0
-20,14,100.0
-19,14,127.11013756659575
-19,14,100.0
-18,14,100.0
-18,14,100.0
-17,14,100.0
-17,14,100.0
-17,13,100.0
-17,13,100.0
-18,13,100.0
-18,13,272.6597785401973
-17,13,312.15067581954605
-17,13,100.0
-16,13,100.0
-16,13,100.0
-16,14,100.0
-16,14,209.6718086763832
-16,15,100.0
-16,15,100.0
-16,14,100.0
-16,14,100.0
-15,14,315.7463521798175
-15,14,181.31119852339893
-14,14,211.68119103174882
-14,14,100.0
-13,14,198.84552514986277
-13,14,166.24800034540831
-12,14,345.46783824363115
-12,14,100.0
-12,13,179.2286439537257
-12,13,139.09299944114656
-12,14,190.64724345246051
-12,14,100.0
-12,13,100.0
-12,13,221.95012880546068
-12,14,168.02550807786324
-12,14,166.8409191904165
-11,14,132.998046221359
-11,14,100.0
-11,15,375.3250626991817
-11,15,280.3387245465863
-11,14,399.5214940051632
-11,14,201.64235983026214
-12,14,381.8456142355791
-12,14,391.5595696185796
-12,13,275.1499540088397
-12,13,218.2931946463718
-11,13,295.0427444392176
-11,13,535.9844460428814
-11,12,269.91464473170714
-11,12,100.0
-11,11,240.1597985725339
-11,11,308.2704787822246
-11,10,100.0
-11,10,255.72908344486765
-11,11,100.0
-11,11,227.8117556848505
-11,10,100.0
-11,10,257.3760005799566
-11,11,100.0
-11,11,226.5283936705647
-11,12,150.36244301853867
-11,12,296.7127813015528
-11,11,238.75207699513888
-11,11,100.0
-10,11,268.17512859849546
-10,11,159.69083334545428
-11,11,225.3454240722938
-11,11,338.63450354851983
-12,11,192.34230310123533
-12,11,202.36747495985014
-11,11,229.5697465036688
-11,11,149.6642930670227
-11,10,100.0
-11,10,245.01296259740468
-10,10,276.9339779801202
-10,10,318.2691248593262
-10,9,139.87354082565636
-10,9,402.5555830012529
-10,8,193.65043530017425
-10,8,477.8408322900084
-9,8,318.36509328140164
-9,8,419.57119173966925
-8,8,416.07278529061807
-8,8,498.0102071558407
-8,9,338.4232609360797
-8,9,434.3348770759825
-8,8,287.26187561259763
-8,8,337.81740197174094
-7,8,378.3467108051284
-7,8,309.0052444313966
-7,7,354.41233673478683
-7,7,293.5452964014078
-7,6,192.74850860947464
-7,6,255.08722607687918
-6,6,372.55842943650373
-6,6,206.75754509014484
-6,7,523.9895024252128
-6,7,586.1504081867229
-6,6,510.5332657248987
-6,6,397.0035029253286
-6,5,185.51221404685742
-6,5,236.18045818109982
-6,4,530.3304024584028
-6,4,383.2678294396621
-6,3,405.99383025595796
-6,3,406.4887747059366
-6,4,374.8779337849532
-6,4,212.56420881912766
-5,4,350.2087563299342
-5,4,424.5381295172249
-5,3,446.7612692137233
-5,3,521.623834278317
-5,2,423.42209718860533
-5,2,257.72521745791795
-5,1,441.2428514365105
-5,1,337.21140167904537
-5,0,439.0736540055831
-5,0,740.9861866635505
-5,-1,653.5142719115505
-5,-1,246.57856641499671
-6,-1,586.6579293864697
-6,-1,348.0582449840475
-6,-2,748.3436694453671
-6,-2,263.08283943382924
-6,-3,451.43412819748124
-6,-3,275.52170097194886
-6,-4,607.0543649671507
-6,-4,100.0
-5,-4,654.3906935302126
-5,-4,261.9598174463158
-4,-4,220.12837362286473
-4,-4,174.07474377703858
-4,-5,290.90544965871555
-4,-5,338.61272291869625
-3,-5,374.26860982705574
-3,-5,373.2413187425383
-2,-5,383.0552619617843
-2,-5,503.2532657035114
-1,-5,719.1681174642772
-1,-5,441.7761132850861
-1,-6,616.4229579824238
-1,-6,409.49743183756226
0,-6,295.8989693223917
0,-6,298.1022897677458
0,-7,377.4127424818812
0,-7,240.7324917194926
1,-7,100.0
1,-7,265.7113575945541
2,-7,465.12905007349696
2,-7,360.92967485603083
2,-8,274.7225429235669
2,-8,260.329876300912
3,-8,238.82954548343267
3,-8,388.49834539466394
4,-8,541.3313229812122
4,-8,463.8273165782481
4,-9,568.3358891239801
4,-9,294.4710965836854
5,-9,836.9975319082752
5,-9,466.53740164432924
5,-10,395.869384477933
5,-10,154.66891659090518
6,-10,651.8157001700695
6,-10,228.7693731163588
5,-10,280.33429607880794
5,-10,321.526852649122
5,-11,310.24895112555276
5,-11,124.85230481324223
6,-11,177.6350595614564
6,-11,218.01674615500815
6,-12,296.1599908413603
6,-12,130.32714328056417
7,-12,232.26529476612097
7,-12,452.90026362640674
8,-12,201.4808624218257
8,-12,197.01366011396937
9,-12,243.2941267723157
9,-12,283.73718877443815
8,-12,259.38864154974425
8,-12,195.12206294912906
9,-12,127.47704437608812
9,-12,100.0
10,-12,100.0
10,-12,100.0
11,-12,218.20914759873523
