3.71429
3.71429
3.71429
3.71429
3.71429
3.71429
3.71429
3.71429
3.71429
3.71429
3.71429
3.71429
3.71429
3.71429
3.71429
3.71429
3.71429
3.71429
3.71429
3.71429
3.71429
3.71429
3.71429
3.71429
3.71429
3.71429
3.71429
3.71429
3.71429
3.71429
3.71429
3.71429
3.71429
3.71429
3.71429
3.71429
3.71429
3.71429
3.71429
3.71429
3.71429
3.71429
3.71429
3.71429
3.71429
3.71429
3.71429
3.71429
3.71429
3.71429
3.71429
3.71429
3.71429
3.71429
3.71429
3.71429
3.71429
3.71429
3.71429
3.71429
3.71429
3.71429
3.71429
3.71429
3.71429
3.71429
3.71429
3.71429
3.71429
3.71429
3.71429
3.71429
3.71429
3.71429
3.71429
3.71429
3.71429
3.71429
3.71429
3.71429
3.71429
3.71429
3.71429
3.71429
3.71429
3.71429
3.71429
3.71429
3.71429
3.71429
3.71429
3.71429
3.71429
3.71429
3.71429
3.71429
3.71429
3.71429
3.71429
