3.66667
3.66667
3.73443
3.75
3.71949
3.72496
3.66667
3.66667
3.41667
3.41667
3.41667
3.41667
3.66667
3.66667
3.66667
3.41667
3.41667
3.41667
3.66667
3.75
3.75
3.75
3.73443
3.66667
3.66667
3.41667
3.41667
3.41667
3.41667
3.41667
3.41667
3.41667
3.41667
3.66667
3.71949
3.75
3.75
3.72496
3.73443
3.75
3.41667
3.41667
3.41667
3.41667
3.45175
3.75
3.75
3.67664
3.41667
3.41667
3.46977
3.39163
3.41667
3.41667
3.41667
3.41667
3.65011
3.75
3.75
3.75
3.75
3.66667
3.66667
3.66667
3.66667
3.72496
3.73443
3.72496
3.71949
3.75
3.75
3.75
3.75
3.75
3.75
3.39163
3.45419
3.39893
3.41667
3.75
3.75
3.66667
3.71949
3.41667
3.41667
3.41667
3.41667
3.41667
3.41667
3.41667
3.41667
3.66667
3.71949
3.75
3.41667
3.45419
3.45175
3.39893
3.75
