3.71949
3.66667
3.66667
3.75
3.75
3.72496
3.66667
3.66667
3.41667
3.41667
3.41667
3.41667
3.66667
3.66667
3.66667
3.41667
3.41667
3.41667
3.66667
3.75
3.75
3.75
3.71949
3.75
3.71949
3.41667
3.41667
3.41667
3.41667
3.41667
3.41667
3.41667
3.41667
3.66667
3.71949
3.75
3.75
3.66667
3.75
3.75
3.41667
3.41667
3.41667
3.41667
3.46977
3.75
3.75
3.45722
3.46977
3.44473
3.45419
3.44473
3.41667
3.41667
3.41667
3.41667
3.75
3.75
3.75
3.75
3.75
3.72496
3.66667
3.66667
3.71949
3.72496
3.73443
3.75
3.71949
3.75
3.75
3.75
3.75
3.72496
3.75
3.39163
3.45175
3.46977
3.40535
3.75
3.75
3.66667
3.71949
3.41667
3.41667
3.41667
3.41667
3.41667
3.41667
3.41667
3.41667
3.66667
3.75
3.75
3.41667
3.46977
3.43925
3.75
3.75
