3.66667
3.58333
3.5
3.58333
3.58333
3.5
3.5
3.5
3.5
3.5
3.58333
3.58333
3.58333
3.5
3.47973
3.47276
3.40778
3.46651
3.24776
3.33988
3.4564
3.48572
3.49752
3.5
3.49
3.41419
3.44127
3.58333
3.5
3.58333
3.47408
3.58333
3.5
3.5
3.5
3.5
3.5
3.5
3.5
3.5
3.5
3.5
3.5
3.58333
3.41667
3.41419
3.41667
3.41419
3.40412
3.40492
3.4117
3.4117
3.41419
3.4117
3.41419
3.41667
3.49752
3.41667
3.41667
3.41667
3.41667
3.66667
3.66667
3.75
3.41667
3.41667
3.41667
3.5
3.5
3.58333
3.5
3.5
3.5
3.41667
3.4083
3.41419
3.38942
3.33548
3.37329
3.40156
3.39725
3.40412
3.41667
3.41667
3.41667
3.41667
3.41667
3.5
3.41667
3.41667
3.42388
3.34783
3.34213
3.37542
3.33086
3.33333
3.33333
3.33333
3.33333
