3.66667
3.58333
3.5
3.58333
3.58333
3.5
3.5
3.5
3.5
3.5
3.58333
3.58333
3.58333
3.5
3.48745
3.40029
3.4512
3.46381
3.24398
3.30074
3.44857
3.49252
3.5
3.49752
3.49
3.41667
3.44127
3.58333
3.5
3.58333
3.47408
3.58333
3.5
3.5
3.5
3.5
3.5
3.5
3.5
3.5
3.5
3.5
3.5
3.58333
3.41667
3.41667
3.41419
3.41419
3.4117
3.40156
3.41419
3.40666
3.40919
3.4117
3.40666
3.41667
3.5
3.41667
3.41667
3.41667
3.41667
3.50084
3.66667
3.41667
3.41667
3.41667
3.41667
3.5
3.5
3.58333
3.5
3.49503
3.47033
3.40183
3.41419
3.40412
3.37905
3.3604
3.35646
3.38852
3.38852
3.3955
3.41419
3.40919
3.41667
3.41667
3.41667
3.5
3.41667
3.41667
3.5
3.39141
3.34622
3.41667
3.33086
3.33333
3.33333
3.33333
3.33333
