3.66667
3.58333
3.5
3.58333
3.58333
3.5
3.5
3.5
3.5
3.5
3.58333
3.58333
3.58333
3.49752
3.47276
3.47031
3.38386
3.47633
3.25389
3.36564
3.43789
3.4849
3.5
3.49752
3.5
3.41419
3.44127
3.58333
3.5
3.58333
3.47408
3.58333
3.5
3.5
3.5
3.5
3.5
3.5
3.5
3.5
3.5
3.5
3.5
3.58333
3.41667
3.41667
3.41667
3.41667
3.40238
3.40666
3.40996
3.41419
3.40919
3.41419
3.41667
3.41419
3.5
3.41667
3.41667
3.41667
3.41667
3.50084
3.66667
3.41667
3.41667
3.41667
3.41667
3.5
3.5
3.58333
3.5
3.5
3.38894
3.41419
3.41667
3.40412
3.38318
3.33801
3.39468
3.40745
3.39379
3.40238
3.4117
3.41419
3.41419
3.41667
3.41667
3.5
3.41667
3.41667
3.5
3.5
3.33333
3.35546
3.33333
3.33086
3.33333
3.33333
3.33086
