3.66667
3.58333
3.5
3.58333
3.58333
3.5
3.5
3.5
3.5
3.5
3.58333
3.58333
3.58333
3.5
3.49752
3.46033
3.41221
3.45836
3.2371
3.32779
3.4745
3.49503
3.5
3.5
3.49752
3.41667
3.44127
3.58333
3.5
3.58333
3.47408
3.58333
3.5
3.5
3.5
3.5
3.5
3.5
3.5
3.5
3.5
3.5
3.5
3.58333
3.41667
3.41667
3.41419
3.4117
3.40919
3.40412
3.40412
3.40412
3.40919
3.40666
3.40919
3.41667
3.5
3.41667
3.41667
3.41667
3.41667
3.66667
3.66667
3.75
3.41667
3.41667
3.41667
3.5
3.5
3.58333
3.5
3.5
3.42636
3.41667
3.41419
3.40412
3.39725
3.36147
3.36879
3.37503
3.39899
3.40156
3.41419
3.41667
3.41667
3.41667
3.41667
3.5
3.41667
3.41667
3.5
3.42636
3.34374
3.37542
3.33333
3.33333
3.33333
3.33086
3.33333
