3.66667
3.58333
3.5
3.58333
3.58333
3.5
3.5
3.5
3.5
3.5
3.58333
3.58333
3.58333
3.5
3.48745
3.41158
3.4307
3.4849
3.24727
3.32604
3.4745
3.47802
3.49752
3.5
3.49503
3.41419
3.44127
3.58333
3.5
3.58333
3.47408
3.58333
3.5
3.5
3.5
3.5
3.5
3.5
3.5
3.5
3.5
3.5
3.5
3.58333
3.41667
3.41667
3.41667
3.41419
3.40666
3.40666
3.40919
3.4117
3.41419
3.41667
3.4117
3.41419
3.5
3.41667
3.41667
3.41667
3.41667
3.50084
3.66667
3.58502
3.41667
3.41667
3.41667
3.5
3.5
3.58333
3.5
3.49752
3.49752
3.41667
3.41667
3.393
3.38785
3.3582
3.37163
3.37503
3.40666
3.38678
3.41667
3.4117
3.41667
3.41667
3.41667
3.5
3.41667
3.41667
3.5
3.5
3.34622
3.32585
3.33333
3.33333
3.33333
3.33333
3.32836
