3.66667
3.58333
3.5
3.58333
3.58333
3.5
3.5
3.5
3.5
3.5
3.58333
3.58333
3.58333
3.5
3.49
3.46651
3.44153
3.45421
3.24572
3.31626
3.47973
3.49752
3.49252
3.5
3.49252
3.41667
3.5
3.58333
3.5
3.58333
3.47408
3.58333
3.5
3.5
3.5
3.5
3.5
3.5
3.5
3.5
3.5
3.5
3.5
3.58333
3.41667
3.41667
3.41667
3.40919
3.41419
3.40238
3.41419
3.40666
3.41419
3.40156
3.41667
3.4117
3.5
3.41667
3.41667
3.41667
3.41667
3.50084
3.66667
3.75
3.41667
3.41667
3.41667
3.5
3.5
3.58333
3.5
3.5
3.5
3.41667
3.41419
3.40919
3.37708
3.35306
3.3582
3.39379
3.39205
3.40156
3.41419
3.41667
3.41667
3.41667
3.41667
3.5
3.41667
3.41667
3.42636
3.5
3.34622
3.41419
3.33086
3.33333
3.33333
3.33086
3.33333
