3.66667
3.58333
3.5
3.58333
3.58333
3.5
3.5
3.5
3.5
3.5
3.58333
3.58333
3.58333
3.5
3.48733
3.40251
3.42237
3.43402
3.27707
3.32493
3.44593
3.49752
3.49752
3.5
3.5
3.41419
3.44127
3.58333
3.5
3.58333
3.47408
3.58333
3.5
3.5
3.5
3.5
3.5
3.5
3.5
3.5
3.5
3.5
3.5
3.58333
3.41667
3.41667
3.41419
3.40745
3.39982
3.40156
3.40666
3.41419
3.4117
3.4117
3.4117
3.41667
3.5
3.41667
3.41667
3.41667
3.41667
3.50084
3.66667
3.41667
3.41667
3.41667
3.41667
3.5
3.5
3.58333
3.5
3.5
3.5
3.40183
3.41419
3.40821
3.37776
3.36331
3.35701
3.39466
3.38318
3.40238
3.41419
3.41667
3.41667
3.41667
3.41667
3.5
3.41667
3.41667
3.5
3.5
3.34374
3.36794
3.33333
3.33333
3.33333
3.33086
3.33333
