3.66667
3.58333
3.5
3.58333
3.58333
3.5
3.5
3.5
3.5
3.5
3.58333
3.58333
3.58333
3.5
3.49503
3.49
3.44208
3.47185
3.27598
3.32844
3.47712
3.49503
3.5
3.5
3.49252
3.41419
3.44127
3.58333
3.5
3.58333
3.47408
3.58333
3.5
3.5
3.5
3.5
3.5
3.5
3.5
3.5
3.5
3.5
3.5
3.58333
3.41667
3.41667
3.41667
3.41493
3.40412
3.41419
3.4117
3.40412
3.4117
3.41667
3.41667
3.41667
3.5
3.41667
3.41667
3.41667
3.41667
3.66667
3.66667
3.58502
3.41667
3.41667
3.41667
3.5
3.5
3.58333
3.5
3.5
3.5
3.41667
3.41667
3.40666
3.38768
3.35417
3.3548
3.39379
3.37637
3.41493
3.41667
3.41419
3.41667
3.41667
3.41667
3.5
3.41667
3.41667
3.5
3.49503
3.34622
3.37542
3.33086
3.33333
3.33333
3.33333
3.33333
