2.93403
3.11997
2.9834
3.07453
2.96101
2.98392
2.95488
3.04854
2.60349
3.07571
2.8956
2.90873
2.77272
2.78524
2.79116
2.94471
2.42827
2.93692
2.34575
2.81205
2.81216
2.82105
2.51552
3.04426
2.80545
3.02823
2.85867
3.03821
2.94003
2.98693
2.90797
3.09298
2.91634
2.86584
2.93161
3.09826
2.83715
3.11681
2.98725
3.12352
2.9834
3.12847
2.98141
3.13065
2.97938
3.12673
2.96638
3.09044
2.964
3.09949
2.89976
3.08274
2.88583
3.04459
2.96117
3.08948
2.95722
3.03599
2.63171
2.65555
2.88276
2.98363
2.80951
2.75813
2.77734
2.96389
2.8514
2.87961
2.7791
2.91072
2.52092
2.91529
2.92235
2.90857
2.71939
3.10971
2.81654
3.08702
2.89673
2.97016
