2.97625
3.1325
2.98086
3.01995
2.84339
3.07474
2.82979
3.03782
2.79827
2.9692
2.73333
2.93029
2.74987
2.67889
2.67579
2.87918
2.56445
2.86547
2.00355
2.63574
2.61619
2.90979
2.77442
3.01058
2.80189
3.05697
2.72765
3.08779
2.9542
3.03931
2.85354
3.10335
2.92596
3.13202
2.93161
3.09979
2.98534
3.13158
2.98534
3.13461
2.98725
3.1294
2.98141
3.12873
2.94515
3.12526
2.97072
3.11789
2.71514
3.08202
2.8538
3.08204
2.7904
3.08847
2.79758
3.07121
2.78515
3.01505
2.87979
2.96358
2.09818
3.05005
2.64804
2.86924
2.78471
2.86272
2.86379
2.84664
2.43352
2.98284
2.84339
3.09444
2.87053
3.00337
2.91882
2.73513
2.58109
2.98816
2.88781
3.01995
