2.98658
3.13369
2.9723
3.11192
2.96609
3.06217
2.87943
3.03946
2.86099
3.0205
2.84468
2.82442
2.77512
2.64387
2.59957
2.72253
2.75322
2.70872
2.51525
2.75427
2.77791
2.95947
2.10261
2.51752
2.7867
3.03217
2.26105
2.96999
2.74094
3.05854
2.91634
3.11653
2.97623
3.12146
2.98277
3.12752
2.98725
3.11548
2.98534
3.13369
2.98534
3.1297
2.98141
3.13181
2.9834
3.11914
2.97731
3.06541
2.94182
3.05068
2.87481
3.1145
2.91124
3.09603
2.82325
3.08797
2.92952
2.86808
2.89967
2.7043
2.80189
2.97091
2.84059
2.70401
2.72556
2.7301
2.39056
2.93729
2.86465
2.98644
2.91395
3.06525
2.93508
3.03007
2.09669
3.09542
2.64121
3.1056
2.93474
2.68153
