2.97745
3.12098
2.80447
3.10484
2.95213
3.1193
2.84107
2.94252
2.84796
3.01914
2.76217
2.67832
2.85025
2.95229
2.65772
2.89079
2.81654
2.68471
2.63733
2.46697
2.0734
3.01439
2.95251
3.01421
2.08905
3.10991
2.85052
3.07014
2.8403
3.02779
2.95915
3.03187
2.98725
3.10164
2.92125
3.12429
2.98725
3.10335
2.88507
3.1325
2.98534
3.09582
2.9269
3.12348
2.98534
3.05854
2.96162
3.10751
2.94772
3.10021
2.94034
3.08857
2.91151
3.10847
2.93959
3.09777
2.95174
3.09599
2.80876
3.05248
2.59354
2.99545
2.77902
3.05749
2.72314
2.61216
2.84818
2.92081
2.60552
3.01545
2.46241
2.99479
2.93534
2.96343
2.89405
2.88369
2.9723
3.07734
2.80106
2.92908
