2.98658
3.1233
2.97335
3.08751
2.96519
3.00163
2.94236
3.0717
2.89464
2.87734
2.55923
2.94452
2.78695
2.83954
2.82357
2.63088
2.70293
2.6643
2.76083
2.88768
2.19793
2.86294
2.70565
3.05436
2.79758
3.00584
2.89936
2.92255
2.78009
3.10971
2.9834
3.11083
2.97027
3.08259
2.94465
3.10484
2.98725
3.08317
2.98534
3.09542
2.98277
3.12752
2.98141
3.12774
2.92447
3.12752
2.96638
3.12247
2.94515
3.08008
2.964
3.09299
2.76706
3.04854
2.90002
3.05269
2.95882
2.98662
2.71008
2.86459
2.84468
3.07317
2.19766
2.91535
2.70626
2.96034
2.60294
3.04121
2.67325
3.03662
2.6903
2.85487
2.86025
2.99531
2.87652
3.0565
2.85651
2.93171
2.65687
2.84746
