2.98467
3.11789
2.9682
3.07766
2.89049
2.92035
2.77857
3.06378
2.7901
3.02814
2.81468
2.79362
2.68298
2.99972
2.90505
2.8515
2.80801
2.93487
2.77076
2.88645
2.59872
2.65883
2.5023
2.83936
2.54164
3.04509
2.91882
2.91761
2.62444
3.08936
2.90467
3.10879
2.9054
3.12047
2.81569
3.04648
2.98725
3.13369
2.96341
3.13158
2.98725
3.1297
2.97891
3.12847
2.97814
3.12884
2.97938
3.10826
2.88865
3.04556
2.86404
3.10214
2.85463
3.05642
2.82755
3.06403
2.92892
2.99965
2.78621
3.00871
2.4861
3.00998
2.69604
2.95495
2.78599
2.6164
2.70121
2.95223
2.52931
2.98091
2.85117
2.89036
2.8233
2.69431
2.79394
3.07271
2.6766
2.95324
2.14298
3.05127
