2.98658
3.12752
2.8233
3.06985
2.92994
3.10366
2.85784
3.0572
2.88852
2.89304
2.70637
3.01545
2.75476
2.94149
2.87853
2.8938
2.67512
2.76808
2.27163
2.97957
2.77442
2.91752
2.46018
2.98783
2.71734
2.95152
2.70554
3.08751
2.92363
2.96402
2.9269
3.07271
2.97891
3.03299
2.93936
3.08751
2.98725
3.13461
2.98725
3.12847
2.97335
3.13369
2.97938
3.13369
2.97731
3.12673
2.91124
3.1214
2.91151
3.0745
2.88556
3.06854
2.95952
3.06417
2.92675
3.03474
2.88154
3.09148
2.74022
3.02268
2.83718
2.98381
2.7421
2.6364
2.61387
2.86591
2.71674
2.68723
2.75064
2.91986
2.88865
2.85694
2.69677
3.08927
2.92447
2.92825
2.88507
2.92035
2.7012
2.78302
