2.98467
3.13065
2.9613
3.0973
2.94003
3.03589
2.65217
3.06043
2.82979
2.99661
2.83718
2.77991
2.58211
3.04232
2.75295
3.005
2.84038
2.7624
2.79841
2.92301
2.6608
2.64311
2.75785
2.98625
2.91124
3.04648
2.80447
2.89339
2.90008
3.06985
2.9682
2.73042
2.9542
3.01929
2.9269
3.13461
2.96341
3.13276
2.94236
3.13158
2.98725
3.12526
2.97521
3.11347
2.9834
3.10872
2.95846
3.11072
2.97283
3.09202
2.92471
3.0378
2.80219
3.10847
2.96117
3.051
2.97625
3.05428
2.73213
3.05599
2.62019
2.82743
2.77464
2.98407
2.84322
2.98821
2.85599
3.00652
2.80698
2.99162
2.90393
3.0717
2.90277
3.08317
2.68233
3.06854
2.94003
2.89339
2.77016
2.9393
