3.31298
3.52819
2.94542
3.02537
3.37354
2.96266
3.44198
2.9098
2.87512
2.91032
3.16643
2.91032
3.42466
2.92684
2.69592
2.63159
2.67782
3.09665
2.9095
2.72264
2.74019
2.89256
2.87512
2.65026
3.31298
2.74019
2.94368
2.99654
2.60313
2.69592
2.8
2.46247
2.94542
3.0734
2.76612
2.76612
2.9098
2.74888
2.9098
2.99068
2.67782
2.86523
3.17493
2.69592
3.20889
2.6869
3.26186
2.71379
2.41966
3.52819
2.76084
3.03391
2.73144
2.9797
3.12321
3.24442
2.65026
2.99654
3.24442
3.42466
2.89245
3.22677
3.24442
2.72264
3.17493
3.19177
2.94368
3.42466
3.17493
3.05085
2.71379
2.66869
2.99654
3.19177
3.62469
2.96266
2.78316
2.77467
2.74888
3.19177
