3.2791
3.62469
3.26186
3.19177
3.60785
2.78463
3.14065
3.17493
3.02537
3.16643
3.30458
2.94542
3.12321
2.58385
2.75753
2.74888
2.74681
3.05924
3.29614
2.74888
2.5445
2.88343
2.78316
2.9098
3.62469
2.92684
2.78316
3.1431
2.65951
2.59352
2.87512
2.69592
2.90121
2.90121
2.72264
2.86632
2.70798
2.78316
2.94542
3.2791
3.10063
3.09665
2.96412
2.78316
3.17493
2.71379
3.52819
3.25317
2.73144
3.71505
2.94614
2.9797
2.67782
3.05085
3.14065
2.9098
2.30682
2.73144
2.92798
3.28764
2.74888
3.19177
3.31298
2.78316
3.05924
2.89256
2.94368
3.0424
3.01677
2.94368
2.92684
2.6869
3.14065
3.1908
3.51135
2.9797
2.8
2.78316
3.02537
3.31298
