2.9712
2.99654
2.9797
3.00813
2.99654
2.8215
2.92684
2.78316
2.99654
3.00813
3.12321
2.76612
3.31298
2.67782
2.8
2.91834
2.89256
3.19177
3.15789
2.65951
2.69592
3.19177
2.74888
2.71379
3.71505
2.6869
2.90121
2.94368
2.41966
2.90141
3.05924
2.69592
2.93672
2.73144
2.73144
2.89256
2.87512
2.66869
2.72264
3.17493
2.85746
3.07867
3.24442
2.78316
2.94368
2.7916
2.96266
2.85746
2.57411
3.45954
3.0424
3.02537
2.40876
3.05924
3.11441
2.94368
2.47298
2.69592
2.73144
3.19177
2.94368
3.19177
3.0424
2.78316
3.52819
3.23562
2.66869
3.40782
2.73144
2.92684
3.02537
2.74019
3.23562
3.27051
3.31298
2.65951
2.75753
2.78316
3.05924
3.62469
