3.28764
3.19177
2.96266
3.19177
2.89256
2.78463
3.29614
2.74888
2.73144
2.84856
3.14065
2.99654
3.42466
2.75753
2.71379
2.75753
2.81237
2.94542
3.1493
2.76612
2.9098
3.25317
2.71379
2.9098
3.71505
2.75753
2.94368
3.19177
2.40876
2.8215
2.87512
2.66869
3.14065
2.99654
2.69592
3.0424
2.96412
2.65026
2.62217
3.06959
3.52819
3.19177
3.29614
2.74888
2.9095
2.81237
3.52819
2.94368
2.56431
3.0424
2.74888
2.99654
2.8
3.42466
3.17493
2.9797
2.65026
2.72264
2.76585
3.62469
3.05924
3.29614
3.31298
2.78316
3.62469
3.4427
3.19177
3.8
2.96266
2.99654
3.05924
2.87512
3.31298
3.14065
3.62469
2.66869
2.65026
2.86632
2.78463
3.28764
