3.24442
3.31298
2.92684
3.14065
3.42466
3.00813
3.19177
2.92684
3.00813
2.9712
3.16643
2.99654
3.19177
2.93528
2.90121
2.74888
2.83058
2.83959
2.94614
2.69592
2.76612
2.85746
2.63159
2.74888
3.8
2.53449
3.29614
3.42466
2.38671
2.76612
3.52819
2.65951
3.23562
3.05924
2.94368
2.91918
2.87192
2.55444
2.98188
3.26186
2.89256
3.14065
3.31298
2.9098
3.15789
2.85746
3.69821
2.91834
2.6869
3.42466
2.77527
2.92684
2.53449
2.94368
3.00813
2.9797
2.50406
2.77467
2.94542
3.19177
2.89256
2.99068
3.00813
2.78316
3.31298
2.81237
2.61268
3.31298
2.88387
2.94542
2.99654
2.89256
3.31298
3.29614
3.71505
2.9797
2.92684
3.14065
2.92684
3.51135
