3.31298
3.31298
2.92684
2.94542
3.29614
2.92684
2.75753
2.73144
2.9098
2.87512
2.87512
2.76612
2.92684
2.76612
2.8
2.8
2.88387
3.14065
3.15789
2.78316
2.64096
2.87512
2.89256
2.6681
3.8
3.2791
3.42466
3.2791
2.51427
2.64774
2.99654
2.45189
2.87436
3.18897
2.78316
2.9098
2.97303
2.72264
2.81237
3.05127
2.92798
3.2791
3.42567
2.78316
3.16643
2.75753
3.71505
2.9098
2.67782
3.62469
2.76585
2.86632
2.61268
3.42466
3.15789
2.9797
2.76612
2.94368
3.0424
3.05924
3.00813
2.83959
2.83959
2.8
3.31298
3.15789
2.69592
2.73144
2.89256
3.19177
3.0424
2.7916
3.12321
3.08768
3.52819
3.02537
2.89256
2.89256
2.9712
3.8
