3.29614
3.14065
2.66869
2.93707
3.03391
2.7372
2.99654
2.74888
2.69592
2.65951
3.05085
2.76612
2.92684
2.70488
2.72264
2.65951
2.72264
3.19177
3.02537
2.72264
2.74019
2.65026
2.72264
2.74019
3.62469
2.76612
2.74888
3.0424
2.5445
2.59352
2.74888
2.72264
2.89256
2.78316
2.71379
2.99654
2.83959
2.59352
2.51427
3.11441
3.0424
3.02537
2.93672
2.73144
2.96266
2.78316
3.15789
2.76612
2.64096
3.52819
2.7372
2.76612
2.53449
2.99943
3.2791
2.92684
2.39778
2.8
3.0424
3.8
3.51135
3.29614
3.45954
3.19177
3.31298
3.26186
2.73144
3.71505
3.19177
3.31298
3.00813
2.83058
3.31298
3.29614
2.99654
2.65951
2.71379
2.8
3.03391
3.19177
