2.99068
2.78316
2.9098
3.05924
3.31298
2.92684
2.93528
2.78316
2.83058
2.91032
3.26186
2.83959
2.9797
2.89256
2.91834
2.71379
2.90121
3.19177
3.31298
2.89256
2.76612
2.71379
2.63159
2.65951
3.8
2.90121
2.94542
3.19177
2.59352
2.62217
2.94368
2.73144
3.14065
2.94368
2.73144
2.70488
2.94542
2.65951
2.69592
3.29614
2.78316
2.94542
3.00813
2.94368
3.31298
2.78316
3.19177
2.99654
2.74019
3.42466
2.84856
2.76612
2.6869
2.74888
3.26186
2.90121
2.39778
2.74888
3.31298
3.42466
3.29614
3.31298
3.26186
2.94542
3.42466
3.14457
2.70488
3.29614
3.05924
3.31298
3.17493
2.69592
3.62469
3.31298
3.31298
2.92684
2.78316
2.8
2.9098
3.62469
