0,11,379.90237485761514
0,12,456.9903090921415
0,12,351.4558052794721
0,11,298.04978423273633
0,11,390.40786781868906
0,10,349.71796698220413
0,10,353.08976378123174
0,11,323.84561548822194
0,11,327.46465398878564
0,10,515.5462692594417
0,10,243.89987983714488
-1,10,609.0861562284917
-1,10,298.16187275515557
-1,11,379.08513819477525
-1,11,333.1123494577293
-1,12,345.71302190903396
-1,12,355.1448153137289
-1,11,300.29445044801645
-1,11,286.75059303335263
-1,10,235.66638873074896
-1,10,378.7926752155144
-1,11,303.15330083652094
-1,11,200.0
-2,11,449.4795769217818
-2,11,292.7600431801492
-2,10,414.64081784462314
-2,10,382.59699090255094
-3,10,230.5147213283233
-3,10,201.90301436639578
-3,9,361.76545040713535
-3,9,420.2846646580364
-3,8,566.4542734016871
-3,8,371.0577608737849
-2,8,384.5227159769621
-2,8,366.8806122262109
-3,8,425.54160782899635
-3,8,237.89252003722504
-4,8,452.65391240311726
-4,8,542.893623275578
-4,7,355.8407586674218
-4,7,233.78037408064313
-4,6,384.80168647604205
-4,6,741.1914279400253
-4,5,356.2615281602921
-4,5,373.4245099395426
-4,4,313.17350414842684
-4,4,376.0579589029254
-4,3,396.8237371659794
-4,3,385.2108586509337
-4,2,488.39972467060784
-4,2,453.7318633517223
-4,1,341.214099055289
-4,1,558.5235331324169
-3,1,462.64843875868746
-3,1,717.076873498143
-4,1,409.5688803376742
-4,1,329.18794600787356
-4,0,668.9058189792844
-4,0,428.2564556603435
-5,0,451.3191113227759
-5,0,354.12741608266094
-5,-1,619.2146570043531
-5,-1,348.95622463915356
-6,-1,460.3395428864445
-6,-1,700.445719868505
-6,-2,315.7899516995011
-6,-2,317.16788932347333
-7,-2,235.48136740329056
-7,-2,410.6666110222458
-8,-2,306.4195445850331
-8,-2,385.7570054596184
-8,-1,303.2471009315471
-8,-1,478.29393870357353
-8,-2,703.3966063578557
-8,-2,453.0178582677057
-8,-3,395.66817141760714
-8,-3,314.8305518750692
-8,-4,507.3353944870295
-8,-4,260.977976133535
-8,-3,363.44648779251787
-8,-3,316.9004251469921
-8,-2,453.33830297509394
-8,-2,332.4969221620257
-8,-1,354.350001877321
-8,-1,242.53101477088836
-8,0,418.2679361250167
-8,0,304.7508456396435
-8,1,517.830378312943
-8,1,303.3746817421261
-8,0,600.9794952097023
-8,0,392.23629784623836
-8,1,340.5332802929871
-8,1,381.8343203319435
-9,1,200.0
-9,1,373.8150170141729
-9,2,439.42833306074573
-9,2,544.788671446944
-9,3,297.81775357708705
-9,3,333.61001665211586
-8,3,200.0
-8,3,357.7093939040147
-8,2,327.38596816907
-8,2,404.9302447253735
-8,3,366.4279103954762
-8,3,375.5097189502437
-7,3,662.4984971506606
-7,3,484.76088602059974
-6,3,312.57076268444365
-6,3,480.2431947044523
-5,3,456.744115522035
-5,3,416.75224233172696
-5,4,335.63417109399575
-5,4,308.7950893471745
-4,4,591.635618696178
-4,4,319.1129881606147
-4,5,350.6897371679665
-4,5,457.70288004257935
-4,4,363.89571492195944
-4,4,726.1875554933806
-4,5,581.2600336884299
-4,5,200.0
-4,6,681.390748783437
-4,6,288.22509524884197
-4,7,371.3295253878235
-4,7,351.17739259614785
-4,8,382.60513055004924
-4,8,286.6528485358824
-4,9,389.651614544765
-4,9,408.96452900173585
-3,9,358.62230258247513
-3,9,679.5710933852208
-3,8,335.71262766109083
-3,8,385.04805385451044
-2,8,269.3477501399832
-2,8,351.724743669125
-2,9,335.2298935807908
-2,9,242.53101477088836
-2,10,288.41508849267734
-2,10,284.9997227327905
-2,11,424.5117935399363
-2,11,362.27375197236057
-2,12,284.62853607490575
-2,12,429.9332130174847
-1,12,376.8332895458493
-1,12,608.6615786933688
-1,13,260.0120548023585
-1,13,288.9094952195052
0,13,531.2826767385336
0,13,447.6293216365032
0,14,207.85417928827678
0,14,254.89215199974922
0,13,386.18333943864417
0,13,435.18712475811714
0,12,268.13833376690536
0,12,339.4314297159049
0,13,340.9014650413482
0,13,246.25581591812102
0,14,438.95997549319594
0,14,291.41153324012413
-1,14,388.06768182477606
-1,14,307.2998744112482
-1,15,384.02325413594275
-1,15,254.54778281012432
0,15,380.49028119447536
0,15,253.45101662715973
1,15,288.54736897009764
1,15,308.9499047667583
1,16,358.7553792330113
1,16,247.61096241988028
2,16,414.4731587406957
2,16,384.8370550022197
2,17,226.9223172561692
2,17,260.5911706290253
2,18,289.993337298802
2,18,391.68293153389266
3,18,379.10072427414366
3,18,258.0537334725113
3,19,506.0599174722348
3,19,311.50230648447916
4,19,243.02234225234957
4,19,242.53101477088836
4,20,242.53101477088836
4,20,244.2809938753856
5,20,303.0882196709141
5,20,243.3281103278835
6,20,383.2347192289241
6,20,200.0
7,20,278.069640412206
7,20,200.0
6,20,200.0
6,20,207.2728708388614
7,20,200.0
7,20,245.52028507033825
8,20,242.53101477088836
8,20,200.0
9,20,200.0
9,20,244.3186460354115
10,20,244.37015871682283
10,20,319.086990966579
11,20,200.0
11,20,275.06416756884005
12,20,348.4103616675071
12,20,262.06634093414004
13,20,284.34139023534937
13,20,200.0
14,20,200.0
14,20,242.53101477088836
15,20,235.34432119113964
15,20,200.0
16,20,200.0
16,20,200.0
17,20,255.10433066851965
17,20,345.8322238497068
18,20,240.93343548678303
18,20,200.0
17,20,200.0
17,20,384.43289702825234
18,20,234.22268870330706
18,20,242.53101477088836
17,20,242.53101477088836
17,20,242.53101477088836
18,20,200.0
18,20,200.0
19,20,200.0
19,20,244.44996097930985
20,20,200.0
20,20,242.53101477088836
20,19,200.0
20,19,242.53101477088836
19,19,200.0
19,19,200.0
18,19,200.0
18,19,200.0
17,19,242.53101477088836
17,19,287.10767070772727
16,19,242.53101477088836
16,19,206.33980367005768
17,19,200.0
17,19,251.12072039707544
17,18,240.7878447700552
17,18,383.74314308090345
16,18,297.1502252655973
16,18,278.4696901599061
15,18,269.17931750730435
15,18,201.12857123283723
14,18,258.52356549950514
14,18,218.90098848958309
13,18,257.7752481967854
13,18,200.0
12,18,230.69359003217693
