0,11,402.48722422692566
0,12,407.82177279422876
0,12,219.03335409694907
0,11,465.5936805626005
0,11,374.9764723328932
0,10,296.2705626177702
0,10,233.20477026480395
0,11,376.4652268681313
0,11,680.1780766958715
0,10,322.92754038014266
0,10,318.53141212483024
-1,10,312.11809099670774
-1,10,352.78351505116393
-1,11,254.40423461682462
-1,11,480.58180578503874
-1,12,565.7232773033022
-1,12,265.7181576418605
-1,11,494.2264276165525
-1,11,595.7619892887947
-1,10,335.8105236426738
-1,10,374.61377976276304
-1,11,304.7352900412337
-1,11,273.89139848006954
-2,11,327.20211428217385
-2,11,586.5433148427566
-2,10,530.4964734498694
-2,10,241.38109115221363
-3,10,392.57083270851706
-3,10,531.8635933930293
-3,9,373.1303611039363
-3,9,331.9479002169599
-3,8,327.934402351037
-3,8,344.23187187999554
-2,8,274.7220458173384
-2,8,599.0823575990939
-3,8,373.1154671034116
-3,8,282.3616174113125
-4,8,601.5869270157514
-4,8,251.90926051345264
-4,7,375.19885790462064
-4,7,321.66157698695827
-4,6,495.3210416537348
-4,6,375.66168120631335
-4,5,338.99131041281817
-4,5,319.99377159973784
-4,4,446.8360295222029
-4,4,291.5630036844403
-4,3,594.273281841991
-4,3,456.91101229936106
-4,2,394.2046335701531
-4,2,516.9448230537498
-4,1,719.2583041654057
-4,1,466.1204866025676
-3,1,325.8154070904844
-3,1,384.4081308766381
-4,1,438.2356237707845
-4,1,709.257460432113
-4,0,411.2520078460119
-4,0,622.0914546933245
-5,0,314.08774786592943
-5,0,386.16860641693427
-5,-1,398.3006330090508
-5,-1,381.79356304676395
-6,-1,472.4000132962986
-6,-1,318.5053271173817
-6,-2,332.68615508401916
-6,-2,393.6843400683305
-7,-2,447.8841019875996
-7,-2,332.67469642228787
-8,-2,473.5776679555572
-8,-2,305.8120238614162
-8,-1,264.5675887857094
-8,-1,323.81357948160075
-8,-2,344.66935550762355
-8,-2,310.2009399375372
-8,-3,294.62132421920586
-8,-3,350.1463036954734
-8,-4,370.3911812367717
-8,-4,351.50729716235793
-8,-3,530.4872870719856
-8,-3,458.02843849254896
-8,-2,612.5398914499528
-8,-2,283.41458770805355
-8,-1,279.42165421641295
-8,-1,277.8685485170524
-8,0,338.18180887036846
-8,0,526.3156280282765
-8,1,323.12080765227495
-8,1,282.63842941275533
-8,0,338.6567441956844
-8,0,527.9389735194175
-8,1,393.6151838706946
-8,1,321.36176391995417
-9,1,357.53528264327707
-9,1,392.2036909540714
-9,2,316.9098816069827
-9,2,541.6412381809107
-9,3,285.24041127786995
-9,3,324.02355592267025
-8,3,407.5535438379862
-8,3,291.34842620366703
-8,2,366.85839145869375
-8,2,631.9602025331915
-8,3,411.2301367880955
-8,3,260.33161917521784
-7,3,384.9044574916275
-7,3,249.1111453214536
-6,3,355.2804769595577
-6,3,357.2347747903487
-5,3,387.3520340083637
-5,3,355.9759859031253
-5,4,414.51695266363794
-5,4,486.8898877445287
-4,4,359.15288795108916
-4,4,271.57679251510564
-4,5,492.6084059124894
-4,5,403.52339509823173
-4,4,529.4413696790647
-4,4,495.20445966557685
-4,5,344.3452208938941
-4,5,450.25709468344974
-4,6,434.69106119037764
-4,6,371.5427323194546
-4,7,384.11413318440833
-4,7,242.53101477088836
-4,8,444.8700809876045
-4,8,365.49840152867625
-4,9,555.6244831789747
-4,9,401.1793497905829
-3,9,312.068049060688
-3,9,396.1295453483241
-3,8,254.22545086653906
-3,8,360.39443963893586
-2,8,382.2424136775788
-2,8,295.96040545339804
-2,9,319.3006516430238
-2,9,412.8482614367023
-2,10,200.0
-2,10,352.52092628034967
-2,11,200.52935495505227
-2,11,636.6108132190427
-2,12,220.86256555217022
-2,12,299.8774303254169
-1,12,357.8115475285071
-1,12,466.545043230717
-1,13,260.9754017610399
-1,13,346.2316360366819
0,13,242.53101477088836
0,13,216.00482331158665
0,14,460.0974080830556
0,14,241.44822664193003
0,13,262.1235781412513
0,13,409.40320978506406
0,12,400.26701310503927
0,12,284.78738780866564
0,13,307.7396118466636
0,13,234.12610771628516
0,14,310.28909598910275
0,14,380.6817215866328
-1,14,666.4493554398555
-1,14,307.2620944115471
-1,15,317.6493760740247
-1,15,276.58670584596354
0,15,367.42577098337875
0,15,200.0
1,15,242.53101477088836
1,15,295.0223922846306
1,16,403.4825155469885
1,16,302.6448143825556
2,16,211.81597935549541
2,16,242.53101477088836
2,17,200.0
2,17,467.48367593712925
2,18,242.58133435713387
2,18,200.0
3,18,267.62022787456556
3,18,218.27853069043903
3,19,803.7536000949474
3,19,200.0
4,19,242.53101477088836
4,19,241.10772367790926
4,20,416.57976091931886
4,20,298.85148021740264
5,20,236.99778782979007
5,20,288.2449787071248
6,20,303.4603139125089
6,20,242.53101477088836
7,20,200.0
7,20,385.14490087156867
6,20,200.0
6,20,242.53101477088836
7,20,242.53101477088836
7,20,261.89790227418814
8,20,200.0
8,20,223.76920144391178
9,20,200.0
9,20,200.0
10,20,324.3911924181831
10,20,293.5706088998822
11,20,276.0771295815532
11,20,242.53101477088836
12,20,200.0
12,20,200.0
13,20,353.6508480430477
13,20,380.77294209892375
14,20,200.0
14,20,484.1849566161169
15,20,200.0
15,20,200.0
16,20,541.1755422674983
16,20,202.54532125663752
17,20,200.0
17,20,230.04809771693937
18,20,200.0
18,20,314.32528845578145
17,20,215.5753881097162
17,20,242.53101477088836
18,20,401.7381226865658
18,20,200.0
17,20,242.53101477088836
17,20,200.0
18,20,242.53101477088836
18,20,200.0
19,20,200.0
19,20,214.1807092281193
20,20,242.53101477088836
20,20,200.01844885318394
20,19,200.0
20,19,242.53101477088836
19,19,288.6139833030621
19,19,242.53101477088836
18,19,200.0
18,19,242.53101477088836
17,19,200.0
17,19,242.53101477088836
16,19,200.0
16,19,236.3348363942575
17,19,200.0
17,19,200.0
17,18,357.47037135120314
17,18,200.0
16,18,244.46194471538558
16,18,309.65687256564524
15,18,234.87874198963323
15,18,242.17533248391905
14,18,210.62966331184018
14,18,324.26295978587774
13,18,306.26736072321427
13,18,200.0
12,18,230.95283793252648
