0,11,357.4991296390324
0,12,215.75911640394503
0,12,335.5270228294752
0,11,444.31482771690855
0,11,345.87811978518835
0,10,628.7090382524759
0,10,296.90100072996046
0,11,301.7310247075914
0,11,537.6066914741161
0,10,358.4141388634941
0,10,275.1332536179814
-1,10,357.92642824163704
-1,10,412.16514643830305
-1,11,313.86342736540826
-1,11,324.932065521418
-1,12,294.9495865203777
-1,12,310.6531133938949
-1,11,488.08575358541276
-1,11,409.3128610777852
-1,10,343.52740021654586
-1,10,289.90228404971646
-1,11,242.36160515916586
-1,11,217.8134922284716
-2,11,270.69562963569496
-2,11,572.5216267889598
-2,10,371.2816481623089
-2,10,339.26102392174676
-3,10,381.91828927507345
-3,10,369.12497969508865
-3,9,286.71204865263496
-3,9,234.2965819295605
-3,8,297.15278593284415
-3,8,362.05079187540446
-2,8,554.9122573406817
-2,8,463.67024510549004
-3,8,480.0630269774087
-3,8,512.3586269396554
-4,8,325.2879712904584
-4,8,490.3375784131615
-4,7,241.715026683545
-4,7,242.53101477088836
-4,6,333.7487127298108
-4,6,348.14058718495596
-4,5,713.7431212891968
-4,5,660.655878382998
-4,4,476.21989630771446
-4,4,323.2588748894393
-4,3,366.29335913661646
-4,3,287.31181415049844
-4,2,635.173274692418
-4,2,423.2384341856
-4,1,481.32497740316
-4,1,446.46262767137677
-3,1,387.63494160022844
-3,1,534.0845500073632
-4,1,382.1523442919737
-4,1,338.032220024061
-4,0,876.3141755977689
-4,0,638.0185104291932
-5,0,483.11432372752313
-5,0,537.1966998066167
-5,-1,429.15717005199207
-5,-1,538.2993353822432
-6,-1,269.6353770231724
-6,-1,425.03907570031004
-6,-2,458.9568061521807
-6,-2,492.8990027543071
-7,-2,338.07651424982487
-7,-2,397.57961687977775
-8,-2,474.10157206821475
-8,-2,330.3688709589409
-8,-1,209.17554657198184
-8,-1,295.1127492337712
-8,-2,395.22750344989316
-8,-2,446.2736713200773
-8,-3,301.01095893970074
-8,-3,364.4822756747977
-8,-4,337.9390800259755
-8,-4,626.1119016622378
-8,-3,305.09976230247577
-8,-3,291.7775492945335
-8,-2,282.2847046762945
-8,-2,350.45592625082196
-8,-1,288.79694304217037
-8,-1,329.79253336969776
-8,0,356.0001855413022
-8,0,546.1980710758365
-8,1,312.6375852285212
-8,1,683.6003887329196
-8,0,456.8301760983934
-8,0,342.8430353854576
-8,1,362.00383508260404
-8,1,311.3417538982578
-9,1,336.5707111599586
-9,1,247.9194809728678
-9,2,366.0064083099766
-9,2,331.66669358046994
-9,3,299.3799338389004
-9,3,281.45718438401485
-8,3,317.34991783771534
-8,3,385.68444331334797
-8,2,347.7243662987704
-8,2,404.9536478485678
-8,3,352.77075223129145
-8,3,674.7152412894638
-7,3,433.17535446641386
-7,3,342.95785517005703
-6,3,556.3220782435516
-6,3,579.4212576195716
-5,3,510.5599662987183
-5,3,312.4140622152817
-5,4,330.7055857611325
-5,4,719.6571955056113
-4,4,336.21261918794437
-4,4,308.80965893002866
-4,5,305.68182577678806
-4,5,400.07206610759346
-4,4,393.0614768998382
-4,4,258.91828339565126
-4,5,578.7392895204705
-4,5,351.27606535917573
-4,6,359.01535481869723
-4,6,352.7430558237663
-4,7,309.5044494677918
-4,7,312.2642608105721
-4,8,484.875103527602
-4,8,400.73817053691977
-4,9,309.3808530083616
-4,9,504.8704205232619
-3,9,349.8331108226309
-3,9,329.08124307267065
-3,8,326.6716993808681
-3,8,319.52730452026697
-2,8,261.6678657251351
-2,8,503.0958842637481
-2,9,242.53101477088836
-2,9,211.76671577297054
-2,10,308.14703231975693
-2,10,339.8865058654844
-2,11,351.3658256522971
-2,11,435.06337562237184
-2,12,228.2648668277272
-2,12,349.0656446885221
-1,12,351.60172050332955
-1,12,247.3405681235971
-1,13,341.4622058763923
-1,13,357.47825750363927
0,13,367.93525575255114
0,13,253.06252826356157
0,14,664.4868715108975
0,14,272.0808438232876
0,13,362.29287367511785
0,13,294.8656003134
0,12,315.15350986674883
0,12,360.90655293967484
0,13,462.62368124210667
0,13,391.7256037332385
0,14,325.07934064961984
0,14,212.51098830773088
-1,14,517.5103754389766
-1,14,351.14926484108673
-1,15,292.2406193845952
-1,15,299.28885652187876
0,15,311.13676588810847
0,15,315.57858027494353
1,15,200.0
1,15,308.6051233613206
1,16,291.59309137825335
1,16,292.3264146387888
2,16,200.0
2,16,252.301169624572
2,17,242.1270598179161
2,17,383.4664120512983
2,18,631.6866500458539
2,18,244.06724124195802
3,18,200.0
3,18,280.6783194373967
3,19,242.53101477088836
3,19,287.35106529027564
4,19,289.0462342678837
4,19,238.34016435372573
4,20,245.22625542003607
4,20,240.08485922303362
5,20,230.09871686046034
5,20,258.90196905456423
6,20,338.8130353499014
6,20,242.53101477088836
7,20,366.9368450861052
7,20,261.72748574165917
6,20,200.0
6,20,215.05304211243322
7,20,200.0
7,20,242.53101477088836
8,20,200.0
8,20,217.27264022319162
9,20,253.94826460360818
9,20,325.1220254746161
10,20,257.6255790102377
10,20,200.0
11,20,222.8942598790793
11,20,290.4790825489598
12,20,229.58304428652897
12,20,220.3878466418824
13,20,299.5655694031352
13,20,412.32016059287923
14,20,200.0
14,20,200.0
15,20,288.20483218785904
15,20,230.3464811436101
16,20,200.0
16,20,242.53101477088836
17,20,200.0
17,20,208.78768657080337
18,20,242.53101477088836
18,20,200.0
17,20,264.87909578791067
17,20,200.0
18,20,200.0
18,20,242.53101477088836
17,20,242.53101477088836
17,20,242.53101477088836
18,20,200.0
18,20,200.0
19,20,200.0
19,20,200.0
20,20,200.0
20,20,200.0
20,19,271.105612247055
20,19,200.0
19,19,242.53101477088836
19,19,200.0
18,19,200.0
18,19,362.5552949539044
17,19,300.21168698045074
17,19,200.0
16,19,429.21055983889687
16,19,242.53101477088836
17,19,200.0
17,19,200.0
17,18,215.63387414525585
17,18,242.53101477088836
16,18,293.8943502918725
16,18,200.0
15,18,242.53101477088836
15,18,218.6551691828016
14,18,362.93702642766755
14,18,200.0
13,18,252.371050767883
13,18,200.0
12,18,200.0
