0,11,136.27970532633233
0,11,150.47688141231365
0,11,123.7210864324843
0,11,131.05043480396415
0,12,63.18732624955619
0,12,94.42149410240548
0,12,133.25138295530306
0,12,115.08272776831672
0,12,75.25144502753378
0,11,70.53879178569382
0,11,53.553148154695855
0,11,72.0014111053737
0,11,99.73790269596549
0,11,71.58171793323454
0,10,81.63465156299715
0,10,82.51385538055547
0,10,130.32291277257374
0,10,91.46674218579454
0,10,198.08689761088274
0,11,132.26573459178152
0,11,84.77997701273374
0,11,63.800665098180495
0,11,50.0
0,11,175.51859872478752
0,10,122.03846300442393
0,10,143.76685478716544
0,10,107.2203576801027
0,10,60.58343194877611
0,10,71.49290737180148
-1,10,151.26995246020766
-1,10,81.26213035032038
-1,10,159.95541430689855
-1,10,120.7759397840362
-1,10,66.10950043868777
-1,11,57.77463909855576
-1,11,128.23795096782933
-1,11,92.30374642709484
-1,11,124.91193050270542
-1,11,135.02987906288985
-1,12,137.78778568575575
-1,12,78.69962975789406
-1,12,91.13453574038269
-1,12,50.0
-1,12,76.50037429386096
-1,11,69.15095623330062
-1,11,151.87910675677338
-1,11,82.51171608105383
-1,11,89.87090956531104
-1,11,82.27190656112981
-1,10,108.30910172939699
-1,10,111.1949007601835
-1,10,60.446313433151175
-1,10,85.42340035172273
-1,10,81.42114442183066
-1,11,117.07372942672885
-1,11,74.46819362349204
-1,11,82.7702469929613
-1,11,81.81981211216576
-1,11,69.74910565576589
-2,11,118.00543337899433
-2,11,132.04149114651392
-2,11,102.50456056006317
-2,11,145.6983172394923
-2,11,50.0
-2,10,72.14383677184063
-2,10,146.53133473774855
-2,10,80.24908507577295
-2,10,129.19030123964362
-2,10,73.88790609199825
-3,10,88.99403342331374
-3,10,62.0308938388507
-3,10,58.18074079239671
-3,10,85.72610999076562
-3,10,143.68502505292759
-3,9,133.92641624527957
-3,9,103.11515145095301
-3,9,74.30955905161345
-3,9,123.15637105210803
-3,9,84.84662427861842
-3,8,51.240689030606845
-3,8,59.755974272381756
-3,8,110.5324492911011
-3,8,92.21640135230973
-3,8,133.91360545638707
-2,8,91.73048082875826
-2,8,132.0294999885023
-2,8,93.97451098627803
-2,8,55.74729365137762
-2,8,107.5989232580882
-3,8,165.66069765032975
-3,8,127.32798776447537
-3,8,80.03014781793122
-3,8,179.07872204017173
-3,8,126.17690820615422
-4,8,64.1215369513122
-4,8,84.33287847443913
-4,8,98.58917015807783
-4,8,79.80892626045072
-4,8,78.43143732807452
-4,7,93.52521141341492
-4,7,73.44436633287387
-4,7,123.36199309252197
-4,7,89.29878260552164
-4,7,79.0715758458487
-4,6,50.0
-4,6,108.22773415416852
-4,6,151.47001669022052
-4,6,109.34610180846869
-4,6,50.0
-4,5,126.86619706989366
-4,5,181.30591167984434
-4,5,96.50645385448908
-4,5,92.8737678062353
-4,5,97.44927936483961
-4,4,81.40604464622184
-4,4,75.99027602082172
-4,4,73.64601768606597
-4,4,87.48277338717709
-4,4,141.88144084835366
-4,3,71.59955594876416
-4,3,72.73684011210005
-4,3,92.93259754171966
-4,3,144.0464989652014
-4,3,79.78370368588577
-4,2,115.09658890733692
-4,2,64.02013779740902
-4,2,88.6684365922444
-4,2,169.70860822740963
-4,2,187.00181417962222
-4,1,164.9123077321135
-4,1,144.2106323976124
-4,1,178.91055977293541
-4,1,137.23070162337874
-4,1,145.9757337052867
-3,1,156.70221261373626
-3,1,207.2722250476736
-3,1,78.88984110502943
-3,1,97.09841511943134
-3,1,176.61166140959435
-4,1,172.9104433800222
-4,1,128.95266218219837
-4,1,50.0
-4,1,89.33013721023524
-4,1,83.15451603142789
-4,0,82.41307382980499
-4,0,82.34004408948148
-4,0,158.92864579109465
-4,0,68.91898302957533
-4,0,183.47665665154756
-5,0,153.857248635798
-5,0,65.50906721847444
-5,0,91.72910321544656
-5,0,91.32670780290606
-5,0,125.31583854277679
-5,-1,165.51756578356415
-5,-1,89.11503938301557
-5,-1,71.95085143846448
-5,-1,75.28094055531135
-5,-1,158.29612291437587
-6,-1,74.1046441702465
-6,-1,80.41805484076016
-6,-1,82.56485889700272
-6,-1,166.3574432560143
-6,-1,89.757610736192
-6,-2,90.6031108298086
-6,-2,88.01533858345084
-6,-2,97.00825246288115
-6,-2,139.21949412772005
-6,-2,80.30083937323217
-7,-2,80.56359119243952
-7,-2,84.71198068400744
-7,-2,160.4671221441401
-7,-2,74.54133016715113
-7,-2,113.54532928002648
-8,-2,78.9994889563119
-8,-2,145.8411766795912
-8,-2,156.40929736359146
-8,-2,81.08269529028182
-8,-2,176.6983412432665
-8,-1,127.84568540347655
-8,-1,137.41703799042162
-8,-1,75.76477718209851
-8,-1,111.83234058529536
-8,-1,65.94083600044266
-8,-2,93.14417365160654
-8,-2,91.07885360761381
-8,-2,137.0151654380791
-8,-2,94.20396447707874
-8,-2,182.83678586388137
-8,-3,186.3920216571825
-8,-3,183.84020183528094
-8,-3,149.09140357174263
-8,-3,63.320108663351135
-8,-3,83.35853452935272
-8,-4,143.31280293826026
-8,-4,76.0030814781189
-8,-4,99.69720431101436
-8,-4,156.99704946266644
-8,-4,145.95774561655136
-8,-3,82.3826005352429
-8,-3,102.7597438073936
-8,-3,77.7058035235258
-8,-3,90.33773297227752
-8,-3,67.62873859060751
-8,-2,128.7946923508035
-8,-2,140.11750961320345
-8,-2,94.00288344969887
-8,-2,74.11284850730546
-8,-2,154.33226513673605
-8,-1,96.71830802308091
-8,-1,101.4473956449092
-8,-1,80.44833271890985
-8,-1,163.843167599963
-8,-1,76.52201008949426
-8,0,156.98271475050333
-8,0,122.1138997333976
-8,0,71.05178198018538
-8,0,118.0267575073074
-8,0,96.50192851648953
-8,1,88.53150044844723
-8,1,118.31511990035818
-8,1,89.12118604488572
-8,1,189.4065132018549
-8,1,119.57873797186525
-8,0,135.1940558766609
-8,0,96.00480360003513
-8,0,170.65591954935817
-8,0,83.43294665982222
-8,0,75.95918754570137
-8,1,167.3467488379851
-8,1,149.15079635351677
-8,1,152.36851317104785
-8,1,77.34614018473997
-8,1,165.46377613322
-9,1,147.30779650551202
-9,1,146.58963820067834
-9,1,82.03166791571687
-9,1,113.92228643202839
-9,1,158.14060815474966
-9,2,132.18056169570764
-9,2,118.80160926334447
-9,2,118.26402549410189
-9,2,104.42055368667381
-9,2,94.72985486170344
-9,3,135.9795065380249
-9,3,83.61823400728922
-9,3,128.825362461894
-9,3,73.37042343985442
-9,3,60.025465718788396
-8,3,113.83497929290758
-8,3,92.60781277865905
-8,3,136.27496768936842
-8,3,56.54041687003095
-8,3,126.25265644081436
-8,2,50.106753571934675
-8,2,107.09280345869064
-8,2,90.10133574014407
-8,2,79.62404801673885
-8,2,89.07185135746732
-8,3,92.28137738366918
-8,3,56.67645813410287
-8,3,109.19252579990433
-8,3,73.19552355201466
-8,3,136.03405182825898
-7,3,92.77990786658248
-7,3,129.71552467389174
-7,3,92.87583523591957
-7,3,50.29700585655177
-7,3,85.07635604527324
-6,3,76.46392720880222
-6,3,85.89443076817844
-6,3,109.86398893630292
-6,3,109.06828451316522
-6,3,84.74858753083988
-5,3,59.45032065128261
-5,3,164.15482893370958
-5,3,86.08365763819333
-5,3,143.0594628723403
-5,3,60.64424240805249
-5,4,142.32583140475188
-5,4,88.03868796579745
-5,4,143.86875254277112
-5,4,96.71207183706588
-5,4,103.38991263205261
-4,4,196.290395480692
-4,4,70.40768836466002
-4,4,102.33055246641224
-4,4,140.59911666262673
-4,4,112.33239948238372
-4,5,50.00428932195399
-4,5,152.85830836180162
-4,5,106.02574770689846
-4,5,73.16756099527363
-4,5,69.69378236833315
-4,4,64.75238649945402
-4,4,80.21962750773106
-4,4,121.91042281668466
-4,4,85.71280705758758
-4,4,145.77475061501852
-4,5,159.738909075854
-4,5,184.61532308054132
-4,5,94.93132163747805
-4,5,86.4803924233091
-4,5,158.68646411654785
-4,6,174.89827849622282
-4,6,77.55788358301236
-4,6,103.61194475639411
-4,6,178.91311438253103
-4,6,119.57304471776038
-4,7,115.73397915973348
-4,7,174.21730577866927
-4,7,123.33009430046471
-4,7,155.47219111472043
-4,7,79.69436676458395
-4,8,129.65759675388477
-4,8,64.39995787021086
-4,8,104.32393392860759
-4,8,140.33372669815267
-4,8,90.53656742746593
-4,9,72.35792809794135
-4,9,62.44863933438042
-4,9,84.5221136612099
-4,9,60.94276964722347
-4,9,62.652458290845196
-3,9,89.08393969681522
-3,9,172.01443653705832
-3,9,146.42764843045572
-3,9,111.3679091500013
-3,9,126.56166918541814
-3,8,73.18013156338831
-3,8,128.21324150902367
-3,8,169.99898359717804
-3,8,83.26751687962769
-3,8,124.67895954291282
-2,8,143.40553953425604
-2,8,154.57000339266006
-2,8,152.28359286910143
-2,8,138.4577314741729
-2,8,122.43113834540488
-2,9,85.06921594025049
-2,9,50.0
-2,9,69.89050031697694
-2,9,76.82894522712556
-2,9,135.0807803718155
-2,10,90.89819838114524
-2,10,95.04099982950926
-2,10,97.46385325974357
-2,10,99.66007268089439
-2,10,50.0
-2,11,135.0190478987252
-2,11,75.93411266818455
-2,11,54.31672058291199
-2,11,86.64301068793779
-2,11,79.65893038458475
-2,12,120.69594459280505
-2,12,106.02042625486364
-2,12,61.544135107230986
-2,12,100.88708102758392
-2,12,61.1511101270816
-1,12,73.24231581110503
-1,12,91.93605863950964
-1,12,59.683875138469375
-1,12,115.4125984336278
-1,12,124.87207125960413
-1,13,114.66165920733403
-1,13,108.67902765174227
-1,13,69.555989751118
-1,13,80.50993321214457
-1,13,112.37063556524335
0,13,97.82588390978967
0,13,100.45281749477715
0,13,61.47901166377401
0,13,56.96222638541266
0,13,123.5118805547062
0,14,68.81742405795683
0,14,50.0
0,14,123.76058279522215
0,14,121.13217992023365
0,14,135.57389779634553
0,13,122.90960850737615
0,13,60.69185428418239
0,13,148.61594414520204
0,13,132.5968593033463
0,13,149.71085190495694
0,12,126.88403172722482
0,12,61.95525600113952
0,12,62.5087390764538
0,12,133.4950061139995
0,12,91.58932368698977
0,13,131.72835378727228
0,13,66.27767371597672
0,13,95.24391065068902
0,13,95.5554658359284
0,13,61.29959089805648
0,14,68.56575012597219
0,14,84.77197006736635
0,14,50.0
0,14,64.20093651838668
0,14,58.482854777170616
-1,14,82.5131163582594
-1,14,68.07642463179887
-1,14,92.81154988069319
-1,14,54.962753770267945
-1,14,164.59166841630196
-1,15,51.42756931532729
-1,15,75.24385656878516
-1,15,115.23324723948097
-1,15,88.15215908368442
-1,15,69.14626897628652
0,15,100.84208456660946
0,15,56.963054958397386
0,15,115.20870861970798
0,15,109.37882967386022
0,15,56.31448067063282
1,15,68.82124644248823
1,15,85.32290716261207
1,15,75.11230490983688
1,15,71.18833035230598
1,15,86.52527642544555
1,16,50.0
1,16,107.8720848949657
1,16,61.64678247425605
1,16,119.9391337780754
1,16,139.26427411859072
2,16,55.17708933340704
2,16,79.25713134130001
2,16,56.18199428996373
2,16,95.37965377442376
2,16,105.00613987899561
2,17,58.226380413651256
2,17,116.23720256444525
2,17,74.00383487332003
2,17,74.19085000694373
2,17,73.67726205057834
2,18,55.74729365137762
2,18,55.74729365137762
2,18,50.0
2,18,90.80549135769326
2,18,62.88958044132873
3,18,50.0
3,18,50.0
3,18,122.9630706663338
3,18,58.97028816755741
3,18,147.68534513189854
3,19,86.12849560955414
3,19,70.45211828013589
3,19,110.8697858757753
3,19,55.74729365137762
3,19,57.327966928444816
4,19,50.0
4,19,54.159756616023834
4,19,88.97934627843662
4,19,100.65360222491962
4,19,85.99584961438397
4,20,81.67459748928
4,20,89.29163107726006
4,20,50.0
4,20,81.08269529028182
4,20,101.76127345768293
5,20,53.45968909263414
5,20,109.2608799723992
5,20,68.75206189436442
5,20,132.43105093766326
5,20,55.25561267261422
6,20,81.08269529028182
6,20,50.0
6,20,50.0
6,20,51.65895001391861
6,20,71.89394266245331
7,20,110.85791399724536
7,20,81.08269529028182
7,20,107.59592355975491
7,20,55.33555448408984
7,20,50.0
6,20,50.0
6,20,84.13293415654262
6,20,95.30108110944914
6,20,110.66159871688848
6,20,54.73578807086832
7,20,50.0
7,20,60.54581896925836
7,20,50.0
7,20,54.40262558939126
7,20,50.0
8,20,74.36389756786232
8,20,61.059825021441476
8,20,110.13068300792465
8,20,146.34490296104474
8,20,50.0
9,20,84.71113419858462
9,20,102.06306842340216
9,20,50.0
9,20,67.73217319313494
9,20,50.0
10,20,101.6125799292292
10,20,50.0
10,20,53.99765226390731
10,20,81.45722909251283
10,20,56.77177834752423
11,20,50.0
11,20,59.09663158099416
11,20,81.08269529028182
11,20,50.0
11,20,90.6220296082787
12,20,83.94364190946337
12,20,50.0
12,20,63.86783822942364
12,20,50.0
12,20,94.63933402069121
13,20,51.209615548115536
13,20,104.64617382879568
13,20,81.08269529028182
13,20,81.08269529028182
13,20,50.0
14,20,82.8298551211047
14,20,73.92641428006814
14,20,97.70934879634956
14,20,55.74729365137762
14,20,58.435413741358204
15,20,50.0
15,20,50.0
15,20,81.08269529028182
15,20,81.08269529028182
15,20,50.0
16,20,55.74729365137762
16,20,50.0
16,20,50.0
16,20,81.08269529028182
16,20,71.56986057617709
17,20,50.0
17,20,50.0
17,20,60.40583659451924
17,20,50.0
17,20,50.0
18,20,50.0
18,20,50.0
18,20,74.39613710815294
18,20,81.08269529028182
18,20,81.08269529028182
17,20,67.13318072438499
17,20,112.92244636599565
17,20,55.74729365137762
17,20,97.88961787773957
17,20,50.0
18,20,55.74729365137762
18,20,81.08269529028182
18,20,50.0
18,20,50.0
18,20,55.74729365137762
17,20,50.0
17,20,50.0
17,20,59.65008107643776
17,20,50.0
17,20,50.0
18,20,50.0
18,20,108.21180282377219
18,20,81.08269529028182
18,20,99.51346440838552
18,20,81.08269529028182
19,20,55.74729365137762
19,20,81.08269529028182
19,20,81.234300178271
19,20,63.17041605806528
19,20,84.26351560121567
20,20,61.14876357169746
20,20,50.0
20,20,81.08269529028182
20,20,50.0
20,20,55.74729365137762
20,19,50.0
20,19,50.0
20,19,50.0
20,19,50.0
20,19,50.0
19,19,81.08269529028182
19,19,54.261207646758464
19,19,81.08269529028182
19,19,85.40642792883271
19,19,50.0
18,19,55.74729365137762
18,19,50.0
18,19,50.0
18,19,82.68985807530323
18,19,81.08269529028182
17,19,50.0
17,19,68.87496668327186
17,19,81.08269529028182
17,19,68.22053601196427
17,19,55.74729365137762
16,19,86.57405906817486
16,19,56.20200400973186
16,19,100.75126288528466
16,19,81.08269529028182
16,19,50.0
17,19,50.0
17,19,58.105857929109455
17,19,52.92460249663898
17,19,81.08269529028182
17,19,51.55470363406883
17,18,50.0
17,18,65.5879845030424
17,18,55.74729365137762
17,18,50.0
17,18,50.0
16,18,91.68219119865336
16,18,57.98387205553215
16,18,81.08269529028182
16,18,50.0
16,18,104.17777675507364
15,18,70.83697253278025
15,18,81.08269529028182
15,18,55.74729365137762
15,18,81.08269529028182
15,18,55.74729365137762
14,18,50.0
14,18,81.08269529028182
14,18,81.08269529028182
14,18,113.0590657631981
14,18,81.08269529028182
13,18,81.08269529028182
13,18,87.39257806110221
13,18,55.74729365137762
13,18,55.74729365137762
13,18,50.0
12,18,105.1477798703589
12,18,55.08585561387845
12,18,81.08269529028182
12,18,55.74729365137762
12,18,57.89970305993751
11,18,81.08269529028182
11,18,55.74729365137762
11,18,50.0
11,18,55.74729365137762
11,18,50.0
10,18,90.0743529686916
10,18,80.79756903834289
10,18,70.75535831288508
10,18,63.102781041726686
10,18,81.55740768687252
9,18,50.0
9,18,70.49772318777542
9,18,50.0
9,18,91.82462843977439
9,18,58.985902093519364
8,18,68.40044886891795
8,18,126.59441950431241
8,18,74.80407773806311
8,18,50.0
8,18,50.0
7,18,92.93297789580578
7,18,50.393884881091715
7,18,134.57816305020617
7,18,105.66975851948736
7,18,121.67953746027115
7,17,95.77364487770278
7,17,88.41145070751976
7,17,50.0
7,17,81.08269529028182
7,17,142.01916636015977
8,17,59.631796517406485
8,17,132.10366808928606
8,17,50.0
8,17,55.74729365137762
8,17,50.0
7,17,104.0836675452847
7,17,54.92840881493829
7,17,81.08269529028182
7,17,143.4072078877254
7,17,89.48332259351609
6,17,64.95411346728717
6,17,112.9604692792634
6,17,68.93292596822695
6,17,70.33568954823478
6,17,87.16827712723793
5,17,84.12568979267017
5,17,94.72486216878318
5,17,102.87744543263513
5,17,50.0
5,17,79.68564181094449
4,17,61.965640910043476
4,17,91.40715921795083
4,17,81.08269529028182
4,17,50.0
4,17,50.0
3,17,81.08269529028182
3,17,110.94890255890436
3,17,54.225152603708366
3,17,69.54803674775815
3,17,65.38095652102908
2,17,55.74729365137762
2,17,50.15198443646398
2,17,82.21938418054077
2,17,121.18047087586909
2,17,61.07244263169051
1,17,59.01108095385518
1,17,89.33150729324379
1,17,115.61943736340822
1,17,60.76349423711646
1,17,55.756094154582854
0,17,116.52141715414564
0,17,53.133536751387254
0,17,67.53036709021737
0,17,103.10370158680367
0,17,50.0
0,18,81.08269529028182
0,18,50.0
0,18,142.87439047905127
0,18,60.63987527958531
0,18,101.47426040419369
0,17,89.35563292723958
0,17,60.65610936937444
0,17,86.97570612901144
0,17,125.51472291913296
0,17,96.96856959338939
-1,17,76.63037890761233
-1,17,59.65411994551374
-1,17,81.08269529028182
-1,17,50.0
-1,17,64.01135745352093
-2,17,59.91550202653118
-2,17,93.5521804890313
-2,17,78.72575108339085
-2,17,66.71317562149805
-2,17,96.71138445951999
-3,17,71.04547928712306
-3,17,81.08269529028182
-3,17,83.44564384422121
-3,17,50.0
-3,17,50.75050020181009
-3,16,58.80321161774227
-3,16,104.17943834939655
-3,16,65.31018894336317
-3,16,51.7986802650243
-3,16,75.73913523552599
-4,16,74.40511571339403
-4,16,74.41619102813937
-4,16,76.3407780604258
-4,16,50.0
-4,16,64.30313341838813
-3,16,145.6780256730492
-3,16,58.76705871162123
-3,16,107.25750473183884
-3,16,50.0
-3,16,50.0
-4,16,99.62618835351392
-4,16,115.94818323335359
-4,16,97.2426724768182
-4,16,50.0
-4,16,68.43369461818541
-3,16,143.52109576379792
-3,16,78.31950061151456
-3,16,86.12233227047952
-3,16,63.62695971780196
-3,16,97.3768407866896
-2,16,50.0
-2,16,79.79684922786788
-2,16,75.94874118623675
-2,16,67.17714791806401
-2,16,101.92263826542779
-1,16,147.44929620024277
-1,16,61.848203221297176
-1,16,88.22937836380288
-1,16,55.566118613726125
-1,16,115.03562771767724
-1,15,133.1975739889539
-1,15,50.0
-1,15,109.53446408646134
-1,15,81.01853039328238
-1,15,77.78391960530496
-2,15,61.45543930951087
-2,15,50.0
-2,15,81.08269529028182
-2,15,142.77194715898065
-2,15,66.54464788963573
-1,15,87.05814400720001
-1,15,50.0
-1,15,143.8913679328046
-1,15,66.19565656944782
-1,15,62.562440904110865
-1,14,92.00925404477042
-1,14,57.301503157802394
-1,14,50.0
-1,14,57.891673578160365
-1,14,68.68450445510138
-2,14,109.36811108767753
-2,14,130.05601149204162
-2,14,54.50202319177917
-2,14,74.37901486791382
-2,14,175.85326201817563
-1,14,70.87256916043796
-1,14,119.02113583453519
-1,14,108.0604629922102
-1,14,75.43541718538069
-1,14,51.39399780590417
0,14,78.54083364463871
0,14,133.64962397451674
0,14,50.0
0,14,124.02524151361624
0,14,60.91582383502168
0,13,65.70413486655366
0,13,83.77464148458654
0,13,117.89092365308117
0,13,68.57782955423448
0,13,51.93091096074076
1,13,125.37453846286446
1,13,67.21192010460416
1,13,67.48479682391948
1,13,111.69318497481079
1,13,149.3251589882751
2,13,73.16895837338161
2,13,106.509988005877
2,13,127.23069084726035
2,13,80.2419961287742
2,13,137.19372026776298
3,13,50.0
3,13,61.59057842417126
3,13,54.40304028320907
3,13,67.4339631275591
3,13,96.80878415982177
3,12,54.16433677059456
3,12,61.75862934014154
3,12,95.49163929277219
3,12,56.23615894488286
3,12,92.33205463132632
3,11,69.51399290560792
3,11,50.0
3,11,183.97613844561266
3,11,72.49093862847852
3,11,63.51152292241445
4,11,118.96471175135443
4,11,121.23641512329516
4,11,63.107815799408485
4,11,100.80392969797838
4,11,68.24467813885637
4,10,140.61190449497522
4,10,50.0
4,10,50.0
4,10,179.56202192135595
4,10,126.63863270997095
5,10,78.72752204173855
5,10,50.0
5,10,140.1036390776745
5,10,103.83624018004153
5,10,61.109404836896914
5,9,138.85141920352254
5,9,116.57571070440434
5,9,138.18557003134174
5,9,107.17864613798571
5,9,61.792219193856525
5,8,82.28916103771084
5,8,102.31595300394675
5,8,98.27890642928921
5,8,91.79751798889052
5,8,97.60762554389544
6,8,154.4897800784959
6,8,60.30403847226359
6,8,133.90161420141706
6,8,124.6907996676286
6,8,78.59026812629753
7,8,61.377884456928065
7,8,106.84259516408567
7,8,94.70095327235103
7,8,53.569570514346886
7,8,50.3765424272877
7,7,73.5747594757027
7,7,138.0737276124407
7,7,91.00484980129544
7,7,64.25709028930964
7,7,162.85795788327212
7,6,91.93890712390683
7,6,70.43909225251123
7,6,86.53008054168892
7,6,61.00249307339688
7,6,139.23410742254217
8,6,167.668340381955
8,6,85.14492477933625
8,6,50.412823960754984
8,6,183.9985926978956
8,6,131.63879994807542
9,6,141.1877996391616
9,6,87.86741554385057
9,6,101.4673821318703
9,6,174.16095083606308
9,6,83.16292260343732
8,6,129.57556227923052
8,6,151.09849927022128
8,6,123.35984413297932
8,6,103.76599281553155
8,6,132.76492535088767
8,5,84.71432005648752
8,5,75.89395964662656
8,5,139.82073301330232
8,5,95.35561128636263
8,5,57.32553224537839
8,4,73.95935916925649
8,4,60.58819127994534
8,4,132.3606947674389
8,4,100.30107405067825
8,4,132.12082523661135
8,3,139.16754745305516
8,3,64.66335782482255
8,3,110.4858222212748
8,3,136.097203062819
8,3,60.80514202625643
7,3,114.57067074754616
7,3,50.0
7,3,127.93997712027259
7,3,151.03609544816433
7,3,129.1921421318191
6,3,78.56617343761565
6,3,118.84689957661527
6,3,93.05514753739352
6,3,117.72794040158844
6,3,99.54080196284319
7,3,119.7503860060286
7,3,123.66627277866583
7,3,72.84685953986772
7,3,109.03055726197664
7,3,149.84286234617494
8,3,154.93843234641676
8,3,52.218811955527954
8,3,88.60744966214236
8,3,155.8946492421079
8,3,54.33900397584909
9,3,121.14961852696766
9,3,54.10071061560829
9,3,120.00430093655982
9,3,115.54805340194936
9,3,175.88780849255602
10,3,116.62967251261168
10,3,138.1214242394913
10,3,90.15269676635634
10,3,107.03346938352246
10,3,66.62292339043204
11,3,56.562040633667245
11,3,53.09451832866144
11,3,85.242205733359
11,3,58.19773327472061
11,3,50.0
11,4,72.91292154602868
11,4,85.38605082619087
11,4,50.0
11,4,50.0
11,4,57.80710985421459
12,4,146.59413661485954
12,4,68.9342576206013
12,4,103.788449503457
12,4,67.20736830978682
12,4,104.9766717345744
12,3,119.0606317663065
12,3,116.12861006088863
12,3,112.58158167046699
12,3,105.6285466329537
12,3,88.02960075396717
12,2,82.55647668866426
12,2,139.13622664125194
12,2,65.75867880617092
12,2,145.05940074279192
12,2,71.85057523037888
13,2,50.0
13,2,127.84000783649623
13,2,112.21009983991208
13,2,55.74729365137762
13,2,89.81434596640868
14,2,63.301137158479754
14,2,64.88093345778597
14,2,59.079700800576205
14,2,92.56623507679396
14,2,118.40516452820503
15,2,160.54210823225756
15,2,53.05470449410098
15,2,78.55462098780362
15,2,79.9535977996713
15,2,149.90708893897812
16,2,78.51769203998509
16,2,96.69559213298544
16,2,116.08509923667877
16,2,81.08269529028182
16,2,61.59478664868252
16,1,81.08269529028182
16,1,67.8614465705974
16,1,68.63265538156165
16,1,50.0
16,1,50.0
15,1,140.5280352674981
15,1,74.8932213586186
15,1,77.27999610851268
15,1,110.90235109959285
15,1,58.610700884414
16,1,145.65653507949455
16,1,81.08269529028182
16,1,50.0
16,1,50.0
16,1,97.90259823645692
16,0,50.0
16,0,50.0
16,0,68.63608779025559
16,0,50.0
16,0,51.61551171504702
17,0,55.24830929132126
