0,11,368.8538407089553
0,12,234.69963718923736
0,12,392.113257341404
0,11,327.0519542332567
0,11,203.55699619089447
0,10,305.9086490010824
0,10,403.3217133143004
0,11,238.1879151101644
0,11,372.63309297214215
0,10,267.88458362667336
0,10,354.30978888287393
-1,10,244.34172374419202
-1,10,324.5373570984269
-1,11,324.0229634533491
-1,11,342.15225782876934
-1,12,292.8948510302748
-1,12,355.43431465156095
-1,11,336.2301978246577
-1,11,278.3146815117925
-1,10,354.44783705662763
-1,10,280.09225457120635
-1,11,303.2024383363437
-1,11,420.47428392813464
-2,11,366.5965952724162
-2,11,242.5216540275407
-2,10,305.4525355763905
-2,10,494.11548973958935
-3,10,332.5244144146179
-3,10,275.1574777449252
-3,9,262.05189725951334
-3,9,371.85229776042877
-3,8,277.64978868148717
-3,8,374.6081387951431
-2,8,351.15181106679256
-2,8,280.139152523144
-3,8,365.3475203351335
-3,8,286.03412423424334
-4,8,412.4155253091953
-4,8,486.4901746640104
-4,7,423.9739925086768
-4,7,499.2874605410854
-4,6,417.3782830380137
-4,6,306.3965207408636
-4,5,392.7223966536601
-4,5,520.9821277646256
-4,4,527.2603697311356
-4,4,361.3058368028351
-4,3,471.1956209813364
-4,3,330.68950737319796
-4,2,398.98663163617476
-4,2,307.2099585829641
-4,1,386.18738327019435
-4,1,522.781181905774
-3,1,335.1410134769407
-3,1,388.93613919689494
-4,1,495.7041350055091
-4,1,352.33586314967596
-4,0,422.1742923994346
-4,0,385.73193434750164
-5,0,337.25698653958204
-5,0,544.3763811043739
-5,-1,274.3751144147968
-5,-1,380.87245844717575
-6,-1,415.9079172183001
-6,-1,362.7329207143831
-6,-2,661.152698499681
-6,-2,325.34772853938483
-7,-2,266.11384444406133
-7,-2,487.24677476894635
-8,-2,365.8457814849715
-8,-2,253.07487618075945
-8,-1,293.99380397742175
-8,-1,318.2102052208047
-8,-2,348.02474204567545
-8,-2,355.7622364127347
-8,-3,379.54739322958784
-8,-3,414.0415923791353
-8,-4,270.42466042829096
-8,-4,332.28577232218464
-8,-3,343.4309717127482
-8,-3,386.20452241612077
-8,-2,239.52510432119323
-8,-2,466.0841727023751
-8,-1,386.29131373258895
-8,-1,274.1834118257678
-8,0,333.43708303665403
-8,0,429.9208331002432
-8,1,422.54382099962487
-8,1,424.679041061472
-8,0,439.0605348010113
-8,0,299.79796364494604
-8,1,307.21841355643386
-8,1,320.7213815919207
-9,1,269.0712404242442
-9,1,401.5680691200269
-9,2,285.6305243071242
-9,2,290.59234481659234
-9,3,358.30200275860693
-9,3,371.6682987173164
-8,3,237.02960675100928
-8,3,287.2212493541852
-8,2,343.37895949622174
-8,2,385.38736545810025
-8,3,286.93088911598227
-8,3,268.5496699589036
-7,3,370.9436663805019
-7,3,534.363612321272
-6,3,493.15259267839383
-6,3,289.80624348214576
-5,3,339.2959159698719
-5,3,452.82230809312273
-5,4,424.16501032295184
-5,4,283.8548034353422
-4,4,431.12024463087624
-4,4,519.2175618933225
-4,5,350.4548292176959
-4,5,349.73104234645587
-4,4,352.39811854201105
-4,4,308.48899287701875
-4,5,254.00154786757426
-4,5,306.3535351502832
-4,6,534.3441214299701
-4,6,278.8926702450326
-4,7,603.7316847803219
-4,7,404.8267673217887
-4,8,258.15568074758585
-4,8,388.5646758931699
-4,9,661.7274053374949
-4,9,334.73626173868905
-3,9,351.61963744343564
-3,9,308.0164511064533
-3,8,314.5643850811238
-3,8,328.0508671217423
-2,8,556.5115387014481
-2,8,348.7084782406193
-2,9,415.86674032390636
-2,9,416.153800264845
-2,10,385.53351409378104
-2,10,317.32708812410493
-2,11,355.5806485892677
-2,11,398.5329639043331
-2,12,280.42814025772446
-2,12,384.8688250396186
-1,12,360.6968280514061
-1,12,350.61001244334403
-1,13,395.57133917447464
-1,13,382.5784925808857
0,13,313.7748077878582
0,13,334.57507967453347
0,14,359.1000867860715
0,14,285.12427089770705
0,13,404.9824104755797
0,13,328.01500513225824
0,12,254.19166142514308
0,12,388.000968940003
0,13,486.99933521407615
0,13,316.67524494556733
0,14,499.35648228951396
0,14,332.45219921921995
-1,14,285.55599887987864
-1,14,333.34109711989265
-1,15,200.0
-1,15,418.3399559215907
0,15,264.12364327040103
0,15,404.4241996789042
1,15,200.0
1,15,262.5095006637301
1,16,317.2527690338333
1,16,267.6299944478176
2,16,223.3138378636152
2,16,498.98705657176674
2,17,366.6591666515667
2,17,287.6442369650518
2,18,249.05494174551367
2,18,318.9962938644505
3,18,368.7232645071543
3,18,339.0134046809494
3,19,242.53101477088836
3,19,279.10072312720627
4,19,342.18214471800917
4,19,262.34030569595456
4,20,301.642003696125
4,20,200.0
5,20,200.0
5,20,242.53101477088836
6,20,200.0
6,20,221.33461451038693
7,20,200.0
7,20,238.66363532314068
6,20,226.7177914124294
6,20,200.0
7,20,200.0
7,20,200.0
8,20,362.4991090768644
8,20,200.0
9,20,251.62943259686384
9,20,263.86824422016406
10,20,200.0
10,20,278.0545578700475
11,20,256.3448543078362
11,20,361.5578287047657
12,20,200.0
12,20,200.0
13,20,200.0
13,20,200.0
14,20,200.0
14,20,242.53101477088836
15,20,242.53101477088836
15,20,200.0
16,20,200.0
16,20,200.0
17,20,242.53101477088836
17,20,438.10685252038195
18,20,212.40459474065983
18,20,301.17498221501495
17,20,200.0
17,20,256.698620066925
18,20,242.53101477088836
18,20,236.0350165213223
17,20,242.53101477088836
17,20,200.0
18,20,244.0215936826281
18,20,200.0
19,20,255.26561565361123
19,20,337.83354436054094
20,20,200.0
20,20,283.8713839775474
20,19,284.95293342973827
20,19,243.67489813321345
19,19,200.0
19,19,200.0
18,19,258.91795610725603
18,19,242.53101477088836
17,19,285.98268183081376
17,19,200.0
16,19,242.53101477088836
16,19,314.4872340657163
17,19,262.93339113716644
17,19,346.6527653737719
17,18,242.53101477088836
17,18,374.5551747404025
16,18,200.0
16,18,229.07642859745076
15,18,422.6489736197814
15,18,324.938681245166
14,18,452.3015940141508
14,18,231.92436145132902
13,18,270.94808387900014
13,18,288.422210719834
12,18,242.53101477088836
