0,11,224.13120860810324
0,12,363.3349339412035
0,12,416.71663015978305
0,11,299.067478971433
0,11,363.79387086680856
0,10,364.3700703631641
0,10,242.53101477088836
0,11,310.5014115338489
0,11,365.60549022358657
0,10,388.6039673491781
0,10,302.1280535942438
-1,10,367.07814552114934
-1,10,200.0
-1,11,606.5537765763528
-1,11,255.22806642778824
-1,12,214.54077474913242
-1,12,288.8363561315442
-1,11,353.34061804224393
-1,11,332.06136212530964
-1,10,220.60937541103607
-1,10,379.30850646054375
-1,11,214.5091376579441
-1,11,421.6015187604015
-2,11,297.5261232249117
-2,11,371.7683835091961
-2,10,382.646622297618
-2,10,200.0
-3,10,426.7876449199422
-3,10,347.78142916633874
-3,9,268.70131203574385
-3,9,296.7235765887488
-3,8,356.05146982264125
-3,8,410.4318478850445
-2,8,351.19248693563384
-2,8,331.1246964902025
-3,8,345.44172065266014
-3,8,359.3312096290261
-4,8,312.67379788277384
-4,8,354.79132355054793
-4,7,492.2266458315691
-4,7,615.7632154282809
-4,6,274.14381983726526
-4,6,406.76114258009983
-4,5,389.2870973745793
-4,5,382.23222171017136
-4,4,451.708183911711
-4,4,379.7246418263128
-4,3,351.54693449326356
-4,3,272.24269096048346
-4,2,459.1936211394768
-4,2,409.3426389721638
-4,1,382.01670093812174
-4,1,649.7132571749431
-3,1,339.5187054506808
-3,1,408.9828396912281
-4,1,352.79198347800127
-4,1,254.39173591224542
-4,0,616.2271922393387
-4,0,471.27499699015436
-5,0,291.12137926887067
-5,0,428.602125025156
-5,-1,484.12547808609486
-5,-1,369.127120828841
-6,-1,357.0020441954251
-6,-1,387.19598630166615
-6,-2,377.94232448801057
-6,-2,329.3076785169249
-7,-2,519.2936775602806
-7,-2,320.0013465103424
-8,-2,258.9360550932996
-8,-2,392.50344850150236
-8,-1,335.559501249096
-8,-1,242.53101477088836
-8,-2,303.20798663206557
-8,-2,571.0090157261457
-8,-3,313.37469615031586
-8,-3,346.7449508793249
-8,-4,355.0221676502701
-8,-4,344.1822909865141
-8,-3,382.3540792500159
-8,-3,375.8221110671681
-8,-2,420.5026901325455
-8,-2,319.013808458641
-8,-1,572.8246366653923
-8,-1,352.3037410202295
-8,0,232.40110882387694
-8,0,274.0497279845532
-8,1,315.31033783244936
-8,1,400.2019806893849
-8,0,609.6485686773442
-8,0,301.46007868096984
-8,1,277.08290576578304
-8,1,423.7711371990822
-9,1,288.8578652564188
-9,1,311.5149194751174
-9,2,399.63180205927176
-9,2,512.5850840593345
-9,3,318.90954660601204
-9,3,318.24585372452896
-8,3,324.9705503100242
-8,3,257.82577526831994
-8,2,330.7452966273607
-8,2,369.447787482231
-8,3,587.6899897391532
-8,3,371.3265304988416
-7,3,408.2937068190858
-7,3,280.83958072239915
-6,3,341.47745305789664
-6,3,343.0231364007992
-5,3,396.0193662584077
-5,3,293.13327226490577
-5,4,622.3127885702468
-5,4,454.79498592278725
-4,4,341.9922879690754
-4,4,378.480706511424
-4,5,611.3485685424165
-4,5,397.8683656928844
-4,4,382.61296320179434
-4,4,362.83384964595126
-4,5,579.3851113314902
-4,5,327.57563092876956
-4,6,567.5293751827778
-4,6,270.2351198786204
-4,7,319.7298621929156
-4,7,356.3967360698037
-4,8,328.201381068926
-4,8,309.2573515218947
-4,9,449.1262287031679
-4,9,387.4370669111921
-3,9,279.83119265189436
-3,9,562.0600647192825
-3,8,364.9553648246788
-3,8,501.4998853250856
-2,8,517.4816360417102
-2,8,254.95538233901465
-2,9,287.7905675846339
-2,9,319.3732803769939
-2,10,500.4704541721318
-2,10,366.193600473416
-2,11,340.2295494095368
-2,11,497.80561357162765
-2,12,340.4950114430344
-2,12,242.53101477088836
-1,12,304.80212319491534
-1,12,295.70952001933404
-1,13,514.9199981870157
-1,13,235.77220039762088
0,13,533.8354314115652
0,13,295.3604055702715
0,14,230.98097585020201
0,14,274.3284472068137
0,13,335.055076209917
0,13,472.5245433953025
0,12,288.8965163834132
0,12,452.5245015000909
0,13,412.3255659686728
0,13,374.21548340409714
0,14,266.51114127296626
0,14,515.410549530455
-1,14,245.23995081019797
-1,14,242.53101477088836
-1,15,377.68322835441154
-1,15,352.0969393181008
0,15,593.9299043326955
0,15,368.23157293299755
1,15,286.037052017238
1,15,247.64177647007745
1,16,244.24953081713096
1,16,240.49602609080952
2,16,228.64470287416185
2,16,201.130501916451
2,17,242.53101477088836
2,17,308.1536212410927
2,18,200.0
2,18,242.53101477088836
3,18,234.65265440045812
3,18,257.71064649873534
3,19,200.0
3,19,519.3663103701533
4,19,266.8064208678427
4,19,218.0043170600547
4,20,457.5503539702832
4,20,276.0715631432157
5,20,376.01299952911876
5,20,248.83012436361636
6,20,200.0
6,20,211.06889845591283
7,20,242.53101477088836
7,20,224.83025795831205
6,20,200.0
6,20,278.72258994940785
7,20,242.53101477088836
7,20,200.0
8,20,221.68983358245654
8,20,284.69404376455657
9,20,200.0
9,20,200.0
10,20,242.53101477088836
10,20,242.53101477088836
11,20,242.53101477088836
11,20,200.0
12,20,242.53101477088836
12,20,200.0
13,20,200.0
13,20,239.62999974855467
14,20,262.0832800087899
14,20,200.0
15,20,212.98553686167682
15,20,200.0
16,20,242.53101477088836
16,20,219.53528338743354
17,20,242.53101477088836
17,20,278.388984520641
18,20,200.0
18,20,200.0
17,20,200.0
17,20,200.0
18,20,207.69155157506128
18,20,215.58129885628875
17,20,200.0
17,20,200.0
18,20,200.0
18,20,200.0
19,20,215.1331632721848
19,20,267.3931640195277
20,20,334.53045421747083
20,20,200.0
20,19,200.0
20,19,200.0
19,19,242.53101477088836
19,19,242.53101477088836
18,19,255.68275119191418
18,19,242.53101477088836
17,19,200.0
17,19,242.53101477088836
16,19,230.03089921135893
16,19,251.2274644467919
17,19,264.9890573821539
17,19,200.0
17,18,200.0
17,18,387.13432398377296
16,18,249.29001936277746
16,18,399.30416216892445
15,18,242.53101477088836
15,18,200.0
14,18,366.0766811724722
14,18,272.4327317178772
13,18,242.53101477088836
13,18,200.0
12,18,267.2831400437286
