0,11,79.694624789025
0,11,120.98558546185916
0,11,78.70174565915933
0,11,94.39161503992932
0,12,91.61802363381737
0,12,90.22403971262426
0,12,68.56483010728978
0,12,118.3418852092955
0,12,89.64652441524277
0,11,168.49823335721834
0,11,55.74729365137762
0,11,67.16587762180531
0,11,126.65260979456562
0,11,93.36402041970203
0,10,88.95644813339305
0,10,104.29532617955022
0,10,60.59995559325593
0,10,90.41716485940752
0,10,127.38276669765146
0,11,58.58523300219744
0,11,63.88443017121217
0,11,115.8924268360993
0,11,64.47873916869781
0,11,83.03303143134598
0,10,80.54690491150654
0,10,145.7676406474422
0,10,153.0421774293371
0,10,93.91440983942621
0,10,63.13688962249639
-1,10,110.05310093022527
-1,10,160.71608275941819
-1,10,138.67210210834838
-1,10,100.89351569019229
-1,10,110.51511597320393
-1,11,101.48906934537086
-1,11,93.19972032223322
-1,11,115.78827634893864
-1,11,168.03366213548503
-1,11,85.09659431552842
-1,12,80.2163400446761
-1,12,66.24261851978846
-1,12,134.5355019322709
-1,12,147.84466117436634
-1,12,51.35642070451537
-1,11,127.01441380095689
-1,11,79.56630836864261
-1,11,87.51690588442747
-1,11,68.9451095232448
-1,11,141.5525001593385
-1,10,95.44331264877675
-1,10,71.28256353766618
-1,10,82.56974056183584
-1,10,81.68334098274359
-1,10,81.72597095805543
-1,11,182.90068715656136
-1,11,68.20740670533823
-1,11,131.76019979787344
-1,11,69.15681906404198
-1,11,82.25914800362138
-2,11,62.0352527567873
-2,11,90.91073544450559
-2,11,103.96264313700286
-2,11,120.58949477502078
-2,11,107.85272073496542
-2,10,89.78888703222886
-2,10,149.41381773060397
-2,10,71.67398068607565
-2,10,142.51518016278447
-2,10,72.78217211158037
-3,10,107.54922208232334
-3,10,50.0
-3,10,88.83267533113568
-3,10,133.00602437425238
-3,10,148.97170932926124
-3,9,86.58769555867156
-3,9,69.81908060831476
-3,9,144.36117827495087
-3,9,68.1316171477939
-3,9,95.31616233161134
-3,8,121.68493771271969
-3,8,55.74729365137762
-3,8,97.81617995909997
-3,8,63.789881931770935
-3,8,92.09724160956364
-2,8,73.6321855943352
-2,8,158.15126965120965
-2,8,75.41742649280607
-2,8,75.65972715840785
-2,8,74.63193889870662
-3,8,101.92364437589525
-3,8,133.75858749891134
-3,8,143.06981734641573
-3,8,95.04541901489777
-3,8,158.31655911503788
-4,8,86.12027755366734
-4,8,54.50158254495368
-4,8,158.1945127825588
-4,8,171.1956526765151
-4,8,81.64275507028951
-4,7,69.74872838700304
-4,7,68.83281908755917
-4,7,114.05674261076747
-4,7,135.17201709142765
-4,7,107.47469521020672
-4,6,111.25464900295125
-4,6,50.0
-4,6,62.20260414408709
-4,6,108.55347093541023
-4,6,50.0
-4,5,135.55761915152712
-4,5,183.08141297924385
-4,5,166.8135191110499
-4,5,126.14046028360063
-4,5,151.0528224872108
-4,4,87.29371168103283
-4,4,76.13126075980917
-4,4,149.4552690463808
-4,4,152.43510300138314
-4,4,198.2557168868881
-4,3,125.03895648030425
-4,3,82.26347406730977
-4,3,101.1373360357687
-4,3,79.01739872454912
-4,3,97.44184795661121
-4,2,110.8011844347271
-4,2,162.91785920085488
-4,2,81.01824935239208
-4,2,70.60874025526479
-4,2,83.1683628113432
-4,1,88.6582021599343
-4,1,165.4034276615448
-4,1,98.05939715225726
-4,1,185.4675115065388
-4,1,107.92756664721041
-3,1,90.27125831059327
-3,1,156.42718340565023
-3,1,77.98073351028037
-3,1,188.5313891538886
-3,1,152.91584877793088
-4,1,71.99686680436362
-4,1,94.38380030513031
-4,1,104.62225581986954
-4,1,155.28488007185607
-4,1,205.43757094873183
-4,0,129.1099958917583
-4,0,111.29144263999065
-4,0,78.90186374780993
-4,0,94.34123874817402
-4,0,194.13771223277715
-5,0,50.0
-5,0,83.25121957695956
-5,0,74.5574056686955
-5,0,148.9541407678051
-5,0,71.31617472348
-5,-1,138.75282749457617
-5,-1,95.49446551312714
-5,-1,135.86404829527854
-5,-1,92.74004877904575
-5,-1,153.1741900542996
-6,-1,160.95108542115813
-6,-1,89.13043596628447
-6,-1,95.45374804955166
-6,-1,158.47801652059076
-6,-1,94.45956182577794
-6,-2,82.2815427178237
-6,-2,127.07922053319695
-6,-2,81.87867158833012
-6,-2,137.48456559053975
-6,-2,92.45978413805362
-7,-2,69.34951870459429
-7,-2,154.04274928176181
-7,-2,93.04389272973191
-7,-2,162.9940763650935
-7,-2,109.37756521808765
-8,-2,154.41706196424937
-8,-2,150.0642198553861
-8,-2,50.0
-8,-2,147.67325811030491
-8,-2,160.1763345528548
-8,-1,67.57489514917916
-8,-1,103.17642288925369
-8,-1,146.1836489042089
-8,-1,70.46272836523258
-8,-1,75.82491060840974
-8,-2,97.74244349947683
-8,-2,154.83336191950107
-8,-2,114.4218986677122
-8,-2,76.8472032383354
-8,-2,59.86127930438916
-8,-3,92.27322544360197
-8,-3,113.6785758294973
-8,-3,69.82368355238448
-8,-3,113.2971565261558
-8,-3,130.59433540852547
-8,-4,168.0758969343508
-8,-4,87.43543926423285
-8,-4,71.35510013832794
-8,-4,131.8556081980535
-8,-4,70.49384925705185
-8,-3,159.416994562975
-8,-3,100.33200307360623
-8,-3,136.3493124399133
-8,-3,163.43773450951105
-8,-3,81.71474709490505
-8,-2,72.76602794875419
-8,-2,79.9566839405865
-8,-2,63.80738167062377
-8,-2,186.91099338874002
-8,-2,123.56991007005178
-8,-1,94.26315655866395
-8,-1,121.85918681049118
-8,-1,60.31571055389264
-8,-1,163.54365959249205
-8,-1,111.95099647935037
-8,0,129.89398850517867
-8,0,161.46950715257898
-8,0,94.04281521977816
-8,0,95.0290423490329
-8,0,82.87883595799254
-8,1,66.03861611355288
-8,1,122.25383570543835
-8,1,98.57247319554884
-8,1,92.2623500819055
-8,1,81.69086216661967
-8,0,134.16812477831243
-8,0,129.35945625731733
-8,0,77.56906535241387
-8,0,93.27723532337872
-8,0,105.91073792043015
-8,1,173.13902720905816
-8,1,93.32197292387727
-8,1,88.30084059457434
-8,1,98.41612476287469
-8,1,56.7190683855533
-9,1,160.49016593021315
-9,1,94.25870815572284
-9,1,128.0227674640784
-9,1,118.66792305061526
-9,1,84.64319594103027
-9,2,76.1375634041634
-9,2,149.62416354618267
-9,2,83.37334039729562
-9,2,109.5978969532381
-9,2,92.85976546745884
-9,3,158.14646043084474
-9,3,76.08288887737507
-9,3,120.63774923889204
-9,3,82.0445846581146
-9,3,145.89923702333402
-8,3,115.86589727259849
-8,3,82.41932801625924
-8,3,102.6637356263637
-8,3,73.21095550402275
-8,3,64.08056117611045
-8,2,117.07704177450245
-8,2,103.30542955045908
-8,2,66.9720420180923
-8,2,117.53719186020975
-8,2,107.41589255037286
-8,3,97.03024194028869
-8,3,95.23961773149951
-8,3,90.26253876708563
-8,3,119.77114744467389
-8,3,109.6590911336528
-7,3,50.0
-7,3,88.37030919890331
-7,3,100.7503932605016
-7,3,136.27157703445732
-7,3,117.42458073653097
-6,3,77.70396168282409
-6,3,180.68266614912696
-6,3,139.8938248783926
-6,3,122.6661607336869
-6,3,79.28030431340567
-5,3,81.35399957146859
-5,3,163.46191845007255
-5,3,167.27569601030896
-5,3,141.310686697034
-5,3,50.02891112998161
-5,4,73.41890035275273
-5,4,69.20297953741158
-5,4,137.18290112282162
-5,4,86.83864973072477
-5,4,80.8915645644647
-4,4,182.85007895192072
-4,4,70.39233353484435
-4,4,124.5816497846314
-4,4,166.75420033270836
-4,4,193.1866362951951
-4,5,60.27034807497047
-4,5,79.44543164953636
-4,5,94.07623190812703
-4,5,135.31010473122177
-4,5,142.51817217217277
-4,4,97.18291261167217
-4,4,112.7100725101548
-4,4,77.60726834799878
-4,4,156.90090632883772
-4,4,66.95663913634338
-4,5,89.68050533743032
-4,5,95.83053788600617
-4,5,118.8950372950296
-4,5,136.20507209414453
-4,5,60.62556263570508
-4,6,66.54475359166061
-4,6,120.00212673919198
-4,6,75.52859588812922
-4,6,137.71456087854241
-4,6,57.34518939432452
-4,7,80.22169154609173
-4,7,66.13406540778986
-4,7,126.32606433040084
-4,7,64.48981117969154
-4,7,86.20727956461675
-4,8,153.9503491503091
-4,8,134.58683483358442
-4,8,88.59878860157048
-4,8,93.0575972364632
-4,8,50.0
-4,9,96.50884218406945
-4,9,130.47837173772928
-4,9,121.70222359314815
-4,9,69.81675551301433
-4,9,134.1553199922125
-3,9,83.4715821805983
-3,9,125.82048773076755
-3,9,76.01373514714189
-3,9,83.00385075318933
-3,9,55.01930803109393
-3,8,119.08208682824036
-3,8,75.26942769840109
-3,8,76.63500921364074
-3,8,172.79367349050023
-3,8,117.22200639529282
-2,8,78.31016878292232
-2,8,161.82234521397058
-2,8,152.6951878735567
-2,8,134.25248149807453
-2,8,95.33052817081202
-2,9,94.2802530229646
-2,9,144.28755744154978
-2,9,163.99040015695593
-2,9,170.69608393449363
-2,9,60.558315261943186
-2,10,70.97450624125581
-2,10,51.663182158999746
-2,10,114.09109183289324
-2,10,128.23054204625143
-2,10,122.3412114989558
-2,11,106.48303907401701
-2,11,81.6616911549477
-2,11,100.74770134400435
-2,11,71.08606743354578
-2,11,120.61039917835042
-2,12,63.971228005465385
-2,12,59.99892375970939
-2,12,111.61471533569622
-2,12,59.66134255490602
-2,12,67.44518699153394
-1,12,99.00796211113465
-1,12,63.196260308202675
-1,12,104.75525269727531
-1,12,120.24663531572487
-1,12,88.20321319561944
-1,13,128.6410382164259
-1,13,101.66331685007461
-1,13,92.75190411651634
-1,13,95.42880111226584
-1,13,59.12925559506961
0,13,112.04546379648747
0,13,215.4285088799419
0,13,50.0
0,13,53.76486064690516
0,13,68.74015633232722
0,14,142.3181511175636
0,14,93.45764655875868
0,14,50.0
0,14,121.57991333699086
0,14,55.74729365137762
0,13,139.0159831694453
0,13,155.29438930885001
0,13,59.14468841877444
0,13,60.20017587474157
0,13,60.68300826192917
0,12,74.7071331574469
0,12,114.78811817158181
0,12,92.09691828527815
0,12,50.0
0,12,72.72627565470691
0,13,50.0
0,13,51.47016131448803
0,13,121.16506422834817
0,13,121.57411739261984
0,13,103.9251322574745
0,14,137.95849988683955
0,14,106.08858485681748
0,14,54.103049559016455
0,14,73.4288191024236
0,14,122.78263627924876
-1,14,93.55017641554083
-1,14,66.39372745057241
-1,14,81.08269529028182
-1,14,54.818334208211624
-1,14,63.010477175672264
-1,15,85.70009068059218
-1,15,61.88520711878235
-1,15,73.22735453158015
-1,15,56.633579763776815
-1,15,81.08269529028182
0,15,51.24157028026674
0,15,105.5940997457649
0,15,50.0
0,15,129.74185582445674
0,15,89.0646683576146
1,15,100.76198165030593
1,15,96.87993474947426
1,15,50.0
1,15,81.08269529028182
1,15,107.31201183025837
1,16,175.91011082654865
1,16,90.30568112176243
1,16,74.63542819424732
1,16,50.0
1,16,105.10242452022442
2,16,125.89655937056143
2,16,50.0
2,16,57.97218186605154
2,16,63.89931795679909
2,16,144.6308579499742
2,17,50.0
2,17,73.08769102166137
2,17,114.09144240864022
2,17,81.08269529028182
2,17,58.68704417236294
2,18,55.15901802231942
2,18,50.0
2,18,84.99305587791504
2,18,50.0
2,18,99.45835431502911
3,18,78.833514370437
3,18,55.505107061002725
3,18,137.10067981154634
3,18,55.74729365137762
3,18,60.89642328686941
3,19,81.63868787147541
3,19,97.48921017878128
3,19,60.75952400369301
3,19,81.08269529028182
3,19,50.0
4,19,114.70361440740864
4,19,53.906851739562946
4,19,50.0
4,19,98.34289533878967
4,19,50.19692257959101
4,20,115.57294282484742
4,20,57.42557110261398
4,20,89.60503992129154
4,20,85.13774767258894
4,20,110.57593863899075
5,20,81.08269529028182
5,20,50.0
5,20,55.74729365137762
5,20,63.78509052057516
5,20,89.93943956249785
6,20,50.0
6,20,70.66768041826035
6,20,70.13615692882439
6,20,71.82409270202275
6,20,50.0
7,20,72.73421558204868
7,20,138.85131466095908
7,20,95.33645461623257
7,20,50.0
7,20,117.21950193411638
6,20,79.46061997605577
6,20,106.11039899902272
6,20,50.0
6,20,102.5380631446737
6,20,102.0566480989221
7,20,166.227501150752
7,20,50.0
7,20,98.75597080195368
7,20,50.0
7,20,81.08269529028182
8,20,55.74729365137762
8,20,60.29717055511149
8,20,67.96042288137416
8,20,115.85534029152743
8,20,55.74729365137762
9,20,81.08269529028182
9,20,81.08269529028182
9,20,81.20728208118275
9,20,60.549245297047044
9,20,95.31901251667892
10,20,93.73496590683341
10,20,87.3230188355414
10,20,81.08269529028182
10,20,66.45001230385589
10,20,98.96185087279449
11,20,81.08269529028182
11,20,50.0
11,20,51.18836680274886
11,20,63.4780577891423
11,20,81.08269529028182
12,20,97.65532185103788
12,20,54.290049570950416
12,20,104.09434035143838
12,20,74.82466795617137
12,20,81.08269529028182
13,20,67.97568018361326
13,20,55.43240589216187
13,20,81.08269529028182
13,20,50.0
13,20,50.0
14,20,81.08269529028182
14,20,81.08269529028182
14,20,50.0
14,20,60.31419881829169
14,20,58.81742940627089
15,20,50.0
15,20,81.08269529028182
15,20,50.0
15,20,110.33044542388602
15,20,92.42576248874522
16,20,50.0
16,20,54.815244341286714
16,20,50.0
16,20,81.08269529028182
16,20,50.0
17,20,50.0
17,20,81.08269529028182
17,20,50.0
17,20,50.0
17,20,81.08269529028182
18,20,81.08269529028182
18,20,55.74729365137762
18,20,81.08269529028182
18,20,50.0
18,20,50.0
17,20,50.0
17,20,81.08269529028182
17,20,58.121517572651825
17,20,50.0
17,20,50.0
18,20,62.642829567291386
18,20,81.08269529028182
18,20,50.0
18,20,50.0
18,20,81.08269529028182
17,20,50.0
17,20,81.08269529028182
17,20,102.54478419909043
17,20,56.409853653341884
17,20,50.0
18,20,50.0
18,20,50.0
18,20,55.74729365137762
18,20,50.0
18,20,67.2542914060468
19,20,50.0
19,20,81.08269529028182
19,20,81.08269529028182
19,20,81.08269529028182
19,20,50.0
20,20,50.0
20,20,81.08269529028182
20,20,55.74729365137762
20,20,81.08269529028182
20,20,81.08269529028182
20,19,50.0
20,19,81.08269529028182
20,19,50.0
20,19,50.0
20,19,55.74729365137762
19,19,66.02154886059938
19,19,55.74729365137762
19,19,89.88516208769165
19,19,55.74729365137762
19,19,55.74729365137762
18,19,50.0
18,19,81.08269529028182
18,19,86.04373007376788
18,19,65.80800934962897
18,19,51.623345270081636
17,19,50.0
17,19,81.08269529028182
17,19,81.08269529028182
17,19,84.11965954950067
17,19,95.22920184323056
16,19,50.0
16,19,50.0
16,19,83.47586376200879
16,19,55.74729365137762
16,19,50.0
17,19,74.22824074293746
17,19,50.0
17,19,55.74729365137762
17,19,91.16213921138544
17,19,61.94445440321971
17,18,55.74729365137762
17,18,50.0
17,18,100.00405867199359
17,18,81.08269529028182
17,18,84.02213166974595
16,18,67.1466219871511
16,18,109.6065294661744
16,18,50.0
16,18,81.08269529028182
16,18,50.0
15,18,59.86322145278782
15,18,50.0
15,18,50.0
15,18,122.59463313307748
15,18,81.08269529028182
14,18,90.20557102385061
14,18,56.22508758106225
14,18,98.5253393151738
14,18,108.91831151659822
14,18,50.0
13,18,81.38711087138648
13,18,50.0
13,18,50.0
13,18,55.74729365137762
13,18,50.12267970207969
12,18,50.0
12,18,56.306127916029155
12,18,93.44117881270611
12,18,52.74962068579797
12,18,81.08269529028182
11,18,59.57029341830027
11,18,54.95078090805872
11,18,54.52102443556093
11,18,51.78495928694957
11,18,81.47856099034811
10,18,81.08269529028182
10,18,61.784731371863344
10,18,52.71803934089443
10,18,81.08269529028182
10,18,61.196693009546024
9,18,98.72668294623868
9,18,106.3567661498309
9,18,81.08269529028182
9,18,50.0
9,18,55.74729365137762
8,18,50.64008980888673
8,18,101.96616970816054
8,18,101.19551555094591
8,18,56.88123964740433
8,18,122.80013005896373
7,18,54.52674098990146
7,18,51.226433366795455
7,18,50.09944031907564
7,18,83.54269045857048
7,18,81.36279268090516
7,17,81.08269529028182
7,17,64.38868499357167
7,17,81.08269529028182
7,17,58.23703765744816
7,17,55.74729365137762
8,17,62.60100459584837
8,17,69.94826109970008
8,17,81.08269529028182
8,17,50.0
8,17,139.15182192689213
7,17,143.86612133308643
7,17,50.0
7,17,50.0
7,17,115.48360828725889
7,17,86.347868208591
6,17,55.335236321758686
6,17,50.787029823518495
6,17,55.155070382546775
6,17,89.05062183518872
6,17,117.33901130643355
5,17,50.0
5,17,55.74729365137762
5,17,59.003072052182716
5,17,70.4034108147253
5,17,84.97170225870617
4,17,71.53165838406242
4,17,159.27117160581278
4,17,50.0
4,17,55.74729365137762
4,17,50.0
3,17,52.75917645203425
3,17,53.20456342751828
3,17,52.752953644054415
3,17,62.81914367116364
3,17,100.20726007909808
2,17,50.0
2,17,66.69232006787863
2,17,106.5410224932389
2,17,59.3830122201571
2,17,55.74729365137762
1,17,100.03129659969237
1,17,82.77182156661114
1,17,50.0
1,17,64.88537889761723
1,17,65.84543311297772
0,17,118.11632284229894
0,17,81.08269529028182
0,17,126.84653962676835
0,17,89.48413892406901
0,17,54.877169256296554
0,18,89.63404292113287
0,18,85.30920569630462
0,18,79.50227895492559
0,18,81.08269529028182
0,18,67.52113925900048
0,17,84.71865834122578
0,17,87.29015045538625
0,17,50.0
0,17,81.71191110229309
0,17,50.0
-1,17,50.0
-1,17,50.0
-1,17,127.43803260037099
-1,17,113.80776549348353
-1,17,55.74729365137762
-2,17,62.03622523128365
-2,17,59.459982127052776
-2,17,70.75174385442459
-2,17,71.084285831329
-2,17,110.3842652846299
-3,17,119.86402278244472
-3,17,81.08269529028182
-3,17,53.54183404142341
-3,17,50.0
-3,17,74.36923734045797
-3,16,61.39728128693017
-3,16,88.91976325958879
-3,16,93.2293041810354
-3,16,83.30839318041077
-3,16,77.53222211717043
-4,16,98.61888693989442
-4,16,132.43521552283755
-4,16,87.29532451729995
-4,16,78.81215384741324
-4,16,64.71911959047507
-3,16,54.649948034558335
-3,16,122.06674834789635
-3,16,59.90901097415076
-3,16,163.85476502519856
-3,16,68.20074353577121
-4,16,50.0
-4,16,114.1127040826215
-4,16,56.05363816523732
-4,16,50.0
-4,16,81.08269529028182
-3,16,50.0
-3,16,59.37052960089353
-3,16,50.0
-3,16,58.19930257556608
-3,16,94.88537446415401
-2,16,55.74729365137762
-2,16,50.0
-2,16,139.77723486179124
-2,16,50.0
-2,16,130.964343682546
-1,16,66.20374693786702
-1,16,71.50408583125716
-1,16,72.91919984214803
-1,16,73.0154376692335
-1,16,87.83754466443182
-1,15,62.3093112666285
-1,15,50.69706473888177
-1,15,55.74729365137762
-1,15,97.30019125760379
-1,15,72.14113961463235
-2,15,59.0385111774038
-2,15,108.30752496455719
-2,15,81.08269529028182
-2,15,67.15218846207178
-2,15,73.32020223903025
-1,15,112.49529314622858
-1,15,119.70707791172062
-1,15,83.8078529362561
-1,15,88.56657623033036
-1,15,98.21127844669975
-1,14,75.53164542121844
-1,14,142.4807754189796
-1,14,82.60498703744511
-1,14,58.701458535438086
-1,14,102.5931688714579
-2,14,57.41568554357475
-2,14,115.87217834450257
-2,14,98.38645000292085
-2,14,51.003381346347176
-2,14,65.06454851905625
-1,14,67.50208734942579
-1,14,95.22798154137806
-1,14,72.20414216764854
-1,14,153.28626649539626
-1,14,81.85710854774389
0,14,69.48172421911073
0,14,63.85776208504273
0,14,64.62798534569578
0,14,68.38042108220176
0,14,81.38084510156003
0,13,88.18190136410004
0,13,76.6048025430811
0,13,100.91876822562803
0,13,95.74768135265171
0,13,50.0
1,13,85.40931978877677
1,13,102.35095473746063
1,13,50.0
1,13,130.90293068586124
1,13,67.73090668641662
2,13,111.48329918140398
2,13,61.45919810263492
2,13,138.27827775717938
2,13,50.0
2,13,92.3190820106181
3,13,151.8835140496962
3,13,63.70195962670619
3,13,142.32565098117752
3,13,65.82411687794854
3,13,97.69828707579249
3,12,82.38983745119742
3,12,55.97737568497591
3,12,99.42583100606501
3,12,134.2993446868136
3,12,57.18010433567194
3,11,71.54378496278794
3,11,101.3528302545842
3,11,135.16627977725966
3,11,75.19698641162698
3,11,139.38625344085273
4,11,107.5688653499857
4,11,169.50007300556916
4,11,59.02805260763117
4,11,65.45599496800634
4,11,50.0
4,10,75.2059151567264
4,10,76.34280004007385
4,10,99.75249496350477
4,10,118.67994753772626
4,10,97.86484474394592
5,10,108.29000420553926
5,10,72.37593966930436
5,10,57.80720391486402
5,10,87.8090728146631
5,10,74.12509466162773
5,9,72.45303618582179
5,9,86.99700096315863
5,9,152.48699422448124
5,9,80.64254197307875
5,9,98.44727840630809
5,8,79.80583636682564
5,8,50.0
5,8,115.94058250722763
5,8,61.036275978840365
5,8,85.60610264752438
6,8,77.89151063201906
6,8,154.75712019684784
6,8,103.43402618614866
6,8,128.12669195408344
6,8,62.28098083173502
7,8,63.13667857701803
7,8,81.32613106353223
7,8,50.0
7,8,130.68506121728512
7,8,96.67238178733666
7,7,64.31554811776363
7,7,122.27533267006557
7,7,105.7626189014276
7,7,102.3553860442062
7,7,71.84129397979896
7,6,86.38314542197958
7,6,115.84102852741542
7,6,50.0
7,6,130.33642072479185
7,6,87.65763834506221
8,6,91.6338070340804
8,6,112.77057990137712
8,6,115.0226023790482
8,6,97.89558148685211
8,6,81.14976894730692
9,6,69.09033449030579
9,6,135.05630503825492
9,6,117.60671358222305
9,6,71.30700506783289
9,6,141.38956873919904
8,6,97.14339886072429
8,6,78.72938637930064
8,6,73.88106806829765
8,6,93.46428658925007
8,6,116.14331957468886
8,5,55.472196459832304
8,5,127.8143014312167
8,5,69.55389079596587
8,5,58.24550722359193
8,5,70.1836271890659
8,4,133.7896414937622
8,4,118.63682030218285
8,4,68.09740486982933
8,4,75.22677611345676
8,4,105.97324580994895
8,3,190.31418062760747
8,3,131.4288248402756
8,3,95.73611488184522
8,3,166.82292501933597
8,3,131.43749070104838
7,3,59.14413952485329
7,3,104.67692530592429
7,3,111.07815704226499
7,3,168.0923089366626
7,3,79.7994302637641
6,3,115.0782226029389
6,3,81.01247003326658
6,3,79.44036998177864
6,3,99.50659864210996
6,3,78.82868240624408
7,3,146.0599406251547
7,3,70.27427874192226
7,3,97.45012412589261
7,3,80.10009149189275
7,3,138.1735909183393
8,3,56.092987367615734
8,3,87.25341838010061
8,3,88.28671297146148
8,3,81.08269529028182
8,3,154.51480428841919
9,3,74.42411013416053
9,3,87.3485311699833
9,3,85.10820281132413
9,3,105.88974958745412
9,3,94.53054887395385
10,3,127.98479688882185
10,3,81.68335449237814
10,3,84.39349192901417
10,3,118.57967260423568
10,3,101.05167127784722
11,3,71.1668087671407
11,3,130.0281375866432
11,3,141.45468708529444
11,3,71.47970852483571
11,3,164.15187968138105
11,4,81.6128117062969
11,4,50.0
11,4,67.13995208740297
11,4,50.783758223483595
11,4,88.84008263488496
12,4,81.08269529028182
12,4,81.31960655173951
12,4,57.0835983567075
12,4,50.0
12,4,72.11486466378928
12,3,136.41381925201085
12,3,86.32398945286982
12,3,60.14582122837502
12,3,169.37523791367403
12,3,92.59763202119301
12,2,78.73294413942428
12,2,95.52305203065217
12,2,101.44955468671016
12,2,101.66297109866338
12,2,71.5604278758232
13,2,58.577087456625875
13,2,90.42147208014154
13,2,58.05402575702337
13,2,88.05502959386462
13,2,121.94108045822206
14,2,144.02507780354034
14,2,143.1093691865478
14,2,80.51728764928757
14,2,85.41740845674323
14,2,68.68647534937477
15,2,90.59288201326068
15,2,52.72663695889821
15,2,120.52386794417376
15,2,142.5090023842455
15,2,125.92672786101977
16,2,88.26416403982927
16,2,61.0907232877951
16,2,125.28058061257707
16,2,127.5481658385613
16,2,50.0
16,1,57.58157041301503
16,1,53.50425509438369
16,1,104.38313317539134
16,1,51.73057650402505
16,1,81.08269529028182
15,1,92.89126122716198
15,1,72.0875760294391
15,1,59.98301889530462
15,1,63.11258706914953
15,1,88.71000567959456
16,1,126.56634226970215
16,1,50.0
16,1,72.6468516112767
16,1,81.08269529028182
16,1,50.0
16,0,61.56692420870653
16,0,50.0
16,0,81.08269529028182
16,0,113.01198870951805
16,0,94.48749598635028
17,0,154.96567250868932
