0,11,97.13133334958978
0,11,82.93331052184465
0,11,50.0
0,11,65.06159041177587
0,12,155.19459175679953
0,12,50.0
0,12,105.52957970869224
0,12,76.96922955478384
0,12,108.50653938046464
0,11,102.20599469410843
0,11,54.14094369988598
0,11,58.83419878852781
0,11,133.92323829789234
0,11,101.14423658982298
0,10,77.04421668587896
0,10,50.0
0,10,126.41265835009897
0,10,80.91153663266078
0,10,73.72969369615538
0,11,115.47817018650538
0,11,64.20929993404353
0,11,78.28063716376822
0,11,148.74049504800018
0,11,77.46470019496014
0,10,68.19534525895375
0,10,92.08609007390258
0,10,93.98476272579131
0,10,59.55955414501865
0,10,70.14243291286546
-1,10,53.607599674243076
-1,10,123.1750382068573
-1,10,104.3076823416401
-1,10,91.99663528414895
-1,10,88.43864546038802
-1,11,50.0
-1,11,62.10237840863679
-1,11,66.38059564185207
-1,11,102.45189808533743
-1,11,63.96492283961839
-1,12,50.0
-1,12,147.07872148634675
-1,12,51.71490738419252
-1,12,72.3294609420173
-1,12,57.781935788942874
-1,11,130.50391743373333
-1,11,89.7347895173931
-1,11,54.79181257337378
-1,11,50.0
-1,11,55.74729365137762
-1,10,50.0
-1,10,171.74540476645927
-1,10,161.44552465982417
-1,10,131.38132815908563
-1,10,58.533398709943334
-1,11,175.25740115215663
-1,11,118.39738936415495
-1,11,70.90138881555329
-1,11,54.6212154060139
-1,11,89.89885195188165
-2,11,69.25035259827614
-2,11,69.8855954879005
-2,11,50.0
-2,11,62.80844850927755
-2,11,103.92579288613177
-2,10,116.46250426986245
-2,10,160.3631055504631
-2,10,78.14668254852224
-2,10,132.1066322368316
-2,10,58.24566372728989
-3,10,83.15060804637564
-3,10,62.36261245489686
-3,10,147.86328178822797
-3,10,155.19292100238397
-3,10,141.107097041214
-3,9,61.89154118690957
-3,9,76.4838189861591
-3,9,100.34456783380104
-3,9,87.24641783215466
-3,9,123.64799510498564
-3,8,134.13755890686113
-3,8,74.36267768806326
-3,8,130.7920567446764
-3,8,65.20487799939119
-3,8,129.8318640493478
-2,8,62.293224343863244
-2,8,50.0
-2,8,185.50586477788
-2,8,67.70999594271872
-2,8,146.29602232696823
-3,8,96.3116236443193
-3,8,85.61844407090152
-3,8,164.52757098420773
-3,8,111.91126763279449
-3,8,55.59117656688311
-4,8,53.9353290516651
-4,8,76.3621515015588
-4,8,97.15448156575187
-4,8,146.77056019784354
-4,8,66.4250349514531
-4,7,101.24616648047801
-4,7,134.36460405973943
-4,7,77.81447409653924
-4,7,99.06203213403144
-4,7,104.73188992595541
-4,6,157.9457182119152
-4,6,107.97402504234852
-4,6,129.05058297257267
-4,6,96.08592876599188
-4,6,113.52908418650586
-4,5,93.2305746808977
-4,5,67.14532798196751
-4,5,102.32840075846553
-4,5,75.4162204766686
-4,5,66.35017607505641
-4,4,104.0579967097963
-4,4,70.43633491500736
-4,4,50.0
-4,4,50.530051050773565
-4,4,72.3336030333625
-4,3,161.27233350980882
-4,3,83.83863069063145
-4,3,171.05038964307371
-4,3,115.95378921692235
-4,3,84.3153278748778
-4,2,125.04842524045355
-4,2,145.9729431765653
-4,2,95.77456623892205
-4,2,108.1234056799409
-4,2,59.99686735181835
-4,1,101.0350853728562
-4,1,94.46747056444562
-4,1,98.58400439002511
-4,1,169.1134242762444
-4,1,160.99262159412095
-3,1,129.10518102040837
-3,1,209.27907122274098
-3,1,92.00390897860353
-3,1,149.28770777624607
-3,1,98.7124328417409
-4,1,153.56988183023265
-4,1,89.55607060020301
-4,1,77.81293707025617
-4,1,88.98294798449355
-4,1,78.57679789246903
-4,0,50.0
-4,0,161.02538316720182
-4,0,57.67583962179169
-4,0,104.71483410935633
-4,0,127.33950329972814
-5,0,107.78791278915008
-5,0,109.05850595741299
-5,0,66.29678492686392
-5,0,89.41584885237722
-5,0,157.8593089568746
-5,-1,131.7300024414844
-5,-1,51.64429777902741
-5,-1,169.76848591672623
-5,-1,169.86185588763354
-5,-1,206.75361788040902
-6,-1,50.0
-6,-1,87.79182969065604
-6,-1,68.66705726374823
-6,-1,175.13698194597833
-6,-1,92.17709207692315
-6,-2,172.9111229035936
-6,-2,110.92404567407118
-6,-2,149.8173350093579
-6,-2,181.7838148450611
-6,-2,64.47395216836458
-7,-2,63.24608601713048
-7,-2,95.01298039336444
-7,-2,95.53439678038373
-7,-2,56.23250580414832
-7,-2,93.1361398952071
-8,-2,83.69153983297564
-8,-2,87.50342669488529
-8,-2,95.30938192841087
-8,-2,99.56131857549452
-8,-2,93.95379143294127
-8,-1,93.54832191312323
-8,-1,60.527938711894535
-8,-1,156.8381278016572
-8,-1,77.52045038706115
-8,-1,144.73860578241357
-8,-2,89.2891517361265
-8,-2,118.2271959963938
-8,-2,91.1519760010005
-8,-2,72.21512110044692
-8,-2,67.73004593499896
-8,-3,140.05902185431893
-8,-3,95.27115538904629
-8,-3,102.9757016235842
-8,-3,102.08063224802981
-8,-3,138.73077432206526
-8,-4,61.30050712269895
-8,-4,83.00760644687156
-8,-4,59.80062594587038
-8,-4,125.32432430736303
-8,-4,122.59740320351426
-8,-3,174.44931136014725
-8,-3,137.86862760099962
-8,-3,178.00390171975647
-8,-3,73.60231530939811
-8,-3,162.2280708861121
-8,-2,93.32992365702817
-8,-2,78.96311229766675
-8,-2,112.03391316919384
-8,-2,96.17697035789324
-8,-2,140.77937507088413
-8,-1,127.654714126165
-8,-1,84.98194628920409
-8,-1,175.30760268526788
-8,-1,133.05135101017342
-8,-1,90.10230758546176
-8,0,76.88177162097102
-8,0,102.71847102461805
-8,0,127.12144837131919
-8,0,78.49929252809507
-8,0,50.0
-8,1,91.53276390560535
-8,1,121.19436043189174
-8,1,66.27073542108123
-8,1,130.0214175924937
-8,1,163.63222893272027
-8,0,98.1351249032881
-8,0,75.64814970838968
-8,0,93.19897291737442
-8,0,129.97171543255286
-8,0,130.30611751481564
-8,1,162.49821625390686
-8,1,63.12977365022434
-8,1,70.28129512494652
-8,1,133.06534358748712
-8,1,134.74118182588145
-9,1,67.58626713828428
-9,1,76.16942326191685
-9,1,124.17849733572908
-9,1,125.98279184895186
-9,1,121.3656082242271
-9,2,138.8651473936299
-9,2,127.22292845077975
-9,2,95.35208646687666
-9,2,73.01908330927755
-9,2,50.0
-9,3,50.0
-9,3,69.99717499224518
-9,3,113.86101427300343
-9,3,55.147817266153574
-9,3,104.74959431055879
-8,3,152.10925759976246
-8,3,84.56955751803352
-8,3,106.60307406250689
-8,3,116.35664471364147
-8,3,74.4293972460489
-8,2,120.04105212222571
-8,2,64.10752297947167
-8,2,114.5213295698337
-8,2,138.44038071673296
-8,2,142.43468720057697
-8,3,154.42685540732285
-8,3,56.70997133625036
-8,3,91.21569057803242
-8,3,60.353848356218386
-8,3,73.35325464990567
-7,3,129.10197303366814
-7,3,90.20904083475341
-7,3,101.010313048281
-7,3,70.01205063461462
-7,3,63.99116460525475
-6,3,127.81621532992082
-6,3,84.63174914083076
-6,3,155.36174884492232
-6,3,62.671945153407094
-6,3,79.37633935536066
-5,3,92.48769788797658
-5,3,97.66879403050463
-5,3,192.48122983535535
-5,3,173.45401242714698
-5,3,94.39772151989206
-5,4,63.806648603127385
-5,4,76.02000225360277
-5,4,96.3121941162184
-5,4,87.9981098624946
-5,4,69.79141490136806
-4,4,93.97949164598724
-4,4,75.93683431708035
-4,4,74.39942963383119
-4,4,78.34198699615963
-4,4,116.16063229164673
-4,5,84.048011643227
-4,5,97.87348558333511
-4,5,116.52177684432729
-4,5,99.89509975703459
-4,5,86.51149086611477
-4,4,50.0
-4,4,147.22807460575282
-4,4,95.06868534193676
-4,4,81.25313695832224
-4,4,85.4296981660267
-4,5,133.63417022029282
-4,5,109.89182823191584
-4,5,146.31001424880643
-4,5,102.0195747530996
-4,5,144.91520879930346
-4,6,137.11530670355768
-4,6,100.46380462321943
-4,6,146.57441917149055
-4,6,177.45718191801768
-4,6,86.3196080486302
-4,7,134.66194612391573
-4,7,91.08694490624602
-4,7,94.46387279394884
-4,7,56.07431775776904
-4,7,93.87073636803403
-4,8,144.30034122318358
-4,8,97.52621650079898
-4,8,159.28884910355012
-4,8,176.460967998337
-4,8,81.08269529028182
-4,9,76.28900827657934
-4,9,65.47969931229439
-4,9,70.9710974788776
-4,9,128.6435789694237
-4,9,80.36192917434188
-3,9,100.52991326072822
-3,9,68.42035584019267
-3,9,74.89487724160188
-3,9,114.68927442494567
-3,9,152.9350956247665
-3,8,70.93004546477576
-3,8,88.65028976425754
-3,8,64.96701372995123
-3,8,109.62274538933696
-3,8,165.72812750062786
-2,8,50.0
-2,8,110.91597649511485
-2,8,83.42746771600767
-2,8,69.83518116490944
-2,8,139.04942740925665
-2,9,175.7928705378414
-2,9,154.1157957939601
-2,9,97.38229607233049
-2,9,98.82125687703598
-2,9,135.68209233878108
-2,10,136.28661386687196
-2,10,50.23946749541998
-2,10,129.16964927217575
-2,10,111.53120929422153
-2,10,50.0
-2,11,90.81356336999332
-2,11,145.38663796499233
-2,11,62.937056363287375
-2,11,77.87249449377128
-2,11,83.08558302656743
-2,12,50.0
-2,12,82.69812253814511
-2,12,72.61833566655508
-2,12,54.29348795424173
-2,12,132.30913100815928
-1,12,160.07185601331366
-1,12,83.7228258597631
-1,12,139.24292328311847
-1,12,75.00635748788605
-1,12,69.27531974805179
-1,13,144.45328097263757
-1,13,157.42349803598444
-1,13,50.0
-1,13,104.89590337954441
-1,13,50.0
0,13,129.18859615118478
0,13,80.42062932417262
0,13,63.70040526370747
0,13,58.29595388463699
0,13,55.3457786686175
0,14,108.78546588825526
0,14,89.13289211800867
0,14,55.122619260370904
0,14,127.71248892847788
0,14,73.26154468674218
0,13,50.0
0,13,72.13301021933405
0,13,87.35432964487998
0,13,70.65274288931441
0,13,77.66603210864535
0,12,55.74729365137762
0,12,100.21651727816787
0,12,82.69242495317135
0,12,120.146929762504
0,12,76.25761572784285
0,13,134.07416388623815
0,13,50.12117326962074
0,13,60.086809575924406
0,13,126.59574522094519
0,13,50.0
0,14,104.10785885013226
0,14,50.0
0,14,79.43342071289575
0,14,125.16827575752436
0,14,91.43431203430892
-1,14,81.08269529028182
-1,14,92.70562251969811
-1,14,76.94040790049553
-1,14,50.0
-1,14,110.9140040759882
-1,15,69.11982660139043
-1,15,79.4959453832335
-1,15,85.0096846058002
-1,15,61.26590393492668
-1,15,75.42387230424731
0,15,57.728156716116075
0,15,117.74447566535144
0,15,150.49634996874613
0,15,153.2214447968067
0,15,66.1404514144863
1,15,67.59063881307593
1,15,60.773470301873765
1,15,131.94546906710343
1,15,110.80212589949898
1,15,96.95527245278308
1,16,53.83797398142214
1,16,52.33514030141944
1,16,73.33409567314636
1,16,50.0
1,16,135.4129672281896
2,16,57.861129730255705
2,16,102.70223544142617
2,16,50.0
2,16,68.45261484102488
2,16,143.86787484031407
2,17,98.48499856189639
2,17,50.0
2,17,62.130348665354155
2,17,81.08269529028182
2,17,109.11448950712698
2,18,113.01730103054103
2,18,77.79442948783036
2,18,55.74729365137762
2,18,122.66130832449458
2,18,119.17203992858416
3,18,50.0
3,18,109.40379715357284
3,18,94.086527700916
3,18,64.09728601352082
3,18,58.39298870423109
3,19,60.81077620683699
3,19,66.08046789174233
3,19,81.08269529028182
3,19,66.58271977999469
3,19,73.37684949095933
4,19,63.11115687350357
4,19,84.54748731378822
4,19,117.5872625350981
4,19,50.0
4,19,81.08269529028182
4,20,81.08269529028182
4,20,81.08269529028182
4,20,100.95199507354539
4,20,55.74729365137762
4,20,50.0
5,20,55.74729365137762
5,20,96.98755751452532
5,20,103.67636159934786
5,20,54.42240821579518
5,20,50.0
6,20,50.0
6,20,50.0
6,20,85.02687811344353
6,20,63.736365571693014
6,20,95.15179301647858
7,20,50.0
7,20,55.74729365137762
7,20,82.42892538365648
7,20,92.71622295547591
7,20,50.0
6,20,121.76456429902579
6,20,50.0
6,20,81.69796183965745
6,20,50.0
6,20,58.00206191890151
7,20,50.65808840311737
7,20,50.0
7,20,81.08269529028182
7,20,81.22865008310048
7,20,59.82877941798486
8,20,50.0
8,20,62.765010803212206
8,20,51.38828732383562
8,20,57.21825563109278
8,20,67.50160061160598
9,20,121.84819627348901
9,20,63.92222964464429
9,20,68.20172077407771
9,20,74.03725347057126
9,20,81.08269529028182
10,20,50.0
10,20,54.463384068936186
10,20,50.0
10,20,50.0
10,20,54.24142295180316
11,20,50.0
11,20,96.40362070730488
11,20,81.08269529028182
11,20,53.547237846062444
11,20,55.74729365137762
12,20,94.61724496024826
12,20,81.08269529028182
12,20,50.0
12,20,104.15680900077245
12,20,50.0
13,20,55.74729365137762
13,20,50.0
13,20,50.0
13,20,50.0
13,20,50.0
14,20,50.0
14,20,81.08269529028182
14,20,81.08269529028182
14,20,50.0
14,20,50.0
15,20,81.08269529028182
15,20,81.08269529028182
15,20,81.08269529028182
15,20,50.0
15,20,81.08269529028182
16,20,66.22633651431025
16,20,50.0
16,20,69.02035088240838
16,20,55.74729365137762
16,20,70.84883875461733
17,20,50.0
17,20,69.29926581304422
17,20,50.0
17,20,50.0
17,20,50.0
18,20,81.08269529028182
18,20,50.0
18,20,50.0
18,20,50.0
18,20,81.08269529028182
17,20,67.34415536023832
17,20,51.84042511125398
17,20,50.0
17,20,50.0
17,20,55.74729365137762
18,20,53.91019185264885
18,20,50.0
18,20,98.61795659777688
18,20,50.0
18,20,81.08269529028182
17,20,50.0
17,20,65.28355099445957
17,20,50.0
17,20,50.0
17,20,61.22786918635933
18,20,76.57680653256647
18,20,81.08269529028182
18,20,72.08493737469072
18,20,81.08269529028182
18,20,50.5214734229027
19,20,81.08269529028182
19,20,81.08269529028182
19,20,81.08269529028182
19,20,81.08269529028182
19,20,50.0
20,20,50.0
20,20,55.89609311127225
20,20,50.0
20,20,50.0
20,20,50.0
20,19,55.74729365137762
20,19,50.0
20,19,50.0
20,19,50.0
20,19,81.08269529028182
19,19,81.08269529028182
19,19,66.36561074562408
19,19,81.08269529028182
19,19,50.0
19,19,50.0
18,19,81.08269529028182
18,19,55.74729365137762
18,19,81.08269529028182
18,19,50.0
18,19,50.48998403398989
17,19,50.0
17,19,81.08269529028182
17,19,50.0
17,19,50.0
17,19,63.35839208033951
16,19,84.34989740231319
16,19,55.74729365137762
16,19,50.0
16,19,79.06194709763231
16,19,65.89923260917061
17,19,62.731433433550514
17,19,81.08269529028182
17,19,52.47981898883486
17,19,50.0
17,19,50.0
17,18,50.0
17,18,55.74729365137762
17,18,50.0
17,18,55.74729365137762
17,18,50.0
16,18,81.08269529028182
16,18,55.74729365137762
16,18,55.74729365137762
16,18,80.06486821227122
16,18,50.0
15,18,89.73168742871728
15,18,58.43489437393903
15,18,113.00430444879365
15,18,50.0
15,18,50.0
14,18,109.86052035408031
14,18,73.99923673514272
14,18,50.0
14,18,50.0
14,18,50.0
13,18,86.16818134655676
13,18,95.58776035223289
13,18,81.08269529028182
13,18,118.8043915834212
13,18,50.0
12,18,81.08269529028182
12,18,50.0
12,18,81.08269529028182
12,18,70.24701979997873
12,18,50.0
11,18,81.08269529028182
11,18,94.7614394016195
11,18,97.93295714663417
11,18,55.74729365137762
11,18,138.63064298010997
10,18,105.8450885381655
10,18,72.53092293091436
10,18,100.5905470531373
10,18,50.0
10,18,102.45240939143392
9,18,55.74729365137762
9,18,81.08269529028182
9,18,81.08269529028182
9,18,81.08269529028182
9,18,81.08269529028182
8,18,80.91104718806402
8,18,136.16200915940811
8,18,101.72128636408016
8,18,81.08269529028182
8,18,57.647980833363235
7,18,50.0
7,18,73.90592266000036
7,18,81.08269529028182
7,18,93.9031820262933
7,18,70.30419758032411
7,17,61.79711793573324
7,17,80.0055283086965
7,17,102.01399504850153
7,17,64.77533873280193
7,17,75.37767328967952
8,17,60.95409285964751
8,17,90.0382582685246
8,17,75.17107985203361
8,17,71.729528785432
8,17,55.74729365137762
7,17,50.0
7,17,56.64875015088309
7,17,50.0
7,17,70.5857681229654
7,17,50.0
6,17,50.0
6,17,81.08269529028182
6,17,93.98488896243981
6,17,50.317251807255516
6,17,79.57341396199222
5,17,86.55579927280108
5,17,50.0
5,17,93.01073731397229
5,17,65.17503980282201
5,17,55.74729365137762
4,17,50.0
4,17,63.68121104124322
4,17,58.932944775990386
4,17,71.88646464859522
4,17,78.32842799650811
3,17,124.14528579907888
3,17,107.21447637598894
3,17,123.22094795063053
3,17,104.62515229853035
3,17,64.91329885913176
2,17,122.41280616234033
2,17,53.117985818344124
2,17,57.33092715454132
2,17,50.0
2,17,112.16580539896002
1,17,92.16716554773484
1,17,100.25244938566378
1,17,71.36614631818132
1,17,62.15715614448277
1,17,67.98347548933707
0,17,96.32138761171943
0,17,56.5070191726866
0,17,145.406207041359
0,17,60.27633263764112
0,17,57.6365401463706
0,18,57.23039530903629
0,18,78.42409609274637
0,18,81.08269529028182
0,18,73.55751464950343
0,18,81.60347524684863
0,17,57.55377870477686
0,17,65.25989918020649
0,17,73.18425049144491
0,17,72.77876923177162
0,17,50.0
-1,17,111.31713152865375
-1,17,93.40483630425116
-1,17,70.49787193972328
-1,17,122.35692033890565
-1,17,50.0
-2,17,50.0
-2,17,139.4912948558426
-2,17,50.0
-2,17,51.24919580961785
-2,17,55.74729365137762
-3,17,55.74729365137762
-3,17,91.58396978150022
-3,17,50.0
-3,17,90.34828581323882
-3,17,141.746898278032
-3,16,107.0629501546725
-3,16,63.55385149456361
-3,16,53.9487308763817
-3,16,122.67642832855422
-3,16,61.18570571130194
-4,16,65.93637692274508
-4,16,64.24480043586749
-4,16,82.94552863671703
-4,16,64.05631511581376
-4,16,50.0
-3,16,93.14656466435908
-3,16,81.24829011881117
-3,16,59.794971446191404
-3,16,81.64446583254012
-3,16,72.13993135937615
-4,16,57.68077119329382
-4,16,50.0
-4,16,50.0
-4,16,50.0
-4,16,99.98401379712861
-3,16,107.90120096882599
-3,16,81.03880069432641
-3,16,80.33832135032522
-3,16,65.08740236591684
-3,16,81.08269529028182
-2,16,133.06888100775035
-2,16,102.0180065194506
-2,16,61.96292126350695
-2,16,73.87355870000364
-2,16,105.65946010819998
-1,16,55.74729365137762
-1,16,72.14851214964193
-1,16,102.35016013811172
-1,16,102.63286877962207
-1,16,131.71146033952178
-1,15,57.738150742723235
-1,15,81.59786814850204
-1,15,89.05632823749102
-1,15,71.56864379638439
-1,15,102.38998402946666
-2,15,81.08269529028182
-2,15,147.8708160702216
-2,15,86.30927877170475
-2,15,125.40096692214148
-2,15,98.04801957335573
-1,15,50.14846323787252
-1,15,102.0956668000077
-1,15,55.74729365137762
-1,15,50.0
-1,15,50.0
-1,14,94.3676892677365
-1,14,111.27696074958283
-1,14,85.02982149077356
-1,14,92.56921110345124
-1,14,130.27663310922958
-2,14,80.74391588411964
-2,14,143.7006268899766
-2,14,127.34067313000226
-2,14,51.39707550328494
-2,14,56.275935720018325
-1,14,51.21467447844559
-1,14,60.596801580622696
-1,14,63.36980137728186
-1,14,81.19356383579489
-1,14,50.0
0,14,97.0800756467883
0,14,89.03569320839772
0,14,121.12903351107438
0,14,127.61261338461846
0,14,95.61303094402376
0,13,57.09185535035233
0,13,50.0
0,13,82.38813868834903
0,13,92.15437107123131
0,13,50.0
1,13,51.63526858046277
1,13,110.64620332999282
1,13,75.65504788728693
1,13,70.39335157739234
1,13,59.05473399328627
2,13,88.07586493573717
2,13,75.39395613178607
2,13,87.82554737432986
2,13,72.04466174598592
2,13,50.0
3,13,84.84222811993257
3,13,58.14455745205212
3,13,68.92064430811759
3,13,142.21084114460535
3,13,84.92287688642833
3,12,128.6449898232026
3,12,63.50411099344626
3,12,50.0
3,12,77.438732782102
3,12,70.12626772032806
3,11,83.06008407016186
3,11,50.0
3,11,131.05388640139574
3,11,134.73530170958753
3,11,53.01733059443007
4,11,55.74729365137762
4,11,139.7538753255917
4,11,83.85755758276004
4,11,52.522616535790846
4,11,83.24191129948885
4,10,116.64218295698181
4,10,85.188700077137
4,10,88.1386830625287
4,10,115.56483499386923
4,10,53.21979010870364
5,10,69.48452462582057
5,10,130.9013127952896
5,10,181.86459752240484
5,10,108.84358478230712
5,10,75.65416466860975
5,9,128.29341573137566
5,9,116.8116848312458
5,9,100.07551755204841
5,9,77.44916399218644
5,9,91.40954416322013
5,8,66.70197286810799
5,8,112.16435141130816
5,8,59.362126003199016
5,8,84.68915333214927
5,8,58.16375506592491
6,8,143.09169288342892
6,8,101.29056900932562
6,8,112.29914343357534
6,8,64.078476507727
6,8,50.0
7,8,68.97003404646908
7,8,55.235897684891754
7,8,109.39894816956472
7,8,69.57754960923026
7,8,105.39834395242039
7,7,62.96014766915947
7,7,95.42923896385588
7,7,126.51009138716555
7,7,97.28135796381878
7,7,99.89172018293034
7,6,85.32533630172918
7,6,153.57854941574791
7,6,138.51067810579585
7,6,85.67049410071289
7,6,162.48651691932562
8,6,71.7263452397381
8,6,96.7801436548784
8,6,120.0433443237395
8,6,143.25957470708363
8,6,98.83642297746692
9,6,77.00998482635491
9,6,108.76845519951719
9,6,53.00310634232313
9,6,99.75938472284257
9,6,135.86029744290863
8,6,58.068294821605434
8,6,89.13811811890999
8,6,158.0777774956109
8,6,95.80052811455687
8,6,66.93924378912352
8,5,77.35300468492558
8,5,99.58115189155026
8,5,93.00747769680612
8,5,150.6669274100493
8,5,68.6161479401073
8,4,60.807395684465675
8,4,109.4988627140016
8,4,105.94950764761695
8,4,154.30607472071344
8,4,156.9140077189345
8,3,140.48023899640955
8,3,63.98976615526571
8,3,93.64662776134024
8,3,82.07090711685183
8,3,89.32991081268797
7,3,88.15521083773042
7,3,79.31739195074775
7,3,133.2628150683694
7,3,131.59566735654366
7,3,78.13788075800261
6,3,61.839915490616455
6,3,58.869031006123485
6,3,107.02802799615814
6,3,132.03309142436015
6,3,107.47089369325896
7,3,73.07494285723422
7,3,52.3814872817429
7,3,159.25824711472563
7,3,130.85074450275079
7,3,173.60626751479828
8,3,74.42262025072068
8,3,82.82361927036932
8,3,214.2328067288804
8,3,50.0
8,3,56.55501885411295
9,3,152.04892225190648
9,3,63.813362859688645
9,3,167.16314037869003
9,3,122.11398900031057
9,3,106.42016198622046
10,3,87.2814122238426
10,3,78.93054328889203
10,3,154.68017772317367
10,3,50.0
10,3,138.56185425041784
11,3,76.28555878946361
11,3,96.56729099158507
11,3,92.44848645603744
11,3,88.88461408407494
11,3,50.0
11,4,92.63822657942109
11,4,51.75097916879804
11,4,108.43388430632251
11,4,56.66471252558091
11,4,59.01175976723747
12,4,69.8063156754578
12,4,58.45371499787356
12,4,110.78443265223169
12,4,101.78353269703041
12,4,71.10320781519641
12,3,50.0
12,3,144.4906631581487
12,3,102.75725882365619
12,3,124.9028790370927
12,3,74.53447638589816
12,2,63.85395897947022
12,2,59.61382726063583
12,2,57.84670388729081
12,2,76.71496946509501
12,2,115.33189940355042
13,2,71.28745566999154
13,2,57.12458825307988
13,2,79.60793044175763
13,2,77.32624503789656
13,2,72.77281596076004
14,2,108.94291579591363
14,2,61.3906802926191
14,2,68.49573726683452
14,2,152.1888792785914
14,2,144.91733445941557
15,2,82.03511010912015
15,2,50.0
15,2,90.74794464653877
15,2,118.41488690738511
15,2,50.0
16,2,50.0
16,2,62.166071341700864
16,2,88.56493358926011
16,2,65.28859776105287
16,2,81.08269529028182
16,1,115.79238513190533
16,1,90.44861784260148
16,1,55.62221292195205
16,1,52.1045679193659
16,1,99.02611709462967
15,1,50.0
15,1,135.00314710406928
15,1,55.74729365137762
15,1,67.01665381763193
15,1,96.4897526697475
16,1,113.05271783451218
16,1,127.52004097232825
16,1,65.46521009551412
16,1,136.2730188074117
16,1,65.50772165171252
16,0,57.828249106875234
16,0,62.928107431962545
16,0,74.8285890569189
16,0,105.20274486095911
16,0,129.33050888042672
17,0,108.11472271211471
