0,11,389.7596251782535
0,12,288.2467615832753
0,12,245.62725083079334
0,11,455.27640162049903
0,11,312.4868759861444
0,10,403.8581451059768
0,10,922.2095568505499
0,11,409.68366055518067
0,11,384.7741873444071
0,10,439.5158432475139
0,10,336.8054765698173
-1,10,361.312551415934
-1,10,354.91509314171526
-1,11,302.62483843660135
-1,11,352.0136178519309
-1,12,336.9295984706637
-1,12,494.55730076698353
-1,11,265.7848285764401
-1,11,505.90094894604465
-1,10,309.45468036571185
-1,10,343.614916628735
-1,11,289.20604913951723
-1,11,287.12718260915284
-2,11,573.6572187890055
-2,11,422.27699406033673
-2,10,376.10283694233755
-2,10,562.579131105551
-3,10,307.035244958603
-3,10,407.9245836789709
-3,9,367.3278807341321
-3,9,398.5530174035113
-3,8,458.1833778980824
-3,8,391.2048652862475
-2,8,378.7554947374225
-2,8,379.77649007159323
-3,8,389.3289438237351
-3,8,366.37317586868636
-4,8,442.9393961815689
-4,8,416.20051657608076
-4,7,619.6355175520466
-4,7,333.0696896875206
-4,6,396.8040984118813
-4,6,284.25766158366383
-4,5,388.4330383560763
-4,5,400.4655533657703
-4,4,367.017035684383
-4,4,346.0599605224525
-4,3,351.7562057809667
-4,3,420.630092436976
-4,2,812.6075447219725
-4,2,409.2600949882255
-4,1,380.4066439222614
-4,1,357.0456066117567
-3,1,363.6078420759365
-3,1,369.9407056248062
-4,1,726.0019923024722
-4,1,333.3053836383136
-4,0,324.29683234681244
-4,0,388.82519287834725
-5,0,623.6644648247637
-5,0,360.29270445458724
-5,-1,516.6369623729586
-5,-1,358.6578592417399
-6,-1,498.55667141804156
-6,-1,691.670680455945
-6,-2,457.4142823327862
-6,-2,345.3568750285311
-7,-2,287.8576266386278
-7,-2,282.0727467118679
-8,-2,362.98203213908937
-8,-2,424.3997541369908
-8,-1,453.28784596935736
-8,-1,289.51075662001335
-8,-2,352.25510679433273
-8,-2,574.7787451740354
-8,-3,375.97068134900667
-8,-3,378.83353520437316
-8,-4,477.4769627117189
-8,-4,300.0793466765426
-8,-3,443.6760784379251
-8,-3,356.8948057517382
-8,-2,271.44068746840435
-8,-2,296.28818715862263
-8,-1,319.7053963710669
-8,-1,355.8374893410509
-8,0,264.28053776247566
-8,0,280.11492214359595
-8,1,358.34078296809565
-8,1,528.2119512593836
-8,0,378.82061206137917
-8,0,633.6813771367306
-8,1,368.0998572524277
-8,1,372.7332026331195
-9,1,529.1223878232406
-9,1,481.2555012142668
-9,2,233.40264544050274
-9,2,335.5249918484096
-9,3,309.1283465754132
-9,3,458.5458446188181
-8,3,242.53101477088836
-8,3,340.3452923460205
-8,2,348.87853580768973
-8,2,281.26967013547596
-8,3,286.7810134359028
-8,3,330.7671160862357
-7,3,242.83252342082395
-7,3,331.90849426837343
-6,3,280.80725336888133
-6,3,482.64278886289696
-5,3,584.6124547033072
-5,3,309.7415299794236
-5,4,520.42603174034
-5,4,385.3197005788323
-4,4,396.3658909390451
-4,4,402.9430253686906
-4,5,532.6627520186768
-4,5,397.8995889913369
-4,4,713.1180605347454
-4,4,350.1876101671163
-4,5,351.72088337635387
-4,5,364.7823892769896
-4,6,339.1148679190595
-4,6,349.90436003796185
-4,7,262.21890636558
-4,7,528.7671956360737
-4,8,291.87403850604903
-4,8,377.1046293753556
-4,9,367.2477473776678
-4,9,322.7396787333571
-3,9,238.8016961050042
-3,9,472.13844793620433
-3,8,293.33419206096147
-3,8,704.6591494099752
-2,8,607.7626013079152
-2,8,530.844195513393
-2,9,450.1257938349181
-2,9,355.73609788036424
-2,10,566.7501639389301
-2,10,299.7478299585724
-2,11,292.5130340101017
-2,11,386.4516431603662
-2,12,311.4977616292782
-2,12,327.1543265374512
-1,12,595.8510005292218
-1,12,376.6848478418612
-1,13,383.25222400999166
-1,13,312.1796389531413
0,13,258.8490885343962
0,13,333.12792463893874
0,14,240.55351598986317
0,14,252.13669666364882
0,13,300.539036292069
0,13,326.61861879293554
0,12,277.61027963013197
0,12,242.53101477088836
0,13,388.7845792823092
0,13,559.4837457160792
0,14,221.15967384393213
0,14,456.53966790505467
-1,14,311.8940875863966
-1,14,310.80450323671414
-1,15,277.9723429589628
-1,15,526.900827682143
0,15,225.54252994966458
0,15,317.7935700902895
1,15,427.01192371729223
1,15,364.39446857771793
1,16,259.1886057807083
1,16,318.17220108116294
2,16,327.260790517607
2,16,263.2709210107328
2,17,229.22057639252878
2,17,264.1100795551372
2,18,369.03821783794336
2,18,522.139095055155
3,18,279.48434735455106
3,18,299.2360929000815
3,19,264.7301752945212
3,19,236.901636321779
4,19,242.53101477088836
4,19,358.9400253006078
4,20,200.0
4,20,200.0
5,20,274.2591169216405
5,20,281.6154995528555
6,20,339.99908514927847
6,20,254.81695433104235
7,20,200.0
7,20,200.0
6,20,491.510775349294
6,20,305.0536155293349
7,20,278.0765294866852
7,20,227.77535814393724
8,20,200.0
8,20,234.48907904032194
9,20,264.59099366160893
9,20,320.5539686530636
10,20,369.48591286616414
10,20,247.40691519267546
11,20,221.49479464326612
11,20,200.0
12,20,200.0
12,20,200.0
13,20,200.0
13,20,220.82585471521392
14,20,200.0
14,20,355.37192739039244
15,20,478.7629466873141
15,20,219.114901633136
16,20,242.53101477088836
16,20,285.3718223487541
17,20,200.0
17,20,242.53101477088836
18,20,209.8175540016121
18,20,367.0339543693311
17,20,200.0
17,20,258.4473048924739
18,20,200.0
18,20,200.0
17,20,370.54768401674505
17,20,451.7704708226943
18,20,200.0
18,20,200.0
19,20,224.01518364372038
19,20,232.11518026667449
20,20,200.0
20,20,242.53101477088836
20,19,214.42545613677146
20,19,208.0648129934974
19,19,200.0
19,19,200.0
18,19,200.0
18,19,242.53101477088836
17,19,213.5496198329422
17,19,200.0
16,19,249.13660529551342
16,19,200.0
17,19,242.53101477088836
17,19,242.53101477088836
17,18,242.53101477088836
17,18,200.0
16,18,200.0
16,18,200.0
15,18,242.53101477088836
15,18,298.0127157569109
14,18,262.40373251785854
14,18,200.0
13,18,380.2597829399289
13,18,278.6774599290137
12,18,200.0
