0,11,314.1526254930112
0,12,386.65079853487066
0,12,305.11576406714653
0,11,302.63196199928984
0,11,475.67296868728675
0,10,200.0
0,10,464.26671456005334
0,11,274.5076378358261
0,11,442.9010466805995
0,10,350.4880163180381
0,10,525.1875373002925
-1,10,421.7962873029653
-1,10,239.6849765055116
-1,11,497.1327265428658
-1,11,308.78457129754383
-1,12,565.9208930161253
-1,12,471.44591179326505
-1,11,265.3065710296136
-1,11,320.5115472845238
-1,10,200.0
-1,10,268.5233353837523
-1,11,275.0729320593571
-1,11,344.3617390615401
-2,11,407.83589658177823
-2,11,459.6257489307476
-2,10,398.90176444787664
-2,10,341.76152958127693
-3,10,274.1696405320729
-3,10,509.66328897032236
-3,9,471.250740075057
-3,9,382.9185394517255
-3,8,346.09270755146315
-3,8,295.97052780783315
-2,8,377.1545623820526
-2,8,241.42996400408276
-3,8,353.7129203272786
-3,8,320.9090598291718
-4,8,242.53101477088836
-4,8,526.9995258644328
-4,7,356.3095856917963
-4,7,323.59226790899015
-4,6,433.5443625144645
-4,6,354.74211564369205
-4,5,350.97330719798106
-4,5,532.5789609263563
-4,4,426.5088411131637
-4,4,615.4559326304305
-4,3,395.970277027529
-4,3,308.205413231222
-4,2,469.1882959771372
-4,2,522.9127967886867
-4,1,321.25772369079766
-4,1,394.1983249377084
-3,1,440.95617141189365
-3,1,445.3929502506241
-4,1,542.7762278879744
-4,1,409.7490942260663
-4,0,519.3903342213686
-4,0,348.8624789368002
-5,0,271.337054427567
-5,0,359.04468988785345
-5,-1,481.8381562746926
-5,-1,327.7487090635189
-6,-1,230.47425396329643
-6,-1,594.5893428816343
-6,-2,405.5526180109326
-6,-2,350.197178509161
-7,-2,429.8050322790334
-7,-2,440.3822921008273
-8,-2,506.493635164045
-8,-2,440.1427013911898
-8,-1,349.4933946674311
-8,-1,296.4837897424827
-8,-2,300.22286067085986
-8,-2,514.1393074821318
-8,-3,228.0935931222246
-8,-3,545.0059938511048
-8,-4,365.18552833424707
-8,-4,280.4250120316444
-8,-3,569.3312994006365
-8,-3,227.69267411230132
-8,-2,362.34704103280507
-8,-2,283.76414822141805
-8,-1,314.453456139083
-8,-1,251.35951735473495
-8,0,343.22595994387143
-8,0,395.1675622960594
-8,1,740.3710005079572
-8,1,355.7468715180697
-8,0,255.68740178277346
-8,0,301.92777937718085
-8,1,449.55620867500465
-8,1,427.7855267436929
-9,1,336.4556661654978
-9,1,424.5394722517532
-9,2,544.1050188505857
-9,2,296.19176862253227
-9,3,360.23625700794844
-9,3,248.00264636592098
-8,3,714.1715552386802
-8,3,411.31937691663916
-8,2,398.31859755956424
-8,2,298.11559887882595
-8,3,401.9118244110132
-8,3,569.9862806469291
-7,3,422.4204289253594
-7,3,527.2280025069491
-6,3,313.1326129256204
-6,3,601.8379622262602
-5,3,474.6069511487551
-5,3,493.72592968272244
-5,4,422.22514600001955
-5,4,369.9413559114983
-4,4,254.3292339210148
-4,4,339.10955748181965
-4,5,672.4448245537279
-4,5,474.46112911366606
-4,4,427.1447406279676
-4,4,423.67512231813964
-4,5,531.7693725536362
-4,5,357.74832724607637
-4,6,614.5695815815676
-4,6,394.6874332811941
-4,7,355.0982400014472
-4,7,347.47753810556
-4,8,457.1875106374344
-4,8,359.5419565502078
-4,9,431.17786305388313
-4,9,290.93341113296475
-3,9,584.0626116111813
-3,9,380.61424502036533
-3,8,406.50819246750626
-3,8,338.5890408354876
-2,8,329.70304453096315
-2,8,275.4705085819559
-2,9,455.1841796002702
-2,9,334.07260366404614
-2,10,449.563778852592
-2,10,472.89167181310074
-2,11,720.0565225531548
-2,11,306.1416933112352
-2,12,576.3528606598553
-2,12,267.1636330435721
-1,12,311.7919907969119
-1,12,385.6746713205356
-1,13,292.4217636620675
-1,13,360.0493282547919
0,13,336.5883538821286
0,13,411.6061057103389
0,14,242.53101477088836
0,14,233.4876929398074
0,13,222.69475478456144
0,13,297.3267401297735
0,12,327.8062089448763
0,12,294.5435679264174
0,13,268.280555049928
0,13,242.53101477088836
0,14,663.8912207512178
0,14,295.78641144528757
-1,14,276.75834591154455
-1,14,349.2799922405572
-1,15,588.5219971426025
-1,15,242.53101477088836
0,15,491.2931856464593
0,15,249.60837143262967
1,15,263.2716518512804
1,15,248.35188331991594
1,16,304.6318555091753
1,16,617.1285195284597
2,16,288.72903236431705
2,16,364.51737658880404
2,17,208.29065937753757
2,17,324.5848061870491
2,18,200.0
2,18,410.41994437119934
3,18,449.8498420061878
3,18,200.0
3,19,202.0773083204045
3,19,200.0
4,19,324.82932120070683
4,19,303.2924415753295
4,20,282.3017315940792
4,20,449.52608962273086
5,20,546.7467374556105
5,20,206.22214970845945
6,20,304.5812680538086
6,20,479.1630993797952
7,20,365.13673714725314
7,20,242.53101477088836
6,20,375.2406976044342
6,20,288.81937930626714
7,20,253.56387460525468
7,20,242.53101477088836
8,20,242.53101477088836
8,20,242.53101477088836
9,20,336.1242538708248
9,20,214.48955985839038
10,20,266.2128987039435
10,20,201.72655906672736
11,20,324.0567158605994
11,20,200.0
12,20,232.97139015571207
12,20,231.50410608051735
13,20,200.0
13,20,245.97245777014103
14,20,200.0
14,20,200.0
15,20,242.53101477088836
15,20,231.22423760088117
16,20,233.47348013748882
16,20,200.0
17,20,200.0
17,20,200.0
18,20,200.0
18,20,242.53101477088836
17,20,221.41589596631866
17,20,223.77090323373963
18,20,242.53101477088836
18,20,242.53101477088836
17,20,242.53101477088836
17,20,200.0
18,20,243.61334911046364
18,20,512.1230328339793
19,20,202.24165942976055
19,20,200.0
20,20,219.90565401922396
20,20,200.0
20,19,390.5211924168083
20,19,293.1793084960519
19,19,299.6550734113414
19,19,274.8647693988446
18,19,256.2320794036882
18,19,242.53101477088836
17,19,321.34234699569595
17,19,261.44445612150054
16,19,242.53101477088836
16,19,444.1465729381639
17,19,423.40954425687585
17,19,200.0
17,18,230.15976298600972
17,18,287.64249390239684
16,18,240.92343136979545
16,18,200.0
15,18,200.0
15,18,200.0
14,18,223.33567774997715
14,18,200.0
13,18,207.92323796970248
13,18,556.0566929841254
12,18,242.53101477088836
