0,11,74.80637676184506
0,11,80.51559060705115
0,11,50.0
0,11,140.59607707107597
0,12,133.00314601800605
0,12,130.2809687026925
0,12,67.196457229624
0,12,135.75472001286803
0,12,141.1175864587557
0,11,148.3138320339156
0,11,73.30715269630069
0,11,112.83470435860269
0,11,50.0
0,11,51.746184077676
0,10,50.0
0,10,142.42485695241317
0,10,140.4271131688426
0,10,78.6573285915099
0,10,82.99564912444947
0,11,155.54200819813252
0,11,121.94325795253917
0,11,106.38764373056539
0,11,109.00110058868566
0,11,117.2271618484946
0,10,139.32876886086117
0,10,71.68894494365841
0,10,67.59672193512637
0,10,130.2176623991826
0,10,120.59391600423015
-1,10,101.48742593970991
-1,10,148.8598776489066
-1,10,84.00949926867864
-1,10,84.3505808297239
-1,10,63.007201215500814
-1,11,121.59079751468161
-1,11,67.66074071612982
-1,11,59.787930293044084
-1,11,50.0
-1,11,59.77664101556274
-1,12,109.69309797672385
-1,12,85.46779314137142
-1,12,50.0
-1,12,57.18142974948007
-1,12,80.08587225784159
-1,11,77.68823823440354
-1,11,96.51851879823165
-1,11,142.8275558770678
-1,11,70.59929806517448
-1,11,62.716302830381146
-1,10,128.57949375975994
-1,10,143.0494545377416
-1,10,127.66661720994563
-1,10,70.3115422454102
-1,10,77.43979401686086
-1,11,59.27013428289138
-1,11,65.80232788319272
-1,11,89.53784727784677
-1,11,133.40838843607065
-1,11,68.15091860719276
-2,11,141.48120494359844
-2,11,130.34901751054684
-2,11,128.63127122675684
-2,11,99.97553270445026
-2,11,68.35187253553623
-2,10,101.61224260759424
-2,10,97.62621962170482
-2,10,70.77166622561845
-2,10,123.28644920566006
-2,10,56.3885202100508
-3,10,60.428617720927605
-3,10,80.49460801757978
-3,10,143.7414826945842
-3,10,139.91432759462245
-3,10,132.4278736351212
-3,9,96.81189343154549
-3,9,129.8963505903213
-3,9,116.21757116945598
-3,9,69.75224524070254
-3,9,95.49856604002936
-3,8,92.07311624943114
-3,8,111.70182754579432
-3,8,78.07186744686044
-3,8,96.63541229431745
-3,8,174.47643314362193
-2,8,91.31568577793512
-2,8,158.54987507691482
-2,8,70.87978423287545
-2,8,95.94724830800985
-2,8,178.88176486904027
-3,8,87.23682823419242
-3,8,177.56298550270003
-3,8,107.84694619801978
-3,8,97.71377702944294
-3,8,66.24851841175861
-4,8,84.75520754260671
-4,8,90.49589174019296
-4,8,75.28799965712186
-4,8,97.06772033396626
-4,8,84.94713815290976
-4,7,136.61717466849976
-4,7,82.86712169231821
-4,7,162.0616591172935
-4,7,50.0
-4,7,90.1316378038522
-4,6,150.69561532885345
-4,6,103.80694905981318
-4,6,168.65639365167806
-4,6,83.08255023749985
-4,6,178.5691920564812
-4,5,131.0730280704954
-4,5,92.29911166971965
-4,5,93.64953737985628
-4,5,105.08010178599501
-4,5,174.99395924886738
-4,4,65.51800076364586
-4,4,120.77422227674775
-4,4,88.32630675957236
-4,4,71.25722968025447
-4,4,89.75436196905618
-4,3,118.1667155839544
-4,3,103.91654820289845
-4,3,81.06845550751906
-4,3,77.40204059970534
-4,3,101.29983864778583
-4,2,95.50503956341346
-4,2,202.34186880626214
-4,2,70.66541463721056
-4,2,78.83188412649133
-4,2,112.13419336629262
-4,1,62.547171749833446
-4,1,80.9761898420883
-4,1,69.08206688974361
-4,1,79.88973025075089
-4,1,93.9763367490213
-3,1,154.7474863748638
-3,1,107.20667890414168
-3,1,114.16500744269928
-3,1,88.17978360060931
-3,1,195.905127553469
-4,1,84.60620136369909
-4,1,89.35915586760318
-4,1,107.20992545020664
-4,1,71.58318808278432
-4,1,116.67020910012235
-4,0,148.30501402683905
-4,0,77.30146800862562
-4,0,174.3615821570759
-4,0,76.70318211389008
-4,0,80.1345125894874
-5,0,178.99813851119976
-5,0,88.61088966138469
-5,0,67.07323757564258
-5,0,86.3463801799712
-5,0,133.7853090158131
-5,-1,99.09686354971748
-5,-1,122.563830650267
-5,-1,96.41464784509527
-5,-1,88.0867845177493
-5,-1,85.13729556936727
-6,-1,82.25045582708925
-6,-1,66.18004776382445
-6,-1,86.81499255742801
-6,-1,64.08420768130685
-6,-1,135.86779499310117
-6,-2,62.631512869164425
-6,-2,53.39498550181257
-6,-2,86.17291693887094
-6,-2,60.35024797537628
-6,-2,92.61755408528968
-7,-2,73.72980465388547
-7,-2,173.24668312706507
-7,-2,82.45966682679118
-7,-2,70.46607537444896
-7,-2,166.450233252344
-8,-2,146.89916499441736
-8,-2,155.5837839159327
-8,-2,60.411398396510165
-8,-2,145.56649236955082
-8,-2,89.78453526555492
-8,-1,121.17784555889851
-8,-1,69.88272377203327
-8,-1,78.83521731463505
-8,-1,60.946873600802
-8,-1,118.07102437920106
-8,-2,118.32927677695173
-8,-2,147.2314921905971
-8,-2,60.84771141051438
-8,-2,150.27329860575958
-8,-2,133.12608999104856
-8,-3,146.93407719793987
-8,-3,84.66310233827267
-8,-3,109.88308347430929
-8,-3,75.6291009700569
-8,-3,93.90978162860114
-8,-4,134.9171139231738
-8,-4,117.82879400249458
-8,-4,73.47401949694178
-8,-4,123.4527935920847
-8,-4,66.45972443660052
-8,-3,151.3410381560855
-8,-3,79.01083259642581
-8,-3,92.66385683892318
-8,-3,173.0030899744673
-8,-3,131.92180817085344
-8,-2,144.9593360868057
-8,-2,94.66987978619528
-8,-2,50.0
-8,-2,75.90612718184309
-8,-2,77.5937394848284
-8,-1,81.94125324032198
-8,-1,66.40313726550491
-8,-1,70.9756098495454
-8,-1,101.96176574624172
-8,-1,121.57980449883759
-8,0,59.77155330334963
-8,0,75.92052033556922
-8,0,59.8540694425031
-8,0,50.0
-8,0,68.66193355112372
-8,1,84.56578512832097
-8,1,83.43933149753195
-8,1,147.45061053332603
-8,1,136.6901134744528
-8,1,79.3958707336654
-8,0,160.24268654960304
-8,0,50.0
-8,0,146.10950159577476
-8,0,86.55994936578062
-8,0,93.5625460488979
-8,1,190.97182997815167
-8,1,136.29417788029545
-8,1,86.18658768891655
-8,1,80.17965638025052
-8,1,154.42519286640592
-9,1,113.09701935004281
-9,1,94.4062083560264
-9,1,52.441806324335445
-9,1,137.98902748038694
-9,1,57.631499713148145
-9,2,88.81960744869428
-9,2,62.12650048703444
-9,2,151.3468272182313
-9,2,154.05309201668842
-9,2,132.31379898141734
-9,3,77.22988539924927
-9,3,67.2202955975809
-9,3,65.56882329465404
-9,3,117.0274846217497
-9,3,78.07957199255411
-8,3,71.79588569832211
-8,3,83.88312376724771
-8,3,152.3680394505647
-8,3,71.31381794016605
-8,3,111.7904971965266
-8,2,122.13800607336131
-8,2,115.44332673616324
-8,2,79.34270277334633
-8,2,84.26253381290806
-8,2,59.37604310254228
-8,3,59.90913198837507
-8,3,126.70830920243363
-8,3,112.04675024530813
-8,3,61.67170612604636
-8,3,123.91444665572077
-7,3,75.40980190153377
-7,3,61.066154221591916
-7,3,83.49113613222434
-7,3,103.20415008807034
-7,3,85.03765778434033
-6,3,164.33014877491743
-6,3,105.40732522030406
-6,3,177.20208671711572
-6,3,71.08148315473728
-6,3,88.41578824778051
-5,3,119.92718626526143
-5,3,80.12637102287705
-5,3,173.70159490789982
-5,3,119.96312464077431
-5,3,186.7104168968532
-5,4,121.93507545465606
-5,4,125.09616930329945
-5,4,179.92275387895359
-5,4,152.7450522981574
-5,4,64.16579407804106
-4,4,144.31015284356369
-4,4,120.01660242429519
-4,4,70.18228152630878
-4,4,87.5668442398857
-4,4,79.58736411677563
-4,5,160.7724114287173
-4,5,154.30875398453537
-4,5,170.90220794855597
-4,5,148.72244415272095
-4,5,143.25289216914706
-4,4,73.07578723754479
-4,4,65.95719322122667
-4,4,72.86934772420048
-4,4,87.36929964342559
-4,4,96.71918596896448
-4,5,102.41875124593395
-4,5,162.23180902295047
-4,5,76.10710370868887
-4,5,127.44703660820535
-4,5,69.35483385471376
-4,6,77.06551826074802
-4,6,80.2399750356176
-4,6,67.58742161653502
-4,6,89.9506546606335
-4,6,133.42984375956527
-4,7,54.069995093628435
-4,7,188.64246526206867
-4,7,184.9965142447834
-4,7,178.29375132695492
-4,7,140.9956285783269
-4,8,91.28852151432143
-4,8,95.55623717947185
-4,8,70.2990033152616
-4,8,151.32468492989605
-4,8,141.3212677438386
-4,9,132.34091063083008
-4,9,51.34097749395645
-4,9,172.26902434392701
-4,9,116.03123660995632
-4,9,87.97875243554782
-3,9,91.7020306536114
-3,9,50.0
-3,9,79.4038357433431
-3,9,134.48613049027864
-3,9,103.80581718350128
-3,8,50.0
-3,8,116.85866970742788
-3,8,115.57202142751706
-3,8,97.01579504655014
-3,8,124.01428988726862
-2,8,88.2820914190566
-2,8,58.65182684700114
-2,8,83.74948769052688
-2,8,77.67786996278113
-2,8,60.865243441950355
-2,9,137.1138636527595
-2,9,109.98021432345915
-2,9,81.75729527544802
-2,9,130.59696700247474
-2,9,150.21960092577595
-2,10,127.17541145447449
-2,10,53.28454883686168
-2,10,50.0
-2,10,101.94623519051228
-2,10,88.66517660144315
-2,11,148.99914432417037
-2,11,103.52479347747196
-2,11,89.52693040611453
-2,11,76.38687085735795
-2,11,76.09977267248925
-2,12,66.00952191260119
-2,12,123.65391522055276
-2,12,88.11705881960435
-2,12,55.74729365137762
-2,12,148.40371525455535
-1,12,90.7821402972521
-1,12,69.28779854802352
-1,12,104.29862201940425
-1,12,80.99642560604525
-1,12,88.08721271403914
-1,13,134.8662523654074
-1,13,83.58806086183714
-1,13,114.06304205096649
-1,13,101.9081148560179
-1,13,130.9703852062163
0,13,64.64430718811502
0,13,92.68256271661197
0,13,70.30208586612054
0,13,129.6528356392074
0,13,144.26225154005382
0,14,65.0091919314667
0,14,125.23398291984057
0,14,91.48977712978127
0,14,55.795222323477724
0,14,60.58125957442062
0,13,70.44184807310664
0,13,119.59493548385124
0,13,124.59627368205624
0,13,53.39279333327194
0,13,60.81120108205254
0,12,61.81513770811683
0,12,132.60826294145474
0,12,81.33582591327195
0,12,88.12327279095766
0,12,90.8358509693752
0,13,50.0
0,13,74.74600890547455
0,13,72.42239958757568
0,13,98.88042000645288
0,13,84.24120533453272
0,14,141.5526867737452
0,14,137.32434937753317
0,14,131.25932862321534
0,14,50.0
0,14,50.0
-1,14,50.0
-1,14,81.08269529028182
-1,14,76.54964139233334
-1,14,51.006764544155
-1,14,85.02088657550351
-1,15,86.7349562399481
-1,15,83.98059560842296
-1,15,50.363127243222195
-1,15,80.16229342797612
-1,15,62.27764091267503
0,15,68.79644999982143
0,15,81.08269529028182
0,15,119.0552700070597
0,15,172.1762392789726
0,15,56.62842729245058
1,15,80.13620707756218
1,15,76.83908451601197
1,15,50.0
1,15,89.51876055569964
1,15,123.34555870030184
1,16,90.04546492095855
1,16,109.2446444911769
1,16,57.063565733073304
1,16,81.08269529028182
1,16,76.42775640088236
2,16,111.91628190297034
2,16,105.68035479190777
2,16,91.01401430840667
2,16,55.74729365137762
2,16,50.0
2,17,82.46071464365212
2,17,111.9998771684337
2,17,58.016364367297285
2,17,73.41669195185331
2,17,50.0
2,18,55.74729365137762
2,18,69.72758685811796
2,18,113.11537058792847
2,18,50.0
2,18,61.903339727438755
3,18,63.72594372429158
3,18,120.60392719025907
3,18,81.78017607890848
3,18,55.25709357207032
3,18,66.45237966583122
3,19,98.93039559875744
3,19,108.77570964604212
3,19,108.04794855121898
3,19,102.89088823086443
3,19,55.85761486588057
4,19,58.278355924895564
4,19,54.20831185885761
4,19,74.03071501168651
4,19,54.020313175266395
4,19,116.94940900346732
4,20,92.57275749888412
4,20,81.08269529028182
4,20,89.4317254365275
4,20,53.16210229190404
4,20,51.07631455711742
5,20,50.0
5,20,88.08689826921919
5,20,65.80603394087986
5,20,98.80228519031137
5,20,50.0
6,20,92.32810757942619
6,20,85.38882287008943
6,20,97.33052700625433
6,20,57.97689095560575
6,20,55.74729365137762
7,20,81.08269529028182
7,20,93.20722157912242
7,20,82.58178400745913
7,20,131.07606843362723
7,20,104.43886330841548
6,20,50.0
6,20,81.08269529028182
6,20,122.80764306148986
6,20,119.14005655578814
6,20,104.271813384091
7,20,84.90195145568114
7,20,50.0
7,20,60.47822967251075
7,20,93.84179705580071
7,20,63.93544910034674
8,20,108.91243349118076
8,20,78.8674169516372
8,20,108.68614562002554
8,20,89.38172980175014
8,20,58.89735429912119
9,20,77.66037620432661
9,20,81.08269529028182
9,20,50.0
9,20,81.08269529028182
9,20,97.84972376653515
10,20,66.33522497106759
10,20,50.0
10,20,63.61005623054465
10,20,50.0
10,20,76.91583512499861
11,20,50.0
11,20,50.0
11,20,50.0
11,20,50.0
11,20,63.701861619106566
12,20,55.74729365137762
12,20,50.0
12,20,50.0
12,20,55.74729365137762
12,20,76.19277966776335
13,20,50.0
13,20,77.70149419533068
13,20,50.0
13,20,81.08269529028182
13,20,81.08269529028182
14,20,106.82490141783242
14,20,50.0
14,20,63.244794890021026
14,20,50.0
14,20,81.08269529028182
15,20,55.905792931245784
15,20,53.838843533048774
15,20,81.08269529028182
15,20,96.3850552798475
15,20,109.6795392933189
16,20,50.17256291219042
16,20,50.0
16,20,81.08269529028182
16,20,57.1052164131512
16,20,81.08269529028182
17,20,55.74729365137762
17,20,50.84734263521494
17,20,54.53446929113866
17,20,55.74729365137762
17,20,51.45800662637349
18,20,50.0
18,20,55.74729365137762
18,20,55.74729365137762
18,20,63.13804503782158
18,20,81.08269529028182
17,20,55.74729365137762
17,20,81.08269529028182
17,20,50.0
17,20,60.88498152307297
17,20,50.0
18,20,81.24891644793875
18,20,61.30540098436998
18,20,81.08269529028182
18,20,101.72003880812883
18,20,80.30890497595281
17,20,55.74729365137762
17,20,90.38231328148602
17,20,86.69735610083275
17,20,50.0
17,20,55.74729365137762
18,20,89.33631366617522
18,20,50.0
18,20,50.0
18,20,55.74729365137762
18,20,50.0
19,20,55.74729365137762
19,20,81.20275406280578
19,20,86.28579924782616
19,20,81.08269529028182
19,20,85.28913195324836
20,20,105.49771598400218
20,20,50.0
20,20,50.0
20,20,81.08269529028182
20,20,81.08269529028182
20,19,50.0
20,19,81.08269529028182
20,19,79.52044377887904
20,19,50.0
20,19,81.08269529028182
19,19,81.08269529028182
19,19,81.08269529028182
19,19,79.26768771148575
19,19,81.08269529028182
19,19,53.997486454924086
18,19,81.08269529028182
18,19,50.0
18,19,53.142026971467615
18,19,55.557447832170965
18,19,88.68834022007653
17,19,81.08269529028182
17,19,50.0
17,19,88.44546757399436
17,19,82.6676927313523
17,19,55.74729365137762
16,19,50.0
16,19,50.0
16,19,98.70975929261645
16,19,90.04987157703114
16,19,50.0
17,19,50.0
17,19,71.88008424705068
17,19,81.08269529028182
17,19,81.08269529028182
17,19,55.74729365137762
17,18,50.0
17,18,50.0
17,18,50.0
17,18,50.0
17,18,50.0
16,18,80.60051679347174
16,18,50.0
16,18,81.08269529028182
16,18,50.0
16,18,105.10134899907678
15,18,50.0
15,18,68.70485677430952
15,18,54.374504941676754
15,18,50.0
15,18,53.00020397426822
14,18,50.0
14,18,81.08269529028182
14,18,67.09876395012584
14,18,50.0
14,18,55.74729365137762
13,18,50.0
13,18,50.0
13,18,50.0
13,18,50.0
13,18,50.0
12,18,50.0
12,18,110.28450290901296
12,18,60.624448892449415
12,18,57.06070825358444
12,18,52.267345973210645
11,18,71.56446633405758
11,18,55.74729365137762
11,18,99.62594984238434
11,18,56.32063719403603
11,18,59.3192128848082
10,18,52.42105049206183
10,18,81.08269529028182
10,18,95.69778717563003
10,18,50.0
10,18,50.0
9,18,81.08269529028182
9,18,54.98237101505696
9,18,94.52002161898321
9,18,62.45954371702245
9,18,50.0
8,18,50.0
8,18,50.0
8,18,55.74729365137762
8,18,57.52445344904055
8,18,103.82956475932124
7,18,69.12773240866744
7,18,66.60159216036891
7,18,57.171217743033395
7,18,55.74729365137762
7,18,55.74729365137762
7,17,118.20513451209224
7,17,50.0
7,17,75.77232856820049
7,17,82.89902580440798
7,17,162.5051156342214
8,17,54.74447350938318
8,17,71.33174066658556
8,17,68.87538645054737
8,17,90.41487119333989
8,17,124.33392126362881
7,17,50.0
7,17,82.47748908862391
7,17,55.74729365137762
7,17,98.68897386222517
7,17,50.0
6,17,50.76713978617689
6,17,56.58391761017378
6,17,62.760661415943645
6,17,114.22375200437108
6,17,52.606956138739385
5,17,99.16781516997027
5,17,128.7828910703899
5,17,55.74729365137762
5,17,128.4930349750869
5,17,79.00568164987412
4,17,148.4716764878322
4,17,118.06608190353302
4,17,62.99417629627036
4,17,85.27938019816587
4,17,123.7441079764366
3,17,81.08269529028182
3,17,107.210171391432
3,17,82.48323061083897
3,17,64.79013833405202
3,17,87.15152798611257
2,17,81.08269529028182
2,17,99.14531243556539
2,17,50.0
2,17,60.69951403418831
2,17,50.0
1,17,50.0
1,17,78.65084323353291
1,17,83.27737199701778
1,17,51.905985137276325
1,17,89.69539016298761
0,17,65.75401456417674
0,17,50.0
0,17,50.0
0,17,50.32230111637977
0,17,104.77890278173943
0,18,87.01620568951046
0,18,50.0
0,18,94.36391233042607
0,18,81.45234142212897
0,18,81.08269529028182
0,17,84.11401313345283
0,17,74.21408393752935
0,17,150.50352937870042
0,17,83.73060953158884
0,17,61.02377750493325
-1,17,110.96328369339102
-1,17,106.42070767826769
-1,17,67.89126949984403
-1,17,66.10292380100819
-1,17,110.71780828274747
-2,17,92.97990980688166
-2,17,50.0
-2,17,50.0
-2,17,66.06131554610538
-2,17,67.62536202047237
-3,17,50.0
-3,17,65.8357988006198
-3,17,55.74729365137762
-3,17,111.09251092462411
-3,17,73.11938753932851
-3,16,60.75836377343956
-3,16,70.46840367349441
-3,16,131.43202424971534
-3,16,60.235370230605035
-3,16,96.44469714864437
-4,16,50.0
-4,16,81.08269529028182
-4,16,51.81226756842226
-4,16,139.84610629944254
-4,16,102.10953050280182
-3,16,75.15799683983452
-3,16,60.60629309789042
-3,16,63.697197793009785
-3,16,122.61220511867829
-3,16,68.57086311559831
-4,16,68.87311454064833
-4,16,71.87899560161
-4,16,127.23305076330638
-4,16,72.78470734492403
-4,16,58.21290452892054
-3,16,58.59237233076237
-3,16,52.70767574640305
-3,16,69.25775675045413
-3,16,60.81615041157861
-3,16,94.52018642097022
-2,16,113.63852457340825
-2,16,70.88488971058158
-2,16,128.3804998320105
-2,16,81.08269529028182
-2,16,72.08179599544795
-1,16,80.86395764139627
-1,16,51.843110883628654
-1,16,55.74729365137762
-1,16,50.0
-1,16,86.50763552441808
-1,15,79.96786132871071
-1,15,84.8374642778678
-1,15,65.15935555676593
-1,15,66.67243554055949
-1,15,59.65665888351494
-2,15,50.0
-2,15,120.37685334257901
-2,15,129.6105040152933
-2,15,137.95845131166655
-2,15,82.23411871082101
-1,15,112.88391557169012
-1,15,86.96726278865795
-1,15,163.48044561618926
-1,15,72.55527226831008
-1,15,76.09719130388046
-1,14,113.54907032299157
-1,14,83.1802272802561
-1,14,85.10012798676563
-1,14,50.0
-1,14,61.86058103460245
-2,14,77.47733416607699
-2,14,63.82909117728726
-2,14,60.86144958144305
-2,14,108.2866395546936
-2,14,65.11383376314785
-1,14,103.28709522599684
-1,14,91.36652846480922
-1,14,96.75999806588206
-1,14,110.88965871517502
-1,14,53.54975602501442
0,14,50.0
0,14,51.94871245688052
0,14,149.76333612745702
0,14,61.315916288428774
0,14,136.921466234178
0,13,134.3252755807639
0,13,129.6445528144436
0,13,98.52452532725431
0,13,69.40416987304346
0,13,66.82452139879211
1,13,97.20769929173588
1,13,61.0998654790231
1,13,139.11500841634592
1,13,120.56583094518203
1,13,92.91740572824185
2,13,69.66291877397661
2,13,116.57223547319364
2,13,50.0
2,13,73.72283623609547
2,13,67.6710685817574
3,13,75.34921474749494
3,13,116.53649898034924
3,13,112.61554415692993
3,13,78.57542553092075
3,13,62.08169177629303
3,12,136.8814017738628
3,12,143.94552828842083
3,12,80.58809367504104
3,12,98.55856696730221
3,12,97.3758696195386
3,11,104.9509513622307
3,11,155.9558091520226
3,11,81.08269529028182
3,11,75.74775096682949
3,11,104.5662673860775
4,11,73.16420304784924
4,11,81.55492908955301
4,11,138.1165171811708
4,11,155.94741617414405
4,11,124.4817276964194
4,10,147.11138222244455
4,10,61.35827092045949
4,10,62.12435099634905
4,10,100.54546394107632
4,10,157.74925048324718
5,10,50.0
5,10,50.0
5,10,92.73126484032318
5,10,80.75174926069835
5,10,91.33327837913222
5,9,55.74729365137762
5,9,74.05348686795315
5,9,143.4650660512008
5,9,113.6097795628725
5,9,158.98649015786367
5,8,127.57954944832032
5,8,64.4923992583486
5,8,104.00573005607447
5,8,71.43168402216678
5,8,125.47147340081976
6,8,62.90373208721517
6,8,71.64222265228678
6,8,124.6469342283206
6,8,75.57495720531563
6,8,73.46176497434935
7,8,112.67451437575626
7,8,81.92751271041429
7,8,78.91816365096851
7,8,118.53362101027162
7,8,151.73094636798209
7,7,140.89048310271372
7,7,67.13598889462483
7,7,170.35325515026562
7,7,125.93595644884621
7,7,70.14624174157103
7,6,129.024732639877
7,6,129.3390462025389
7,6,55.3265115219464
7,6,89.676373153107
7,6,144.02117684319677
8,6,120.95730156512452
8,6,84.98869384327358
8,6,56.54984101035083
8,6,136.98042245611114
8,6,163.82097071327308
9,6,85.89559821815308
9,6,112.09849393226057
9,6,82.231599679448
9,6,144.99088599847326
9,6,67.31530449666111
8,6,79.35690542264197
8,6,178.81266979480554
8,6,77.32575310688961
8,6,147.67369788763594
8,6,108.65665866091894
8,5,71.33867957383475
8,5,50.0
8,5,158.3737100956784
8,5,125.04520829776285
8,5,50.0
8,4,50.0
8,4,79.38959260756194
8,4,98.82102453479754
8,4,160.0409368436845
8,4,59.24831878801352
8,3,142.61197446460017
8,3,140.7568452916625
8,3,91.31384592999297
8,3,97.96896715578376
8,3,119.25125910312512
7,3,87.34862346521254
7,3,61.060031896585215
7,3,68.93945447867831
7,3,172.5168806442083
7,3,121.17162493177784
6,3,170.12311464906992
6,3,74.62898448565986
6,3,50.07704143194766
6,3,50.0
6,3,63.96559075198053
7,3,141.33131624065712
7,3,145.66071360859578
7,3,61.20728547207234
7,3,154.9901370671887
7,3,155.39130281866704
8,3,122.73976098661726
8,3,83.31504897924508
8,3,80.93613130965169
8,3,112.60144355258812
8,3,146.8946437754193
9,3,62.993600777246016
9,3,98.73981507232777
9,3,82.28217301881669
9,3,55.74729365137762
9,3,63.45646139887242
10,3,51.38280539592844
10,3,78.41720551525185
10,3,123.57428886857579
10,3,50.0
10,3,94.10524709532083
11,3,82.95153911337431
11,3,126.5727200344242
11,3,71.65041391299899
11,3,183.60587179270692
11,3,121.14768292892539
11,4,87.39558669819951
11,4,99.81822603336653
11,4,61.864407448335946
11,4,58.70500366962959
11,4,61.262276393143324
12,4,50.0
12,4,50.0
12,4,89.80773446242043
12,4,89.88087219161721
12,4,62.41985517103231
12,3,50.0
12,3,56.296913948156586
12,3,52.644200165056276
12,3,146.37550270731413
12,3,67.46662512125623
12,2,87.55843940441201
12,2,57.886529992039485
12,2,94.71603854987306
12,2,146.4033064289028
12,2,50.0
13,2,93.80365195150061
13,2,60.44580313386706
13,2,135.79295941973402
13,2,110.73217389222881
13,2,138.19090470025623
14,2,88.75793878250771
14,2,82.61975632047337
14,2,73.61802369298249
14,2,55.31137857900641
14,2,131.3158139484795
15,2,137.5855315048437
15,2,108.49235284267901
15,2,78.32188099282794
15,2,50.0
15,2,57.61622268638618
16,2,115.2278081286303
16,2,58.347931091767705
16,2,89.14122846731286
16,2,60.72215704905716
16,2,61.7853977347713
16,1,91.12579703545723
16,1,70.75129129354931
16,1,65.95019241355999
16,1,50.0
16,1,55.74729365137762
15,1,52.80703586614514
15,1,50.0
15,1,60.25217817254855
15,1,57.04220542946736
15,1,63.612960449883275
16,1,66.37099100956888
16,1,69.63494909526504
16,1,104.85356236906978
16,1,81.08269529028182
16,1,79.41366242941814
16,0,59.51719304221086
16,0,50.0
16,0,90.90011639519454
16,0,76.05655979791548
16,0,74.89653706310466
17,0,115.96677118632164
