0,11,74.84713078977114
0,11,63.44952057937799
0,11,50.0
0,11,134.64565648568345
0,12,78.49599690461353
0,12,105.56348702864499
0,12,79.257403460049
0,12,61.4785298317761
0,12,94.4786470152738
0,11,145.22320133058102
0,11,80.585416306569
0,11,86.02507039183783
0,11,139.92297957853347
0,11,102.04741297456901
0,10,82.15859067678146
0,10,110.6215262382918
0,10,107.52971952218506
0,10,65.77143235604511
0,10,87.61213501763123
0,11,64.78590404183886
0,11,65.240887124573
0,11,131.67728705267348
0,11,99.0688323952824
0,11,59.131098744418765
0,10,50.0
0,10,160.05943975606996
0,10,123.40605047922014
0,10,87.42071713792761
0,10,96.00248171698959
-1,10,113.676908824951
-1,10,83.40923820405055
-1,10,110.33397431991628
-1,10,100.09424983899441
-1,10,129.7169775600102
-1,11,64.69688955578695
-1,11,90.59261604247625
-1,11,67.65210867745473
-1,11,50.0
-1,11,50.0
-1,12,65.24284283132299
-1,12,148.34492135179335
-1,12,96.62302345784724
-1,12,83.9352784096081
-1,12,81.08269529028182
-1,11,56.30902903453037
-1,11,119.0016456235376
-1,11,80.47825173266307
-1,11,128.4615920486151
-1,11,73.03186139157181
-1,10,77.23499277536602
-1,10,91.77030869820834
-1,10,59.1261039446852
-1,10,87.167222496265
-1,10,52.02859136481898
-1,11,141.8335132747478
-1,11,112.2003062044466
-1,11,150.83416994912068
-1,11,63.950006294131526
-1,11,104.81399278099799
-2,11,54.39145511035308
-2,11,117.53597463356569
-2,11,87.85010887752782
-2,11,50.0
-2,11,59.19250664013195
-2,10,141.41862285360978
-2,10,122.37112406674059
-2,10,80.68605785547467
-2,10,134.47288536141056
-2,10,121.20529312057836
-3,10,127.79366356882215
-3,10,86.31878792521587
-3,10,86.80944304635291
-3,10,156.8801384846894
-3,10,155.40748436701367
-3,9,93.76642458940896
-3,9,63.23344876865888
-3,9,62.39509959382101
-3,9,116.36863279503471
-3,9,80.75716935662199
-3,8,91.88164128239038
-3,8,137.32842277834786
-3,8,94.73428414016244
-3,8,59.51029102604152
-3,8,140.3701879323682
-2,8,50.0
-2,8,82.87356204989842
-2,8,75.67037250156272
-2,8,184.5630710872929
-2,8,135.2480012048617
-3,8,148.93082454555625
-3,8,117.66472868666122
-3,8,79.27982753399236
-3,8,89.39591165271372
-3,8,50.0
-4,8,134.27388325427725
-4,8,168.36654102941725
-4,8,62.1964536638494
-4,8,150.79839168976335
-4,8,62.13773061978904
-4,7,71.95620907831784
-4,7,81.89762566645746
-4,7,64.93059857351366
-4,7,75.44437677393576
-4,7,100.31969666994411
-4,6,107.22709834375001
-4,6,78.99609365976983
-4,6,121.15346400386787
-4,6,72.54188245521333
-4,6,106.60098383810808
-4,5,88.8675474475184
-4,5,119.16796749391345
-4,5,148.93777451251066
-4,5,105.83178868230353
-4,5,62.73937733798589
-4,4,138.12700648354252
-4,4,93.07017267795555
-4,4,111.3534392991501
-4,4,92.3066678173933
-4,4,50.0
-4,3,101.55891581609025
-4,3,87.96150325607827
-4,3,87.21737334747307
-4,3,110.16619139860548
-4,3,76.78337732329157
-4,2,100.09273096953176
-4,2,89.04686869572814
-4,2,109.07570262929524
-4,2,75.28115914761395
-4,2,81.54656071679713
-4,1,101.29903410321687
-4,1,104.67625909318038
-4,1,111.73409205153874
-4,1,111.54062187419619
-4,1,87.50332562009677
-3,1,84.85076038193618
-3,1,109.28207977841681
-3,1,88.41994795018034
-3,1,90.48488682232738
-3,1,59.073526739308946
-4,1,171.65113051313818
-4,1,89.66248661765876
-4,1,187.13014543777618
-4,1,191.40632275766094
-4,1,137.27258795488657
-4,0,191.68902102093486
-4,0,95.45423943212901
-4,0,138.56559149794094
-4,0,96.00520599741124
-4,0,162.07983470498507
-5,0,50.0
-5,0,148.01891881048755
-5,0,69.89679157804696
-5,0,126.24216153361704
-5,0,130.43193543285676
-5,-1,75.28431378432948
-5,-1,75.83647374466283
-5,-1,63.63875322156913
-5,-1,80.77569192036789
-5,-1,96.46258511545373
-6,-1,105.74952418085873
-6,-1,119.18607291205748
-6,-1,105.19646811068198
-6,-1,119.41906012139178
-6,-1,148.5786676325695
-6,-2,76.4655015146572
-6,-2,81.49648608817829
-6,-2,108.92177505820744
-6,-2,146.94754282813548
-6,-2,52.64276457709447
-7,-2,67.06514003594765
-7,-2,117.3548216173014
-7,-2,137.9431873033306
-7,-2,79.22265670010168
-7,-2,69.13665808677075
-8,-2,137.4414344003916
-8,-2,111.4160389834176
-8,-2,91.62813597161868
-8,-2,122.4029008847796
-8,-2,149.67000109318883
-8,-1,133.43162682852284
-8,-1,63.27495349878892
-8,-1,125.46271289778716
-8,-1,144.60923665382646
-8,-1,162.68891881940203
-8,-2,128.71245880867312
-8,-2,83.47633807823661
-8,-2,53.918478258519116
-8,-2,65.32830584866593
-8,-2,71.83497194967927
-8,-3,160.44768451398886
-8,-3,159.5424146230447
-8,-3,61.14537544511894
-8,-3,148.4001048155008
-8,-3,132.410977349586
-8,-4,72.54237572846219
-8,-4,54.67267433643761
-8,-4,148.62898395439183
-8,-4,60.11407360912674
-8,-4,80.66857027039923
-8,-3,159.2807464183227
-8,-3,117.48858960885411
-8,-3,74.35400365706873
-8,-3,151.38333039030076
-8,-3,72.49353867206968
-8,-2,56.24789561473507
-8,-2,92.7039464797877
-8,-2,86.78952330482998
-8,-2,162.2627410632802
-8,-2,145.87442386206874
-8,-1,106.63949344931297
-8,-1,62.806067772657435
-8,-1,73.46112321953423
-8,-1,96.47635400293765
-8,-1,54.11456341032643
-8,0,134.42698733290297
-8,0,158.89548972849215
-8,0,83.50743331991114
-8,0,187.90061308988146
-8,0,122.28929761956311
-8,1,110.31982667144756
-8,1,96.49535125427738
-8,1,73.7350433853268
-8,1,142.94254833790228
-8,1,152.05638407422157
-8,0,83.94079800113474
-8,0,84.41613529580599
-8,0,90.22243801885965
-8,0,72.72561282328905
-8,0,96.81867870102812
-8,1,103.78312060749532
-8,1,78.93231224250765
-8,1,81.65432247501596
-8,1,141.02158624708326
-8,1,145.5301377492119
-9,1,66.56001701856444
-9,1,67.90200578687804
-9,1,125.49230559873965
-9,1,87.1345036219944
-9,1,98.64906752219326
-9,2,138.03267980669423
-9,2,62.88643910919899
-9,2,112.67944263537393
-9,2,81.78367684149296
-9,2,149.67799773668858
-9,3,102.45413668729596
-9,3,53.96535372214348
-9,3,149.57565672375287
-9,3,111.17444420112534
-9,3,50.51481999660221
-8,3,78.50039314625246
-8,3,53.82336053666588
-8,3,110.22132865675229
-8,3,81.00581985557332
-8,3,93.5304121134667
-8,2,109.78882619684316
-8,2,190.04595641078288
-8,2,80.37085614234722
-8,2,83.56843776324466
-8,2,154.74317546975746
-8,3,68.4802684910433
-8,3,113.51600704144808
-8,3,99.25124470624017
-8,3,67.34553993051767
-8,3,98.09716090604267
-7,3,125.93057819799562
-7,3,128.56443554054
-7,3,74.47654405143624
-7,3,87.53675776187585
-7,3,93.78439939657733
-6,3,91.8426139878411
-6,3,82.97607869630141
-6,3,173.90209142560005
-6,3,70.16698031776171
-6,3,80.60491981944071
-5,3,145.7072158145088
-5,3,94.72998582855622
-5,3,76.86073308083141
-5,3,161.5166325663499
-5,3,75.34791964687899
-5,4,91.08729561453029
-5,4,61.35040709534331
-5,4,51.074302894322436
-5,4,88.98004236167165
-5,4,169.9538474852476
-4,4,111.33280241121972
-4,4,95.85298735506515
-4,4,92.17478836687644
-4,4,125.7578209178579
-4,4,167.85213103747526
-4,5,62.75123228238322
-4,5,76.48605873287656
-4,5,119.04603545101105
-4,5,59.71289105218374
-4,5,163.55245819841213
-4,4,155.1231573402836
-4,4,154.97776130700575
-4,4,81.54744524322408
-4,4,158.87840786896118
-4,4,132.8115588206205
-4,5,92.96799211579359
-4,5,60.48728552259302
-4,5,57.566956035749115
-4,5,195.98651715727067
-4,5,188.93766934920092
-4,6,55.200500592918985
-4,6,104.49880599038833
-4,6,156.4386287358686
-4,6,91.29205588098415
-4,6,57.87136772135513
-4,7,58.884608329110804
-4,7,63.509629998767
-4,7,118.88713076175162
-4,7,133.722628328399
-4,7,77.33840274356407
-4,8,106.02182886718934
-4,8,88.49049209495624
-4,8,76.84435885155442
-4,8,80.7802300745868
-4,8,50.0
-4,9,96.89164778172656
-4,9,136.46437601168162
-4,9,73.48549207848735
-4,9,139.0692288807103
-4,9,50.0
-3,9,92.67182702315334
-3,9,50.0
-3,9,50.0
-3,9,73.53926088297723
-3,9,90.33623175650602
-3,8,89.0822784389301
-3,8,134.5335306702917
-3,8,160.85334507725
-3,8,104.09238312051016
-3,8,94.77514581432216
-2,8,90.8757690190745
-2,8,92.91881140000409
-2,8,64.18474817146856
-2,8,154.31772975388245
-2,8,134.79846627342326
-2,9,72.35332974505316
-2,9,81.54766927918726
-2,9,86.54362873878054
-2,9,108.81833984305835
-2,9,82.78197221545756
-2,10,50.0
-2,10,92.95551082723082
-2,10,85.46807720863008
-2,10,60.06577859981825
-2,10,67.80449510226202
-2,11,94.74997042739561
-2,11,151.18797521273984
-2,11,52.15804642233827
-2,11,50.98534349543309
-2,11,76.32069401730983
-2,12,132.6397109279649
-2,12,100.42617127787275
-2,12,103.71033435546704
-2,12,111.99318203815761
-2,12,78.573623917992
-1,12,50.0
-1,12,130.0831461881535
-1,12,65.20611964386315
-1,12,59.404591935569485
-1,12,104.51170984358606
-1,13,130.2718097048584
-1,13,56.85314221783424
-1,13,63.921703129039294
-1,13,56.418576745604724
-1,13,50.58883086944034
0,13,154.101899002953
0,13,50.0
0,13,81.08269529028182
0,13,132.18911962519056
0,13,50.0
0,14,63.552980467680975
0,14,138.72711049047405
0,14,50.0
0,14,56.16052296455426
0,14,117.82204243415626
0,13,116.37254396355215
0,13,95.24506270617428
0,13,71.75933988107437
0,13,60.64534716192642
0,13,73.69697198843664
0,12,99.52389732435056
0,12,156.3717156041818
0,12,84.62740274491921
0,12,99.65490483000471
0,12,136.26588561695382
0,13,70.16425385701854
0,13,96.80427954896123
0,13,58.45922458187282
0,13,101.4153166402367
0,13,57.91786097459979
0,14,62.75657201419605
0,14,50.0
0,14,50.0
0,14,78.00710156834555
0,14,50.0
-1,14,50.0
-1,14,99.70688016208256
-1,14,78.52609609944031
-1,14,109.5658242866514
-1,14,58.66398904190863
-1,15,91.32962165973596
-1,15,83.51450020873574
-1,15,81.97600255499293
-1,15,74.42054808854509
-1,15,126.38972734907226
0,15,74.94393713593695
0,15,77.8792658461135
0,15,50.0
0,15,81.08269529028182
0,15,116.85404942056695
1,15,140.39401794679355
1,15,57.24598786067403
1,15,97.18558704978132
1,15,125.33328264858949
1,15,54.430409091875376
1,16,52.72176590776743
1,16,98.84145596078342
1,16,134.21261536742034
1,16,81.08269529028182
1,16,81.08269529028182
2,16,69.32368522527803
2,16,107.9513083810671
2,16,126.00838429865918
2,16,69.23631736459797
2,16,57.004416211743205
2,17,50.0
2,17,160.8923744550384
2,17,112.53717874731028
2,17,105.55021713834017
2,17,81.08269529028182
2,18,115.99589033358893
2,18,61.65492784574811
2,18,64.62283662100599
2,18,91.97248311762445
2,18,50.0
3,18,54.90935065073359
3,18,115.09489831620698
3,18,81.83253796507888
3,18,50.0
3,18,50.0
3,19,89.82308952029553
3,19,50.0
3,19,50.0
3,19,50.0
3,19,98.70913715830417
4,19,108.19541863440188
4,19,128.67243272324012
4,19,151.6713821430115
4,19,105.03128266278402
4,19,133.49612373764967
4,20,92.83436784624242
4,20,50.0
4,20,125.43176771592523
4,20,121.2218756805292
4,20,50.0
5,20,62.30530857680779
5,20,68.76401621501768
5,20,58.65739035689495
5,20,50.0
5,20,83.47454309120768
6,20,50.0
6,20,71.99952671353981
6,20,85.11112687413744
6,20,50.0
6,20,77.55017405182028
7,20,50.0
7,20,94.90942557946954
7,20,55.74729365137762
7,20,50.0
7,20,61.19820844716804
6,20,50.52634943679136
6,20,64.11364862608902
6,20,58.84443747340879
6,20,75.44109083033456
6,20,60.425542890089375
7,20,81.08269529028182
7,20,50.0
7,20,102.02913659009667
7,20,50.0
7,20,54.06032589403201
8,20,81.08269529028182
8,20,50.0
8,20,68.77134605749272
8,20,50.0
8,20,50.0
9,20,88.42615630366967
9,20,52.200741764119115
9,20,55.74729365137762
9,20,50.0
9,20,81.08269529028182
10,20,50.0
10,20,50.0
10,20,113.544145324999
10,20,64.08801844749586
10,20,81.08269529028182
11,20,88.01983651670933
11,20,50.0
11,20,53.01851148330257
11,20,50.0
11,20,50.0
12,20,90.44597733955452
12,20,50.0
12,20,81.08269529028182
12,20,81.08269529028182
12,20,62.361905557061526
13,20,55.74729365137762
13,20,76.2520731075702
13,20,73.89483503274138
13,20,120.16299185104393
13,20,52.71448085398768
14,20,81.08269529028182
14,20,62.25252177344174
14,20,57.51830621728599
14,20,81.08269529028182
14,20,81.08269529028182
15,20,63.996036838176664
15,20,50.0
15,20,91.55883934112339
15,20,50.0
15,20,58.46324880327179
16,20,81.08269529028182
16,20,79.15510395271166
16,20,50.0
16,20,55.74729365137762
16,20,50.0
17,20,54.44919831392325
17,20,50.0
17,20,81.08269529028182
17,20,50.0
17,20,55.74729365137762
18,20,81.08269529028182
18,20,50.0
18,20,81.08269529028182
18,20,50.0
18,20,81.08269529028182
17,20,81.08269529028182
17,20,81.08269529028182
17,20,50.0
17,20,50.0
17,20,50.0
18,20,50.0
18,20,50.0
18,20,58.669861991882456
18,20,64.58611983129589
18,20,81.08269529028182
17,20,108.00411338080669
17,20,50.0
17,20,106.6104345586327
17,20,82.47891870343906
17,20,117.71119798806441
18,20,57.04610274084355
18,20,55.74729365137762
18,20,105.81168508357527
18,20,50.0
18,20,52.08098979482273
19,20,81.08269529028182
19,20,55.74729365137762
19,20,50.0
19,20,59.21407676354988
19,20,50.0
20,20,81.08269529028182
20,20,50.0
20,20,50.96843642336127
20,20,50.0
20,20,55.74729365137762
20,19,81.08269529028182
20,19,55.74729365137762
20,19,55.74729365137762
20,19,55.74729365137762
20,19,50.0
19,19,83.08275766511238
19,19,81.08269529028182
19,19,50.0
19,19,84.54537893873007
19,19,55.74729365137762
18,19,81.08269529028182
18,19,81.08269529028182
18,19,81.08269529028182
18,19,50.0
18,19,54.803530811849186
17,19,56.5666283763386
17,19,79.91488375531408
17,19,81.08269529028182
17,19,89.4507940280601
17,19,77.7050584371218
16,19,82.70326089765368
16,19,52.79550003659333
16,19,50.0
16,19,81.08269529028182
16,19,55.74729365137762
17,19,81.08269529028182
17,19,81.08269529028182
17,19,81.08269529028182
17,19,55.74729365137762
17,19,81.08269529028182
17,18,81.08269529028182
17,18,50.0
17,18,95.28009423806878
17,18,81.08269529028182
17,18,50.0
16,18,68.30396646683155
16,18,50.0
16,18,50.0
16,18,76.79123389240499
16,18,89.05933405761203
15,18,50.0
15,18,81.08269529028182
15,18,68.01783561067327
15,18,100.1558605749617
15,18,101.62216399457847
14,18,52.69386326411664
14,18,52.412502287173524
14,18,81.08269529028182
14,18,50.0
14,18,97.4684803242817
13,18,96.77459376782215
13,18,55.74729365137762
13,18,59.04874204213971
13,18,50.0
13,18,50.0
12,18,55.74729365137762
12,18,117.79621233815264
12,18,50.0
12,18,81.08269529028182
12,18,69.52433316612522
11,18,81.08269529028182
11,18,105.4421778400822
11,18,81.08269529028182
11,18,100.6394304339253
11,18,64.9807600993836
10,18,50.0
10,18,50.0
10,18,50.0
10,18,55.42559668754269
10,18,112.61905027796095
9,18,55.74729365137762
9,18,75.05057221607797
9,18,50.153919922434
9,18,114.82530641934812
9,18,93.1764884718351
8,18,54.74576893962919
8,18,66.06586828581469
8,18,50.0
8,18,50.0
8,18,70.15050384131563
7,18,50.0
7,18,55.163698561840434
7,18,69.35358737842846
7,18,111.2465698253872
7,18,92.48087225551885
7,17,138.0637426442459
7,17,50.0
7,17,57.8180614722577
7,17,145.27979578407565
7,17,105.35480087971435
8,17,142.48664307268484
8,17,124.23605551748915
8,17,50.0
8,17,57.11867940359614
8,17,57.74863304333289
7,17,58.22664291422359
7,17,54.57649895454275
7,17,63.538990027363
7,17,81.08269529028182
7,17,50.0
6,17,50.0
6,17,57.814651780554506
6,17,109.10298438988889
6,17,50.0
6,17,59.71399447363814
5,17,81.44101285073998
5,17,98.69681682544982
5,17,113.86484582944425
5,17,82.24534197419462
5,17,122.95400084788864
4,17,64.3263990772349
4,17,81.08269529028182
4,17,81.08269529028182
4,17,50.0
4,17,105.9047441632912
3,17,74.18639789018425
3,17,58.62388103051414
3,17,104.01479160426733
3,17,50.21698335317821
3,17,89.6825693368991
2,17,50.0
2,17,86.05585181454964
2,17,137.30322319884198
2,17,81.08269529028182
2,17,90.7433520931305
1,17,50.0
1,17,83.15771380894262
1,17,67.31283484285873
1,17,50.0
1,17,114.10690121991372
0,17,75.45735379905435
0,17,103.23607568578423
0,17,114.85878827755317
0,17,80.778956463468
0,17,50.0
0,18,84.12427091215375
0,18,92.29317141525729
0,18,78.95476933693257
0,18,120.611463086284
0,18,65.04637186294381
0,17,50.0
0,17,73.95474937996492
0,17,50.0
0,17,95.78281138582385
0,17,84.98738521067978
-1,17,83.04783276769895
-1,17,98.68500449896952
-1,17,64.19016944767588
-1,17,103.75568900946897
-1,17,50.0
-2,17,77.54909051930659
-2,17,89.20202464871245
-2,17,50.0
-2,17,131.78746620282715
-2,17,92.54097204681597
-3,17,55.74729365137762
-3,17,55.74729365137762
-3,17,53.86150412551038
-3,17,81.08269529028182
-3,17,75.67075033627088
-3,16,50.0
-3,16,99.02321073542333
-3,16,93.30908975520562
-3,16,64.00787661676196
-3,16,164.73339761329075
-4,16,67.01962352753726
-4,16,118.08365332507263
-4,16,92.82750335566296
-4,16,95.48876917185176
-4,16,69.04533664271231
-3,16,67.29199500789156
-3,16,135.0125334827138
-3,16,63.95680150799256
-3,16,144.123488872833
-3,16,113.81036180727334
-4,16,81.08269529028182
-4,16,58.54041087052329
-4,16,121.50388712681915
-4,16,98.39320395088718
-4,16,58.57004625000796
-3,16,67.62012038970438
-3,16,70.05055382744573
-3,16,55.74729365137762
-3,16,51.60005536837912
-3,16,124.86457328286158
-2,16,105.58224574197278
-2,16,101.39153836126373
-2,16,50.0
-2,16,52.53038351765072
-2,16,90.73155302129784
-1,16,50.0
-1,16,53.22124638372573
-1,16,104.66437207272718
-1,16,132.35989400444427
-1,16,92.68091978749533
-1,15,113.5676589855549
-1,15,108.55027665821535
-1,15,96.9547275597277
-1,15,50.0
-1,15,123.75452703244582
-2,15,102.34259773401763
-2,15,61.77785736418666
-2,15,115.21560423672211
-2,15,55.2760140427175
-2,15,78.28016699882771
-1,15,104.9602765389374
-1,15,90.26219725920896
-1,15,52.31879569408969
-1,15,60.22419773172016
-1,15,84.94215305207696
-1,14,66.59909453130301
-1,14,50.0
-1,14,102.38377667541104
-1,14,81.08269529028182
-1,14,59.401574417703586
-2,14,105.22313299954729
-2,14,129.85732704100323
-2,14,86.25740831011382
-2,14,130.33899376652616
-2,14,105.14323191050666
-1,14,96.83044029239704
-1,14,65.14778736161276
-1,14,55.74729365137762
-1,14,77.4380448617666
-1,14,112.25199509283178
0,14,64.42529315613336
0,14,53.894038138752215
0,14,53.80013362734793
0,14,108.18364447988775
0,14,107.29667325724016
0,13,116.49468301296527
0,13,107.20173650845737
0,13,58.809252280022264
0,13,147.82109303890843
0,13,115.57588482477674
1,13,113.90938014777522
1,13,64.51169615854029
1,13,74.44288472195593
1,13,115.90111361538166
1,13,58.52284023708286
2,13,121.41165008072932
2,13,62.70579448322187
2,13,54.999257469132814
2,13,50.0
2,13,50.0
3,13,84.30708071310634
3,13,109.01782160221467
3,13,50.0
3,13,70.52412849570315
3,13,131.10084203226143
3,12,95.27728165627954
3,12,98.48407936349905
3,12,82.84030039190117
3,12,144.72913360377248
3,12,58.237466690186224
3,11,79.43442255058415
3,11,92.4284281134644
3,11,71.70028826353388
3,11,130.1843645873099
3,11,67.48833831316294
4,11,74.95597635937096
4,11,110.00844687894626
4,11,148.71662119472273
4,11,90.32396315092873
4,11,102.22895795629424
4,10,55.74729365137762
4,10,106.30701989525919
4,10,61.345844461877356
4,10,57.44120696406597
4,10,106.56474019777994
5,10,110.5063840194411
5,10,70.06084075162755
5,10,57.34388312015048
5,10,75.83907223932646
5,10,65.79238058788788
5,9,63.93975005289031
5,9,94.30279869668948
5,9,67.28254695019601
5,9,74.40925075651653
5,9,175.82943288245372
5,8,65.52081079820255
5,8,103.96429841078252
5,8,103.64210629506003
5,8,101.06571478160916
5,8,83.32555082844179
6,8,128.4275936233183
6,8,67.81238549733371
6,8,133.3390248955209
6,8,110.07137330344571
6,8,81.28529523065811
7,8,50.0
7,8,51.3847260001769
7,8,128.1046463137915
7,8,141.46617731155547
7,8,136.73620312447213
7,7,93.61453869927914
7,7,75.61008869799012
7,7,131.14694577841504
7,7,162.54315807001896
7,7,187.3366010259923
7,6,96.00979233401888
7,6,66.75127243451678
7,6,77.20518573171415
7,6,134.46291611458628
7,6,115.18865860902434
8,6,165.1820456552373
8,6,85.84425656399061
8,6,114.8558274233447
8,6,52.42317214679721
8,6,127.64850185940546
9,6,82.02406017094589
9,6,118.03457330235315
9,6,53.286545962962634
9,6,141.48838313106026
9,6,130.92578115032126
8,6,101.66814866374071
8,6,150.39891344198512
8,6,136.7289048804642
8,6,65.4403263435171
8,6,129.5409602669244
8,5,98.79198527565448
8,5,73.5197359206385
8,5,128.3452937674018
8,5,91.32671451861752
8,5,90.41279368524204
8,4,148.66945908061984
8,4,55.74729365137762
8,4,93.8958599295459
8,4,77.97472317358132
8,4,73.58642602989949
8,3,145.059069050934
8,3,108.49693182833501
8,3,95.52657490958006
8,3,138.5186637445425
8,3,98.1648497384657
7,3,66.46577187184417
7,3,120.3143325370248
7,3,84.08043193570069
7,3,74.39763540323594
7,3,180.91203542188634
6,3,83.52553349714267
6,3,85.03062560836801
6,3,163.19974100502796
6,3,138.12312723406683
6,3,128.6478312898718
7,3,73.74785215580019
7,3,138.86313175807098
7,3,54.02397210948462
7,3,121.479289815411
7,3,77.36569624488949
8,3,50.0
8,3,87.39696671805866
8,3,88.78657083693794
8,3,115.18314122974655
8,3,148.77495651399298
9,3,83.09834139087366
9,3,62.75493145087653
9,3,89.0669010411857
9,3,168.7412050795603
9,3,96.31659738467327
10,3,113.54505198509622
10,3,153.89610992798677
10,3,99.9814646867597
10,3,55.606714428821384
10,3,126.70395637427191
11,3,155.3155305652132
11,3,167.17809194302617
11,3,57.59875995935543
11,3,112.12230062242391
11,3,71.27122044043679
11,4,76.65412311984866
11,4,132.7656769734844
11,4,92.67280496476526
11,4,61.737768315714895
11,4,67.94040533359346
12,4,92.22679101463828
12,4,139.66598175420327
12,4,58.71172022080254
12,4,50.0
12,4,96.37667443057482
12,3,170.35812030041984
12,3,127.55606228801291
12,3,50.0
12,3,88.93094989060303
12,3,128.33663455243396
12,2,115.46013579838753
12,2,108.63288563045158
12,2,137.94401366505673
12,2,84.09484383443149
12,2,161.53621494928865
13,2,150.65315234409505
13,2,65.77902010575826
13,2,145.84522392033938
13,2,173.69792956833908
13,2,96.42927653703875
14,2,92.66652780756833
14,2,76.95019342860533
14,2,115.91943173831275
14,2,58.77031479194662
14,2,60.87567718660757
15,2,113.56966739071495
15,2,65.75751259736397
15,2,109.56305433225751
15,2,130.02526021351076
15,2,81.08269529028182
16,2,110.29379443531472
16,2,124.33402407088992
16,2,50.0
16,2,50.0
16,2,65.63405659753437
16,1,88.29253423688529
16,1,63.78476532881978
16,1,58.71641534024181
16,1,129.5384414620498
16,1,98.78149345060929
15,1,132.00474162551737
15,1,107.32518902701491
15,1,71.65260757451799
15,1,110.4125792007871
15,1,124.87046364407868
16,1,55.74729365137762
16,1,101.98945488934251
16,1,101.42431638355768
16,1,114.23290034944498
16,1,50.60183315185667
16,0,54.36760624134977
16,0,116.77344220796837
16,0,134.21578498325732
16,0,50.0
16,0,69.09572320688847
17,0,90.83416245533701
