0,11,86.48948048839229
0,11,50.0
0,11,131.33320838790965
0,11,73.39087037185794
0,12,79.79415684172739
0,12,67.5606975414904
0,12,134.32204278187822
0,12,98.70605686064087
0,12,62.86365133230629
0,11,77.63426699371288
0,11,59.07206329535333
0,11,80.0362568839272
0,11,81.9253099571404
0,11,60.30395059448868
0,10,57.07498142992451
0,10,126.23107707995656
0,10,74.15774379885939
0,10,82.56507953925097
0,10,110.58008457182339
0,11,87.7219568536026
0,11,85.08762328138285
0,11,148.01668272309843
0,11,147.2523189812742
0,11,67.33267431372728
0,10,159.3329688845052
0,10,97.40419002975483
0,10,128.27394826738816
0,10,174.6608811868496
0,10,166.9694501039618
-1,10,102.77081501310792
-1,10,139.57521740112963
-1,10,117.68262514705509
-1,10,119.67608494691063
-1,10,129.4659762814083
-1,11,101.42998819258716
-1,11,113.36590922426757
-1,11,76.30696257517572
-1,11,85.72826479531068
-1,11,107.32275226093677
-1,12,66.0014978545427
-1,12,114.15701319850379
-1,12,121.44880147051174
-1,12,69.08304724155177
-1,12,117.28423402752753
-1,11,94.23212847042916
-1,11,50.0
-1,11,74.15374886308463
-1,11,89.63467056329497
-1,11,101.31036571331228
-1,10,133.1593585606364
-1,10,170.12765979389752
-1,10,153.13748675968355
-1,10,84.56977931222785
-1,10,54.00703872351605
-1,11,69.94754468589726
-1,11,133.25557880339417
-1,11,170.36167418634165
-1,11,68.88209404699734
-1,11,57.733765387127775
-2,11,125.11280696701303
-2,11,76.11857198386818
-2,11,73.57201830001061
-2,11,146.5766641257318
-2,11,144.16005168263467
-2,10,69.05213754078831
-2,10,100.842753108765
-2,10,117.97032390122007
-2,10,64.14330036768315
-2,10,98.57154820960204
-3,10,128.24635096486548
-3,10,65.07601119620998
-3,10,56.59642947483448
-3,10,172.4164340788472
-3,10,122.28982575352296
-3,9,89.1749617540161
-3,9,97.62229150345705
-3,9,85.666606074571
-3,9,69.03314536182523
-3,9,122.48649923797174
-3,8,50.0
-3,8,68.08600412081208
-3,8,108.05859092285134
-3,8,136.79571534543845
-3,8,111.74460349984462
-2,8,96.69775390269986
-2,8,86.16185988620447
-2,8,131.05036662957605
-2,8,54.37891909297662
-2,8,137.96834387924005
-3,8,89.45233740488541
-3,8,102.75297996631204
-3,8,84.58623649184747
-3,8,150.84623339772153
-3,8,73.65060730030132
-4,8,97.9729102251795
-4,8,86.92093704345649
-4,8,60.858409568069895
-4,8,96.2274218520857
-4,8,63.09951097894459
-4,7,110.23128259956869
-4,7,80.53741966751346
-4,7,96.19712882115483
-4,7,76.77071235883385
-4,7,86.99515217304057
-4,6,168.28390984754944
-4,6,108.20652479774435
-4,6,122.72732648826617
-4,6,110.85822746851841
-4,6,71.08957986168765
-4,5,111.80644869101008
-4,5,91.23711641446239
-4,5,112.54425207642753
-4,5,99.2938649815513
-4,5,145.909608802209
-4,4,92.99260497101989
-4,4,90.96739003174034
-4,4,61.233333131375446
-4,4,61.03745828714766
-4,4,185.14889581521533
-4,3,90.0252345760826
-4,3,50.0
-4,3,118.00707410104243
-4,3,86.23278468802124
-4,3,106.09337053101758
-4,2,77.48824592466485
-4,2,138.70241839516513
-4,2,155.28074695777997
-4,2,137.82938488547163
-4,2,88.19796166833098
-4,1,176.47543212617984
-4,1,163.19687843638798
-4,1,158.19516992596382
-4,1,93.8926302344076
-4,1,100.2094462635388
-3,1,90.75403923583421
-3,1,94.2084198539081
-3,1,97.0866250062725
-3,1,142.36616984122756
-3,1,97.46231638548136
-4,1,152.0658210993553
-4,1,67.08743500622074
-4,1,70.84386461138332
-4,1,88.499176417023
-4,1,83.0116920622283
-4,0,174.20778806734032
-4,0,144.04608190026966
-4,0,91.15122089634738
-4,0,185.04803907696117
-4,0,87.00711343203474
-5,0,183.5503623913021
-5,0,57.62938197896918
-5,0,66.45542381766472
-5,0,100.04984195701823
-5,0,80.06599330595945
-5,-1,103.46735741750754
-5,-1,100.70604237121472
-5,-1,86.18858550225156
-5,-1,152.01936139234073
-5,-1,181.51355786042706
-6,-1,84.29618184118695
-6,-1,59.64243060898063
-6,-1,187.4353801770385
-6,-1,67.76173643764726
-6,-1,168.822426014901
-6,-2,153.09334791943508
-6,-2,76.23681737461122
-6,-2,61.18678064895458
-6,-2,66.77969690916747
-6,-2,77.0407697354852
-7,-2,137.11676057913877
-7,-2,171.00537336942438
-7,-2,147.31063455971332
-7,-2,66.33638266505302
-7,-2,163.10003133766054
-8,-2,164.2725218549534
-8,-2,81.28947336620125
-8,-2,62.702141846213536
-8,-2,153.16128946470704
-8,-2,95.00148831053605
-8,-1,81.04152817776243
-8,-1,76.8567903669986
-8,-1,91.00727235077333
-8,-1,83.04094730774028
-8,-1,157.93191799771495
-8,-2,73.44311007356067
-8,-2,150.1009918591703
-8,-2,73.23194885203019
-8,-2,179.96571343919598
-8,-2,117.3625311493194
-8,-3,69.69852346363461
-8,-3,83.48901507548855
-8,-3,65.44936012969248
-8,-3,70.01633020469158
-8,-3,96.56332673459397
-8,-4,148.31522155401217
-8,-4,101.76400265875866
-8,-4,72.99496227888538
-8,-4,76.255681599725
-8,-4,78.0000909227403
-8,-3,118.27858471199863
-8,-3,60.04739909666922
-8,-3,79.85976431298243
-8,-3,169.0243525037683
-8,-3,166.45310565386347
-8,-2,177.9136296837279
-8,-2,136.36481909095954
-8,-2,115.22342030922705
-8,-2,84.89183205423367
-8,-2,60.919528424955104
-8,-1,83.68584101966944
-8,-1,73.92402090538984
-8,-1,81.24216535443853
-8,-1,76.49694693572117
-8,-1,50.0
-8,0,105.58781364948243
-8,0,83.83409890812817
-8,0,160.67487749109074
-8,0,77.89702179850495
-8,0,93.7852166188447
-8,1,62.12725630422355
-8,1,197.39540626527312
-8,1,76.56776789271511
-8,1,58.376842250279594
-8,1,141.27557011260873
-8,0,63.03314919589387
-8,0,50.0
-8,0,66.31415163692212
-8,0,50.0
-8,0,63.61399444085002
-8,1,143.11388572179644
-8,1,115.8127643455681
-8,1,79.19612263441277
-8,1,135.75923630432237
-8,1,82.15634300519241
-9,1,55.46135745376131
-9,1,81.66179773178642
-9,1,70.65502382011869
-9,1,110.50828514485332
-9,1,87.60295798014512
-9,2,81.83550949636344
-9,2,114.07539116727132
-9,2,105.26615436014116
-9,2,136.82324667426042
-9,2,116.04980540010006
-9,3,125.41199919899665
-9,3,65.40142496857231
-9,3,82.77052954009393
-9,3,77.84480580669944
-9,3,126.14906095024979
-8,3,80.53159291645703
-8,3,78.34806477384575
-8,3,109.41456943105294
-8,3,135.93022432620612
-8,3,102.37960082791885
-8,2,111.19196594040451
-8,2,77.42038504242068
-8,2,156.34480884594055
-8,2,127.51533387939008
-8,2,108.88958704632662
-8,3,185.0260482121331
-8,3,60.40751178347976
-8,3,55.38479694394853
-8,3,92.23029118611493
-8,3,74.31958360933324
-7,3,150.85613505181686
-7,3,95.09729178691197
-7,3,148.02479954751647
-7,3,122.68696989491818
-7,3,97.61358400155176
-6,3,73.25731959666702
-6,3,127.39665227030794
-6,3,125.3532304533646
-6,3,90.51268634500782
-6,3,102.69774650151396
-5,3,145.87574233133222
-5,3,60.76229796831316
-5,3,87.12095339229037
-5,3,134.50238935140894
-5,3,68.33154932627015
-5,4,146.5251281592366
-5,4,95.30567129734018
-5,4,167.10085032085763
-5,4,109.30735029488085
-5,4,57.98945821070028
-4,4,117.854846285921
-4,4,151.44309562072777
-4,4,69.3033021089797
-4,4,74.11006976777321
-4,4,109.48513777585474
-4,5,77.13381296110109
-4,5,61.222841171201196
-4,5,61.52370860375258
-4,5,62.23895193276812
-4,5,95.59693843173399
-4,4,63.67933602157945
-4,4,51.15693852568694
-4,4,102.13157155028759
-4,4,82.71334200020591
-4,4,177.36431632443075
-4,5,152.0914810496712
-4,5,110.60549701529916
-4,5,95.28764130774844
-4,5,128.796986606263
-4,5,81.96687859843898
-4,6,89.98849330756411
-4,6,50.0
-4,6,70.90044032028703
-4,6,135.68937385575288
-4,6,121.3962845738349
-4,7,117.70500605656439
-4,7,101.86169530686554
-4,7,98.92145077375872
-4,7,188.3415242804166
-4,7,135.16733404772867
-4,8,79.65643927623795
-4,8,79.131818267535
-4,8,69.15923950701203
-4,8,62.68738584025988
-4,8,84.35693698706464
-4,9,132.23670523611614
-4,9,92.07861663866437
-4,9,95.84027375490487
-4,9,118.64371747905105
-4,9,82.26024948420957
-3,9,61.29771075931352
-3,9,83.73645570298551
-3,9,64.25023841599749
-3,9,167.39262642541277
-3,9,111.58413250485074
-3,8,67.96379974209752
-3,8,65.22982543929537
-3,8,157.84380356767377
-3,8,167.7381554751894
-3,8,83.29407074561006
-2,8,57.02139714608704
-2,8,76.22965136647717
-2,8,170.26628402171414
-2,8,84.36800570814903
-2,8,67.30249084222446
-2,9,149.14185379088016
-2,9,107.37454885978903
-2,9,140.28790322615185
-2,9,66.96750965891029
-2,9,187.6248433698819
-2,10,56.34669612745201
-2,10,75.43467533023961
-2,10,82.3570622475516
-2,10,111.76739340755294
-2,10,54.363935589767024
-2,11,114.07437515587488
-2,11,112.82165502162432
-2,11,50.0
-2,11,128.15964707327387
-2,11,146.4870814832989
-2,12,91.61710747986321
-2,12,119.5982816767149
-2,12,84.47328032215206
-2,12,54.22562863016549
-2,12,57.09003315071317
-1,12,163.3687213251158
-1,12,122.96699561472933
-1,12,57.07719962230974
-1,12,92.10590748362765
-1,12,50.0
-1,13,81.08269529028182
-1,13,162.4346511890463
-1,13,68.7109310110904
-1,13,78.02595231830821
-1,13,108.30040180227999
0,13,73.41610609716321
0,13,131.78409608442823
0,13,115.31246197340016
0,13,110.19583206640866
0,13,87.59074632060944
0,14,50.0
0,14,68.31252994257167
0,14,65.58027686613237
0,14,78.1700713454936
0,14,81.23199987101373
0,13,56.69504321274478
0,13,102.03428686568125
0,13,78.6307223919646
0,13,106.03924518726608
0,13,118.25010998871944
0,12,84.88294394797447
0,12,125.84423835076784
0,12,133.9088222197225
0,12,89.53952751332557
0,12,125.65043684525472
0,13,97.67716098336678
0,13,71.34846684105143
0,13,125.90876795978946
0,13,57.56283751569273
0,13,124.48534551430322
0,14,80.13660096761308
0,14,50.0
0,14,142.94297603045857
0,14,81.08269529028182
0,14,63.14233563309323
-1,14,64.0779776444965
-1,14,69.28578275163795
-1,14,64.84837683143297
-1,14,60.456538245689295
-1,14,50.0
-1,15,51.86243015307343
-1,15,53.73387426404376
-1,15,72.57120607894389
-1,15,68.83049337810147
-1,15,75.761446222394
0,15,97.02326949348618
0,15,88.08049806213917
0,15,122.36403739449528
0,15,82.94080015453386
0,15,131.33234475423382
1,15,82.1899560141926
1,15,100.6721953363203
1,15,95.14448100559092
1,15,92.92847641245606
1,15,52.58374430755488
1,16,96.3012096633718
1,16,82.62039071708988
1,16,58.628881909922185
1,16,50.0
1,16,75.27786441498279
2,16,94.62229711393928
2,16,100.97089589038515
2,16,138.98955468219575
2,16,61.33304872214162
2,16,59.57630376058447
2,17,59.838838678978476
2,17,77.75013139625943
2,17,52.88901876499736
2,17,117.2753094663674
2,17,80.18575162791274
2,18,81.08269529028182
2,18,68.00321359038215
2,18,50.0
2,18,126.96129867028802
2,18,68.08668714712833
3,18,51.37691960480658
3,18,83.2822556837696
3,18,73.79449798652391
3,18,50.0
3,18,50.0
3,19,50.0
3,19,81.08269529028182
3,19,61.580241116594635
3,19,71.2030918463582
3,19,50.0
4,19,81.08269529028182
4,19,87.38372129950855
4,19,109.99931315184438
4,19,81.08269529028182
4,19,81.08269529028182
4,20,50.0
4,20,96.60025075067271
4,20,65.6770236434949
4,20,81.08269529028182
4,20,50.0
5,20,50.0
5,20,115.16839159536515
5,20,81.08269529028182
5,20,97.83920028136365
5,20,91.79435957677978
6,20,81.08269529028182
6,20,115.21671989209699
6,20,92.35069352602729
6,20,75.06690025288277
6,20,81.08269529028182
7,20,50.0
7,20,58.51834181736065
7,20,115.002145631509
7,20,96.44917664161085
7,20,60.14681732409347
6,20,55.74729365137762
6,20,50.0
6,20,81.08269529028182
6,20,81.84036742624788
6,20,81.08269529028182
7,20,55.11581048486645
7,20,81.08269529028182
7,20,50.0
7,20,74.41361836991285
7,20,81.08269529028182
8,20,51.63816349232605
8,20,123.55085037227494
8,20,55.74729365137762
8,20,81.08269529028182
8,20,67.16733809608323
9,20,96.51239909637205
9,20,50.08788664038899
9,20,72.50463018709665
9,20,138.568504027424
9,20,81.08269529028182
10,20,50.0
10,20,69.10422746860803
10,20,55.74729365137762
10,20,74.40490904114712
10,20,81.08269529028182
11,20,91.22150718885045
11,20,55.74729365137762
11,20,50.0
11,20,89.24724527531288
11,20,50.0
12,20,81.08269529028182
12,20,121.54259532117854
12,20,90.92081178402344
12,20,81.08269529028182
12,20,50.42952138783125
13,20,50.0
13,20,81.08269529028182
13,20,50.0
13,20,60.41120511865334
13,20,50.0
14,20,81.08269529028182
14,20,84.29032204162941
14,20,55.74729365137762
14,20,50.0
14,20,55.74729365137762
15,20,92.68515370187416
15,20,50.0
15,20,81.08269529028182
15,20,50.0
15,20,50.0
16,20,55.74729365137762
16,20,50.0
16,20,55.74729365137762
16,20,83.20515531846227
16,20,97.36165690449599
17,20,81.08269529028182
17,20,50.0
17,20,58.42426349540369
17,20,50.0
17,20,55.74729365137762
18,20,76.06052681618479
18,20,50.0
18,20,81.08269529028182
18,20,54.630617260708206
18,20,50.0
17,20,81.08269529028182
17,20,81.08269529028182
17,20,50.0
17,20,55.85637469020655
17,20,59.361041204851134
18,20,58.65882260309262
18,20,98.50749210926276
18,20,81.08269529028182
18,20,81.08269529028182
18,20,81.08269529028182
17,20,81.08269529028182
17,20,60.31543083531711
17,20,65.02922288421934
17,20,50.0
17,20,50.0
18,20,50.0
18,20,81.08269529028182
18,20,50.0
18,20,81.08269529028182
18,20,55.74729365137762
19,20,50.0
19,20,50.0
19,20,50.0
19,20,81.08269529028182
19,20,50.0
20,20,50.0
20,20,55.74729365137762
20,20,61.666120632800485
20,20,81.08269529028182
20,20,50.0
20,19,81.08269529028182
20,19,81.08269529028182
20,19,55.74729365137762
20,19,55.74729365137762
20,19,59.83136181786957
19,19,50.0
19,19,50.0
19,19,50.0
19,19,81.08269529028182
19,19,50.0
18,19,50.0
18,19,81.08269529028182
18,19,55.74729365137762
18,19,50.0
18,19,53.519786097307545
17,19,50.0
17,19,81.08269529028182
17,19,55.74729365137762
17,19,50.0
17,19,85.06162440596428
16,19,55.74729365137762
16,19,50.0
16,19,69.72325650709662
16,19,55.74729365137762
16,19,50.0
17,19,82.8031008370062
17,19,50.0
17,19,64.94864973717063
17,19,81.08269529028182
17,19,81.08269529028182
17,18,58.15645843937263
17,18,50.0
17,18,60.35755125964992
17,18,85.01522664136769
17,18,50.0
16,18,51.51046550459789
16,18,55.74729365137762
16,18,56.942832684830364
16,18,50.0
16,18,66.94180144915921
15,18,50.0
15,18,50.0
15,18,55.74729365137762
15,18,50.0
15,18,55.38660935105732
14,18,81.08269529028182
14,18,55.714227853263885
14,18,50.0
14,18,93.67014578211489
14,18,111.33022916682268
13,18,82.96964814872464
13,18,59.97353541770133
13,18,50.0
13,18,70.05023016923232
13,18,57.11541529952113
12,18,81.08269529028182
12,18,50.0
12,18,81.08269529028182
12,18,58.80666185207892
12,18,78.27914897853451
11,18,76.00093525388984
11,18,77.10265776863952
11,18,73.83222386590919
11,18,55.74729365137762
11,18,101.66871722945645
10,18,64.93178145141503
10,18,50.0
10,18,50.0
10,18,67.8108196134935
10,18,105.33718627961791
9,18,50.0
9,18,61.756447114037705
9,18,87.02439163974783
9,18,77.8571157343485
9,18,81.08269529028182
8,18,70.24867361183291
8,18,50.0
8,18,108.78636787291245
8,18,57.70680674561736
8,18,102.48286448801467
7,18,120.3890511976519
7,18,67.83198425234234
7,18,61.82200635544252
7,18,129.6089694042981
7,18,73.13955411014571
7,17,64.04405828985684
7,17,109.91839757776584
7,17,81.08269529028182
7,17,84.83366500847052
7,17,65.39951984224693
8,17,55.74729365137762
8,17,68.55923586790858
8,17,50.0
8,17,50.06499923370439
8,17,56.62358822308288
7,17,95.70916224650034
7,17,72.39241903138512
7,17,124.72625520240946
7,17,61.887252641992475
7,17,129.0153845702742
6,17,67.16771494787146
6,17,66.53786306527495
6,17,66.88189215761062
6,17,85.38593774425419
6,17,54.39314621658846
5,17,81.08269529028182
5,17,50.0
5,17,58.77045168440325
5,17,111.78819846708535
5,17,58.25959488067819
4,17,50.0
4,17,62.200958214423274
4,17,54.75477849051081
4,17,135.78554163514312
4,17,66.69378237372729
3,17,51.86220784432251
3,17,85.60585108568935
3,17,70.6565198754509
3,17,132.58937691031207
3,17,81.08269529028182
2,17,87.94227550011136
2,17,84.44434900525196
2,17,123.2949083550177
2,17,50.0
2,17,112.49926727366014
1,17,96.35479964735465
1,17,109.8119826773426
1,17,139.04972164767327
1,17,74.71875069137756
1,17,57.49149950159378
0,17,93.40628636225203
0,17,50.0
0,17,98.42445796870138
0,17,121.71093221677046
0,17,62.617158804691776
0,18,69.0303625331638
0,18,103.3564008038765
0,18,72.5370127621546
0,18,92.86020102891597
0,18,64.23085045859217
0,17,75.29514286696397
0,17,84.08434361288575
0,17,54.68183746170454
0,17,131.48185088617942
0,17,86.88846180369968
-1,17,64.34899028121325
-1,17,102.62282093522604
-1,17,91.19255270387231
-1,17,77.09204004476231
-1,17,146.82172542685507
-2,17,50.0
-2,17,140.17605397064492
-2,17,78.2930133520902
-2,17,71.93162498215439
-2,17,87.23942122282335
-3,17,64.1752326607731
-3,17,81.08269529028182
-3,17,81.08269529028182
-3,17,78.59549525181772
-3,17,98.71424426222565
-3,16,90.97895880806115
-3,16,59.87540040430384
-3,16,65.04210231169577
-3,16,86.94313269823925
-3,16,81.08269529028182
-4,16,59.83078539144386
-4,16,50.0
-4,16,50.0
-4,16,143.86414715051268
-4,16,135.79841132630776
-3,16,102.57700429521331
-3,16,54.41943438392905
-3,16,121.4857679579837
-3,16,58.56831870446713
-3,16,56.702544194643835
-4,16,50.0
-4,16,68.92655008412206
-4,16,117.10599025747698
-4,16,56.80499633644675
-4,16,61.414198026094205
-3,16,54.39670193375443
-3,16,51.50383841585177
-3,16,50.963562487082484
-3,16,50.0
-3,16,65.77047852086555
-2,16,55.74729365137762
-2,16,95.01230095508834
-2,16,103.00386322299445
-2,16,122.77357152758132
-2,16,144.61302235252145
-1,16,77.68640631567803
-1,16,121.05155877157225
-1,16,61.03068834003667
-1,16,51.762013503003104
-1,16,60.12809143461665
-1,15,66.99552175813832
-1,15,150.05293460128536
-1,15,81.66371212943014
-1,15,52.369300860143795
-1,15,107.83726904886669
-2,15,50.0
-2,15,81.08269529028182
-2,15,79.9314095394733
-2,15,50.0
-2,15,62.491718644698906
-1,15,50.55003056193107
-1,15,108.19199385632407
-1,15,118.18664373889021
-1,15,136.26868746938771
-1,15,113.12324747297983
-1,14,127.34791039220207
-1,14,98.19253148826162
-1,14,133.59389935195358
-1,14,68.02176471437932
-1,14,102.15276049204812
-2,14,74.77396725692914
-2,14,59.830279157931066
-2,14,50.0
-2,14,106.51370030798182
-2,14,55.74729365137762
-1,14,127.77641018308279
-1,14,123.42900330850757
-1,14,63.472605646757145
-1,14,50.0
-1,14,50.0
0,14,64.11173867614563
0,14,81.08269529028182
0,14,95.43646068676544
0,14,107.83955235131276
0,14,119.07386091716916
0,13,69.20226882251558
0,13,55.09522636760097
0,13,60.17216479507046
0,13,64.59608092893224
0,13,81.08269529028182
1,13,62.61165454697352
1,13,178.46376513548162
1,13,97.99747928210161
1,13,56.61421424454622
1,13,50.0
2,13,124.08930135381578
2,13,81.08269529028182
2,13,72.32836526751775
2,13,152.54741298216254
2,13,51.6018118769344
3,13,131.3856948829908
3,13,50.0
3,13,79.2105017218142
3,13,50.0
3,13,81.08269529028182
3,12,88.0176374408024
3,12,65.08543489567002
3,12,115.13386003224645
3,12,69.51555056087705
3,12,50.0
3,11,55.74729365137762
3,11,129.3768613353511
3,11,53.49742951824828
3,11,82.41008843045545
3,11,126.13841454833091
4,11,61.44718087057794
4,11,157.75871731788777
4,11,53.88422604917166
4,11,68.57323520328504
4,11,55.91883644104772
4,10,93.13790120495797
4,10,131.9599876657486
4,10,81.78873473849455
4,10,142.70686999336107
4,10,145.19468503384905
5,10,144.98570373170196
5,10,120.90194566880487
5,10,162.76826692899687
5,10,106.33982575101113
5,10,60.39026769753859
5,9,139.08515450508264
5,9,85.19448779325883
5,9,50.0
5,9,90.28854140327161
5,9,77.37487458596328
5,8,171.04557942840344
5,8,138.16975800477414
5,8,50.43389636803509
5,8,74.49533310653437
5,8,77.71218938056151
6,8,70.54486071432083
6,8,81.19889768680265
6,8,145.120829577954
6,8,102.2861002156936
6,8,55.74729365137762
7,8,61.252999004471945
7,8,71.43455806851428
7,8,68.39998090571162
7,8,62.4715174803182
7,8,159.44548581572556
7,7,101.96381704443709
7,7,67.23814530853059
7,7,110.45462093217192
7,7,147.68573835136
7,7,50.0
7,6,158.75214463286196
7,6,109.06235516817635
7,6,144.94778057396422
7,6,92.59216502232964
7,6,50.0
8,6,75.29428440348072
8,6,87.31870537668084
8,6,106.12484671871646
8,6,133.8571133296098
8,6,120.4995490834599
9,6,85.95610009985145
9,6,127.37188679494275
9,6,64.14576328611497
9,6,160.67640686460547
9,6,68.7581775266617
8,6,135.97487318373942
8,6,95.18296020988207
8,6,107.75783916014898
8,6,87.02380435399299
8,6,87.63979445757761
8,5,79.96673982214762
8,5,84.47778128846306
8,5,85.16676521560046
8,5,166.63145770602472
8,5,85.21707943292812
8,4,60.038552476396276
8,4,137.42594810518054
8,4,60.74928768348116
8,4,115.84385613511104
8,4,120.33720090648781
8,3,89.41778252022776
8,3,55.74729365137762
8,3,100.41849629956323
8,3,98.55663396710452
8,3,105.56919190968911
7,3,167.62885239418728
7,3,139.96940589159672
7,3,82.99579513526189
7,3,67.43835115104064
7,3,114.04298897984035
6,3,162.90251050372095
6,3,74.83982382252293
6,3,177.55097045231201
6,3,146.65072317572734
6,3,64.68777841790511
7,3,162.32988665649532
7,3,104.55644950625202
7,3,82.60726846543899
7,3,86.50195996170326
7,3,132.77110465761535
8,3,81.8052793068639
8,3,103.34048755909373
8,3,146.57265475703846
8,3,56.6678329196411
8,3,61.31390691025496
9,3,70.0150655642542
9,3,94.2910846971688
9,3,86.37575507886046
9,3,135.66210163264978
9,3,92.4027449768118
10,3,124.1575350416882
10,3,113.03723225353023
10,3,72.5366767766687
10,3,102.50483342568441
10,3,92.36778552409402
11,3,61.956991544842055
11,3,53.76305926561757
11,3,101.53003812184902
11,3,144.12643172367717
11,3,68.17879016099172
11,4,77.16127375356479
11,4,129.64855137072763
11,4,83.43218271024583
11,4,122.2025119593253
11,4,61.34608983790004
12,4,74.01505822627739
12,4,66.68052114700727
12,4,116.80840441021226
12,4,118.26902944805099
12,4,57.24317696244005
12,3,99.48092886143996
12,3,50.0
12,3,71.93163120309154
12,3,72.12167893215126
12,3,50.0
12,2,118.2347043156157
12,2,127.12189632843378
12,2,60.29979501165124
12,2,85.36083999922845
12,2,50.0
13,2,50.097484269132316
13,2,50.0
13,2,50.0
13,2,53.267162958376744
13,2,55.74729365137762
14,2,111.6256471414933
14,2,93.83302503942417
14,2,119.07410491118735
14,2,109.02964281413047
14,2,50.0
15,2,108.4218757018289
15,2,50.0
15,2,97.69620290890745
15,2,102.65030691883635
15,2,120.18535395958077
16,2,127.98417697798881
16,2,118.39847767441213
16,2,102.690386902924
16,2,65.43907599329448
16,2,157.3839142306992
16,1,110.4553611523353
16,1,148.3054650181385
16,1,70.25443942193719
16,1,126.74409565116905
16,1,50.0
15,1,74.6712664104448
15,1,62.930470905560306
15,1,77.79010610201387
15,1,92.23818251904821
15,1,57.49502651211572
16,1,58.440006910961614
16,1,66.77237650542794
16,1,127.73356042170569
16,1,87.22399772918052
16,1,132.33729777694458
16,0,66.84875515218356
16,0,77.20671223441467
16,0,97.165720920264
16,0,58.08555107070164
16,0,121.35257195778894
17,0,50.0
