0,11,70.43143894374194
0,11,105.05787868806544
0,11,79.5101383820919
0,11,66.05004175256039
0,12,50.0
0,12,104.04011115131871
0,12,68.74588010453559
0,12,96.53934319365393
0,12,54.03395293239947
0,11,123.38460104933196
0,11,89.38889282035932
0,11,55.74729365137762
0,11,63.64299702112075
0,11,122.65060388403056
0,10,50.0
0,10,156.26959895952064
0,10,130.88924148643147
0,10,111.77528803203128
0,10,60.6536082812108
0,11,122.68363853651383
0,11,108.05619841496133
0,11,81.96498847470578
0,11,151.44411012584263
0,11,89.5151093123844
0,10,133.99262718033094
0,10,124.58796637261639
0,10,79.95469325118265
0,10,111.52333838012828
0,10,69.64386683847016
-1,10,54.541697553008724
-1,10,57.91564265576158
-1,10,87.10244185504473
-1,10,62.92706864125175
-1,10,112.8489268847619
-1,11,79.60428182574736
-1,11,151.55073638447212
-1,11,151.17565997914508
-1,11,153.2891017376587
-1,11,74.12172990159665
-1,12,51.6261750118702
-1,12,110.55790977719327
-1,12,126.11094373101676
-1,12,64.92935352078108
-1,12,81.20660355390487
-1,11,122.2491076099533
-1,11,124.17818958443118
-1,11,64.04811278188444
-1,11,148.90414306045835
-1,11,73.55562718505507
-1,10,116.29681145833642
-1,10,77.8227407019756
-1,10,131.53895201666333
-1,10,74.26160674161032
-1,10,50.0
-1,11,69.2428338861653
-1,11,75.6921800709303
-1,11,110.21891904423389
-1,11,150.6682035100114
-1,11,67.28286880077238
-2,11,57.35545727441149
-2,11,99.80777108724766
-2,11,63.33303128469156
-2,11,140.99771363281232
-2,11,58.21586240531762
-2,10,70.66997672948803
-2,10,63.137317452204556
-2,10,89.29876460973517
-2,10,106.4342883150599
-2,10,66.01102985562214
-3,10,132.9088752195804
-3,10,156.59584237170546
-3,10,76.35908809183164
-3,10,96.4631510535362
-3,10,112.12244731214362
-3,9,60.52315570338119
-3,9,89.21533101029158
-3,9,75.73739614245409
-3,9,55.4030518221237
-3,9,111.20386402285946
-3,8,98.04332908382905
-3,8,66.20685010513218
-3,8,129.7033984438077
-3,8,52.03326880783109
-3,8,112.98170544042821
-2,8,111.54922992392346
-2,8,142.64130195109618
-2,8,166.92528152979122
-2,8,93.61387793704526
-2,8,56.11983322290524
-3,8,117.33989503177183
-3,8,76.40247067184272
-3,8,146.5604572575965
-3,8,67.80496219996877
-3,8,124.87557094608994
-4,8,151.40104480766826
-4,8,50.0
-4,8,130.9884678872206
-4,8,66.7433904849747
-4,8,81.30149187252441
-4,7,79.83723485165021
-4,7,199.19882336777914
-4,7,51.34731214666131
-4,7,218.58294568176055
-4,7,72.93564172922193
-4,6,86.8207957884386
-4,6,88.9948034733386
-4,6,141.7730665935307
-4,6,161.3022133915493
-4,6,106.2971812211392
-4,5,75.26298583478331
-4,5,165.99180293315612
-4,5,57.35765055313121
-4,5,73.04982227193135
-4,5,148.6020131114035
-4,4,121.47742774886314
-4,4,65.0874091905039
-4,4,154.65996654101633
-4,4,72.2420224480044
-4,4,89.84488459880487
-4,3,138.88989094466825
-4,3,133.35208254357116
-4,3,181.3795764462081
-4,3,58.31617058978709
-4,3,95.40577283382778
-4,2,105.93675455472265
-4,2,157.66234736193536
-4,2,153.3139860256907
-4,2,56.73502225859748
-4,2,73.52846772532142
-4,1,166.6663078513031
-4,1,87.21046216596156
-4,1,99.46313939484034
-4,1,122.85389207650346
-4,1,103.46533543141032
-3,1,67.07193156776046
-3,1,101.41827023921718
-3,1,187.34177663636314
-3,1,158.50743626896383
-3,1,68.1998852717067
-4,1,152.10858116139866
-4,1,182.3640853562783
-4,1,172.32900495049668
-4,1,50.74320128395307
-4,1,105.10157413825986
-4,0,79.22090386611424
-4,0,74.14380136695465
-4,0,151.74253960601465
-4,0,89.7147650607011
-4,0,108.59639427780795
-5,0,83.910996862705
-5,0,84.64213290590286
-5,0,149.2459570071218
-5,0,173.74786102118102
-5,0,94.05124405303467
-5,-1,99.24619576905557
-5,-1,86.32402214004942
-5,-1,86.41461596718483
-5,-1,137.91186816200553
-5,-1,105.87057792428364
-6,-1,103.76449672974687
-6,-1,173.73254445173663
-6,-1,168.86445600767016
-6,-1,76.37377921975936
-6,-1,111.51018073994653
-6,-2,114.6099546980389
-6,-2,205.03314621255993
-6,-2,83.21631036650298
-6,-2,101.83498455563458
-6,-2,170.86546290142306
-7,-2,122.1831389775319
-7,-2,141.428784680538
-7,-2,96.14350125596533
-7,-2,114.06219932131344
-7,-2,122.72900279284306
-8,-2,68.53835653163972
-8,-2,154.96277238915485
-8,-2,138.44283642097216
-8,-2,135.14239278740905
-8,-2,78.45741558104629
-8,-1,77.71966397365333
-8,-1,63.336513537245686
-8,-1,50.0
-8,-1,195.03503951259853
-8,-1,91.28635007754457
-8,-2,87.66491275434707
-8,-2,119.58362741651669
-8,-2,84.99459182882983
-8,-2,82.75597683033442
-8,-2,93.04206450595345
-8,-3,66.19002611565537
-8,-3,134.48640640565668
-8,-3,144.01692786188727
-8,-3,84.03733746102561
-8,-3,140.95449984817284
-8,-4,75.02862522025474
-8,-4,50.96548548774655
-8,-4,136.63767011443574
-8,-4,122.26743236229389
-8,-4,78.62174254514056
-8,-3,181.17324040603384
-8,-3,97.15139450889264
-8,-3,147.31779641879461
-8,-3,90.05409444234373
-8,-3,76.65543420687021
-8,-2,72.75990421492205
-8,-2,96.83203107563894
-8,-2,90.5393257414006
-8,-2,108.09305764301779
-8,-2,76.47916864106772
-8,-1,86.8601194713795
-8,-1,83.85102823865824
-8,-1,150.43687898166118
-8,-1,155.8833510869099
-8,-1,50.0
-8,0,81.24050754948112
-8,0,125.0743026348127
-8,0,91.6383547754858
-8,0,99.66960608551773
-8,0,169.22921279668947
-8,1,100.3794920743228
-8,1,149.23848319008238
-8,1,135.96905037819863
-8,1,132.75212838991246
-8,1,82.77850659720661
-8,0,73.98231054601816
-8,0,59.62777679514967
-8,0,60.363909635275895
-8,0,91.8518431004457
-8,0,116.90062519061473
-8,1,78.59293150548152
-8,1,68.79922715367755
-8,1,128.73112993413693
-8,1,78.6804688955876
-8,1,90.57561055796157
-9,1,127.2780573500035
-9,1,93.5809156762383
-9,1,158.70653183111722
-9,1,67.25872433282576
-9,1,104.56469232280296
-9,2,97.7960493013581
-9,2,52.15553771606764
-9,2,115.67282226697611
-9,2,97.62128797258896
-9,2,80.47336040623293
-9,3,50.79038436853398
-9,3,58.055819568683766
-9,3,68.15314368918817
-9,3,110.23608152317667
-9,3,162.92720202205314
-8,3,210.95514720379788
-8,3,168.5169786528784
-8,3,93.26463153838937
-8,3,116.49635098748767
-8,3,67.89388387606327
-8,2,124.47405789664674
-8,2,78.12054376814714
-8,2,56.78424498938509
-8,2,156.25867426051948
-8,2,89.19639456474779
-8,3,156.70221809318286
-8,3,73.53567141108806
-8,3,62.340808851075465
-8,3,72.72010421310232
-8,3,99.23769872298169
-7,3,96.87758086251556
-7,3,69.19272210910725
-7,3,59.71288250520899
-7,3,69.38906947653437
-7,3,146.10838540741278
-6,3,104.18690094134679
-6,3,120.33389345481345
-6,3,98.82049510956539
-6,3,162.21615838179693
-6,3,158.67960678654032
-5,3,115.66063682133758
-5,3,132.95370634422866
-5,3,59.00227975135248
-5,3,106.86289889238371
-5,3,94.50965238695971
-5,4,98.547515162614
-5,4,108.97410804873003
-5,4,133.44489980385464
-5,4,61.62429713497836
-5,4,94.30165580467677
-4,4,98.67436599468931
-4,4,162.07140047556447
-4,4,79.85952684396248
-4,4,77.77935647390801
-4,4,98.20234342843712
-4,5,126.12373888979488
-4,5,66.14577257446716
-4,5,71.77831525028044
-4,5,60.58024455230127
-4,5,125.50312133926718
-4,4,141.7315054607065
-4,4,131.60785789901945
-4,4,92.58544810307883
-4,4,69.04380930065665
-4,4,128.0195179567399
-4,5,150.49872011783427
-4,5,117.33044198892621
-4,5,151.00330958549907
-4,5,75.03251457483289
-4,5,96.72079152033042
-4,6,159.68481573723867
-4,6,165.6306819334505
-4,6,136.93360089501445
-4,6,137.42200222177013
-4,6,57.084974755253896
-4,7,59.604779479112636
-4,7,56.521866422567854
-4,7,88.89564806345301
-4,7,113.81278783577622
-4,7,63.96595582318739
-4,8,135.281834463515
-4,8,58.449892725183275
-4,8,100.8604110689714
-4,8,76.26493351420702
-4,8,73.81132469109299
-4,9,66.42025621155476
-4,9,103.38620197055073
-4,9,161.1153563900584
-4,9,154.7576472272618
-4,9,81.64319018001468
-3,9,153.04896256052677
-3,9,178.54847125003872
-3,9,98.68257811067579
-3,9,68.99191321092312
-3,9,104.85569120859864
-3,8,140.1054188300719
-3,8,82.6338837248046
-3,8,125.49669636906629
-3,8,67.9809382249263
-3,8,146.7128395807245
-2,8,143.57176578770765
-2,8,67.72656804702778
-2,8,89.42016330759098
-2,8,157.1932992868587
-2,8,71.40730215056155
-2,9,73.33533128619273
-2,9,99.31336209101812
-2,9,77.4514821603506
-2,9,50.0
-2,9,117.58776879367556
-2,10,161.3973224018775
-2,10,135.66926647205622
-2,10,54.968137772097904
-2,10,104.34185187812497
-2,10,73.1067954856045
-2,11,127.69773902406777
-2,11,56.63385369549569
-2,11,162.42894418504463
-2,11,129.44922411394234
-2,11,153.75014349792787
-2,12,54.509882760170825
-2,12,50.0
-2,12,107.14938704883332
-2,12,91.93227655744002
-2,12,68.67271931908294
-1,12,144.2464806096654
-1,12,115.09079908413976
-1,12,87.56638464210351
-1,12,96.8172214903204
-1,12,80.88238032672864
-1,13,54.595655302246584
-1,13,70.9531387564779
-1,13,69.30963937103054
-1,13,122.32737838113196
-1,13,122.28000036685135
0,13,109.04943828087295
0,13,126.83554178498756
0,13,50.0
0,13,58.31833733589756
0,13,50.0
0,14,123.93642227468172
0,14,82.05288600419698
0,14,79.5748619250822
0,14,75.78107371671996
0,14,81.08269529028182
0,13,86.36480009834037
0,13,97.18850007780728
0,13,189.06472091889006
0,13,89.21837460295723
0,13,105.37121247209252
0,12,79.83723011935906
0,12,66.11103738294
0,12,121.0339483027968
0,12,98.47663122314107
0,12,69.5507968575042
0,13,107.09366473131217
0,13,135.47385240190386
0,13,90.29031495281792
0,13,150.21243920073502
0,13,70.65462974845819
0,14,77.76626357486445
0,14,50.40328717881103
0,14,120.36409942224832
0,14,83.81043407544072
0,14,80.21362704973411
-1,14,52.77709576847246
-1,14,50.0
-1,14,82.81436668903419
-1,14,50.0
-1,14,119.57273931192665
-1,15,80.15715104668632
-1,15,65.19267182212286
-1,15,118.36554307564727
-1,15,74.78754392822711
-1,15,89.70049252424343
0,15,129.81463593921055
0,15,75.38144210668929
0,15,117.3767998727812
0,15,97.50055466475757
0,15,73.14373043595245
1,15,80.05505001189468
1,15,50.0
1,15,50.0
1,15,150.97899976146277
1,15,107.06211298641821
1,16,58.84554897550127
1,16,116.21429339256643
1,16,130.7566986478077
1,16,142.77830127557417
1,16,93.33185215474144
2,16,55.74729365137762
2,16,59.401996194564454
2,16,66.78984273759993
2,16,105.44514307899513
2,16,73.43553356958762
2,17,164.26326825809775
2,17,50.0
2,17,81.08269529028182
2,17,55.136937101703616
2,17,81.08269529028182
2,18,87.07290969977225
2,18,116.1651481727211
2,18,81.12553926697029
2,18,52.251174267966206
2,18,125.22830265665037
3,18,53.7498960433154
3,18,69.87442309256868
3,18,98.59995972536582
3,18,127.48574604897107
3,18,104.7469521858387
3,19,50.0
3,19,111.35885514036401
3,19,68.11178278193486
3,19,75.23037138062138
3,19,77.3620233489508
4,19,81.08269529028182
4,19,81.67888375176055
4,19,115.78047113545725
4,19,64.6150661801146
4,19,83.51935941925781
4,20,60.09003298861209
4,20,81.08269529028182
4,20,81.08269529028182
4,20,68.84659968263017
4,20,78.40652542567912
5,20,111.11709820587015
5,20,81.08269529028182
5,20,50.0
5,20,58.793831128618194
5,20,75.80911485568764
6,20,50.0
6,20,61.866281512231296
6,20,50.0
6,20,50.0
6,20,56.398926399388294
7,20,50.113101691579615
7,20,81.08269529028182
7,20,75.86321486762809
7,20,60.402926764014
7,20,81.08269529028182
6,20,117.71508012404915
6,20,50.0
6,20,55.74729365137762
6,20,67.40728633777718
6,20,128.8795937845333
7,20,102.71397103670932
7,20,50.0
7,20,81.08269529028182
7,20,55.74729365137762
7,20,73.62404555908364
8,20,55.938648600400505
8,20,86.0442013724746
8,20,50.0
8,20,61.45980523687567
8,20,50.412236243448575
9,20,50.0
9,20,73.12096663349934
9,20,73.35558931255756
9,20,55.74729365137762
9,20,50.0
10,20,73.3241837844484
10,20,50.0
10,20,83.60137559492102
10,20,50.696519944381905
10,20,57.73287106185845
11,20,97.57310146332756
11,20,81.08269529028182
11,20,50.0
11,20,51.144901659485335
11,20,106.17646392113743
12,20,50.0
12,20,50.0
12,20,62.574739561087135
12,20,54.48605939386033
12,20,81.08269529028182
13,20,97.99637496071216
13,20,50.0
13,20,81.08269529028182
13,20,102.51416630757362
13,20,84.39401001334585
14,20,110.70874932671748
14,20,85.62552454923491
14,20,98.65786872081236
14,20,50.0
14,20,51.02332458839787
15,20,55.74729365137762
15,20,68.71977822985185
15,20,50.0
15,20,85.08620403246175
15,20,55.74729365137762
16,20,81.08269529028182
16,20,60.76454464695175
16,20,50.0
16,20,92.3540504189161
16,20,50.440823699770974
17,20,57.60780336125091
17,20,68.52714671766613
17,20,50.0
17,20,54.22605858206304
17,20,50.0
18,20,50.0
18,20,50.0
18,20,50.0
18,20,50.0
18,20,60.553891876989134
17,20,81.08269529028182
17,20,79.70986459904786
17,20,55.74729365137762
17,20,50.0
17,20,81.08269529028182
18,20,80.59011564420592
18,20,81.08269529028182
18,20,50.0
18,20,81.08269529028182
18,20,60.65196626520884
17,20,56.06525999431396
17,20,81.08269529028182
17,20,50.0
17,20,82.33668163931652
17,20,55.74729365137762
18,20,111.51889605241058
18,20,85.65618774466009
18,20,55.74729365137762
18,20,50.0
18,20,81.08269529028182
19,20,81.08269529028182
19,20,50.7497354409304
19,20,70.04551580726283
19,20,81.08269529028182
19,20,58.399536233996216
20,20,82.38899770091464
20,20,55.74729365137762
20,20,81.08269529028182
20,20,55.74729365137762
20,20,81.08269529028182
20,19,81.08269529028182
20,19,81.62514926465522
20,19,50.0
20,19,50.0
20,19,89.92083174941573
19,19,55.74729365137762
19,19,50.0
19,19,50.0
19,19,75.87571566045128
19,19,55.1815566287178
18,19,50.0
18,19,84.35160690700323
18,19,81.08269529028182
18,19,53.513924146982774
18,19,50.0
17,19,81.08269529028182
17,19,81.08269529028182
17,19,50.0
17,19,103.49690262064448
17,19,50.0
16,19,81.08269529028182
16,19,55.74729365137762
16,19,50.0
16,19,92.8236086622696
16,19,81.08269529028182
17,19,72.02870786201056
17,19,81.08269529028182
17,19,73.74387530641323
17,19,50.0
17,19,55.74729365137762
17,18,50.0
17,18,81.08269529028182
17,18,73.37861555024227
17,18,103.25663117197738
17,18,98.86192135471373
16,18,107.25202197637847
16,18,81.08269529028182
16,18,55.74729365137762
16,18,50.0
16,18,81.08269529028182
15,18,50.0
15,18,50.0
15,18,50.0
15,18,79.8884610832089
15,18,81.08269529028182
14,18,64.37522283537855
14,18,54.861580682424034
14,18,50.0
14,18,82.02273647837147
14,18,90.67326748290097
13,18,63.945737551831115
13,18,81.08269529028182
13,18,106.57021975851453
13,18,91.44328197177536
13,18,107.97056847518306
12,18,86.5190530733373
12,18,63.99202776554986
12,18,74.13144328216224
12,18,50.0
12,18,81.08269529028182
11,18,50.0
11,18,82.5204663474742
11,18,55.74729365137762
11,18,55.74729365137762
11,18,58.46670707861772
10,18,58.67833440046526
10,18,53.86315859208861
10,18,50.0
10,18,81.08269529028182
10,18,50.0
9,18,97.48922857339383
9,18,55.74729365137762
9,18,50.0
9,18,73.92115443137327
9,18,50.0
8,18,51.09089377283169
8,18,67.55654816784397
8,18,137.22664931350715
8,18,50.0
8,18,79.05782663252225
7,18,50.0
7,18,55.74729365137762
7,18,75.39082930823308
7,18,97.5859846840129
7,18,50.0
7,17,50.0
7,17,94.68618849340352
7,17,66.98536182994613
7,17,83.24359159791926
7,17,50.0
8,17,90.77944644409378
8,17,77.82963475061577
8,17,81.08269529028182
8,17,52.822209130808766
8,17,53.824439100976285
7,17,51.86973179508052
7,17,57.115879381297816
7,17,96.55857520284314
7,17,66.63707281044577
7,17,60.557402392662226
6,17,101.81090651396389
6,17,86.29982696862294
6,17,50.0
6,17,52.18397677756701
6,17,55.74729365137762
5,17,116.58781779404697
5,17,81.08269529028182
5,17,72.6752139883878
5,17,108.21355644388657
5,17,84.07330241717563
4,17,50.0
4,17,94.37837353160748
4,17,50.0
4,17,50.0
4,17,75.31046238675614
3,17,72.70048770299792
3,17,81.08269529028182
3,17,135.16872309956005
3,17,50.0
3,17,60.14799273755367
2,17,107.68456463639517
2,17,107.23094461395665
2,17,73.94677080744782
2,17,75.4407364479395
2,17,57.49846027575601
1,17,66.96571576163501
1,17,60.02410582375374
1,17,83.97818564493633
1,17,50.0
1,17,101.09260124937566
0,17,123.51033353901474
0,17,80.38662348070922
0,17,84.78085427786874
0,17,135.1617092875575
0,17,50.0
0,18,72.29547568931298
0,18,103.96700925516815
0,18,87.78589142701811
0,18,55.74729365137762
0,18,108.96736321437648
0,17,132.70602021722507
0,17,99.77450240406814
0,17,100.55625962385712
0,17,100.1639768088236
0,17,121.25152193226185
-1,17,88.03275010211358
-1,17,59.16284481122946
-1,17,108.3702595073061
-1,17,90.13496730373623
-1,17,113.15181832952929
-2,17,118.36958514395559
-2,17,175.33975217325977
-2,17,50.0
-2,17,65.41572612646637
-2,17,66.12137965662228
-3,17,73.17519607260215
-3,17,50.0
-3,17,93.91353498637471
-3,17,61.50224944479546
-3,17,63.547897798843124
-3,16,50.615202446084005
-3,16,50.0
-3,16,146.78382879323533
-3,16,104.79566836087356
-3,16,148.55358304493691
-4,16,54.551988731114704
-4,16,87.89818233810436
-4,16,60.452372966140054
-4,16,133.34270617998243
-4,16,102.86947636729745
-3,16,110.66554328481267
-3,16,67.42059873525294
-3,16,99.08881263489059
-3,16,87.25654328017225
-3,16,77.53755564894081
-4,16,148.71538006119965
-4,16,73.30763810132754
-4,16,96.19270170859187
-4,16,93.30985639277611
-4,16,53.31001436826675
-3,16,53.65549727244483
-3,16,121.00506324691047
-3,16,56.28008955402845
-3,16,81.08269529028182
-3,16,76.06313906243636
-2,16,105.9186359021695
-2,16,131.86769716390796
-2,16,73.34706473542224
-2,16,124.43202554249591
-2,16,56.17422707795913
-1,16,81.29229844925393
-1,16,78.40519227059383
-1,16,81.2150395652204
-1,16,73.66195644536126
-1,16,89.17079796854412
-1,15,50.42274280099091
-1,15,122.10412084593996
-1,15,63.89661251541887
-1,15,57.82763267581907
-1,15,64.90239025947687
-2,15,68.61827533428969
-2,15,58.68236701739231
-2,15,50.0
-2,15,111.7542336953255
-2,15,134.00275524958815
-1,15,151.97840481297197
-1,15,59.81283628225348
-1,15,168.27419160943563
-1,15,70.71853604644383
-1,15,70.32141427316222
-1,14,71.75407898124965
-1,14,50.0
-1,14,110.03939430763961
-1,14,159.41131613405832
-1,14,63.17600878463552
-2,14,81.08269529028182
-2,14,98.66598119437552
-2,14,122.2581718647033
-2,14,69.74464316280222
-2,14,81.04657004669741
-1,14,80.61672186703554
-1,14,72.11653461813914
-1,14,53.624829625982066
-1,14,81.37072429036556
-1,14,50.0
0,14,60.82377467814495
0,14,72.45249829621848
0,14,55.74729365137762
0,14,125.01060941254445
0,14,144.2300705942223
0,13,64.50876307095096
0,13,50.0
0,13,88.96357224041583
0,13,67.73221532241932
0,13,50.0
1,13,122.15739415494691
1,13,76.60916510467203
1,13,139.28144550734376
1,13,152.31418556125183
1,13,53.094531158088316
2,13,70.92601080510558
2,13,75.0064823901156
2,13,81.08269529028182
2,13,99.81227794618258
2,13,155.36038464290752
3,13,57.024892824627415
3,13,113.71210091805683
3,13,92.6981161710265
3,13,165.74440186973624
3,13,69.7327310359459
3,12,107.55549917401339
3,12,85.22207585644908
3,12,78.17716985234937
3,12,62.7592697994717
3,12,75.62861756831414
3,11,55.42015301540482
3,11,77.34726217193098
3,11,52.41400969638346
3,11,112.35291014728315
3,11,69.66595498194769
4,11,155.2082368125727
4,11,87.20949582404464
4,11,64.99564260454011
4,11,135.20108208011524
4,11,147.3991155810866
4,10,134.53944084012022
4,10,135.90751151568475
4,10,84.74943866084328
4,10,100.3151443627101
4,10,164.4195902502555
5,10,54.980009294826154
5,10,50.0
5,10,74.94311716055189
5,10,174.884004253542
5,10,103.427786484369
5,9,134.1791908796185
5,9,53.99000009491728
5,9,93.8642023706596
5,9,67.49529409208658
5,9,168.70724179612697
5,8,81.57182138406971
5,8,64.29253645808265
5,8,80.61034737894633
5,8,148.6778938177672
5,8,102.58131668094288
6,8,132.01579430425747
6,8,134.2606300580415
6,8,65.53619954649957
6,8,94.99464518726268
6,8,81.90751938205352
7,8,54.35969269076985
7,8,86.48146367355254
7,8,93.3970559345737
7,8,101.37084315953028
7,8,132.21062964996892
7,7,71.93749107585293
7,7,99.91815848762421
7,7,70.3658755440845
7,7,64.57769116907824
7,7,121.90499333023638
7,6,137.78461253015183
7,6,94.27634789235027
7,6,157.18164340402691
7,6,52.12951921418961
7,6,118.18853061510592
8,6,138.9954401359643
8,6,142.57316350213975
8,6,73.96397653099666
8,6,84.16691787489074
8,6,78.35476315957521
9,6,146.65666954609375
9,6,93.05951864162311
9,6,134.24623594261146
9,6,64.22200924972859
9,6,82.01275863882577
8,6,50.0
8,6,112.1113192353712
8,6,89.15313464985
8,6,129.5381384740728
8,6,122.42778343131812
8,5,125.56948689756183
8,5,84.68760652548359
8,5,159.49462974088996
8,5,78.13372145815119
8,5,73.36531418565309
8,4,81.36859833639326
8,4,128.64644984060658
8,4,74.22264183606757
8,4,82.75263759867664
8,4,114.62569494161605
8,3,193.98314235625352
8,3,98.12799371152337
8,3,83.5007591438537
8,3,58.285059012574756
8,3,114.26699140512788
7,3,181.36920520260801
7,3,96.3302318660365
7,3,107.97292450042818
7,3,151.0862025232913
7,3,150.74117422400016
6,3,70.3283863205181
6,3,66.6847815197024
6,3,92.95995649382472
6,3,148.4660683128638
6,3,163.10661387916497
7,3,104.53049578220961
7,3,69.20358277986568
7,3,97.0004848650615
7,3,71.3821583915227
7,3,50.0
8,3,66.96996138879805
8,3,51.81089346503619
8,3,114.62201787729892
8,3,78.49691999657628
8,3,83.95093170330225
9,3,57.031090084424285
9,3,73.96408321601206
9,3,124.40424643652602
9,3,72.99166201821006
9,3,157.82198681723924
10,3,74.95961939096011
10,3,115.47836546900795
10,3,169.9685916769634
10,3,102.30061843008315
10,3,101.3068237225717
11,3,158.82502038014016
11,3,102.59378561227442
11,3,50.0
11,3,81.8650823660042
11,3,107.39818061531977
11,4,65.67384954910302
11,4,97.84396822341319
11,4,92.69561485387217
11,4,73.71931824321813
11,4,72.80008473112069
12,4,58.83741668938308
12,4,77.0408450613329
12,4,83.12756746983708
12,4,132.39188519608348
12,4,134.22097716557303
12,3,118.6377435619351
12,3,73.84932419338226
12,3,179.73662638640002
12,3,122.05778149976388
12,3,128.61326946162276
12,2,92.38480920834895
12,2,74.96852630935959
12,2,68.0237951020612
12,2,71.52631469543017
12,2,152.57094086880016
13,2,121.53876024582637
13,2,80.05657814256872
13,2,66.97422581234053
13,2,100.24040176053607
13,2,141.49834701358301
14,2,118.93420711578086
14,2,60.37923978498904
14,2,69.86297393704125
14,2,65.60649454346468
14,2,100.99190222316395
15,2,135.63421233165172
15,2,60.43755329588361
15,2,62.164892204013604
15,2,57.63127241490626
15,2,136.39389651227677
16,2,115.4920100136408
16,2,119.78197573698002
16,2,64.59106115308983
16,2,131.38806762800775
16,2,64.77740031375538
16,1,86.4376420782449
16,1,50.0
16,1,82.1535722230183
16,1,63.853184129140324
16,1,111.68705160560371
15,1,55.74729365137762
15,1,82.00244750990473
15,1,139.28970513107427
15,1,53.77804836434098
15,1,97.01824559978111
16,1,114.01215780512253
16,1,91.05701395350022
16,1,88.94055107243732
16,1,73.80904849584596
16,1,102.04155227679945
16,0,51.76069837808753
16,0,89.59011693571075
16,0,96.69750815712476
16,0,122.10342673157042
16,0,75.13093982035136
17,0,97.47022525910712
