0,11,106.10282808552184
0,11,153.1976099872733
0,11,52.407742457192796
0,11,80.36163135190965
0,12,138.9557940622816
0,12,64.00676933344562
0,12,72.00032675220078
0,12,63.17480125010971
0,12,98.39193091923822
0,11,97.59594100462571
0,11,69.4742634521391
0,11,65.38709309793936
0,11,119.3626861009645
0,11,93.50115560550293
0,10,76.3988227203858
0,10,61.323928974366694
0,10,56.5350240213557
0,10,129.8267556642475
0,10,80.1862824213005
0,11,75.92757501058463
0,11,166.74478977795806
0,11,85.56751694767148
0,11,80.75216661984197
0,11,92.94961603404903
0,10,84.8975622899203
0,10,98.39624582400482
0,10,54.821454264496474
0,10,134.09048102840725
0,10,91.66186259037097
-1,10,50.0
-1,10,153.52687933883078
-1,10,85.60537500757583
-1,10,174.51682273544853
-1,10,93.2240484097335
-1,11,146.9176688561298
-1,11,112.44489469946673
-1,11,67.72055780106274
-1,11,78.30150992724121
-1,11,107.22418014277795
-1,12,86.46051084367139
-1,12,122.99996094554365
-1,12,67.1515371354285
-1,12,131.25379955088087
-1,12,65.73828511563374
-1,11,60.152830656918546
-1,11,88.02513922309008
-1,11,114.83143851157939
-1,11,87.11524302690708
-1,11,72.66959576696738
-1,10,74.8774734048859
-1,10,115.50373743504193
-1,10,94.49389213534853
-1,10,105.82609035767028
-1,10,148.32882233841076
-1,11,72.1835044903799
-1,11,92.30228607369011
-1,11,88.54231209066235
-1,11,76.52546257491156
-1,11,94.60884080340868
-2,11,75.14393794238109
-2,11,77.9566870899373
-2,11,50.0
-2,11,93.33447834302255
-2,11,64.72409185307576
-2,10,115.78930450426812
-2,10,107.0960795887528
-2,10,140.8712547251165
-2,10,134.5191857009648
-2,10,147.57119254026128
-3,10,75.58225450699709
-3,10,126.85249264114746
-3,10,139.14017153185702
-3,10,53.00213613538082
-3,10,77.56818817414675
-3,9,107.0553802847943
-3,9,54.99669593626858
-3,9,77.26590114132676
-3,9,54.45113440101696
-3,9,152.53514360715283
-3,8,166.26297350185817
-3,8,138.8389018671268
-3,8,117.78284299921035
-3,8,69.30242781508537
-3,8,71.89517958618325
-2,8,153.5115453048145
-2,8,120.32158477962209
-2,8,50.0
-2,8,81.45644264365767
-2,8,77.09800709988198
-3,8,140.59172370893947
-3,8,105.39027099492932
-3,8,103.0337163807608
-3,8,172.21672640439868
-3,8,134.61920768257275
-4,8,103.20058327542138
-4,8,64.53565314356572
-4,8,143.79395174414296
-4,8,64.06276210914756
-4,8,138.03980376058658
-4,7,150.32726435404751
-4,7,165.72816229525657
-4,7,89.50272501135343
-4,7,57.20092716387865
-4,7,62.63434614677157
-4,6,207.8933810704981
-4,6,102.84032997903716
-4,6,122.86668307124123
-4,6,111.82939012451124
-4,6,86.03609280615923
-4,5,94.79074824479997
-4,5,96.2370829180517
-4,5,164.63057727912073
-4,5,120.45172381150749
-4,5,64.56819067442139
-4,4,182.33385155015526
-4,4,85.12545193611295
-4,4,138.5067786582453
-4,4,172.35210636520193
-4,4,175.45340501216953
-4,3,166.4969925819356
-4,3,69.15175334227415
-4,3,77.96303376400465
-4,3,192.6716598493327
-4,3,158.99682945091135
-4,2,112.27776686977234
-4,2,230.56782160735696
-4,2,97.32599939237738
-4,2,89.42986692547875
-4,2,50.0
-4,1,86.21567519969737
-4,1,117.37737282009132
-4,1,75.73853643580897
-4,1,69.92709947010783
-4,1,93.8822171826069
-3,1,83.58413282032078
-3,1,196.15431965435246
-3,1,76.04673460168821
-3,1,92.19722346410543
-3,1,102.75572317325478
-4,1,77.13260494481116
-4,1,106.84006477000402
-4,1,155.80359509131327
-4,1,144.43210438779232
-4,1,74.69113378274511
-4,0,184.18692552644708
-4,0,85.21268790922764
-4,0,174.12087084542895
-4,0,86.84939057700383
-4,0,86.66902746674594
-5,0,91.68118732991698
-5,0,194.3124178624574
-5,0,79.55471738170684
-5,0,78.85304184610449
-5,0,134.56983933322925
-5,-1,70.1644650744607
-5,-1,104.3627044012082
-5,-1,135.73268746907627
-5,-1,83.94442555931869
-5,-1,131.0184209688397
-6,-1,172.71953173013594
-6,-1,133.84130040978891
-6,-1,151.83934720379025
-6,-1,131.99359463238918
-6,-1,175.16729945022092
-6,-2,97.67262985350226
-6,-2,184.56592813006495
-6,-2,50.0
-6,-2,86.2131892433345
-6,-2,108.79015361782614
-7,-2,101.14579861480794
-7,-2,74.94471194302197
-7,-2,75.17499188835595
-7,-2,81.98512838570355
-7,-2,69.4168835139728
-8,-2,184.58590063867274
-8,-2,134.91569790924706
-8,-2,124.3014722228104
-8,-2,63.875572026239055
-8,-2,72.8659382247096
-8,-1,93.5261150146925
-8,-1,66.4250114477049
-8,-1,87.04074513733833
-8,-1,140.72897355722932
-8,-1,53.39573196099313
-8,-2,69.21984073710952
-8,-2,75.09550402850711
-8,-2,68.39278468608657
-8,-2,81.27720539197635
-8,-2,52.53298881981509
-8,-3,123.67267189672674
-8,-3,109.4927608002782
-8,-3,145.64501649043578
-8,-3,65.54689964843088
-8,-3,65.89453370306049
-8,-4,136.83158826543928
-8,-4,141.85404249848287
-8,-4,101.21616584874909
-8,-4,123.17473073592373
-8,-4,59.957278388264584
-8,-3,129.85148061165143
-8,-3,142.55767103524613
-8,-3,89.05654005877972
-8,-3,78.86155060056791
-8,-3,69.9960636207459
-8,-2,173.15229700155257
-8,-2,144.30168164561027
-8,-2,71.08187144690365
-8,-2,113.76012310014353
-8,-2,118.7792240554609
-8,-1,83.52110478843555
-8,-1,105.8437885846633
-8,-1,119.74265422704543
-8,-1,79.2076663799847
-8,-1,118.80488215810969
-8,0,150.50290091200702
-8,0,149.5394251575951
-8,0,77.5729827764614
-8,0,84.40556192554804
-8,0,149.67685064213006
-8,1,101.8723937788748
-8,1,52.89812952183558
-8,1,97.26347602854155
-8,1,82.72622164043958
-8,1,145.4938807311729
-8,0,164.83297185430615
-8,0,88.39164699153532
-8,0,60.48282898678198
-8,0,96.80583907436771
-8,0,90.54526846190714
-8,1,62.772705965443194
-8,1,145.1267120417988
-8,1,145.14182975078987
-8,1,73.09669250296561
-8,1,97.69345617402672
-9,1,78.4713595208447
-9,1,162.20958746330254
-9,1,78.17342134573994
-9,1,134.15509881762836
-9,1,59.447366078170226
-9,2,152.54631915490614
-9,2,94.89975743964638
-9,2,70.91310024115451
-9,2,95.48066710039221
-9,2,53.93910621835359
-9,3,150.35742648732676
-9,3,79.34946604806976
-9,3,86.27637646449509
-9,3,50.0
-9,3,95.52540521007485
-8,3,138.289656061514
-8,3,128.0357892543417
-8,3,81.51126229994183
-8,3,85.91001783185503
-8,3,157.68699615522996
-8,2,91.21822844724689
-8,2,130.1127205846533
-8,2,111.20925105578695
-8,2,115.6320264731925
-8,2,118.28951299633731
-8,3,158.45360436640047
-8,3,80.16743266171245
-8,3,133.03841153560802
-8,3,75.16055097991214
-8,3,161.69494610497648
-7,3,113.50353546704915
-7,3,104.06294490842265
-7,3,168.58438851914332
-7,3,181.58933934753838
-7,3,79.31854258468572
-6,3,84.73401490184712
-6,3,198.83668181516123
-6,3,95.64330777016929
-6,3,129.92985643166372
-6,3,76.90564013150286
-5,3,139.70447132983793
-5,3,70.6852360603926
-5,3,122.02675820939218
-5,3,144.43193277135404
-5,3,98.49352468555836
-5,4,167.02444874014523
-5,4,77.36944360302527
-5,4,183.2122321521334
-5,4,89.86791338381919
-5,4,85.85641729130573
-4,4,91.41926773087253
-4,4,60.2426440040078
-4,4,61.902606622822034
-4,4,55.69036932268236
-4,4,77.20498086067465
-4,5,75.80916055970992
-4,5,134.0494521931443
-4,5,73.5233078267714
-4,5,84.01243252492995
-4,5,78.78285200959223
-4,4,118.42556296944672
-4,4,174.51449538396264
-4,4,188.84352177929145
-4,4,67.37820694385202
-4,4,81.7578804039093
-4,5,86.17871741242865
-4,5,96.26682732473385
-4,5,64.48381625491812
-4,5,111.67473844825835
-4,5,70.19111062836883
-4,6,182.64374313023828
-4,6,68.78037147430088
-4,6,179.3090101373305
-4,6,149.8640381737029
-4,6,69.4460265610708
-4,7,67.117978533884
-4,7,85.00006498939028
-4,7,141.82351522161431
-4,7,76.96493188923344
-4,7,173.11363055049773
-4,8,174.96494913204555
-4,8,65.05223907686832
-4,8,94.50759594639658
-4,8,73.10099936470857
-4,8,127.6805852982456
-4,9,111.27782707011657
-4,9,82.0391960624066
-4,9,53.11186664082546
-4,9,88.29395966367085
-4,9,75.3649881392621
-3,9,108.04756595137748
-3,9,152.77455202311742
-3,9,69.32711920677554
-3,9,125.99512381533887
-3,9,78.1351116109846
-3,8,108.06613865050005
-3,8,95.97754359353053
-3,8,125.07720507495871
-3,8,138.847093677624
-3,8,89.90918961368634
-2,8,84.66816795181073
-2,8,68.31691707300072
-2,8,81.11572881905215
-2,8,56.99800742719037
-2,8,83.37769614701577
-2,9,107.84882988518481
-2,9,130.74610279298383
-2,9,127.77499772924209
-2,9,74.64663341956908
-2,9,161.61048302759426
-2,10,110.95969714739317
-2,10,155.07493706364266
-2,10,92.75861461385587
-2,10,130.17772384475242
-2,10,68.76200805162995
-2,11,75.35020880003687
-2,11,127.7931770332513
-2,11,77.21808797726432
-2,11,74.43934515889777
-2,11,84.90059320547002
-2,12,133.74284200430458
-2,12,50.0
-2,12,63.526831850991684
-2,12,58.01118920242033
-2,12,123.56115403198055
-1,12,94.49428444130089
-1,12,118.59143899366494
-1,12,82.69946930317347
-1,12,123.89023550233071
-1,12,120.61784074065741
-1,13,114.91295111156731
-1,13,98.48918009811436
-1,13,119.79322914724736
-1,13,69.81328791274045
-1,13,95.44886712279161
0,13,100.78076637818528
0,13,50.0
0,13,56.912857501458845
0,13,114.88288853921813
0,13,122.40909324232078
0,14,54.769942912565426
0,14,116.56225550900125
0,14,126.58652379266974
0,14,132.19385574947296
0,14,69.91441857680863
0,13,50.0
0,13,50.0
0,13,117.46563383649297
0,13,98.89798427885746
0,13,105.89065426855181
0,12,154.36662023656046
0,12,72.42876447156792
0,12,143.76780115605547
0,12,51.837907654872865
0,12,140.71454658706475
0,13,78.84515502265687
0,13,87.32918494211113
0,13,111.39954882221069
0,13,92.12653909679662
0,13,136.33482761294974
0,14,71.85845156217026
0,14,72.00487568953118
0,14,150.7867195016908
0,14,134.63072308712492
0,14,69.82014515370562
-1,14,93.54218126061771
-1,14,88.1280253960081
-1,14,91.53397560633971
-1,14,75.60373725808577
-1,14,121.13415725637809
-1,15,163.54811966190397
-1,15,50.0
-1,15,61.68050008204533
-1,15,76.10870619588091
-1,15,64.27663719804036
0,15,126.77578204305082
0,15,61.01536430026802
0,15,110.96390592173928
0,15,117.6968603661453
0,15,65.69049498453542
1,15,80.90884930005022
1,15,81.08269529028182
1,15,92.70390895286523
1,15,74.69598171468355
1,15,63.34738792407886
1,16,81.08269529028182
1,16,135.7924832475766
1,16,50.0
1,16,90.09279999816195
1,16,65.62126716345124
2,16,78.76234977139092
2,16,90.64533169687256
2,16,70.72906732204125
2,16,73.66595448952546
2,16,113.63708682556636
2,17,159.6114448987699
2,17,72.95625360699627
2,17,104.85327323669779
2,17,55.74729365137762
2,17,50.0
2,18,81.08269529028182
2,18,81.08269529028182
2,18,81.2305899297393
2,18,50.48667818111741
2,18,84.24688027082114
3,18,77.31718103988142
3,18,81.08269529028182
3,18,50.0
3,18,81.67339502911592
3,18,61.177798841955564
3,19,118.11280313646274
3,19,78.25270406630008
3,19,81.08269529028182
3,19,50.0
3,19,103.6659748762431
4,19,103.0526558588802
4,19,100.5218265114453
4,19,67.0763724751914
4,19,78.2582560979463
4,19,50.0
4,20,50.0
4,20,92.0472090167268
4,20,80.88633670716237
4,20,98.45920870744695
4,20,96.40271820270345
5,20,50.0
5,20,78.43482326376166
5,20,59.37065567052253
5,20,58.79471954064447
5,20,50.0
6,20,69.45949836433005
6,20,51.15229075789356
6,20,81.08269529028182
6,20,81.08269529028182
6,20,134.3076609279
7,20,50.0
7,20,104.76904250008488
7,20,50.0
7,20,50.0
7,20,55.74729365137762
6,20,81.08269529028182
6,20,63.12224256194087
6,20,56.76442652669221
6,20,59.128899022314705
6,20,50.0
7,20,95.36709227955689
7,20,50.0
7,20,56.05211884067867
7,20,118.81615552482128
7,20,83.78688263802239
8,20,50.0
8,20,87.3386693572896
8,20,111.51294578559384
8,20,81.08269529028182
8,20,54.86490105340271
9,20,55.74729365137762
9,20,50.0
9,20,85.85436349556934
9,20,55.74729365137762
9,20,108.40319057688981
10,20,50.0
10,20,53.7362929647872
10,20,50.0
10,20,50.0
10,20,64.95251113299872
11,20,79.36327437940105
11,20,50.03219021137332
11,20,81.08269529028182
11,20,50.0
11,20,58.18964904761144
12,20,50.0
12,20,101.77738152441088
12,20,50.0
12,20,81.08269529028182
12,20,50.0
13,20,71.10961613707943
13,20,89.91954410777933
13,20,50.0
13,20,50.0
13,20,86.10916958305174
14,20,98.77872733037023
14,20,50.0
14,20,81.08269529028182
14,20,50.0
14,20,50.0
15,20,50.0
15,20,55.74729365137762
15,20,50.0
15,20,81.08269529028182
15,20,66.39910099905045
16,20,65.8864742682393
16,20,72.92808054750424
16,20,81.08269529028182
16,20,115.70269777548343
16,20,50.0
17,20,65.74449952259762
17,20,55.74729365137762
17,20,55.74729365137762
17,20,74.49678611615533
17,20,81.08269529028182
18,20,50.0
18,20,50.0
18,20,81.08269529028182
18,20,54.410085205109475
18,20,50.18098152229497
17,20,81.08269529028182
17,20,63.670668203235735
17,20,50.0
17,20,81.08269529028182
17,20,81.08269529028182
18,20,72.97871530585515
18,20,63.81219193715723
18,20,81.08269529028182
18,20,73.23102485242636
18,20,50.0
17,20,72.89075640626368
17,20,55.74729365137762
17,20,81.08269529028182
17,20,67.38201704661164
17,20,55.74729365137762
18,20,54.48254716113623
18,20,81.6304958300484
18,20,54.797150744285666
18,20,101.96410707363604
18,20,55.74729365137762
19,20,50.0
19,20,79.55899134376543
19,20,81.08269529028182
19,20,74.92749979760333
19,20,60.215339240646856
20,20,50.0
20,20,81.08269529028182
20,20,81.08269529028182
20,20,81.08269529028182
20,20,81.08269529028182
20,19,80.16621886760687
20,19,81.08269529028182
20,19,55.74729365137762
20,19,50.0
20,19,50.0
19,19,50.0
19,19,72.44226772763932
19,19,50.0
19,19,54.490866166869345
19,19,50.0
18,19,81.08269529028182
18,19,106.66117894454015
18,19,55.74729365137762
18,19,81.08269529028182
18,19,87.49764943667013
17,19,50.0
17,19,50.0
17,19,54.87615612064616
17,19,86.68804281561356
17,19,50.9200030522696
16,19,60.65789191329651
16,19,82.92338307625198
16,19,104.69072584630521
16,19,90.82931340254243
16,19,55.97439886440467
17,19,81.08269529028182
17,19,81.08269529028182
17,19,94.73379432387219
17,19,55.74729365137762
17,19,55.74729365137762
17,18,55.74729365137762
17,18,55.74729365137762
17,18,50.0
17,18,81.08269529028182
17,18,86.39886552791913
16,18,68.86620165447431
16,18,50.0
16,18,50.0
16,18,62.28381857559933
16,18,50.0
15,18,112.31090606614164
15,18,110.26022622845808
15,18,50.0
15,18,50.0
15,18,64.12317470902921
14,18,94.11658369842156
14,18,87.310100332794
14,18,50.0
14,18,50.0
14,18,50.0
13,18,84.8773287392665
13,18,64.18058278211389
13,18,55.74729365137762
13,18,73.63215346994596
13,18,50.0
12,18,61.94682501858086
12,18,81.92156202822694
12,18,69.25817470462438
12,18,55.74729365137762
12,18,50.0
11,18,106.87527532416627
11,18,140.8352255657151
11,18,81.08269529028182
11,18,102.43739574192695
11,18,110.89793104237627
10,18,50.0
10,18,98.41300520953953
10,18,50.0
10,18,81.08269529028182
10,18,81.08269529028182
9,18,57.483377668508226
9,18,52.5133120582061
9,18,70.26099247962601
9,18,98.80344058677325
9,18,81.08269529028182
8,18,50.0
8,18,55.74729365137762
8,18,100.66845034893424
8,18,55.74729365137762
8,18,81.08269529028182
7,18,134.78098813315947
7,18,84.81202406841189
7,18,51.76591472323747
7,18,92.25607788109454
7,18,65.90217127923609
7,17,132.5877114443377
7,17,83.35005041527343
7,17,112.02381521352223
7,17,93.24220889316808
7,17,50.0
8,17,81.08269529028182
8,17,54.75063845946222
8,17,64.88558414737959
8,17,50.0
8,17,50.0
7,17,81.08269529028182
7,17,97.61535053158835
7,17,108.79017660028649
7,17,87.651510094494
7,17,74.9942937463935
6,17,55.74729365137762
6,17,50.0
6,17,91.0544321957336
6,17,50.0
6,17,70.89973081061635
5,17,116.5888059827219
5,17,68.99720218858597
5,17,66.34271217738433
5,17,89.49441343728087
5,17,97.41756838385407
4,17,77.13578277851488
4,17,69.81622947740985
4,17,50.0
4,17,71.58803364212666
4,17,58.21135954089752
3,17,53.5342835129098
3,17,56.858018106548904
3,17,104.26306783182595
3,17,87.86536746082848
3,17,58.75706791898159
2,17,108.21407312753534
2,17,76.97089786720076
2,17,50.0
2,17,87.26697478657994
2,17,103.34920348828297
1,17,88.42515973478093
1,17,121.55462094383003
1,17,110.48911610454029
1,17,54.688646796005266
1,17,67.22910840046815
0,17,50.0
0,17,69.92832661039067
0,17,86.60974390959633
0,17,81.08269529028182
0,17,90.38961951373084
0,18,112.20164335985874
0,18,55.74729365137762
0,18,50.0
0,18,81.08269529028182
0,18,78.6750246550782
0,17,63.695305895644395
0,17,156.31651353621007
0,17,104.77849736458359
0,17,81.08269529028182
0,17,68.33481203659478
-1,17,50.0
-1,17,67.61563341997136
-1,17,50.0
-1,17,58.590082656150784
-1,17,81.4247065209907
-2,17,55.651985855453646
-2,17,55.29097533287248
-2,17,68.83775740511666
-2,17,81.76631200432209
-2,17,93.54217527973037
-3,17,67.17387556686516
-3,17,50.0
-3,17,73.30465790061038
-3,17,88.0253322125703
-3,17,50.0
-3,16,105.42732699107374
-3,16,50.0
-3,16,134.40690504142987
-3,16,91.21536081550889
-3,16,50.0
-4,16,118.95291015440901
-4,16,59.287913015573366
-4,16,50.0
-4,16,50.0
-4,16,62.87844863830153
-3,16,63.448687136430316
-3,16,128.0125148595174
-3,16,63.76495641443485
-3,16,85.7218274181362
-3,16,79.79079284972703
-4,16,114.51804841059767
-4,16,147.9646989311783
-4,16,54.18520060559738
-4,16,50.874529385294565
-4,16,142.3904404150268
-3,16,61.99574086018544
-3,16,71.19920851029882
-3,16,84.88436580373308
-3,16,50.0
-3,16,70.56812573047384
-2,16,50.0
-2,16,80.85791450315068
-2,16,110.57193017476575
-2,16,50.0
-2,16,93.40400690762726
-1,16,123.6284347683238
-1,16,54.85731999874773
-1,16,50.0
-1,16,50.02590000256995
-1,16,113.63205090026844
-1,15,132.7385962073969
-1,15,77.76416890587643
-1,15,82.39183859114911
-1,15,74.75899446913287
-1,15,75.25120129912989
-2,15,54.44887730539509
-2,15,106.97869417340412
-2,15,72.35231306904217
-2,15,109.22129114767093
-2,15,71.24411023003866
-1,15,50.0
-1,15,100.5476489911097
-1,15,114.1025974450201
-1,15,79.18717477199728
-1,15,88.99644645030854
-1,14,66.61239296200083
-1,14,92.26400528441198
-1,14,62.56485661701591
-1,14,74.89236477010213
-1,14,100.01204816858443
-2,14,50.0
-2,14,141.20123282300608
-2,14,120.09951374021202
-2,14,120.37480410612294
-2,14,128.8503490190124
-1,14,80.70554091646555
-1,14,89.61049544296961
-1,14,61.25232028999565
-1,14,72.79416435317115
-1,14,63.077854704595296
0,14,51.510251587359505
0,14,92.28521371918818
0,14,54.163319741114634
0,14,50.0
0,14,68.53974474588105
0,13,117.57773778874898
0,13,122.20355583830866
0,13,72.20328073037673
0,13,81.35304724241446
0,13,69.76105834766221
1,13,136.1364439845767
1,13,70.04273646558038
1,13,141.98503472425625
1,13,108.72881881376387
1,13,68.88571085874399
2,13,73.38154029476254
2,13,72.53935236658573
2,13,53.696382644076834
2,13,59.909350137039006
2,13,62.62005745671713
3,13,63.56066199615559
3,13,123.24036290462978
3,13,88.11969579943896
3,13,127.27867587175653
3,13,91.31537696558993
3,12,57.50386285306368
3,12,101.0295082264313
3,12,73.09631914192532
3,12,55.438860243646175
3,12,64.61343824352298
3,11,109.94256664088635
3,11,50.0
3,11,137.53022320199054
3,11,50.0
3,11,50.0
4,11,57.967426469725986
4,11,99.91785160473336
4,11,107.88629944681226
4,11,121.38748898634245
4,11,85.32397432527948
4,10,152.65840524508735
4,10,124.09831231915541
4,10,65.05375540169307
4,10,81.81563945177696
4,10,113.23692060381185
5,10,83.00676799610116
5,10,133.4594977069816
5,10,64.98379969374795
5,10,99.0916161232972
5,10,129.07418297300902
5,9,66.29337036475671
5,9,120.90976009360705
5,9,117.19428960100582
5,9,115.43793032950249
5,9,155.25499299814635
5,8,77.258854270977
5,8,111.40426474930652
5,8,74.7992921717195
5,8,156.56613295212708
5,8,143.73476235585656
6,8,95.5795062973338
6,8,63.914993793925035
6,8,187.0130766785145
6,8,67.39642820353828
6,8,87.35958270464802
7,8,136.42763680911256
7,8,97.75337634107055
7,8,122.13579634963585
7,8,136.26733639737367
7,8,146.68175553665066
7,7,98.02119784104173
7,7,62.12244526170045
7,7,78.16465727837782
7,7,52.69747115453587
7,7,103.73624269130451
7,6,77.08352872843567
7,6,55.74729365137762
7,6,172.59859222409568
7,6,118.95899590836211
7,6,69.75764400642458
8,6,129.59356915117
8,6,146.19350077004006
8,6,54.27330190559003
8,6,120.7221494440859
8,6,72.87911713097876
9,6,95.25053862708246
9,6,74.5266842469933
9,6,60.49174755907659
9,6,81.66570581385724
9,6,110.45751398724472
8,6,68.39785506159019
8,6,75.13372950070621
8,6,69.50804871837514
8,6,88.00630905821765
8,6,100.21074741147946
8,5,100.51381854530484
8,5,79.09930962045964
8,5,99.07320156924895
8,5,77.76403902415349
8,5,50.0
8,4,140.88055631246607
8,4,50.0
8,4,127.69721489238732
8,4,83.79138604935794
8,4,83.53859254365372
8,3,94.65588858499281
8,3,84.62366700087034
8,3,164.65436340585072
8,3,70.1550659100645
8,3,91.58226220890023
7,3,60.178117417697685
7,3,87.50689494148222
7,3,166.4492610549086
7,3,147.38773167460693
7,3,84.3463230014521
6,3,161.70815230480216
6,3,97.61856613923703
6,3,91.67358022918955
6,3,51.436935196480334
6,3,133.69690900872075
7,3,90.70588286273454
7,3,96.70451746220628
7,3,65.59900051049236
7,3,104.0673552019765
7,3,79.85947333777457
8,3,91.22560298720386
8,3,50.0
8,3,80.73050621641197
8,3,156.18757226463183
8,3,95.51205144100268
9,3,64.1762909534712
9,3,66.08950852177045
9,3,81.2761341248979
9,3,72.45091192674377
9,3,150.97240840233815
10,3,102.70724931461311
10,3,91.2910437055796
10,3,73.53466447423774
10,3,81.28745115938605
10,3,62.969480238023856
11,3,84.28833308990653
11,3,74.3568712531149
11,3,94.22936187631156
11,3,50.0
11,3,92.34250048904316
11,4,50.0
11,4,100.82609623089343
11,4,69.45292051697568
11,4,70.9866037227163
11,4,92.30302446456483
12,4,158.09524142483994
12,4,112.67906404394198
12,4,157.11352513961523
12,4,138.79859343143957
12,4,128.27381304584281
12,3,84.80795003927362
12,3,121.27851344391676
12,3,72.43443054795215
12,3,104.5790156797718
12,3,67.17703191189466
12,2,50.0
12,2,58.699697151889275
12,2,116.84195236275524
12,2,105.08500498277343
12,2,68.1116294949988
13,2,138.26231672275702
13,2,81.88388864328779
13,2,67.23077708978748
13,2,126.74505156778018
13,2,127.5906840535489
14,2,69.97914337469243
14,2,73.37116257017992
14,2,117.60655749304513
14,2,75.90520966212588
14,2,64.85522981186688
15,2,63.60914908202785
15,2,119.9115460888189
15,2,128.71745864938907
15,2,82.14153130547822
15,2,106.38093870940008
16,2,50.0
16,2,59.47966368137541
16,2,120.22362454242263
16,2,108.01509441744555
16,2,82.80313691329252
16,1,50.0
16,1,54.85717235470821
16,1,97.03770731496789
16,1,87.30522143153304
16,1,97.22013322396899
15,1,59.84312893908197
15,1,148.17449558870672
15,1,84.92408238720208
15,1,81.08269529028182
15,1,52.74783889675458
16,1,52.83228742158839
16,1,85.566899048945
16,1,90.96250907933548
16,1,58.466159654137726
16,1,50.0
16,0,69.33434965901839
16,0,50.0
16,0,81.14441458016078
16,0,50.0
16,0,59.510913288513905
17,0,87.51550646711107
