0,11,296.5920931226906
0,12,317.81916812329246
0,12,318.4180972224084
0,11,333.96045472542176
0,11,305.8891577984914
0,10,272.82747013604575
0,10,225.80658769439447
0,11,342.4552833871872
0,11,200.0
0,10,292.0997825519422
0,10,280.2660954884646
-1,10,294.245240805162
-1,10,363.8922029172295
-1,11,261.4923945120315
-1,11,308.7205418312652
-1,12,302.78233462164224
-1,12,630.4205355603272
-1,11,373.4666522318058
-1,11,258.170208267613
-1,10,370.9946301018104
-1,10,435.56817522225293
-1,11,265.2023987831026
-1,11,242.53101477088836
-2,11,355.1346745274765
-2,11,425.9386921492926
-2,10,462.1846172235553
-2,10,352.79413533923446
-3,10,551.9917704439777
-3,10,436.3569765699481
-3,9,385.22176314285275
-3,9,448.0407544750872
-3,8,445.16326241563627
-3,8,656.4338754917904
-2,8,320.9124128477485
-2,8,369.2247333102948
-3,8,260.7584169080788
-3,8,367.02077487461054
-4,8,300.6411806030417
-4,8,254.77228404041978
-4,7,513.4448119477139
-4,7,355.88722507285456
-4,6,426.5033581674702
-4,6,404.7064806346655
-4,5,374.96310887387176
-4,5,536.0389496743676
-4,4,350.8026768804157
-4,4,343.840079774765
-4,3,347.0580635352988
-4,3,387.18157484855203
-4,2,505.0212633497621
-4,2,336.78678486107435
-4,1,333.0678900560338
-4,1,427.67610835631393
-3,1,437.22091901841173
-3,1,631.6367184989949
-4,1,365.52886998946855
-4,1,657.8638082531111
-4,0,662.7423014795816
-4,0,526.151041001869
-5,0,365.615906132476
-5,0,353.48508228545825
-5,-1,344.61001681116954
-5,-1,413.51308239506454
-6,-1,691.3931055094303
-6,-1,478.91290404647486
-6,-2,347.4764541307794
-6,-2,641.8678929516864
-7,-2,287.67096571594783
-7,-2,220.18582251530393
-8,-2,250.28464742361842
-8,-2,507.27875724209747
-8,-1,306.87932354510116
-8,-1,351.1210298624198
-8,-2,334.61530904742807
-8,-2,424.8700704779519
-8,-3,380.0491569570738
-8,-3,368.3431664639789
-8,-4,406.19414338753
-8,-4,570.8696033086425
-8,-3,306.93195165981257
-8,-3,391.4531039516025
-8,-2,274.57426088054484
-8,-2,294.0455890002002
-8,-1,288.6034370213829
-8,-1,200.0
-8,0,389.72533988997947
-8,0,361.9949357760497
-8,1,378.8119564661111
-8,1,499.22532321581457
-8,0,401.2914806441039
-8,0,634.592684844366
-8,1,252.44529999874953
-8,1,380.8822919267222
-9,1,218.2942233030318
-9,1,363.68448909932874
-9,2,348.0831766801227
-9,2,736.3639651614485
-9,3,313.7215895523191
-9,3,421.0218797228316
-8,3,345.80376776719146
-8,3,423.0272180764494
-8,2,289.7585348478416
-8,2,429.9526305830253
-8,3,343.50125195729703
-8,3,378.726526843128
-7,3,334.5457620852669
-7,3,322.0827293789929
-6,3,355.5758016475287
-6,3,371.00664252147317
-5,3,575.2850457747056
-5,3,374.6835581336714
-5,4,374.7068541668315
-5,4,545.4467329372119
-4,4,552.570706789852
-4,4,295.7414887708453
-4,5,274.6360214334652
-4,5,429.5768253850343
-4,4,335.88629337603794
-4,4,387.6152544807253
-4,5,412.93923721060594
-4,5,359.2134582293511
-4,6,310.0910781706417
-4,6,314.93621204303577
-4,7,393.6893065961589
-4,7,294.17620282154985
-4,8,252.3935068023077
-4,8,342.8322215613593
-4,9,291.3901001521542
-4,9,331.1852518642243
-3,9,242.53101477088836
-3,9,355.69934046489215
-3,8,568.7007279352748
-3,8,563.3306822547297
-2,8,280.8954091377468
-2,8,409.1307653566835
-2,9,452.5827126483211
-2,9,243.31960505675647
-2,10,415.2476068862294
-2,10,427.187245315603
-2,11,300.1412684912395
-2,11,492.3978409984555
-2,12,771.2042148292579
-2,12,400.31052103815426
-1,12,229.08585330746186
-1,12,524.5551161340316
-1,13,285.12263763114817
-1,13,505.17736236381336
0,13,285.09950943911457
0,13,274.9909379780071
0,14,242.53101477088836
0,14,276.81712156605926
0,13,265.57522801438546
0,13,341.9801318485072
0,12,242.53101477088836
0,12,222.79807640576257
0,13,288.8858630214291
0,13,494.61809247543033
0,14,514.6964059081142
0,14,526.6991064500442
-1,14,313.6340268751018
-1,14,512.134078180241
-1,15,276.61136490649
-1,15,354.8009801735549
0,15,247.8631272721591
0,15,242.53101477088836
1,15,417.58061955786326
1,15,288.94766018568333
1,16,283.8569112548027
1,16,297.0439194773321
2,16,329.3393450882358
2,16,245.45717779712362
2,17,249.56232614751877
2,17,314.6520908885107
2,18,264.4113426346678
2,18,323.8734865021405
3,18,268.792485694155
3,18,511.055604285095
3,19,242.53101477088836
3,19,224.09389421407838
4,19,236.04940412824308
4,19,240.2830496550032
4,20,409.70876568020464
4,20,226.7944126620955
5,20,200.0
5,20,264.7410336918773
6,20,230.84260602875554
6,20,242.53101477088836
7,20,200.0
7,20,463.788217346817
6,20,341.8591322495549
6,20,200.0
7,20,200.0
7,20,207.4242923022233
8,20,261.2407267408163
8,20,200.0
9,20,289.3848767970226
9,20,248.8208353920401
10,20,200.0
10,20,291.88043655570493
11,20,244.19034276375922
11,20,380.65646540992964
12,20,218.38792050555892
12,20,393.1463634554669
13,20,253.2899600286664
13,20,378.78462637526025
14,20,242.53101477088836
14,20,200.0
15,20,242.53101477088836
15,20,245.3160122291284
16,20,244.00852713479256
16,20,200.0
17,20,242.53101477088836
17,20,252.8766293539016
18,20,242.53101477088836
18,20,200.0
17,20,200.0
17,20,244.1196097046742
18,20,200.0
18,20,200.0
17,20,218.64999985462458
17,20,200.0
18,20,200.0
18,20,200.0
19,20,200.0
19,20,242.53101477088836
20,20,299.2263669745573
20,20,200.0
20,19,200.0
20,19,200.0
19,19,269.61823556687045
19,19,381.5791631702498
18,19,244.06432006957664
18,19,220.6477689173428
17,19,303.76356307339256
17,19,356.0000215882286
16,19,228.27057018576187
16,19,311.02347267697064
17,19,213.76361073464616
17,19,337.2124139876707
17,18,242.53101477088836
17,18,379.60276654584084
16,18,280.9464599910871
16,18,200.0
15,18,200.0
15,18,200.0
14,18,200.0
14,18,337.857082769683
13,18,200.0
13,18,229.47163736066028
12,18,450.1922207955619
