0,0,0,3,3
1,0,3,5,2
2,0,5,8,3
3,0,8,13,5
0,1,20,24,4
1,1,33,37,4
0,2,40,42,2
2,1,50,53,3
0,3,60,62,2
1,2,66,72,6
0,4,80,84,4
4,0,13,88,50
0,5,100,104,4
1,3,99,108,5
2,2,108,111,3
0,6,120,123,3
3,1,111,126,12
1,4,132,135,3
0,7,140,143,3
2,3,150,153,3
0,8,160,161,1
1,5,165,168,3
0,9,180,182,2
0,10,200,203,3
1,6,198,205,4
2,4,205,208,3
3,2,208,218,10
0,11,220,223,3
1,7,231,235,4
0,12,240,242,2
2,5,250,255,5
0,13,260,263,3
1,8,264,269,5
0,14,280,283,3
0,15,300,302,2
1,9,297,303,4
2,6,303,307,4
3,3,307,316,9
0,16,320,323,3
1,10,330,332,2
0,17,340,342,2
2,7,350,355,5
0,18,360,362,2
1,11,363,366,3
0,19,380,384,4
1,12,396,399,3
0,20,400,401,1
2,8,401,404,3
3,4,404,412,8
0,21,420,424,4
1,13,429,435,6
0,22,440,443,3
2,9,450,454,4
0,23,460,461,1
1,14,462,465,3
0,24,480,483,3
1,15,495,499,4
0,25,500,504,4
2,10,504,507,3
3,5,507,516,9
0,26,520,523,3
1,16,528,531,3
0,27,540,541,1
2,11,550,553,3
0,28,560,561,1
1,17,561,564,3
0,29,580,582,2
5,0,88,587,297
1,18,594,596,2
0,30,600,601,1
2,12,601,604,3
3,6,604,615,11
0,31,620,623,3
1,19,627,631,4
0,32,640,643,3
2,13,650,653,3
0,33,660,662,2
1,20,662,665,3
0,34,680,682,2
1,21,693,695,2
0,35,700,701,1
2,14,701,704,3
3,7,704,715,11
0,36,720,721,1
1,22,726,731,5
0,37,740,742,2
2,15,750,753,3
0,38,760,761,1
1,23,759,762,2
0,39,780,782,2
1,24,792,796,4
0,40,800,803,3
2,16,803,806,3
3,8,806,816,10
0,41,820,822,2
1,25,825,827,2
0,42,840,843,3
2,17,850,854,4
1,26,858,860,2
0,43,860,862,2
0,44,880,883,3
1,27,891,894,3
0,45,900,903,3
2,18,903,906,3
3,9,906,920,14
0,46,920,923,3
1,28,924,926,2
0,47,940,944,4
2,19,950,953,3
1,29,957,960,3
0,48,960,963,3
0,49,980,983,3
1,30,990,992,2
0,50,1000,1002,2
2,20,1002,1006,4
3,10,1006,1017,11
0,51,1020,1023,3
1,31,1023,1025,2
0,52,1040,1043,3
2,21,1050,1054,4
0,53,1060,1062,2
1,32,1056,1063,5
0,54,1080,1083,3
4,1,1017,1089,50
1,33,1089,1091,2
0,55,1100,1102,2
2,22,1102,1107,5
0,56,1120,1122,2
1,34,1122,1124,2
3,11,1107,1129,18
0,57,1140,1142,2
2,23,1150,1153,3
1,35,1155,1157,2
0,58,1160,1162,2
0,59,1180,1182,2
1,36,1188,1192,4
0,60,1200,1203,3
2,24,1203,1207,4
3,12,1207,1214,7
0,61,1220,1223,3
1,37,1223,1225,2
0,62,1240,1243,3
2,25,1250,1253,3
1,38,1254,1256,2
0,63,1260,1262,2
0,64,1280,1282,2
1,39,1287,1290,3
0,65,1300,1302,2
2,26,1302,1305,3
3,13,1305,1318,13
0,66,1320,1323,3
1,40,1323,1328,5
0,67,1340,1342,2
1,41,1353,1355,2
2,27,1350,1358,6
0,68,1360,1362,2
0,69,1380,1382,2
1,42,1386,1388,2
0,70,1400,1403,3
2,28,1403,1406,3
3,14,1406,1412,6
0,71,1420,1423,3
1,43,1419,1425,3
0,72,1440,1443,3
1,44,1452,1454,2
2,29,1450,1455,3
0,73,1460,1464,4
0,74,1480,1484,4
1,45,1485,1487,2
0,75,1500,1503,3
2,30,1503,1507,4
3,15,1507,1513,6
0,76,1520,1523,3
1,46,1518,1527,6
0,77,1540,1543,3
1,47,1551,1557,6
2,31,1550,1559,3
0,78,1560,1561,1
0,79,1580,1581,1
1,48,1584,1588,4
0,80,1600,1602,2
2,32,1602,1606,4
3,16,1606,1613,7
0,81,1620,1621,1
1,49,1617,1622,4
0,82,1640,1643,3
1,50,1650,1652,2
2,33,1652,1657,5
0,83,1660,1662,2
0,84,1680,1682,2
1,51,1683,1686,3
0,85,1700,1703,3
2,34,1703,1706,3
1,52,1716,1718,2
0,86,1720,1723,3
3,17,1706,1724,13
0,87,1740,1741,1
1,53,1749,1753,4
2,35,1753,1756,3
0,88,1760,1764,4
0,89,1780,1782,2
1,54,1782,1786,4
0,90,1800,1803,3
2,36,1803,1806,3
1,55,1815,1820,5
0,91,1820,1822,2
3,18,1806,1828,15
0,92,1840,1841,1
1,56,1848,1850,2
2,37,1850,1854,4
0,93,1860,1862,2
0,94,1880,1881,1
1,57,1881,1884,3
0,95,1900,1902,2
2,38,1902,1905,3
3,19,1905,1912,7
1,58,1914,1916,2
0,96,1920,1923,3
0,97,1940,1942,2
1,59,1947,1950,3
2,39,1950,1954,4
0,98,1960,1962,2
0,99,1980,1983,3
1,60,1983,1986,3
0,100,2000,2001,1
2,40,2001,2004,3
3,20,2004,2010,6
1,61,2013,2015,2
0,101,2020,2023,3
0,102,2040,2043,3
1,62,2046,2049,3
2,41,2050,2056,6
0,103,2060,2062,2
4,2,2010,2079,50
0,104,2080,2082,2
1,63,2079,2083,2
0,105,2100,2102,2
2,42,2102,2105,3
3,21,2105,2111,6
1,64,2112,2115,3
0,106,2120,2123,3
0,107,2140,2142,2
1,65,2145,2151,6
2,43,2151,2156,5
0,108,2160,2163,3
1,66,2178,2180,2
0,109,2180,2183,3
0,110,2200,2202,2
2,44,2202,2205,3
1,67,2211,2216,5
3,22,2205,2220,10
0,111,2220,2221,1
0,112,2240,2242,2
1,68,2244,2248,4
2,45,2250,2254,4
0,113,2260,2263,3
0,114,2280,2281,1
1,69,2277,2284,6
0,115,2300,2302,2
2,46,2302,2305,3
1,70,2310,2312,2
3,23,2305,2315,8
0,116,2320,2322,2
0,117,2340,2343,3
1,71,2343,2346,3
2,47,2350,2353,3
0,118,2360,2364,4
1,72,2376,2378,2
0,119,2380,2382,2
0,120,2400,2401,1
2,48,2401,2404,3
1,73,2409,2412,3
3,24,2404,2419,12
0,121,2420,2422,2
0,122,2440,2442,2
1,74,2442,2445,3
2,49,2450,2453,3
0,123,2460,2462,2
1,75,2475,2477,2
0,124,2480,2482,2
0,125,2500,2503,3
1,76,2508,2510,2
2,50,2503,2511,6
3,25,2511,2516,5
0,126,2520,2522,2
0,127,2540,2542,2
1,77,2542,2545,3
2,51,2550,2553,3
0,128,2560,2563,3
1,78,2574,2579,5
0,129,2580,2582,2
0,130,2600,2602,2
2,52,2602,2605,3
1,79,2607,2609,2
3,26,2605,2613,6
0,131,2620,2622,2
0,132,2640,2641,1
1,80,2641,2644,3
2,53,2650,2653,3
0,133,2660,2663,3
1,81,2673,2677,4
0,134,2680,2682,2
0,135,2700,2702,2
1,82,2706,2710,4
2,54,2702,2712,6
0,136,2720,2722,2
3,27,2712,2726,12
0,137,2740,2742,2
1,83,2739,2746,5
2,55,2750,2755,5
0,138,2760,2763,3
1,84,2772,2774,2
0,139,2780,2782,2
0,140,2800,2801,1
1,85,2805,2808,3
2,56,2801,2809,5
0,141,2820,2822,2
3,28,2809,2823,12
1,86,2838,2840,2
0,142,2840,2842,2
2,57,2850,2854,4
0,143,2860,2864,4
1,87,2871,2874,3
0,144,2880,2883,3
0,145,2900,2904,4
1,88,2904,2906,2
2,58,2906,2912,6
0,146,2920,2922,2
3,29,2912,2924,10
1,89,2937,2940,3
0,147,2940,2943,3
2,59,2950,2954,4
0,148,2960,2963,3
1,90,2970,2973,3
0,149,2980,2984,4
0,150,3000,3002,2
1,91,3003,3008,5
2,60,3002,3010,3
0,151,3020,3021,1
3,30,3010,3024,13
1,92,3036,3038,2
0,152,3040,3043,3
2,61,3050,3054,4
0,153,3060,3062,2
1,93,3069,3072,3
0,154,3080,3082,2
4,3,3024,3090,50
0,155,3100,3102,2
1,94,3102,3105,3
2,62,3105,3108,3
3,31,3108,3116,8
0,156,3120,3122,2
1,95,3135,3139,4
0,157,3140,3142,2
2,63,3150,3153,3
0,158,3160,3163,3
1,96,3168,3170,2
0,159,3180,3182,2
0,160,3200,3203,3
1,97,3203,3205,2
2,64,3205,3210,5
3,32,3210,3215,5
0,161,3220,3223,3
1,98,3234,3238,4
0,162,3240,3241,1
2,65,3250,3254,4
0,163,3260,3264,4
1,99,3267,3270,3
0,164,3280,3282,2
0,165,3300,3302,2
1,100,3302,3304,2
2,66,3304,3308,4
3,33,3308,3316,8
0,166,3320,3323,3
1,101,3333,3336,3
0,167,3340,3341,1
2,67,3350,3356,6
0,168,3360,3363,3
1,102,3366,3368,2
0,169,3380,3383,3
0,170,3400,3402,2
1,103,3399,3403,2
2,68,3403,3406,3
3,34,3406,3418,12
0,171,3420,3423,3
1,104,3432,3435,3
0,172,3440,3442,2
2,69,3450,3454,4
0,173,3460,3462,2
1,105,3465,3467,2
0,174,3480,3481,1
0,175,3500,3503,3
1,106,3498,3505,4
2,70,3505,3508,3
3,35,3508,3519,11
0,176,3520,3523,3
1,107,3531,3533,2
0,177,3540,3544,4
2,71,3550,3554,4
0,178,3560,3562,2
1,108,3564,3567,3
0,179,3580,3582,2
0,180,3600,3604,4
1,109,3597,3606,5
2,72,3606,3610,4
0,181,3620,3624,4
3,36,3610,3626,12
1,110,3630,3633,3
0,182,3640,3643,3
2,73,3650,3653,3
0,183,3660,3662,2
1,111,3663,3667,4
0,184,3680,3682,2
1,112,3696,3700,4
0,185,3700,3702,2
2,74,3702,3705,3
3,37,3705,3711,6
0,186,3720,3722,2
1,113,3729,3731,2
0,187,3740,3743,3
2,75,3750,3753,3
0,188,3760,3763,3
1,114,3763,3766,3
0,189,3780,3782,2
1,115,3795,3797,2
0,190,3800,3802,2
2,76,3802,3805,3
3,38,3805,3813,8
0,191,3820,3822,2
1,116,3828,3831,3
0,192,3840,3844,4
2,77,3850,3853,3
0,193,3860,3862,2
1,117,3862,3865,3
0,194,3880,3884,4
1,118,3894,3896,2
0,195,3900,3902,2
2,78,3902,3906,4
3,39,3906,3915,9
0,196,3920,3922,2
1,119,3927,3932,5
0,197,3940,3943,3
2,79,3950,3953,3
0,198,3960,3962,2
1,120,3962,3967,5
0,199,3980,3982,2
1,121,3993,3997,4
0,200,4000,4001,1
2,80,4001,4004,3
3,40,4004,4019,15
0,201,4020,4022,2
1,122,4026,4029,3
0,202,4040,4043,3
2,81,4050,4055,5
0,203,4060,4065,5
1,123,4059,4066,2
0,204,4080,4082,2
4,4,4019,4091,50
1,124,4092,4096,4
0,205,4100,4103,3
2,82,4103,4107,4
3,41,4107,4117,10
0,206,4120,4121,1
1,125,4125,4129,4
0,207,4140,4142,2
2,83,4150,4153,3
0,208,4160,4163,3
1,126,4158,4165,4
0,209,4180,4182,2
1,127,4191,4195,4
0,210,4200,4202,2
2,84,4202,4207,5
3,42,4207,4216,9
0,211,4220,4222,2
1,128,4224,4227,3
0,212,4240,4243,3
2,85,4250,4253,3
0,213,4260,4262,2
1,129,4257,4264,5
0,214,4280,4282,2
1,130,4290,4295,5
0,215,4300,4304,4
2,86,4304,4309,5
3,43,4309,4316,7
0,216,4320,4322,2
1,131,4323,4326,3
0,217,4340,4342,2
2,87,4350,4355,5
1,132,4356,4358,2
0,218,4360,4362,2
0,219,4380,4381,1
1,133,4389,4393,4
0,220,4400,4403,3
2,88,4403,4407,4
3,44,4407,4418,11
0,221,4420,4422,2
1,134,4422,4426,4
0,222,4440,4444,4
2,89,4450,4453,3
1,135,4455,4459,4
0,223,4460,4463,3
0,224,4480,4483,3
1,136,4488,4490,2
0,225,4500,4501,1
2,90,4501,4504,3
3,45,4504,4511,7
0,226,4520,4523,3
1,137,4523,4525,2
0,227,4540,4541,1
2,91,4550,4553,3
1,138,4554,4558,4
0,228,4560,4562,2
0,229,4580,4582,2
1,139,4587,4592,5
0,230,4600,4602,2
2,92,4602,4605,3
0,231,4620,4622,2
1,140,4622,4624,2
3,46,4605,4625,16
5,1,4091,4632,318
0,232,4640,4644,4
2,93,4650,4653,3
1,141,4653,4657,4
0,233,4660,4662,2
0,234,4680,4683,3
1,142,4686,4692,6
0,235,4700,4703,3
2,94,4703,4708,5
3,47,4708,4719,11
0,236,4720,4723,3
1,143,4719,4726,4
0,237,4740,4741,1
1,144,4752,4755,3
2,95,4750,4757,4
0,238,4760,4761,1
0,239,4780,4782,2
1,145,4785,4787,2
0,240,4800,4802,2
2,96,4802,4805,3
3,48,4805,4812,7
1,146,4818,4820,2
0,241,4820,4824,4
0,242,4840,4843,3
1,147,4851,4854,3
2,97,4850,4856,3
0,243,4860,4863,3
0,244,4880,4881,1
1,148,4884,4887,3
0,245,4900,4903,3
2,98,4903,4908,5
1,149,4917,4919,2
0,246,4920,4924,4
3,49,4908,4927,13
0,247,4940,4942,2
1,150,4950,4953,3
2,99,4953,4956,3
0,248,4960,4963,3
0,249,4980,4981,1
1,151,4983,4985,2
0,250,5000,5002,2
2,100,5002,5006,4
3,50,5006,5013,7
1,152,5016,5018,2
0,251,5020,5021,1
0,252,5040,5043,3
1,153,5049,5051,2
2,101,5051,5055,4
0,253,5060,5063,3
4,5,5013,5078,50
0,254,5080,5081,1
1,154,5082,5085,3
0,255,5100,5103,3
2,102,5103,5106,3
3,51,5106,5115,9
1,155,5115,5119,4
0,256,5120,5122,2
0,257,5140,5142,2
1,156,5148,5152,4
2,103,5152,5155,3
0,258,5160,5162,2
0,259,5180,5182,2
1,157,5182,5184,2
0,260,5200,5202,2
2,104,5202,5205,3
3,52,5205,5211,6
1,158,5214,5219,5
0,261,5220,5222,2
0,262,5240,5243,3
1,159,5247,5249,2
2,105,5250,5253,3
0,263,5260,5263,3
0,264,5280,5282,2
1,160,5282,5285,3
0,265,5300,5302,2
2,106,5302,5306,4
1,161,5313,5315,2
3,53,5306,5317,9
0,266,5320,5322,2
0,267,5340,5343,3
1,162,5346,5350,4
2,107,5350,5354,4
0,268,5360,5362,2
0,269,5380,5381,1
1,163,5379,5383,3
0,270,5400,5401,1
2,108,5401,5404,3
3,54,5404,5412,8
1,164,5412,5415,3
0,271,5420,5421,1
0,272,5440,5443,3
1,165,5445,5447,2
2,109,5450,5455,5
0,273,5460,5461,1
1,166,5478,5480,2
0,274,5480,5483,3
0,275,5500,5502,2
2,110,5502,5505,3
3,55,5505,5510,5
1,167,5511,5515,4
0,276,5520,5524,4
0,277,5540,5543,3
1,168,5544,5548,4
2,111,5550,5556,6
0,278,5560,5564,4
1,169,5577,5579,2
0,279,5580,5582,2
0,280,5600,5603,3
2,112,5603,5608,5
1,170,5610,5614,4
3,56,5608,5618,6
0,281,5620,5621,1
0,282,5640,5641,1
1,171,5643,5646,3
2,113,5650,5654,4
0,283,5660,5663,3
1,172,5676,5679,3
0,284,5680,5681,1
0,285,5700,5703,3
2,114,5703,5707,4
1,173,5709,5714,5
0,286,5720,5723,3
3,57,5707,5727,12
0,287,5740,5742,2
1,174,5742,5744,2
2,115,5750,5755,5
0,288,5760,5763,3
1,175,5775,5778,3
0,289,5780,5783,3
0,290,5800,5803,3
2,116,5803,5807,4
1,176,5808,5813,5
0,291,5820,5823,3
3,58,5807,5830,15
0,292,5840,5843,3
1,177,5843,5846,3
2,117,5850,5853,3
0,293,5860,5862,2
1,178,5874,5879,5
0,294,5880,5883,3
0,295,5900,5903,3
2,118,5903,5907,4
1,179,5907,5909,2
3,59,5909,5916,7
0,296,5920,5923,3
0,297,5940,5942,2
1,180,5942,5945,3
2,119,5950,5954,4
0,298,5960,5962,2
1,181,5973,5978,5
0,299,5980,5983,3
0,300,6000,6002,2
2,120,6002,6005,3
1,182,6006,6010,4
3,60,6005,6019,10
0,301,6020,6021,1
0,302,6040,6043,3
1,183,6039,6044,2
2,121,6050,6053,3
0,303,6060,6062,2
1,184,6072,6075,3
0,304,6080,6084,4
4,6,6019,6087,50
0,305,6100,6102,2
1,185,6105,6107,2
2,122,6102,6109,5
3,61,6109,6116,7
0,306,6120,6124,4
1,186,6138,6140,2
0,307,6140,6141,1
2,123,6150,6153,3
0,308,6160,6161,1
1,187,6171,6173,2
0,309,6180,6183,3
0,310,6200,6203,3
1,188,6204,6206,2
2,124,6203,6210,5
3,62,6210,6219,9
0,311,6220,6222,2
1,189,6237,6240,3
0,312,6240,6242,2
2,125,6250,6253,3
0,313,6260,6262,2
1,190,6270,6273,3
0,314,6280,6281,1
0,315,6300,6303,3
1,191,6303,6306,3
2,126,6306,6309,3
0,316,6320,6323,3
3,63,6309,6324,12
0,317,6340,6342,2
1,192,6336,6343,5
2,127,6350,6354,4
0,318,6360,6363,3
1,193,6369,6375,6
0,319,6380,6383,3
0,320,6400,6403,3
1,194,6403,6406,3
2,128,6406,6409,3
3,64,6409,6417,8
0,321,6420,6423,3
1,195,6435,6439,4
0,322,6440,6442,2
2,129,6450,6453,3
0,323,6460,6462,2
1,196,6468,6470,2
0,324,6480,6482,2
0,325,6500,6502,2
1,197,6502,6504,2
2,130,6504,6510,6
0,326,6520,6522,2
3,65,6510,6524,12
1,198,6534,6536,2
0,327,6540,6543,3
2,131,6550,6556,6
0,328,6560,6563,3
1,199,6567,6569,2
0,329,6580,6584,4
0,330,6600,6601,1
1,200,6601,6605,4
2,132,6605,6608,3
3,66,6608,6619,11
0,331,6620,6622,2
1,201,6633,6636,3
0,332,6640,6642,2
2,133,6650,6654,4
0,333,6660,6663,3
1,202,6666,6669,3
0,334,6680,6683,3
0,335,6700,6702,2
1,203,6699,6704,3
2,134,6704,6707,3
3,67,6707,6717,10
0,336,6720,6722,2
1,204,6732,6734,2
0,337,6740,6742,2
2,135,6750,6754,4
0,338,6760,6763,3
1,205,6765,6767,2
0,339,6780,6783,3
0,340,6800,6803,3
1,206,6798,6804,3
2,136,6804,6809,5
0,341,6820,6824,4
3,68,6809,6827,14
1,207,6831,6833,2
0,342,6840,6842,2
2,137,6850,6853,3
0,343,6860,6863,3
1,208,6864,6866,2
0,344,6880,6883,3
1,209,6897,6899,2
0,345,6900,6903,3
2,138,6903,6906,3
3,69,6906,6912,6
0,346,6920,6923,3
1,210,6930,6932,2
0,347,6940,6943,3
2,139,6950,6953,3
0,348,6960,6963,3
1,211,6963,6966,3
0,349,6980,6982,2
1,212,6996,6999,3
0,350,7000,7002,2
2,140,7002,7007,5
3,70,7007,7017,10
0,351,7020,7023,3
1,213,7029,7034,5
0,352,7040,7044,4
2,141,7050,7053,3
0,353,7060,7062,2
1,214,7062,7064,2
0,354,7080,7083,3
4,7,7017,7089,50
1,215,7095,7097,2
0,355,7100,7103,3
2,142,7103,7108,5
0,356,7120,7122,2
3,71,7108,7124,14
1,216,7128,7130,2
0,357,7140,7142,2
2,143,7150,7154,4
0,358,7160,7164,4
1,217,7164,7166,2
0,359,7180,7182,2
1,218,7194,7196,2
0,360,7200,7201,1
2,144,7201,7205,4
3,72,7205,7214,9
0,361,7220,7221,1
1,219,7227,7229,2
0,362,7240,7242,2
2,145,7250,7253,3
0,363,7260,7263,3
1,220,7263,7266,3
0,364,7280,7281,1
1,221,7293,7298,5
0,365,7300,7304,4
2,146,7304,7309,5
3,73,7309,7314,5
0,366,7320,7322,2
1,222,7326,7328,2
0,367,7340,7343,3
2,147,7350,7353,3
0,368,7360,7364,4
1,223,7359,7368,5
0,369,7380,7382,2
1,224,7392,7395,3
0,370,7400,7403,3
2,148,7403,7406,3
3,74,7406,7412,6
0,371,7420,7423,3
1,225,7425,7428,3
0,372,7440,7442,2
2,149,7450,7453,3
0,373,7460,7463,3
1,226,7458,7465,4
0,374,7480,7482,2
1,227,7491,7493,2
0,375,7500,7502,2
2,150,7502,7505,3
3,75,7505,7517,12
0,376,7520,7522,2
1,228,7524,7527,3
0,377,7540,7543,3
2,151,7550,7555,5
1,229,7557,7559,2
0,378,7560,7561,1
0,379,7580,7581,1
1,230,7590,7594,4
0,380,7600,7602,2
2,152,7602,7606,4
3,76,7606,7612,6
0,381,7620,7621,1
1,231,7623,7625,2
0,382,7640,7642,2
2,153,7650,7655,5
1,232,7656,7658,2
0,383,7660,7661,1
0,384,7680,7683,3
1,233,7689,7692,3
0,385,7700,7702,2
2,154,7702,7705,3
3,77,7705,7717,12
0,386,7720,7723,3
1,234,7723,7725,2
0,387,7740,7742,2
2,155,7750,7754,4
1,235,7755,7757,2
0,388,7760,7761,1
0,389,7780,7783,3
1,236,7788,7790,2
0,390,7800,7803,3
2,156,7803,7806,3
3,78,7806,7819,13
0,391,7820,7821,1
1,237,7821,7823,2
0,392,7840,7842,2
2,157,7850,7853,3
1,238,7854,7857,3
0,393,7860,7862,2
0,394,7880,7883,3
1,239,7887,7890,3
0,395,7900,7903,3
2,158,7903,7906,3
3,79,7906,7912,6
0,396,7920,7921,1
1,240,7921,7924,3
0,397,7940,7942,2
2,159,7950,7953,3
1,241,7953,7955,2
0,398,7960,7962,2
0,399,7980,7983,3
1,242,7986,7989,3
0,400,8000,8003,3
2,160,8003,8007,4
3,80,8007,8017,10
0,401,8020,8023,3
1,243,8019,8026,4
0,402,8040,8043,3
1,244,8052,8056,4
2,161,8050,8059,5
0,403,8060,8063,3
0,404,8080,8082,2
1,245,8085,8087,2
4,8,8017,8093,50
0,405,8100,8104,4
2,162,8104,8107,3
3,81,8107,8118,11
0,406,8120,8124,4
1,246,8118,8125,3
0,407,8140,8142,2
1,247,8151,8154,3
2,163,8150,8157,4
0,408,8160,8164,4
0,409,8180,8182,2
1,248,8184,8188,4
0,410,8200,8202,2
2,164,8202,8205,3
3,82,8205,8214,9
0,411,8220,8223,3
1,249,8217,8224,4
0,412,8240,8241,1
1,250,8250,8254,4
2,165,8254,8257,3
0,413,8260,8264,4
0,414,8280,8282,2
1,251,8283,8285,2
0,415,8300,8304,4
2,166,8304,8307,3
3,83,8307,8315,8
1,252,8316,8320,4
0,416,8320,8321,1
0,417,8340,8342,2
1,253,8349,8352,3
2,167,8352,8355,3
0,418,8360,8362,2
0,419,8380,8384,4
1,254,8384,8388,4
0,420,8400,8404,4
2,168,8404,8408,4
1,255,8415,8418,3
0,421,8420,8423,3
3,84,8408,8426,12
0,422,8440,8442,2
1,256,8448,8451,3
2,169,8451,8454,3
0,423,8460,8462,2
0,424,8480,8481,1
1,257,8481,8484,3
0,425,8500,8502,2
2,170,8502,8505,3
1,258,8514,8516,2
3,85,8505,8518,11
0,426,8520,8523,3
0,427,8540,8542,2
1,259,8547,8553,6
2,171,8553,8557,4
0,428,8560,8563,3
0,429,8580,8583,3
1,260,8583,8587,4
0,430,8600,8603,3
2,172,8603,8607,4
1,261,8613,8618,5
0,431,8620,8623,3
3,86,8607,8626,11
5,2,8093,8639,318
0,432,8640,8642,2
1,262,8646,8649,3
2,173,8650,8653,3
0,433,8660,8662,2
0,434,8680,8684,4
1,263,8679,8687,4
0,435,8700,8702,2
2,174,8702,8706,4
1,264,8712,8715,3
3,87,8706,8717,8
0,436,8720,8722,2
0,437,8740,8744,4
1,265,8745,8749,4
2,175,8750,8753,3
0,438,8760,8763,3
0,439,8780,8782,2
1,266,8778,8784,4
0,440,8800,8803,3
2,176,8803,8806,3
1,267,8811,8815,4
3,88,8806,8818,8
0,441,8820,8824,4
0,442,8840,8844,4
1,268,8844,8846,2
2,177,8850,8854,4
0,443,8860,8863,3
1,269,8877,8879,2
0,444,8880,8883,3
0,445,8900,8903,3
2,178,8903,8906,3
1,270,8910,8913,3
3,89,8906,8914,5
0,446,8920,8922,2
0,447,8940,8942,2
1,271,8943,8947,4
2,179,8950,8954,4
0,448,8960,8963,3
1,272,8976,8978,2
0,449,8980,8984,4
0,450,9000,9002,2
2,180,9002,9007,5
1,273,9009,9011,2
3,90,9007,9014,5
0,451,9020,9022,2
0,452,9040,9044,4
1,274,9044,9047,3
2,181,9050,9053,3
0,453,9060,9061,1
1,275,9075,9078,3
4,9,9014,9080,50
0,454,9080,9084,4
0,455,9100,9102,2
2,182,9102,9106,4
1,276,9108,9111,3
3,91,9106,9119,10
0,456,9120,9121,1
0,457,9140,9142,2
1,277,9142,9145,3
2,183,9150,9153,3
0,458,9160,9162,2
1,278,9174,9176,2
0,459,9180,9182,2
0,460,9200,9202,2
2,184,9202,9207,5
1,279,9207,9209,2
3,92,9209,9218,9
0,461,9220,9222,2
0,462,9240,9242,2
1,280,9242,9246,4
2,185,9250,9253,3
0,463,9260,9262,2
1,281,9273,9276,3
0,464,9280,9283,3
0,465,9300,9302,2
2,186,9302,9305,3
1,282,9306,9308,2
0,466,9320,9323,3
3,93,9305,9324,14
0,467,9340,9343,3
1,283,9339,9347,5
2,187,9350,9353,3
0,468,9360,9362,2
1,284,9372,9378,6
0,469,9380,9383,3
0,470,9400,9402,2
2,188,9402,9405,3
1,285,9405,9409,4
3,94,9409,9419,10
0,471,9420,9423,3
1,286,9438,9440,2
0,472,9440,9443,3
2,189,9450,9454,4
0,473,9460,9462,2
1,287,9471,9474,3
0,474,9480,9483,3
0,475,9500,9502,2
1,288,9504,9506,2
2,190,9502,9509,5
3,95,9509,9517,8
0,476,9520,9521,1
1,289,9537,9540,3
0,477,9540,9542,2
2,191,9550,9556,6
0,478,9560,9562,2
1,290,9570,9575,5
0,479,9580,9583,3
0,480,9600,9601,1
1,291,9603,9605,2
2,192,9601,9607,4
0,481,9620,9624,4
3,96,9607,9625,14
1,292,9636,9638,2
0,482,9640,9642,2
2,193,9650,9653,3
0,483,9660,9663,3
1,293,9669,9675,6
0,484,9680,9683,3
0,485,9700,9704,4
1,294,9704,9706,2
2,194,9706,9710,4
0,486,9720,9722,2
3,97,9710,9725,13
1,295,9735,9737,2
0,487,9740,9743,3
2,195,9750,9754,4
0,488,9760,9762,2
1,296,9768,9771,3
0,489,9780,9783,3
0,490,9800,9802,2
1,297,9802,9805,3
2,196,9805,9810,5
0,491,9820,9822,2
3,98,9810,9824,12
1,298,9834,9839,5
0,492,9840,9842,2
2,197,9850,9854,4
0,493,9860,9862,2
1,299,9867,9871,4
0,494,9880,9883,3
0,495,9900,9903,3
1,300,9903,9905,2
2,198,9905,9909,4
0,496,9920,9923,3
3,99,9909,9925,13
1,301,9933,9935,2
0,497,9940,9944,4
2,199,9950,9955,5
0,498,9960,9962,2
1,302,9966,9969,3
0,499,9980,9983,3
0,500,10000,10002,2
1,303,9999,10003,2
2,200,10003,10006,3
3,100,10006,10013,7
0,501,10020,10023,3
1,304,10032,10038,6
0,502,10040,10043,3
2,201,10050,10053,3
0,503,10060,10062,2
1,305,10065,10067,2
0,504,10080,10082,2
4,10,10013,10084,50
1,306,10098,10100,2
0,505,10100,10102,2
2,202,10102,10107,5
3,101,10107,10120,13
0,506,10120,10123,3
1,307,10131,10134,3
0,507,10140,10143,3
2,203,10150,10155,5
0,508,10160,10163,3
1,308,10164,10167,3
0,509,10180,10183,3
1,309,10197,10199,2
0,510,10200,10202,2
2,204,10202,10205,3
3,102,10205,10210,5
0,511,10220,10222,2
1,310,10230,10234,4
0,512,10240,10241,1
2,205,10250,10253,3
0,513,10260,10262,2
1,311,10263,10267,4
0,514,10280,10284,4
1,312,10296,10298,2
0,515,10300,10303,3
2,206,10303,10306,3
3,103,10306,10320,14
0,516,10320,10323,3
1,313,10329,10332,3
0,517,10340,10344,4
2,207,10350,10355,5
0,518,10360,10363,3
1,314,10363,10365,2
0,519,10380,10383,3
1,315,10395,10397,2
0,520,10400,10403,3
2,208,10403,10406,3
3,104,10406,10411,5
0,521,10420,10423,3
1,316,10428,10430,2
0,522,10440,10441,1
2,209,10450,10454,4
0,523,10460,10463,3
1,317,10463,10466,3
0,524,10480,10484,4
1,318,10494,10498,4
0,525,10500,10503,3
2,210,10503,10506,3
3,105,10506,10512,6
0,526,10520,10523,3
1,319,10527,10530,3
0,527,10540,10542,2
2,211,10550,10553,3
0,528,10560,10561,1
1,320,10561,10564,3
0,529,10580,10582,2
1,321,10593,10595,2
0,530,10600,10603,3
2,212,10603,10606,3
0,531,10620,10624,4
3,106,10606,10625,15
1,322,10626,10631,5
0,532,10640,10642,2
2,213,10650,10653,3
0,533,10660,10661,1
1,323,10659,10662,2
0,534,10680,10681,1
1,324,10692,10695,3
0,535,10700,10703,3
2,214,10703,10707,4
3,107,10707,10719,12
0,536,10720,10723,3
1,325,10725,10728,3
0,537,10740,10743,3
2,215,10750,10753,3
0,538,10760,10761,1
1,326,10758,10763,4
0,539,10780,10784,4
1,327,10791,10793,2
0,540,10800,10803,3
2,216,10803,10807,4
3,108,10807,10820,13
0,541,10820,10822,2
1,328,10824,10826,2
0,542,10840,10842,2
2,217,10850,10853,3
0,543,10860,10863,3
1,329,10857,10864,4
0,544,10880,10883,3
1,330,10890,10896,6
0,545,10900,10902,2
2,218,10902,10905,3
0,546,10920,10923,3
1,331,10923,10925,2
3,109,10905,10926,16
0,547,10940,10942,2
2,219,10950,10953,3
0,548,10960,10962,2
1,332,10956,10963,5
0,549,10980,10983,3
1,333,10989,10993,4
0,550,11000,11002,2
2,220,11002,11008,6
0,551,11020,11021,1
3,110,11008,11022,13
1,334,11022,11025,3
0,552,11040,11042,2
2,221,11050,11055,5
1,335,11055,11058,3
0,553,11060,11062,2
0,554,11080,11082,2
1,336,11088,11090,2
4,11,11025,11091,50
0,555,11100,11103,3
2,222,11103,11108,5
3,111,11108,11119,11
0,556,11120,11122,2
1,337,11122,11124,2
0,557,11140,11141,1
2,223,11150,11153,3
1,338,11154,11156,2
0,558,11160,11162,2
0,559,11180,11182,2
1,339,11187,11192,5
0,560,11200,11204,4
2,224,11204,11207,3
0,561,11220,11224,4
1,340,11224,11227,3
3,112,11207,11230,16
0,562,11240,11241,1
1,341,11253,11255,2
2,225,11250,11258,6
0,563,11260,11263,3
0,564,11280,11284,4
1,342,11286,11291,5
0,565,11300,11302,2
2,226,11302,11305,3
3,113,11305,11315,10
0,566,11320,11323,3
1,343,11319,11324,2
0,567,11340,11341,1
1,344,11352,11354,2
2,227,11350,11357,5
0,568,11360,11362,2
0,569,11380,11384,4
1,345,11385,11387,2
0,570,11400,11403,3
2,228,11403,11406,3
1,346,11418,11420,2
0,571,11420,11422,2
3,114,11406,11424,14
0,572,11440,11442,2
1,347,11451,11455,4
2,229,11450,11457,3
0,573,11460,11462,2
0,574,11480,11484,4
1,348,11484,11487,3
0,575,11500,11502,2
2,230,11502,11505,3
3,115,11505,11511,6
1,349,11517,11519,2
0,576,11520,11523,3
0,577,11540,11542,2
1,350,11550,11552,2
2,231,11552,11558,6
0,578,11560,11563,3
0,579,11580,11581,1
1,351,11583,11588,5
0,580,11600,11603,3
2,232,11603,11608,5
3,116,11608,11615,7
1,352,11616,11619,3
0,581,11620,11622,2
0,582,11640,11642,2
1,353,11649,11651,2
2,233,11651,11654,3
0,583,11660,11662,2
0,584,11680,11682,2
1,354,11682,11685,3
0,585,11700,11701,1
2,234,11701,11704,3
1,355,11715,11717,2
3,117,11704,11718,12
0,586,11720,11723,3
0,587,11740,11742,2
1,356,11748,11751,3
2,235,11751,11754,3
0,588,11760,11762,2
0,589,11780,11781,1
1,357,11781,11784,3
0,590,11800,11803,3
2,236,11803,11806,3
3,118,11806,11812,6
1,358,11814,11816,2
0,591,11820,11824,4
0,592,11840,11843,3
1,359,11847,11851,4
2,237,11851,11854,3
0,593,11860,11861,1
0,594,11880,11883,3
1,360,11883,11887,4
0,595,11900,11903,3
2,238,11903,11907,4
3,119,11907,11913,6
1,361,11913,11916,3
0,596,11920,11922,2
0,597,11940,11942,2
1,362,11946,11948,2
2,239,11950,11953,3
0,598,11960,11962,2
0,599,11980,11981,1
1,363,11979,11982,2
0,600,12000,12004,4
2,240,12004,12009,5
1,364,12012,12015,3
0,601,12020,12022,2
3,120,12009,12024,10
0,602,12040,12043,3
1,365,12045,12048,3
2,241,12050,12053,3
0,603,12060,12063,3
1,366,12078,12080,2
0,604,12080,12083,3
4,12,12024,12091,50
0,605,12100,12101,1
2,242,12101,12105,4
1,367,12111,12114,3
3,121,12105,12119,11
0,606,12120,12123,3
0,607,12140,12143,3
1,368,12144,12148,4
2,243,12150,12155,5
0,608,12160,12162,2
1,369,12177,12179,2
0,609,12180,12184,4
0,610,12200,12201,1
2,244,12201,12205,4
1,370,12210,12214,4
0,611,12220,12223,3
3,122,12205,12224,12
0,612,12240,12242,2
1,371,12243,12245,2
2,245,12250,12256,6
0,613,12260,12263,3
1,372,12276,12278,2
0,614,12280,12283,3
0,615,12300,12303,3
2,246,12303,12307,4
1,373,12309,12312,3
0,616,12320,12323,3
3,123,12307,12324,11
0,617,12340,12343,3
1,374,12343,12347,4
2,247,12350,12355,5
0,618,12360,12363,3
1,375,12375,12378,3
0,619,12380,12385,5
0,620,12400,12402,2
2,248,12402,12406,4
1,376,12408,12410,2
3,124,12406,12414,6
0,621,12420,12424,4
0,622,12440,12443,3
1,377,12443,12446,3
2,249,12450,12453,3
0,623,12460,12463,3
1,378,12474,12477,3
0,624,12480,12482,2
0,625,12500,12502,2
2,250,12502,12506,4
1,379,12507,12509,2
3,125,12506,12519,11
0,626,12520,12522,2
0,627,12540,12543,3
1,380,12543,12546,3
2,251,12550,12553,3
0,628,12560,12563,3
1,381,12573,12578,5
0,629,12580,12583,3
0,630,12600,12602,2
2,252,12602,12605,3
1,382,12606,12610,4
3,126,12605,12615,6
0,631,12620,12622,2
0,632,12640,12643,3
1,383,12639,12644,2
2,253,12650,12653,3
5,3,12091,12657,334
0,633,12660,12664,4
1,384,12672,12675,3
0,634,12680,12683,3
0,635,12700,12703,3
1,385,12705,12708,3
2,254,12703,12709,3
3,127,12709,12719,10
0,636,12720,12723,3
0,637,12740,12742,2
1,386,12738,12743,3
2,255,12750,12754,4
0,638,12760,12763,3
1,387,12771,12774,3
0,639,12780,12783,3
0,640,12800,12801,1
1,388,12804,12806,2
2,256,12801,12807,4
3,128,12807,12812,5
0,641,12820,12824,4
0,642,12840,12842,2
1,389,12837,12843,4
2,257,12850,12854,4
0,643,12860,12862,2
1,390,12870,12872,2
0,644,12880,12883,3
0,645,12900,12902,2
1,391,12903,12908,5
2,258,12902,12910,3
0,646,12920,12922,2
3,129,12910,12925,13
1,392,12936,12938,2
0,647,12940,12942,2
2,259,12950,12954,4
0,648,12960,12962,2
1,393,12969,12971,2
0,649,12980,12983,3
0,650,13000,13003,3
1,394,13003,13007,4
2,260,13007,13012,5
0,651,13020,13024,4
3,130,13012,13025,9
1,395,13035,13038,3
0,652,13040,13042,2
2,261,13050,13054,4
0,653,13060,13063,3
1,396,13068,13071,3
0,654,13080,13083,3
4,13,13025,13093,50
0,655,13100,13102,2
1,397,13102,13106,4
2,262,13106,13110,4
3,131,13110,13118,8
0,656,13120,13122,2
1,398,13134,13136,2
0,657,13140,13143,3
2,263,13150,13154,4
0,658,13160,13163,3
1,399,13167,13170,3
0,659,13180,13183,3
0,660,13200,13203,3
1,400,13203,13206,3
2,264,13206,13209,3
3,132,13209,13218,9
0,661,13220,13222,2
1,401,13233,13239,6
0,662,13240,13241,1
2,265,13250,13253,3
0,663,13260,13261,1
1,402,13266,13270,4
0,664,13280,13284,4
0,665,13300,13304,4
1,403,13299,13308,5
2,266,13308,13313,5
0,666,13320,13322,2
3,133,13313,13326,11
1,404,13332,13336,4
0,667,13340,13342,2
2,267,13350,13353,3
0,668,13360,13362,2
1,405,13365,13370,5
0,669,13380,13383,3
1,406,13398,13400,2
0,670,13400,13402,2
2,268,13402,13405,3
3,134,13405,13416,11
0,671,13420,13421,1
1,407,13431,13433,2
0,672,13440,13443,3
2,269,13450,13454,4
0,673,13460,13462,2
1,408,13464,13467,3
0,674,13480,13481,1
1,409,13497,13499,2
0,675,13500,13504,4
2,270,13504,13507,3
3,135,13507,13518,11
0,676,13520,13522,2
1,410,13530,13532,2
0,677,13540,13543,3
2,271,13550,13553,3
0,678,13560,13562,2
1,411,13563,13568,5
0,679,13580,13583,3
1,412,13596,13599,3
0,680,13600,13603,3
2,272,13603,13607,4
3,136,13607,13620,13
0,681,13620,13621,1
1,413,13629,13631,2
0,682,13640,13641,1
2,273,13650,13654,4
0,683,13660,13663,3
1,414,13663,13666,3
0,684,13680,13682,2
1,415,13695,13700,5
0,685,13700,13702,2
2,274,13702,13708,6
3,137,13708,13719,11
0,686,13720,13721,1
1,416,13728,13731,3
0,687,13740,13743,3
2,275,13750,13754,4
0,688,13760,13763,3
1,417,13763,13768,5
0,689,13780,13782,2
1,418,13794,13796,2
0,690,13800,13803,3
2,276,13803,13807,4
3,138,13807,13817,10
0,691,13820,13824,4
1,419,13827,13830,3
0,692,13840,13843,3
2,277,13850,13853,3
0,693,13860,13862,2
1,420,13862,13864,2
0,694,13880,13883,3
1,421,13893,13896,3
0,695,13900,13901,1
2,278,13901,13904,3
3,139,13904,13912,8
0,696,13920,13922,2
1,422,13926,13928,2
0,697,13940,13941,1
2,279,13950,13954,4
0,698,13960,13962,2
1,423,13959,13963,2
0,699,13980,13982,2
1,424,13992,13997,5
0,700,14000,14003,3
2,280,14003,14007,4
3,140,14007,14013,6
0,701,14020,14022,2
1,425,14025,14027,2
0,702,14040,14043,3
2,281,14050,14054,4
0,703,14060,14061,1
1,426,14058,14064,5
4,14,14013,14080,50
0,704,14080,14084,4
1,427,14091,14093,2
0,705,14100,14102,2
2,282,14102,14107,5
0,706,14120,14122,2
3,141,14107,14123,14
1,428,14124,14127,3
0,707,14140,14143,3
2,283,14150,14156,6
0,708,14160,14163,3
1,429,14157,14164,4
0,709,14180,14181,1
1,430,14190,14192,2
0,710,14200,14204,4
2,284,14204,14207,3
3,142,14207,14212,5
0,711,14220,14222,2
1,431,14223,14226,3
0,712,14240,14242,2
2,285,14250,14255,5
1,432,14256,14259,3
0,713,14260,14262,2
0,714,14280,14282,2
1,433,14289,14294,5
0,715,14300,14301,1
2,286,14301,14304,3
3,143,14304,14310,6
0,716,14320,14324,4
1,434,14324,14326,2
0,717,14340,14344,4
2,287,14350,14355,5
0,718,14360,14363,3
1,435,14355,14364,6
0,719,14380,14383,3
1,436,14388,14390,2
0,720,14400,14401,1
2,288,14401,14406,5
3,144,14406,14419,13
0,721,14420,14421,1
1,437,14421,14423,2
0,722,14440,14443,3
2,289,14450,14454,4
1,438,14454,14456,2
0,723,14460,14462,2
0,724,14480,14482,2
1,439,14487,14491,4
0,725,14500,14504,4
2,290,14504,14508,4
0,726,14520,14523,3
1,440,14523,14525,2
3,145,14508,14528,15
0,727,14540,14542,2
2,291,14550,14553,3
1,441,14553,14559,6
0,728,14560,14561,1
0,729,14580,14582,2
1,442,14586,14588,2
0,730,14600,14602,2
2,292,14602,14606,4
3,146,14606,14619,13
0,731,14620,14623,3
1,443,14619,14625,3
0,732,14640,14641,1
1,444,14652,14657,5
2,293,14650,14659,4
0,733,14660,14662,2
0,734,14680,14683,3
1,445,14685,14688,3
0,735,14700,14703,3
2,294,14703,14707,4
1,446,14718,14720,2
0,736,14720,14723,3
3,147,14707,14726,14
0,737,14740,14743,3
1,447,14751,14756,5
2,295,14750,14758,3
0,738,14760,14762,2
0,739,14780,14782,2
1,448,14784,14790,6
0,740,14800,14804,4
2,296,14804,14807,3
1,449,14817,14820,3
0,741,14820,14824,4
3,148,14807,14826,12
0,742,14840,14843,3
1,450,14850,14853,3
2,297,14853,14856,3
0,743,14860,14863,3
0,744,14880,14883,3
1,451,14883,14885,2
0,745,14900,14903,3
2,298,14903,14906,3
1,452,14916,14919,3
0,746,14920,14922,2
3,149,14906,14924,13
0,747,14940,14942,2
1,453,14949,14954,5
2,299,14954,14958,4
0,748,14960,14962,2
0,749,14980,14982,2
1,454,14982,14984,2
0,750,15000,15002,2
2,300,15002,15005,3
3,150,15005,15013,8
1,455,15015,15018,3
0,751,15020,15023,3
0,752,15040,15043,3
1,456,15048,15052,4
2,301,15052,15057,5
0,753,15060,15061,1
0,754,15080,15082,2
1,457,15082,15084,2
4,15,15013,15086,50
0,755,15100,15104,4
2,302,15104,15108,4
1,458,15114,15117,3
3,151,15108,15119,8
0,756,15120,15122,2
0,757,15140,15143,3
1,459,15147,15149,2
2,303,15150,15154,4
0,758,15160,15162,2
0,759,15180,15183,3
1,460,15183,15185,2
0,760,15200,15204,4
2,304,15204,15208,4
1,461,15213,15217,4
0,761,15220,15223,3
3,152,15208,15228,13
0,762,15240,15243,3
1,462,15246,15250,4
2,305,15250,15255,5
0,763,15260,15262,2
0,764,15280,15283,3
1,463,15279,15285,3
0,765,15300,15302,2
2,306,15302,15305,3
3,153,15305,15312,7
1,464,15312,15316,4
0,766,15320,15324,4
0,767,15340,15344,4
1,465,15345,15349,4
2,307,15350,15353,3
0,768,15360,15364,4
1,466,15378,15380,2
0,769,15380,15383,3
0,770,15400,15401,1
2,308,15401,15405,4
1,467,15411,15415,4
3,154,15405,15420,11
0,771,15420,15423,3
0,772,15440,15444,4
1,468,15444,15446,2
2,309,15450,15454,4
0,773,15460,15462,2
0,774,15480,15482,2
1,469,15477,15483,4
0,775,15500,15502,2
2,310,15502,15505,3
