0,0,0,2,2
1,0,2,4,2
2,0,4,9,5
3,0,9,15,6
0,1,20,22,2
1,1,33,35,2
0,2,40,41,1
2,1,50,55,5
0,3,60,63,3
1,2,66,70,4
0,4,80,82,2
4,0,15,84,50
0,5,100,103,3
1,3,99,105,3
2,2,105,109,4
3,1,109,118,9
0,6,120,123,3
1,4,132,135,3
0,7,140,142,2
2,3,150,154,4
0,8,160,162,2
1,5,165,167,2
0,9,180,181,1
1,6,198,200,2
0,10,200,201,1
2,4,201,204,3
3,2,204,213,9
0,11,220,222,2
1,7,231,234,3
0,12,240,241,1
2,5,250,255,5
0,13,260,261,1
1,8,264,266,2
0,14,280,284,4
1,9,297,300,3
0,15,300,302,2
2,6,302,306,4
3,3,306,319,13
0,16,320,323,3
1,10,330,333,3
0,17,340,342,2
2,7,350,354,4
0,18,360,363,3
1,11,363,365,2
0,19,380,383,3
1,12,396,399,3
0,20,400,403,3
2,8,403,406,3
3,4,406,419,13
0,21,420,423,3
1,13,429,431,2
0,22,440,442,2
2,9,450,453,3
0,23,460,462,2
1,14,462,466,4
0,24,480,483,3
1,15,495,499,4
0,25,500,503,3
2,10,503,508,5
0,26,520,522,2
3,5,508,523,13
1,16,528,530,2
0,27,540,542,2
2,11,550,555,5
0,28,560,562,2
1,17,562,564,2
0,29,580,584,4
1,18,594,597,3
0,30,600,604,4
2,12,604,608,4
3,6,608,618,10
0,31,620,623,3
1,19,627,629,2
0,32,640,641,1
2,13,650,654,4
0,33,660,661,1
1,20,661,664,3
5,0,84,672,357
0,34,680,681,1
1,21,693,695,2
0,35,700,702,2
2,14,702,705,3
3,7,705,714,9
0,36,720,722,2
1,22,726,729,3
0,37,740,743,3
2,15,750,753,3
0,38,760,762,2
1,23,759,765,4
0,39,780,783,3
1,24,792,794,2
0,40,800,802,2
2,16,802,807,5
3,8,807,819,12
0,41,820,822,2
1,25,825,828,3
0,42,840,842,2
2,17,850,853,3
0,43,860,863,3
1,26,858,866,5
0,44,880,882,2
1,27,891,893,2
0,45,900,903,3
2,18,903,906,3
3,9,906,915,9
0,46,920,923,3
1,28,924,927,3
0,47,940,942,2
2,19,950,954,4
0,48,960,962,2
1,29,957,963,4
0,49,980,982,2
1,30,990,994,4
0,50,1000,1002,2
2,20,1002,1007,5
0,51,1020,1024,4
1,31,1024,1029,5
3,10,1007,1031,15
0,52,1040,1043,3
2,21,1050,1053,3
1,32,1056,1059,3
0,53,1060,1062,2
0,54,1080,1081,1
1,33,1089,1094,5
4,1,1031,1098,50
0,55,1100,1103,3
2,22,1103,1106,3
3,11,1106,1111,5
0,56,1120,1121,1
1,34,1122,1128,6
0,57,1140,1143,3
2,23,1150,1153,3
1,35,1155,1158,3
0,58,1160,1161,1
0,59,1180,1183,3
1,36,1188,1190,2
0,60,1200,1202,2
2,24,1202,1205,3
3,12,1205,1216,11
0,61,1220,1222,2
1,37,1222,1224,2
0,62,1240,1241,1
1,38,1254,1256,2
2,25,1250,1257,5
0,63,1260,1262,2
0,64,1280,1282,2
1,39,1287,1289,2
0,65,1300,1302,2
2,26,1302,1305,3
3,13,1305,1314,9
0,66,1320,1322,2
1,40,1322,1326,4
0,67,1340,1341,1
2,27,1350,1353,3
1,41,1353,1358,5
0,68,1360,1363,3
0,69,1380,1382,2
1,42,1386,1388,2
0,70,1400,1403,3
2,28,1403,1406,3
3,14,1406,1417,11
0,71,1420,1422,2
1,43,1419,1424,3
0,72,1440,1442,2
1,44,1452,1454,2
2,29,1450,1455,3
0,73,1460,1464,4
0,74,1480,1484,4
1,45,1485,1488,3
0,75,1500,1502,2
2,30,1502,1505,3
3,15,1505,1517,12
0,76,1520,1523,3
1,46,1518,1525,4
0,77,1540,1541,1
1,47,1551,1553,2
2,31,1550,1556,4
0,78,1560,1562,2
0,79,1580,1584,4
1,48,1584,1586,2
0,80,1600,1602,2
2,32,1602,1605,3
1,49,1617,1620,3
0,81,1620,1622,2
3,16,1605,1627,17
0,82,1640,1643,3
1,50,1650,1654,4
2,33,1654,1657,3
0,83,1660,1662,2
0,84,1680,1682,2
1,51,1683,1687,4
0,85,1700,1702,2
2,34,1702,1707,5
3,17,1707,1716,9
1,52,1716,1719,3
0,86,1720,1722,2
0,87,1740,1743,3
1,53,1749,1752,3
2,35,1752,1757,5
0,88,1760,1763,3
0,89,1780,1783,3
1,54,1783,1786,3
0,90,1800,1802,2
2,36,1802,1806,4
3,18,1806,1811,5
1,55,1815,1818,3
0,91,1820,1823,3
0,92,1840,1843,3
1,56,1848,1851,3
2,37,1851,1854,3
0,93,1860,1862,2
0,94,1880,1883,3
1,57,1883,1885,2
0,95,1900,1904,4
2,38,1904,1907,3
1,58,1914,1919,5
0,96,1920,1923,3
3,19,1907,1924,9
0,97,1940,1942,2
1,59,1947,1949,2
2,39,1950,1954,4
0,98,1960,1963,3
0,99,1980,1982,2
1,60,1982,1988,6
0,100,2000,2002,2
2,40,2002,2006,4
1,61,2013,2015,2
3,20,2006,2018,10
0,101,2020,2021,1
0,102,2040,2042,2
1,62,2046,2050,4
2,41,2050,2053,3
0,103,2060,2063,3
0,104,2080,2082,2
1,63,2079,2084,3
4,2,2018,2086,50
0,105,2100,2103,3
2,42,2103,2106,3
1,64,2112,2114,2
3,21,2106,2117,9
0,106,2120,2124,4
0,107,2140,2143,3
1,65,2145,2148,3
2,43,2150,2153,3
0,108,2160,2163,3
0,109,2180,2182,2
1,66,2178,2184,4
0,110,2200,2204,4
2,44,2204,2208,4
1,67,2211,2214,3
0,111,2220,2222,2
3,22,2208,2228,15
0,112,2240,2242,2
1,68,2244,2247,3
2,45,2250,2255,5
0,113,2260,2263,3
0,114,2280,2282,2
1,69,2277,2283,4
0,115,2300,2303,3
2,46,2303,2309,6
1,70,2310,2313,3
0,116,2320,2322,2
3,23,2309,2329,15
0,117,2340,2343,3
1,71,2343,2347,4
2,47,2350,2353,3
0,118,2360,2363,3
1,72,2376,2379,3
0,119,2380,2381,1
0,120,2400,2403,3
2,48,2403,2406,3
1,73,2409,2413,4
0,121,2420,2422,2
3,24,2406,2424,12
0,122,2440,2443,3
1,74,2443,2446,3
2,49,2450,2454,4
0,123,2460,2462,2
1,75,2475,2477,2
0,124,2480,2483,3
0,125,2500,2503,3
2,50,2503,2506,3
1,76,2508,2512,4
0,126,2520,2523,3
3,25,2506,2525,12
0,127,2540,2542,2
1,77,2542,2544,2
2,51,2550,2553,3
0,128,2560,2562,2
1,78,2574,2576,2
0,129,2580,2583,3
0,130,2600,2604,4
2,52,2604,2607,3
1,79,2607,2611,4
0,131,2620,2623,3
3,26,2611,2625,11
0,132,2640,2642,2
1,80,2642,2645,3
2,53,2650,2653,3
0,133,2660,2663,3
1,81,2673,2676,3
0,134,2680,2682,2
0,135,2700,2702,2
2,54,2702,2705,3
1,82,2706,2710,4
3,27,2705,2717,8
0,136,2720,2722,2
0,137,2740,2743,3
1,83,2739,2746,4
2,55,2750,2753,3
0,138,2760,2763,3
1,84,2772,2774,2
0,139,2780,2782,2
0,140,2800,2803,3
1,85,2805,2808,3
2,56,2803,2809,3
3,28,2809,2820,11
0,141,2820,2822,2
0,142,2840,2842,2
1,86,2838,2846,6
2,57,2850,2853,3
0,143,2860,2862,2
1,87,2871,2874,3
0,144,2880,2882,2
0,145,2900,2901,1
1,88,2904,2907,3
2,58,2901,2909,5
3,29,2909,2916,7
0,146,2920,2923,3
1,89,2937,2939,2
0,147,2940,2942,2
2,59,2950,2953,3
0,148,2960,2962,2
1,90,2970,2972,2
0,149,2980,2985,5
0,150,3000,3002,2
1,91,3003,3008,5
2,60,3002,3010,3
0,151,3020,3021,1
3,30,3010,3023,12
1,92,3036,3039,3
0,152,3040,3043,3
2,61,3050,3053,3
0,153,3060,3063,3
1,93,3069,3072,3
0,154,3080,3082,2
4,3,3023,3090,50
0,155,3100,3102,2
1,94,3102,3105,3
2,62,3105,3109,4
0,156,3120,3122,2
3,31,3109,3124,13
1,95,3135,3137,2
0,157,3140,3141,1
2,63,3150,3154,4
0,158,3160,3162,2
1,96,3168,3172,4
0,159,3180,3183,3
0,160,3200,3203,3
1,97,3203,3206,3
2,64,3206,3210,4
3,32,3210,3217,7
0,161,3220,3223,3
1,98,3234,3238,4
0,162,3240,3243,3
2,65,3250,3255,5
0,163,3260,3263,3
1,99,3267,3269,2
0,164,3280,3283,3
0,165,3300,3303,3
1,100,3303,3307,4
2,66,3307,3310,3
3,33,3310,3318,8
0,166,3320,3322,2
1,101,3333,3336,3
0,167,3340,3342,2
2,67,3350,3353,3
0,168,3360,3362,2
1,102,3366,3370,4
0,169,3380,3382,2
0,170,3400,3401,1
1,103,3399,3405,5
2,68,3405,3408,3
3,34,3408,3415,7
0,171,3420,3422,2
1,104,3432,3434,2
0,172,3440,3443,3
2,69,3450,3453,3
0,173,3460,3462,2
1,105,3465,3467,2
0,174,3480,3482,2
0,175,3500,3502,2
1,106,3498,3503,3
2,70,3503,3506,3
3,35,3506,3514,8
0,176,3520,3522,2
1,107,3531,3533,2
0,177,3540,3542,2
2,71,3550,3553,3
0,178,3560,3562,2
1,108,3564,3566,2
0,179,3580,3584,4
1,109,3597,3599,2
0,180,3600,3604,4
2,72,3604,3608,4
3,36,3608,3616,8
0,181,3620,3623,3
1,110,3630,3635,5
0,182,3640,3643,3
2,73,3650,3653,3
0,183,3660,3662,2
1,111,3663,3666,3
0,184,3680,3683,3
1,112,3696,3699,3
0,185,3700,3703,3
2,74,3703,3706,3
3,37,3706,3711,5
0,186,3720,3722,2
1,113,3729,3731,2
0,187,3740,3741,1
2,75,3750,3753,3
0,188,3760,3764,4
1,114,3764,3767,3
0,189,3780,3782,2
0,190,3800,3804,4
1,115,3795,3805,6
2,76,3805,3808,3
3,38,3808,3817,9
0,191,3820,3822,2
1,116,3828,3831,3
0,192,3840,3842,2
2,77,3850,3853,3
0,193,3860,3862,2
1,117,3862,3864,2
0,194,3880,3884,4
1,118,3894,3896,2
0,195,3900,3904,4
2,78,3904,3907,3
3,39,3907,3919,12
0,196,3920,3923,3
1,119,3927,3929,2
0,197,3940,3944,4
2,79,3950,3953,3
0,198,3960,3963,3
1,120,3963,3965,2
0,199,3980,3983,3
1,121,3993,3995,2
0,200,4000,4003,3
2,80,4003,4006,3
3,40,4006,4014,8
0,201,4020,4022,2
1,122,4026,4029,3
0,202,4040,4043,3
2,81,4050,4053,3
0,203,4060,4063,3
1,123,4059,4064,2
4,4,4014,4080,50
0,204,4080,4083,3
1,124,4092,4095,3
0,205,4100,4103,3
2,82,4103,4106,3
3,41,4106,4116,10
0,206,4120,4123,3
1,125,4125,4128,3
0,207,4140,4142,2
2,83,4150,4155,5
1,126,4158,4160,2
0,208,4160,4162,2
0,209,4180,4182,2
1,127,4191,4193,2
0,210,4200,4202,2
2,84,4202,4205,3
3,42,4205,4214,9
0,211,4220,4221,1
1,128,4224,4226,2
0,212,4240,4241,1
2,85,4250,4253,3
0,213,4260,4261,1
1,129,4257,4264,6
0,214,4280,4284,4
1,130,4290,4293,3
0,215,4300,4302,2
2,86,4302,4307,5
3,43,4307,4318,11
0,216,4320,4322,2
1,131,4323,4325,2
0,217,4340,4342,2
2,87,4350,4354,4
1,132,4356,4359,3
0,218,4360,4361,1
0,219,4380,4382,2
1,133,4389,4392,3
0,220,4400,4403,3
2,88,4403,4406,3
3,44,4406,4413,7
0,221,4420,4422,2
1,134,4422,4426,4
5,1,4083,4430,216
0,222,4440,4442,2
2,89,4450,4455,5
1,135,4455,4457,2
0,223,4460,4463,3
0,224,4480,4483,3
1,136,4488,4491,3
0,225,4500,4503,3
2,90,4503,4507,4
0,226,4520,4524,4
1,137,4524,4526,2
3,45,4507,4527,14
0,227,4540,4543,3
2,91,4550,4554,4
1,138,4554,4556,2
0,228,4560,4562,2
0,229,4580,4582,2
1,139,4587,4590,3
0,230,4600,4602,2
2,92,4602,4605,3
3,46,4605,4615,10
0,231,4620,4623,3
1,140,4623,4625,2
0,232,4640,4642,2
1,141,4653,4656,3
2,93,4650,4657,4
0,233,4660,4662,2
0,234,4680,4681,1
1,142,4686,4689,3
0,235,4700,4702,2
2,94,4702,4706,4
3,47,4706,4715,9
0,236,4720,4723,3
1,143,4719,4725,3
0,237,4740,4741,1
1,144,4752,4754,2
2,95,4750,4757,5
0,238,4760,4762,2
0,239,4780,4783,3
1,145,4785,4789,4
0,240,4800,4804,4
2,96,4804,4807,3
1,146,4818,4820,2
0,241,4820,4823,3
3,48,4807,4826,14
0,242,4840,4842,2
1,147,4851,4855,4
2,97,4850,4858,4
0,243,4860,4863,3
0,244,4880,4882,2
1,148,4884,4887,3
0,245,4900,4902,2
2,98,4902,4905,3
3,49,4905,4914,9
1,149,4917,4920,3
0,246,4920,4922,2
0,247,4940,4943,3
1,150,4950,4955,5
2,99,4955,4958,3
0,248,4960,4963,3
0,249,4980,4981,1
1,151,4983,4985,2
0,250,5000,5003,3
2,100,5003,5007,4
1,152,5016,5019,3
0,251,5020,5021,1
3,50,5007,5022,11
0,252,5040,5043,3
1,153,5049,5054,5
2,101,5054,5057,3
0,253,5060,5063,3
0,254,5080,5083,3
1,154,5083,5086,3
4,5,5022,5092,50
0,255,5100,5102,2
2,102,5102,5106,4
3,51,5106,5113,7
0,256,5120,5123,3
1,155,5115,5125,7
0,257,5140,5142,2
1,156,5148,5151,3
2,103,5151,5154,3
0,258,5160,5162,2
0,259,5180,5183,3
1,157,5183,5188,5
0,260,5200,5204,4
2,104,5204,5207,3
3,52,5207,5212,5
1,158,5214,5216,2
0,261,5220,5222,2
0,262,5240,5242,2
1,159,5247,5250,3
2,105,5250,5253,3
0,263,5260,5262,2
0,264,5280,5282,2
1,160,5282,5284,2
0,265,5300,5303,3
2,106,5303,5306,3
1,161,5313,5316,3
0,266,5320,5321,1
3,53,5306,5323,13
0,267,5340,5343,3
1,162,5346,5348,2
2,107,5350,5354,4
0,268,5360,5362,2
0,269,5380,5382,2
1,163,5379,5383,2
0,270,5400,5402,2
2,108,5402,5406,4
1,164,5412,5414,2
0,271,5420,5422,2
3,54,5406,5423,13
0,272,5440,5443,3
1,165,5445,5449,4
2,109,5450,5453,3
0,273,5460,5462,2
1,166,5478,5480,2
0,274,5480,5481,1
0,275,5500,5502,2
2,110,5502,5506,4
1,167,5511,5517,6
3,55,5506,5520,8
0,276,5520,5522,2
0,277,5540,5543,3
1,168,5544,5547,3
2,111,5550,5553,3
0,278,5560,5563,3
0,279,5580,5582,2
1,169,5577,5583,4
0,280,5600,5603,3
2,112,5603,5607,4
1,170,5610,5612,2
0,281,5620,5623,3
3,56,5607,5625,13
0,282,5640,5642,2
1,171,5643,5645,2
2,113,5650,5655,5
0,283,5660,5663,3
1,172,5676,5680,4
0,284,5680,5681,1
0,285,5700,5702,2
2,114,5702,5705,3
1,173,5709,5711,2
3,57,5705,5718,11
0,286,5720,5722,2
0,287,5740,5742,2
1,174,5742,5744,2
2,115,5750,5754,4
0,288,5760,5762,2
1,175,5775,5779,4
0,289,5780,5783,3
0,290,5800,5802,2
2,116,5802,5806,4
1,176,5808,5812,4
0,291,5820,5821,1
3,58,5806,5826,15
0,292,5840,5843,3
1,177,5843,5847,4
2,117,5850,5853,3
0,293,5860,5862,2
1,178,5874,5878,4
0,294,5880,5883,3
0,295,5900,5902,2
2,118,5902,5905,3
1,179,5907,5911,4
0,296,5920,5922,2
3,59,5905,5923,12
0,297,5940,5944,4
1,180,5944,5946,2
2,119,5950,5953,3
0,298,5960,5964,4
1,181,5973,5977,4
0,299,5980,5982,2
0,300,6000,6001,1
2,120,6001,6004,3
1,182,6006,6009,3
3,60,6004,6014,7
0,301,6020,6023,3
0,302,6040,6043,3
1,183,6039,6046,4
2,121,6050,6055,5
0,303,6060,6062,2
1,184,6072,6075,3
0,304,6080,6082,2
4,6,6014,6086,50
0,305,6100,6102,2
2,122,6102,6105,3
1,185,6105,6108,3
3,61,6108,6117,9
0,306,6120,6123,3
1,186,6138,6140,2
0,307,6140,6142,2
2,123,6150,6153,3
0,308,6160,6163,3
1,187,6171,6173,2
0,309,6180,6183,3
0,310,6200,6203,3
1,188,6204,6208,4
2,124,6203,6211,4
0,311,6220,6222,2
3,62,6211,6223,10
1,189,6237,6239,2
0,312,6240,6242,2
2,125,6250,6254,4
0,313,6260,6262,2
1,190,6270,6273,3
0,314,6280,6282,2
0,315,6300,6302,2
1,191,6303,6306,3
2,126,6302,6308,3
3,63,6308,6319,11
0,316,6320,6324,4
1,192,6336,6338,2
0,317,6340,6342,2
2,127,6350,6353,3
0,318,6360,6361,1
1,193,6369,6374,5
0,319,6380,6382,2
0,320,6400,6404,4
1,194,6404,6407,3
2,128,6407,6411,4
0,321,6420,6424,4
3,64,6411,6426,11
1,195,6435,6437,2
0,322,6440,6442,2
2,129,6450,6454,4
0,323,6460,6462,2
1,196,6468,6471,3
0,324,6480,6483,3
0,325,6500,6504,4
1,197,6504,6508,4
2,130,6508,6512,4
3,65,6512,6518,6
0,326,6520,6523,3
1,198,6534,6539,5
0,327,6540,6543,3
2,131,6550,6554,4
0,328,6560,6563,3
1,199,6567,6570,3
0,329,6580,6582,2
0,330,6600,6602,2
1,200,6602,6605,3
2,132,6605,6608,3
3,66,6608,6618,10
0,331,6620,6622,2
1,201,6633,6636,3
0,332,6640,6643,3
2,133,6650,6653,3
0,333,6660,6662,2
1,202,6666,6668,2
0,334,6680,6683,3
0,335,6700,6702,2
1,203,6699,6706,5
2,134,6706,6709,3
3,67,6709,6719,10
0,336,6720,6722,2
1,204,6732,6735,3
0,337,6740,6743,3
2,135,6750,6755,5
0,338,6760,6763,3
1,205,6765,6767,2
0,339,6780,6782,2
0,340,6800,6801,1
1,206,6798,6803,4
2,136,6803,6808,5
3,68,6808,6820,12
0,341,6820,6821,1
1,207,6831,6833,2
0,342,6840,6841,1
2,137,6850,6853,3
0,343,6860,6863,3
1,208,6864,6866,2
0,344,6880,6883,3
1,209,6897,6900,3
0,345,6900,6901,1
2,138,6901,6905,4
3,69,6905,6913,8
0,346,6920,6921,1
1,210,6930,6932,2
0,347,6940,6941,1
2,139,6950,6954,4
0,348,6960,6963,3
1,211,6963,6965,2
0,349,6980,6982,2
1,212,6996,6998,2
0,350,7000,7002,2
2,140,7002,7005,3
3,70,7005,7011,6
0,351,7020,7023,3
1,213,7029,7032,3
0,352,7040,7043,3
2,141,7050,7053,3
0,353,7060,7063,3
1,214,7063,7065,2
4,7,7011,7078,50
0,354,7080,7082,2
1,215,7095,7097,2
0,355,7100,7103,3
2,142,7103,7106,3
3,71,7106,7114,8
0,356,7120,7122,2
1,216,7128,7130,2
0,357,7140,7142,2
2,143,7150,7155,5
0,358,7160,7162,2
1,217,7162,7165,3
0,359,7180,7183,3
1,218,7194,7197,3
0,360,7200,7204,4
2,144,7204,7207,3
3,72,7207,7216,9
0,361,7220,7223,3
1,219,7227,7229,2
0,362,7240,7241,1
2,145,7250,7253,3
0,363,7260,7263,3
1,220,7263,7267,4
0,364,7280,7283,3
1,221,7293,7295,2
0,365,7300,7303,3
2,146,7303,7306,3
3,73,7306,7314,8
0,366,7320,7323,3
1,222,7326,7330,4
0,367,7340,7342,2
2,147,7350,7353,3
0,368,7360,7364,4
1,223,7359,7368,5
0,369,7380,7382,2
1,224,7392,7395,3
0,370,7400,7402,2
2,148,7402,7405,3
3,74,7405,7419,14
0,371,7420,7423,3
1,225,7425,7428,3
0,372,7440,7442,2
2,149,7450,7453,3
1,226,7458,7460,2
0,373,7460,7462,2
0,374,7480,7483,3
1,227,7491,7494,3
0,375,7500,7503,3
2,150,7503,7506,3
3,75,7506,7514,8
0,376,7520,7521,1
1,228,7524,7526,2
0,377,7540,7542,2
2,151,7550,7553,3
0,378,7560,7562,2
1,229,7557,7564,5
0,379,7580,7583,3
1,230,7590,7592,2
0,380,7600,7603,3
2,152,7603,7607,4
3,76,7607,7614,7
0,381,7620,7623,3
1,231,7623,7626,3
0,382,7640,7642,2
2,153,7650,7653,3
1,232,7656,7659,3
0,383,7660,7662,2
0,384,7680,7682,2
1,233,7689,7691,2
0,385,7700,7702,2
2,154,7702,7705,3
3,77,7705,7712,7
0,386,7720,7724,4
1,234,7724,7726,2
0,387,7740,7742,2
2,155,7750,7754,4
1,235,7755,7757,2
0,388,7760,7763,3
0,389,7780,7784,4
1,236,7788,7791,3
0,390,7800,7803,3
2,156,7803,7806,3
3,78,7806,7815,9
0,391,7820,7821,1
1,237,7821,7823,2
0,392,7840,7841,1
2,157,7850,7854,4
1,238,7854,7857,3
0,393,7860,7863,3
0,394,7880,7882,2
1,239,7887,7889,2
0,395,7900,7903,3
2,158,7903,7906,3
3,79,7906,7916,10
0,396,7920,7924,4
1,240,7924,7926,2
0,397,7940,7944,4
2,159,7950,7953,3
1,241,7953,7956,3
0,398,7960,7962,2
0,399,7980,7983,3
1,242,7986,7989,3
0,400,8000,8001,1
2,160,8001,8005,4
0,401,8020,8023,3
1,243,8019,8026,4
3,80,8005,8027,15
0,402,8040,8042,2
1,244,8052,8054,2
2,161,8050,8055,3
0,403,8060,8062,2
0,404,8080,8082,2
1,245,8085,8088,3
4,8,8027,8091,50
0,405,8100,8104,4
2,162,8104,8107,3
1,246,8118,8120,2
0,406,8120,8122,2
3,81,8107,8127,16
0,407,8140,8141,1
1,247,8151,8154,3
2,163,8150,8157,4
0,408,8160,8164,4
0,409,8180,8183,3
1,248,8184,8187,3
0,410,8200,8202,2
2,164,8202,8205,3
3,82,8205,8217,12
1,249,8217,8220,3
0,411,8220,8224,4
0,412,8240,8243,3
1,250,8250,8253,3
2,165,8253,8257,4
0,413,8260,8262,2
0,414,8280,8282,2
1,251,8283,8287,4
0,415,8300,8302,2
2,166,8302,8305,3
1,252,8316,8320,4
0,416,8320,8323,3
3,83,8305,8324,12
0,417,8340,8343,3
1,253,8349,8352,3
2,167,8352,8356,4
0,418,8360,8363,3
0,419,8380,8383,3
1,254,8383,8387,4
0,420,8400,8403,3
2,168,8403,8407,4
3,84,8407,8414,7
1,255,8415,8418,3
0,421,8420,8422,2
0,422,8440,8442,2
1,256,8448,8451,3
2,169,8451,8456,5
0,423,8460,8462,2
0,424,8480,8482,2
1,257,8482,8484,2
0,425,8500,8502,2
2,170,8502,8506,4
1,258,8514,8517,3
3,85,8506,8519,10
0,426,8520,8522,2
0,427,8540,8541,1
1,259,8547,8549,2
2,171,8550,8553,3
0,428,8560,8563,3
0,429,8580,8583,3
1,260,8583,8587,4
0,430,8600,8603,3
2,172,8603,8606,3
1,261,8613,8616,3
0,431,8620,8622,2
3,86,8606,8623,12
0,432,8640,8642,2
1,262,8646,8648,2
2,173,8650,8653,3
5,2,8091,8660,336
0,433,8660,8662,2
0,434,8680,8682,2
1,263,8679,8685,4
0,435,8700,8702,2
2,174,8702,8707,5
1,264,8712,8715,3
3,87,8707,8719,9
0,436,8720,8721,1
0,437,8740,8745,5
1,265,8745,8747,2
2,175,8750,8753,3
0,438,8760,8763,3
1,266,8778,8780,2
0,439,8780,8783,3
0,440,8800,8801,1
2,176,8801,8804,3
3,88,8804,8809,5
1,267,8811,8813,2
0,441,8820,8823,3
0,442,8840,8845,5
1,268,8845,8847,2
2,177,8850,8854,4
0,443,8860,8863,3
1,269,8877,8879,2
0,444,8880,8882,2
0,445,8900,8902,2
2,178,8902,8905,3
1,270,8910,8912,2
3,89,8905,8917,10
0,446,8920,8924,4
0,447,8940,8941,1
1,271,8943,8945,2
2,179,8950,8955,5
0,448,8960,8962,2
1,272,8976,8979,3
0,449,8980,8983,3
0,450,9000,9002,2
2,180,9002,9007,5
1,273,9009,9012,3
0,451,9020,9024,4
3,90,9007,9028,14
0,452,9040,9044,4
1,274,9044,9046,2
2,181,9050,9053,3
0,453,9060,9062,2
1,275,9075,9077,2
0,454,9080,9082,2
4,9,9028,9093,50
0,455,9100,9103,3
2,182,9103,9106,3
1,276,9108,9110,2
3,91,9106,9118,10
0,456,9120,9122,2
0,457,9140,9142,2
1,277,9142,9145,3
2,183,9150,9154,4
0,458,9160,9163,3
1,278,9174,9176,2
0,459,9180,9182,2
0,460,9200,9203,3
2,184,9203,9206,3
1,279,9207,9209,2
3,92,9206,9219,11
0,461,9220,9221,1
0,462,9240,9242,2
1,280,9242,9246,4
2,185,9250,9253,3
0,463,9260,9262,2
1,281,9273,9276,3
0,464,9280,9282,2
0,465,9300,9302,2
2,186,9302,9305,3
1,282,9306,9308,2
0,466,9320,9323,3
3,93,9305,9328,18
0,467,9340,9343,3
1,283,9339,9347,5
2,187,9350,9355,5
0,468,9360,9363,3
1,284,9372,9374,2
0,469,9380,9381,1
0,470,9400,9403,3
1,285,9405,9408,3
2,188,9403,9409,3
3,94,9409,9420,11
0,471,9420,9423,3
0,472,9440,9441,1
1,286,9438,9444,5
2,189,9450,9453,3
0,473,9460,9463,3
1,287,9471,9475,4
0,474,9480,9484,4
0,475,9500,9504,4
1,288,9504,9506,2
2,190,9506,9511,5
3,95,9511,9516,5
0,476,9520,9522,2
0,477,9540,9542,2
1,289,9537,9544,5
2,191,9550,9553,3
0,478,9560,9563,3
1,290,9570,9575,5
0,479,9580,9582,2
0,480,9600,9602,2
1,291,9603,9605,2
2,192,9602,9608,4
3,96,9608,9620,12
0,481,9620,9621,1
1,292,9636,9639,3
0,482,9640,9643,3
2,193,9650,9655,5
0,483,9660,9663,3
1,293,9669,9672,3
0,484,9680,9681,1
0,485,9700,9702,2
1,294,9702,9704,2
2,194,9704,9708,4
0,486,9720,9723,3
3,97,9708,9725,14
1,295,9735,9739,4
0,487,9740,9741,1
2,195,9750,9754,4
0,488,9760,9764,4
1,296,9768,9773,5
0,489,9780,9784,4
0,490,9800,9802,2
1,297,9802,9805,3
2,196,9805,9809,4
3,98,9809,9814,5
0,491,9820,9822,2
1,298,9834,9836,2
0,492,9840,9844,4
2,197,9850,9854,4
0,493,9860,9861,1
1,299,9867,9869,2
0,494,9880,9884,4
0,495,9900,9902,2
1,300,9902,9906,4
2,198,9906,9910,4
3,99,9910,9920,10
0,496,9920,9924,4
1,301,9933,9936,3
0,497,9940,9942,2
2,199,9950,9954,4
0,498,9960,9962,2
1,302,9966,9968,2
0,499,9980,9981,1
0,500,10000,10003,3
1,303,9999,10004,2
2,200,10004,10007,3
3,100,10007,10016,9
0,501,10020,10023,3
1,304,10032,10037,5
0,502,10040,10041,1
2,201,10050,10053,3
0,503,10060,10062,2
1,305,10065,10068,3
0,504,10080,10082,2
4,10,10016,10085,50
1,306,10098,10100,2
0,505,10100,10102,2
2,202,10102,10107,5
3,101,10107,10113,6
0,506,10120,10123,3
1,307,10131,10136,5
0,507,10140,10144,4
2,203,10150,10153,3
0,508,10160,10162,2
1,308,10164,10170,6
0,509,10180,10182,2
1,309,10197,10199,2
0,510,10200,10203,3
2,204,10203,10206,3
3,102,10206,10219,13
0,511,10220,10223,3
1,310,10230,10233,3
0,512,10240,10242,2
2,205,10250,10254,4
0,513,10260,10263,3
1,311,10263,10266,3
0,514,10280,10284,4
1,312,10296,10300,4
0,515,10300,10303,3
2,206,10303,10306,3
3,103,10306,10315,9
0,516,10320,10321,1
1,313,10329,10332,3
0,517,10340,10343,3
2,207,10350,10353,3
0,518,10360,10362,2
1,314,10362,10366,4
0,519,10380,10382,2
0,520,10400,10402,2
1,315,10395,10404,7
2,208,10404,10407,3
3,104,10407,10418,11
0,521,10420,10424,4
1,316,10428,10432,4
0,522,10440,10442,2
2,209,10450,10455,5
0,523,10460,10463,3
1,317,10463,10466,3
0,524,10480,10483,3
1,318,10494,10496,2
0,525,10500,10503,3
2,210,10503,10507,4
3,105,10507,10515,8
0,526,10520,10522,2
1,319,10527,10530,3
0,527,10540,10544,4
2,211,10550,10553,3
0,528,10560,10562,2
1,320,10562,10565,3
0,529,10580,10583,3
1,321,10593,10596,3
0,530,10600,10603,3
2,212,10603,10606,3
3,106,10606,10616,10
0,531,10620,10622,2
1,322,10626,10628,2
0,532,10640,10642,2
2,213,10650,10655,5
0,533,10660,10661,1
1,323,10659,10662,2
0,534,10680,10682,2
1,324,10692,10694,2
0,535,10700,10701,1
2,214,10701,10705,4
3,107,10705,10711,6
0,536,10720,10722,2
1,325,10725,10729,4
0,537,10740,10742,2
2,215,10750,10754,4
0,538,10760,10764,4
1,326,10758,10766,4
0,539,10780,10783,3
1,327,10791,10793,2
0,540,10800,10803,3
2,216,10803,10808,5
3,108,10808,10818,10
0,541,10820,10822,2
1,328,10824,10827,3
0,542,10840,10841,1
2,217,10850,10855,5
0,543,10860,10863,3
1,329,10857,10865,5
0,544,10880,10883,3
1,330,10890,10894,4
0,545,10900,10903,3
2,218,10903,10907,4
3,109,10907,10919,12
0,546,10920,10921,1
1,331,10923,10929,6
0,547,10940,10942,2
2,219,10950,10953,3
1,332,10956,10959,3
0,548,10960,10962,2
0,549,10980,10983,3
1,333,10989,10992,3
0,550,11000,11002,2
2,220,11002,11005,3
3,110,11005,11012,7
0,551,11020,11024,4
1,334,11024,11026,2
0,552,11040,11042,2
2,221,11050,11053,3
1,335,11055,11058,3
0,553,11060,11063,3
4,11,11012,11079,50
0,554,11080,11083,3
1,336,11088,11091,3
0,555,11100,11104,4
2,222,11104,11109,5
3,111,11109,11119,10
0,556,11120,11121,1
1,337,11121,11123,2
0,557,11140,11142,2
2,223,11150,11154,4
1,338,11154,11156,2
0,558,11160,11163,3
0,559,11180,11184,4
1,339,11187,11193,6
0,560,11200,11203,3
2,224,11203,11209,6
3,112,11209,11220,11
0,561,11220,11221,1
1,340,11221,11223,2
0,562,11240,11241,1
1,341,11253,11257,4
2,225,11250,11258,4
0,563,11260,11262,2
0,564,11280,11282,2
1,342,11286,11290,4
0,565,11300,11302,2
2,226,11302,11306,4
3,113,11306,11314,8
0,566,11320,11323,3
1,343,11319,11327,5
0,567,11340,11343,3
1,344,11352,11354,2
2,227,11350,11355,3
0,568,11360,11362,2
0,569,11380,11383,3
1,345,11385,11388,3
0,570,11400,11403,3
2,228,11403,11408,5
3,114,11408,11415,7
0,571,11420,11423,3
1,346,11418,11426,5
0,572,11440,11442,2
1,347,11451,11455,4
2,229,11450,11457,3
0,573,11460,11464,4
0,574,11480,11483,3
1,348,11484,11486,2
0,575,11500,11502,2
2,230,11502,11505,3
3,115,11505,11517,12
1,349,11517,11520,3
0,576,11520,11522,2
0,577,11540,11542,2
1,350,11550,11556,6
2,231,11556,11559,3
0,578,11560,11562,2
0,579,11580,11582,2
1,351,11583,11585,2
0,580,11600,11602,2
2,232,11602,11608,6
1,352,11616,11620,4
0,581,11620,11622,2
3,116,11608,11627,13
0,582,11640,11641,1
1,353,11649,11651,2
2,233,11651,11655,4
0,583,11660,11663,3
0,584,11680,11683,3
1,354,11683,11687,4
0,585,11700,11703,3
2,234,11703,11709,6
1,355,11715,11717,2
3,117,11709,11718,7
0,586,11720,11722,2
0,587,11740,11743,3
1,356,11748,11751,3
2,235,11751,11755,4
0,588,11760,11762,2
0,589,11780,11783,3
1,357,11783,11786,3
0,590,11800,11804,4
2,236,11804,11807,3
1,358,11814,11819,5
0,591,11820,11822,2
3,118,11807,11825,11
0,592,11840,11842,2
1,359,11847,11849,2
2,237,11850,11853,3
0,593,11860,11863,3
0,594,11880,11883,3
1,360,11883,11887,4
0,595,11900,11903,3
2,238,11903,11906,3
1,361,11913,11917,4
3,119,11906,11918,8
0,596,11920,11923,3
0,597,11940,11942,2
1,362,11946,11948,2
2,239,11950,11953,3
0,598,11960,11962,2
0,599,11980,11984,4
1,363,11979,11988,5
0,600,12000,12002,2
2,240,12002,12005,3
1,364,12012,12017,5
3,120,12005,12018,8
0,601,12020,12022,2
0,602,12040,12042,2
1,365,12045,12047,2
2,241,12050,12054,4
0,603,12060,12063,3
1,366,12078,12080,2
0,604,12080,12082,2
4,12,12018,12085,50
0,605,12100,12102,2
2,242,12102,12105,3
1,367,12111,12114,3
0,606,12120,12122,2
3,121,12105,12124,14
0,607,12140,12143,3
1,368,12144,12146,2
2,243,12150,12154,4
0,608,12160,12164,4
1,369,12177,12180,3
0,609,12180,12183,3
0,610,12200,12203,3
2,244,12203,12208,5
1,370,12210,12212,2
0,611,12220,12223,3
3,122,12208,12228,15
0,612,12240,12244,4
1,371,12244,12247,3
2,245,12250,12255,5
0,613,12260,12263,3
1,372,12276,12279,3
0,614,12280,12283,3
0,615,12300,12303,3
2,246,12303,12306,3
1,373,12309,12314,5
0,616,12320,12323,3
3,123,12306,12325,11
0,617,12340,12343,3
1,374,12343,12346,3
2,247,12350,12354,4
0,618,12360,12362,2
1,375,12375,12378,3
0,619,12380,12382,2
0,620,12400,12403,3
2,248,12403,12406,3
1,376,12408,12410,2
3,124,12406,12415,7
0,621,12420,12422,2
0,622,12440,12443,3
1,377,12443,12445,2
2,249,12450,12453,3
0,623,12460,12463,3
1,378,12474,12476,2
0,624,12480,12482,2
0,625,12500,12503,3
2,250,12503,12506,3
1,379,12507,12511,4
3,125,12506,12517,7
0,626,12520,12522,2
0,627,12540,12542,2
1,380,12542,12544,2
2,251,12550,12555,5
0,628,12560,12563,3
1,381,12573,12576,3
0,629,12580,12583,3
0,630,12600,12602,2
2,252,12602,12605,3
1,382,12606,12611,5
3,126,12605,12620,10
0,631,12620,12623,3
0,632,12640,12642,2
1,383,12639,12644,3
2,253,12650,12653,3
0,633,12660,12664,4
1,384,12672,12675,3
0,634,12680,12683,3
0,635,12700,12703,3
1,385,12705,12708,3
2,254,12703,12712,6
0,636,12720,12723,3
3,127,12712,12727,12
1,386,12738,12740,2
0,637,12740,12743,3
2,255,12750,12753,3
0,638,12760,12764,4
1,387,12771,12773,2
0,639,12780,12783,3
0,640,12800,12803,3
1,388,12804,12808,4
2,256,12803,12810,3
0,641,12820,12824,4
3,128,12810,12828,14
1,389,12837,12839,2
0,642,12840,12842,2
5,3,12085,12849,444
2,257,12850,12855,5
0,643,12860,12862,2
1,390,12870,12872,2
0,644,12880,12884,4
0,645,12900,12903,3
1,391,12903,12910,7
2,258,12910,12913,3
3,129,12913,12920,7
0,646,12920,12922,2
1,392,12936,12940,4
0,647,12940,12941,1
2,259,12950,12953,3
0,648,12960,12964,4
1,393,12969,12973,4
0,649,12980,12981,1
0,650,13000,13002,2
1,394,13002,13004,2
2,260,13004,13007,3
3,130,13007,13014,7
0,651,13020,13022,2
0,652,13040,13042,2
1,395,13035,13043,6
2,261,13050,13054,4
0,653,13060,13062,2
1,396,13068,13073,5
0,654,13080,13082,2
4,13,13014,13087,50
0,655,13100,13102,2
1,397,13102,13104,2
2,262,13104,13108,4
3,131,13108,13117,9
0,656,13120,13123,3
1,398,13134,13136,2
0,657,13140,13141,1
2,263,13150,13154,4
0,658,13160,13164,4
1,399,13167,13172,5
0,659,13180,13183,3
0,660,13200,13203,3
1,400,13203,13205,2
2,264,13205,13210,5
0,661,13220,13223,3
3,132,13210,13226,13
1,401,13233,13237,4
0,662,13240,13243,3
2,265,13250,13253,3
0,663,13260,13262,2
1,402,13266,13268,2
0,664,13280,13284,4
0,665,13300,13303,3
1,403,13299,13304,2
2,266,13304,13309,5
0,666,13320,13322,2
3,133,13309,13325,14
1,404,13332,13335,3
0,667,13340,13342,2
2,267,13350,13353,3
0,668,13360,13362,2
1,405,13365,13368,3
0,669,13380,13381,1
0,670,13400,13403,3
1,406,13398,13404,3
2,268,13404,13407,3
3,134,13407,13417,10
0,671,13420,13422,2
1,407,13431,13433,2
0,672,13440,13442,2
2,269,13450,13455,5
0,673,13460,13462,2
1,408,13464,13466,2
0,674,13480,13482,2
1,409,13497,13499,2
0,675,13500,13502,2
2,270,13502,13505,3
3,135,13505,13517,12
0,676,13520,13524,4
1,410,13530,13533,3
0,677,13540,13543,3
2,271,13550,13553,3
0,678,13560,13562,2
1,411,13563,13566,3
0,679,13580,13583,3
1,412,13596,13599,3
0,680,13600,13604,4
2,272,13604,13607,3
3,136,13607,13619,12
0,681,13620,13623,3
1,413,13629,13631,2
0,682,13640,13643,3
2,273,13650,13654,4
0,683,13660,13663,3
1,414,13663,13665,2
0,684,13680,13684,4
1,415,13695,13700,5
0,685,13700,13702,2
2,274,13702,13705,3
3,137,13705,13714,9
0,686,13720,13724,4
1,416,13728,13732,4
0,687,13740,13743,3
2,275,13750,13753,3
0,688,13760,13764,4
1,417,13764,13768,4
0,689,13780,13783,3
1,418,13794,13797,3
0,690,13800,13804,4
2,276,13804,13807,3
3,138,13807,13818,11
0,691,13820,13821,1
1,419,13827,13832,5
0,692,13840,13843,3
2,277,13850,13853,3
0,693,13860,13863,3
1,420,13863,13866,3
0,694,13880,13882,2
1,421,13893,13896,3
0,695,13900,13903,3
2,278,13903,13906,3
3,139,13906,13912,6
0,696,13920,13921,1
1,422,13926,13930,4
0,697,13940,13943,3
2,279,13950,13953,3
0,698,13960,13962,2
1,423,13959,13965,4
0,699,13980,13983,3
1,424,13992,13995,3
0,700,14000,14002,2
2,280,14002,14005,3
3,140,14005,14017,12
0,701,14020,14022,2
1,425,14025,14028,3
0,702,14040,14042,2
2,281,14050,14053,3
0,703,14060,14063,3
1,426,14058,14064,3
0,704,14080,14083,3
4,14,14017,14086,50
1,427,14091,14094,3
0,705,14100,14103,3
2,282,14103,14108,5
3,141,14108,14120,12
0,706,14120,14122,2
1,428,14124,14128,4
0,707,14140,14143,3
2,283,14150,14153,3
1,429,14157,14159,2
0,708,14160,14163,3
0,709,14180,14183,3
1,430,14190,14192,2
0,710,14200,14202,2
2,284,14202,14205,3
3,142,14205,14212,7
0,711,14220,14223,3
1,431,14223,14225,2
0,712,14240,14243,3
2,285,14250,14254,4
1,432,14256,14259,3
0,713,14260,14262,2
0,714,14280,14282,2
1,433,14289,14292,3
0,715,14300,14302,2
2,286,14302,14305,3
3,143,14305,14319,14
0,716,14320,14322,2
1,434,14322,14324,2
0,717,14340,14342,2
2,287,14350,14353,3
1,435,14355,14359,4
0,718,14360,14362,2
0,719,14380,14382,2
1,436,14388,14390,2
0,720,14400,14403,3
2,288,14403,14406,3
0,721,14420,14422,2
1,437,14422,14424,2
3,144,14406,14425,15
0,722,14440,14443,3
1,438,14454,14457,3
2,289,14450,14459,6
0,723,14460,14462,2
0,724,14480,14481,1
1,439,14487,14490,3
0,725,14500,14502,2
2,290,14502,14506,4
3,145,14506,14515,9
0,726,14520,14522,2
1,440,14522,14525,3
0,727,14540,14543,3
2,291,14550,14553,3
1,441,14553,14556,3
0,728,14560,14563,3
0,729,14580,14584,4
1,442,14586,14592,6
0,730,14600,14602,2
2,292,14602,14605,3
3,146,14605,14614,9
0,731,14620,14621,1
1,443,14619,14624,4
0,732,14640,14642,2
1,444,14652,14655,3
2,293,14650,14656,3
0,733,14660,14661,1
0,734,14680,14684,4
1,445,14685,14687,2
0,735,14700,14702,2
2,294,14702,14706,4
0,736,14720,14724,4
1,446,14718,14725,3
3,147,14706,14726,13
0,737,14740,14742,2
1,447,14751,14756,5
2,295,14750,14758,3
0,738,14760,14764,4
0,739,14780,14782,2
1,448,14784,14789,5
0,740,14800,14804,4
2,296,14804,14808,4
1,449,14817,14820,3
0,741,14820,14821,1
3,148,14808,14822,10
0,742,14840,14843,3
1,450,14850,14856,6
0,743,14860,14862,2
2,297,14856,14865,7
0,744,14880,14882,2
1,451,14883,14885,2
0,745,14900,14902,2
2,298,14902,14905,3
1,452,14916,14920,4
0,746,14920,14922,2
3,149,14905,14924,13
0,747,14940,14941,1
1,453,14949,14952,3
2,299,14952,14956,4
0,748,14960,14962,2
0,749,14980,14983,3
1,454,14983,14985,2
0,750,15000,15004,4
2,300,15004,15007,3
1,455,15015,15018,3
0,751,15020,15022,2
3,150,15007,15024,12
0,752,15040,15044,4
1,456,15048,15051,3
2,301,15051,15054,3
0,753,15060,15062,2
0,754,15080,15082,2
1,457,15082,15085,3
4,15,15024,15091,50
0,755,15100,15103,3
2,302,15103,15106,3
1,458,15114,15117,3
0,756,15120,15122,2
3,151,15106,15125,14
0,757,15140,15143,3
1,459,15147,15153,6
2,303,15153,15156,3
0,758,15160,15164,4
0,759,15180,15182,2
1,460,15182,15184,2
0,760,15200,15203,3
2,304,15203,15208,5
1,461,15213,15215,2
0,761,15220,15222,2
3,152,15208,15223,11
0,762,15240,15242,2
1,462,15246,15249,3
2,305,15250,15256,6
0,763,15260,15262,2
0,764,15280,15282,2
1,463,15279,15284,3
0,765,15300,15301,1
2,306,15301,15305,4
3,153,15305,15310,5
1,464,15312,15314,2
