0,0,0,3,3
1,0,3,6,3
2,0,6,9,3
0,1,20,23,3
3,0,9,25,13
1,1,33,36,3
0,2,40,42,2
2,1,50,54,4
0,3,60,63,3
1,2,66,69,3
0,4,80,83,3
4,0,25,93,50
0,5,100,103,3
1,3,99,105,3
2,2,105,108,3
3,1,108,113,5
0,6,120,121,1
1,4,132,134,2
0,7,140,143,3
2,3,150,153,3
0,8,160,163,3
1,5,165,167,2
0,9,180,181,1
0,10,200,201,1
1,6,198,204,5
2,4,204,208,4
0,11,220,221,1
3,2,208,223,14
1,7,231,233,2
0,12,240,241,1
2,5,250,253,3
0,13,260,261,1
1,8,264,270,6
0,14,280,284,4
1,9,297,299,2
0,15,300,302,2
2,6,302,305,3
3,3,305,318,13
0,16,320,323,3
1,10,330,333,3
0,17,340,342,2
2,7,350,354,4
0,18,360,363,3
1,11,363,366,3
0,19,380,382,2
1,12,396,398,2
0,20,400,402,2
2,8,402,406,4
3,4,406,414,8
0,21,420,423,3
1,13,429,433,4
0,22,440,442,2
2,9,450,453,3
0,23,460,462,2
1,14,462,464,2
0,24,480,484,4
1,15,495,497,2
0,25,500,502,2
2,10,502,505,3
3,5,505,514,9
0,26,520,523,3
1,16,528,532,4
0,27,540,542,2
2,11,550,554,4
0,28,560,562,2
1,17,562,565,3
0,29,580,582,2
1,18,594,597,3
0,30,600,602,2
2,12,602,607,5
3,6,607,616,9
0,31,620,623,3
1,19,627,630,3
0,32,640,642,2
2,13,650,653,3
0,33,660,663,3
1,20,663,665,2
0,34,680,684,4
1,21,693,696,3
0,35,700,703,3
2,14,703,708,5
0,36,720,722,2
3,7,708,724,14
1,22,726,731,5
0,37,740,744,4
2,15,750,753,3
5,0,93,756,402
0,38,760,762,2
1,23,759,764,3
0,39,780,782,2
1,24,792,794,2
0,40,800,802,2
2,16,802,805,3
3,8,805,812,7
0,41,820,822,2
1,25,825,829,4
0,42,840,841,1
2,17,850,853,3
0,43,860,863,3
1,26,858,864,3
0,44,880,882,2
1,27,891,893,2
0,45,900,902,2
2,18,902,906,4
3,9,906,919,13
0,46,920,923,3
1,28,924,926,2
0,47,940,943,3
2,19,950,954,4
0,48,960,963,3
1,29,957,964,4
0,49,980,983,3
1,30,990,992,2
0,50,1000,1002,2
2,20,1002,1005,3
3,10,1005,1012,7
0,51,1020,1022,2
1,31,1023,1025,2
0,52,1040,1043,3
2,21,1050,1055,5
1,32,1056,1058,2
0,53,1060,1064,4
4,1,1012,1080,50
0,54,1080,1082,2
1,33,1089,1094,5
0,55,1100,1104,4
2,22,1104,1107,3
3,11,1107,1117,10
0,56,1120,1122,2
1,34,1122,1126,4
0,57,1140,1143,3
2,23,1150,1155,5
1,35,1155,1157,2
0,58,1160,1163,3
0,59,1180,1183,3
1,36,1188,1190,2
0,60,1200,1201,1
2,24,1201,1205,4
3,12,1205,1210,5
0,61,1220,1222,2
1,37,1222,1224,2
0,62,1240,1243,3
2,25,1250,1254,4
1,38,1254,1257,3
0,63,1260,1262,2
0,64,1280,1283,3
1,39,1287,1291,4
0,65,1300,1303,3
2,26,1303,1306,3
3,13,1306,1315,9
0,66,1320,1322,2
1,40,1322,1324,2
0,67,1340,1342,2
1,41,1353,1357,4
2,27,1350,1358,4
0,68,1360,1362,2
0,69,1380,1381,1
1,42,1386,1388,2
0,70,1400,1403,3
2,28,1403,1407,4
3,14,1407,1417,10
0,71,1420,1423,3
1,43,1419,1426,4
0,72,1440,1442,2
1,44,1452,1455,3
2,29,1450,1458,5
0,73,1460,1464,4
0,74,1480,1483,3
1,45,1485,1488,3
0,75,1500,1502,2
2,30,1502,1505,3
3,15,1505,1518,13
0,76,1520,1522,2
1,46,1518,1523,3
0,77,1540,1542,2
1,47,1551,1554,3
2,31,1550,1559,6
0,78,1560,1564,4
0,79,1580,1584,4
1,48,1584,1587,3
0,80,1600,1602,2
2,32,1602,1605,3
3,16,1605,1616,11
1,49,1617,1620,3
0,81,1620,1621,1
0,82,1640,1643,3
1,50,1650,1652,2
2,33,1652,1655,3
0,83,1660,1662,2
0,84,1680,1682,2
1,51,1683,1687,4
0,85,1700,1702,2
2,34,1702,1706,4
1,52,1716,1719,3
0,86,1720,1723,3
3,17,1706,1726,14
0,87,1740,1742,2
1,53,1749,1752,3
2,35,1752,1755,3
0,88,1760,1763,3
0,89,1780,1782,2
1,54,1782,1784,2
0,90,1800,1802,2
2,36,1802,1806,4
3,18,1806,1812,6
1,55,1815,1818,3
0,91,1820,1822,2
0,92,1840,1842,2
1,56,1848,1853,5
2,37,1853,1857,4
0,93,1860,1861,1
0,94,1880,1881,1
1,57,1881,1884,3
0,95,1900,1902,2
2,38,1902,1906,4
1,58,1914,1917,3
0,96,1920,1923,3
3,19,1906,1924,12
0,97,1940,1942,2
1,59,1947,1950,3
2,39,1950,1953,3
0,98,1960,1964,4
0,99,1980,1982,2
1,60,1982,1984,2
0,100,2000,2003,3
2,40,2003,2008,5
1,61,2013,2015,2
0,101,2020,2024,4
3,20,2008,2030,16
0,102,2040,2042,2
1,62,2046,2049,3
2,41,2050,2055,5
0,103,2060,2063,3
0,104,2080,2082,2
1,63,2079,2085,4
4,2,2030,2099,50
0,105,2100,2101,1
2,42,2101,2106,5
1,64,2112,2115,3
3,21,2106,2120,11
0,106,2120,2121,1
0,107,2140,2142,2
1,65,2145,2150,5
2,43,2150,2153,3
0,108,2160,2161,1
0,109,2180,2183,3
1,66,2178,2184,3
0,110,2200,2203,3
2,44,2203,2207,4
1,67,2211,2214,3
3,22,2207,2218,8
0,111,2220,2221,1
0,112,2240,2242,2
1,68,2244,2247,3
2,45,2250,2254,4
0,113,2260,2262,2
1,69,2277,2279,2
0,114,2280,2281,1
0,115,2300,2302,2
2,46,2302,2306,4
1,70,2310,2312,2
3,23,2306,2318,10
0,116,2320,2323,3
0,117,2340,2343,3
1,71,2343,2346,3
2,47,2350,2354,4
0,118,2360,2362,2
1,72,2376,2378,2
0,119,2380,2382,2
0,120,2400,2403,3
2,48,2403,2407,4
1,73,2409,2411,2
3,24,2407,2419,10
0,121,2420,2423,3
0,122,2440,2442,2
1,74,2442,2444,2
2,49,2450,2453,3
0,123,2460,2462,2
1,75,2475,2477,2
0,124,2480,2482,2
0,125,2500,2503,3
2,50,2503,2507,4
1,76,2508,2511,3
3,25,2507,2515,5
0,126,2520,2522,2
0,127,2540,2543,3
1,77,2543,2545,2
2,51,2550,2555,5
0,128,2560,2561,1
1,78,2574,2578,4
0,129,2580,2582,2
0,130,2600,2602,2
2,52,2602,2605,3
1,79,2607,2611,4
0,131,2620,2622,2
3,26,2605,2623,12
0,132,2640,2644,4
1,80,2644,2649,5
2,53,2650,2653,3
0,133,2660,2663,3
1,81,2673,2677,4
0,134,2680,2682,2
0,135,2700,2702,2
2,54,2702,2706,4
1,82,2706,2709,3
0,136,2720,2722,2
3,27,2709,2724,13
0,137,2740,2742,2
1,83,2739,2745,4
2,55,2750,2754,4
0,138,2760,2763,3
1,84,2772,2776,4
0,139,2780,2783,3
0,140,2800,2802,2
2,56,2802,2805,3
1,85,2805,2808,3
3,28,2808,2817,9
0,141,2820,2822,2
0,142,2840,2843,3
1,86,2838,2844,3
2,57,2850,2854,4
0,143,2860,2862,2
1,87,2871,2874,3
0,144,2880,2882,2
0,145,2900,2902,2
1,88,2904,2907,3
2,58,2902,2908,3
3,29,2908,2920,12
0,146,2920,2923,3
1,89,2937,2939,2
0,147,2940,2943,3
2,59,2950,2955,5
0,148,2960,2962,2
1,90,2970,2973,3
0,149,2980,2982,2
0,150,3000,3002,2
1,91,3003,3008,5
2,60,3002,3010,3
0,151,3020,3022,2
3,30,3010,3025,13
0,152,3040,3042,2
1,92,3036,3043,5
2,61,3050,3054,4
0,153,3060,3063,3
1,93,3069,3073,4
0,154,3080,3081,1
4,3,3025,3094,50
0,155,3100,3102,2
1,94,3102,3104,2
2,62,3104,3107,3
3,31,3107,3113,6
0,156,3120,3123,3
1,95,3135,3140,5
0,157,3140,3143,3
2,63,3150,3153,3
0,158,3160,3163,3
1,96,3168,3172,4
0,159,3180,3182,2
0,160,3200,3204,4
1,97,3204,3206,2
2,64,3206,3209,3
3,32,3209,3219,10
0,161,3220,3222,2
1,98,3234,3236,2
0,162,3240,3242,2
2,65,3250,3254,4
0,163,3260,3263,3
1,99,3267,3270,3
0,164,3280,3282,2
0,165,3300,3304,4
1,100,3304,3306,2
2,66,3306,3309,3
3,33,3309,3318,9
0,166,3320,3322,2
1,101,3333,3338,5
0,167,3340,3344,4
2,67,3350,3354,4
0,168,3360,3362,2
1,102,3366,3369,3
0,169,3380,3383,3
0,170,3400,3402,2
1,103,3399,3404,3
2,68,3404,3407,3
3,34,3407,3415,8
0,171,3420,3422,2
1,104,3432,3434,2
0,172,3440,3444,4
2,69,3450,3453,3
0,173,3460,3463,3
1,105,3465,3468,3
0,174,3480,3482,2
0,175,3500,3502,2
1,106,3498,3503,3
2,70,3503,3506,3
3,35,3506,3519,13
0,176,3520,3524,4
1,107,3531,3534,3
0,177,3540,3543,3
2,71,3550,3553,3
0,178,3560,3563,3
1,108,3564,3569,5
0,179,3580,3582,2
1,109,3597,3599,2
0,180,3600,3602,2
2,72,3602,3605,3
3,36,3605,3618,13
0,181,3620,3623,3
1,110,3630,3634,4
0,182,3640,3642,2
2,73,3650,3655,5
0,183,3660,3662,2
1,111,3663,3667,4
0,184,3680,3682,2
1,112,3696,3700,4
0,185,3700,3702,2
2,74,3702,3705,3
3,37,3705,3711,6
0,186,3720,3722,2
1,113,3729,3731,2
0,187,3740,3742,2
2,75,3750,3754,4
0,188,3760,3763,3
1,114,3763,3765,2
0,189,3780,3782,2
1,115,3795,3799,4
0,190,3800,3802,2
2,76,3802,3808,6
3,38,3808,3813,5
0,191,3820,3825,5
1,116,3828,3830,2
0,192,3840,3841,1
2,77,3850,3853,3
0,193,3860,3863,3
1,117,3863,3866,3
0,194,3880,3883,3
1,118,3894,3898,4
0,195,3900,3902,2
2,78,3902,3905,3
3,39,3905,3917,12
0,196,3920,3922,2
1,119,3927,3930,3
0,197,3940,3943,3
2,79,3950,3955,5
0,198,3960,3964,4
1,120,3964,3967,3
0,199,3980,3983,3
1,121,3993,3996,3
0,200,4000,4003,3
2,80,4003,4008,5
3,40,4008,4017,9
0,201,4020,4022,2
1,122,4026,4029,3
0,202,4040,4042,2
2,81,4050,4054,4
0,203,4060,4062,2
1,123,4059,4066,5
0,204,4080,4083,3
4,4,4017,4088,50
1,124,4092,4096,4
0,205,4100,4103,3
2,82,4103,4106,3
3,41,4106,4117,11
0,206,4120,4121,1
1,125,4125,4128,3
0,207,4140,4143,3
2,83,4150,4153,3
1,126,4158,4160,2
0,208,4160,4163,3
0,209,4180,4183,3
1,127,4191,4194,3
0,210,4200,4202,2
2,84,4202,4207,5
3,42,4207,4218,11
0,211,4220,4224,4
1,128,4224,4227,3
0,212,4240,4242,2
2,85,4250,4253,3
1,129,4257,4260,3
0,213,4260,4263,3
0,214,4280,4283,3
1,130,4290,4294,4
0,215,4300,4303,3
2,86,4303,4306,3
0,216,4320,4322,2
1,131,4323,4328,5
3,43,4306,4329,16
0,217,4340,4343,3
2,87,4350,4354,4
1,132,4356,4360,4
0,218,4360,4364,4
0,219,4380,4382,2
1,133,4389,4392,3
0,220,4400,4402,2
2,88,4402,4407,5
3,44,4407,4419,12
0,221,4420,4422,2
1,134,4422,4424,2
0,222,4440,4442,2
2,89,4450,4453,3
1,135,4455,4458,3
0,223,4460,4464,4
0,224,4480,4483,3
1,136,4488,4491,3
0,225,4500,4503,3
2,90,4503,4508,5
3,45,4508,4519,11
0,226,4520,4522,2
1,137,4522,4524,2
0,227,4540,4542,2
2,91,4550,4553,3
1,138,4554,4557,3
0,228,4560,4562,2
0,229,4580,4581,1
1,139,4587,4592,5
0,230,4600,4603,3
2,92,4603,4606,3
3,46,4606,4617,11
0,231,4620,4622,2
1,140,4622,4626,4
0,232,4640,4643,3
2,93,4650,4653,3
1,141,4653,4656,3
0,233,4660,4662,2
0,234,4680,4682,2
1,142,4686,4688,2
0,235,4700,4703,3
2,94,4703,4708,5
3,47,4708,4717,9
0,236,4720,4723,3
1,143,4719,4724,2
0,237,4740,4743,3
1,144,4752,4754,2
2,95,4750,4757,5
0,238,4760,4763,3
0,239,4780,4783,3
1,145,4785,4787,2
5,1,4088,4788,408
0,240,4800,4802,2
2,96,4802,4805,3
3,48,4805,4813,8
0,241,4820,4821,1
1,146,4818,4823,4
0,242,4840,4842,2
1,147,4851,4854,3
2,97,4850,4857,4
0,243,4860,4862,2
0,244,4880,4882,2
1,148,4884,4886,2
0,245,4900,4902,2
2,98,4902,4905,3
3,49,4905,4917,12
1,149,4917,4919,2
0,246,4920,4922,2
0,247,4940,4943,3
1,150,4950,4955,5
2,99,4955,4960,5
0,248,4960,4963,3
0,249,4980,4982,2
1,151,4983,4986,3
0,250,5000,5002,2
2,100,5002,5006,4
3,50,5006,5015,9
0,251,5020,5021,1
1,152,5016,5022,5
0,252,5040,5042,2
1,153,5049,5052,3
2,101,5052,5056,4
0,253,5060,5063,3
0,254,5080,5083,3
1,154,5083,5085,2
4,5,5015,5088,50
0,255,5100,5102,2
2,102,5102,5105,3
0,256,5120,5122,2
1,155,5115,5123,6
3,51,5105,5127,14
0,257,5140,5143,3
1,156,5148,5151,3
2,103,5151,5154,3
0,258,5160,5161,1
0,259,5180,5183,3
1,157,5183,5185,2
0,260,5200,5203,3
2,104,5203,5206,3
3,52,5206,5213,7
1,158,5214,5218,4
0,261,5220,5221,1
0,262,5240,5242,2
1,159,5247,5251,4
2,105,5251,5254,3
0,263,5260,5261,1
0,264,5280,5282,2
1,160,5282,5286,4
0,265,5300,5303,3
2,106,5303,5306,3
1,161,5313,5316,3
0,266,5320,5322,2
3,53,5306,5324,13
0,267,5340,5343,3
1,162,5346,5348,2
2,107,5350,5353,3
0,268,5360,5363,3
0,269,5380,5383,3
1,163,5379,5386,4
0,270,5400,5402,2
2,108,5402,5406,4
1,164,5412,5414,2
3,54,5406,5420,12
0,271,5420,5422,2
0,272,5440,5442,2
1,165,5445,5449,4
2,109,5450,5455,5
0,273,5460,5463,3
0,274,5480,5482,2
1,166,5478,5484,4
0,275,5500,5502,2
2,110,5502,5505,3
3,55,5505,5511,6
1,167,5511,5513,2
0,276,5520,5522,2
0,277,5540,5543,3
1,168,5544,5547,3
2,111,5550,5554,4
0,278,5560,5562,2
0,279,5580,5582,2
1,169,5577,5584,5
0,280,5600,5601,1
2,112,5601,5606,5
1,170,5610,5612,2
3,56,5606,5620,12
0,281,5620,5622,2
0,282,5640,5641,1
1,171,5643,5645,2
2,113,5650,5655,5
0,283,5660,5662,2
1,172,5676,5678,2
0,284,5680,5683,3
0,285,5700,5701,1
2,114,5701,5704,3
1,173,5709,5712,3
3,57,5704,5713,6
0,286,5720,5722,2
0,287,5740,5743,3
1,174,5743,5747,4
2,115,5750,5753,3
0,288,5760,5763,3
1,175,5775,5780,5
0,289,5780,5782,2
0,290,5800,5803,3
2,116,5803,5806,3
1,176,5808,5810,2
3,58,5806,5820,12
0,291,5820,5823,3
0,292,5840,5842,2
1,177,5842,5846,4
2,117,5850,5856,6
0,293,5860,5861,1
1,178,5874,5876,2
0,294,5880,5883,3
0,295,5900,5903,3
2,118,5903,5906,3
1,179,5907,5909,2
3,59,5906,5915,7
0,296,5920,5921,1
0,297,5940,5942,2
1,180,5942,5946,4
2,119,5950,5954,4
0,298,5960,5964,4
1,181,5973,5976,3
0,299,5980,5982,2
0,300,6000,6002,2
2,120,6002,6005,3
1,182,6006,6010,4
3,60,6005,6019,10
0,301,6020,6023,3
0,302,6040,6041,1
1,183,6039,6042,2
2,121,6050,6054,4
0,303,6060,6064,4
1,184,6072,6075,3
0,304,6080,6081,1
4,6,6019,6087,50
0,305,6100,6103,3
1,185,6105,6108,3
2,122,6103,6109,3
3,61,6109,6120,11
0,306,6120,6123,3
0,307,6140,6143,3
1,186,6138,6145,4
2,123,6150,6154,4
0,308,6160,6163,3
1,187,6171,6175,4
0,309,6180,6182,2
0,310,6200,6203,3
1,188,6204,6209,5
2,124,6203,6212,4
0,311,6220,6222,2
3,62,6212,6226,12
1,189,6237,6240,3
0,312,6240,6242,2
2,125,6250,6253,3
0,313,6260,6262,2
1,190,6270,6275,5
0,314,6280,6282,2
0,315,6300,6304,4
1,191,6304,6308,4
2,126,6308,6312,4
3,63,6312,6318,6
0,316,6320,6322,2
1,192,6336,6339,3
0,317,6340,6342,2
2,127,6350,6354,4
0,318,6360,6363,3
1,193,6369,6372,3
0,319,6380,6382,2
0,320,6400,6402,2
1,194,6402,6406,4
2,128,6406,6411,5
3,64,6411,6419,8
0,321,6420,6421,1
1,195,6435,6437,2
0,322,6440,6443,3
2,129,6450,6455,5
0,323,6460,6461,1
1,196,6468,6470,2
0,324,6480,6482,2
0,325,6500,6501,1
1,197,6501,6504,3
2,130,6504,6507,3
3,65,6507,6519,12
0,326,6520,6524,4
1,198,6534,6536,2
0,327,6540,6541,1
2,131,6550,6554,4
0,328,6560,6564,4
1,199,6567,6571,4
0,329,6580,6583,3
0,330,6600,6603,3
1,200,6603,6605,2
2,132,6605,6608,3
3,66,6608,6619,11
0,331,6620,6621,1
1,201,6633,6635,2
0,332,6640,6642,2
2,133,6650,6654,4
0,333,6660,6663,3
1,202,6666,6669,3
0,334,6680,6682,2
0,335,6700,6702,2
1,203,6699,6704,3
2,134,6704,6708,4
3,67,6708,6720,12
0,336,6720,6722,2
1,204,6732,6734,2
0,337,6740,6744,4
2,135,6750,6753,3
0,338,6760,6764,4
1,205,6765,6768,3
0,339,6780,6782,2
0,340,6800,6802,2
1,206,6798,6804,4
2,136,6804,6807,3
3,68,6807,6820,13
0,341,6820,6823,3
1,207,6831,6837,6
0,342,6840,6842,2
2,137,6850,6853,3
0,343,6860,6862,2
1,208,6864,6867,3
0,344,6880,6882,2
0,345,6900,6903,3
1,209,6897,6904,4
2,138,6904,6907,3
3,69,6907,6916,9
0,346,6920,6922,2
1,210,6930,6934,4
0,347,6940,6942,2
2,139,6950,6953,3
0,348,6960,6962,2
1,211,6963,6965,2
0,349,6980,6982,2
1,212,6996,6999,3
0,350,7000,7002,2
2,140,7002,7006,4
3,70,7006,7011,5
0,351,7020,7023,3
1,213,7029,7031,2
0,352,7040,7042,2
2,141,7050,7053,3
0,353,7060,7062,2
1,214,7062,7067,5
4,7,7011,7078,50
0,354,7080,7082,2
1,215,7095,7097,2
0,355,7100,7102,2
2,142,7102,7105,3
0,356,7120,7123,3
3,71,7105,7124,16
1,216,7128,7130,2
0,357,7140,7144,4
2,143,7150,7155,5
0,358,7160,7162,2
1,217,7162,7165,3
0,359,7180,7181,1
1,218,7194,7196,2
0,360,7200,7202,2
2,144,7202,7205,3
3,72,7205,7214,9
0,361,7220,7223,3
1,219,7227,7231,4
0,362,7240,7242,2
2,145,7250,7254,4
0,363,7260,7263,3
1,220,7263,7265,2
0,364,7280,7283,3
1,221,7293,7295,2
0,365,7300,7302,2
2,146,7302,7305,3
3,73,7305,7311,6
0,366,7320,7322,2
1,222,7326,7329,3
0,367,7340,7343,3
2,147,7350,7354,4
0,368,7360,7363,3
1,223,7359,7366,4
0,369,7380,7382,2
1,224,7392,7397,5
0,370,7400,7403,3
2,148,7403,7407,4
3,74,7407,7412,5
0,371,7420,7422,2
1,225,7425,7429,4
0,372,7440,7442,2
2,149,7450,7454,4
1,226,7458,7460,2
0,373,7460,7463,3
0,374,7480,7481,1
1,227,7491,7494,3
0,375,7500,7504,4
2,150,7504,7507,3
3,75,7507,7519,12
0,376,7520,7521,1
1,228,7524,7526,2
0,377,7540,7542,2
2,151,7550,7554,4
0,378,7560,7562,2
1,229,7557,7563,4
0,379,7580,7582,2
1,230,7590,7592,2
0,380,7600,7604,4
2,152,7604,7607,3
3,76,7607,7615,8
0,381,7620,7623,3
1,231,7623,7626,3
0,382,7640,7644,4
2,153,7650,7655,5
1,232,7656,7658,2
0,383,7660,7662,2
0,384,7680,7681,1
1,233,7689,7693,4
0,385,7700,7701,1
2,154,7701,7705,4
3,77,7705,7718,13
0,386,7720,7724,4
1,234,7724,7726,2
0,387,7740,7742,2
2,155,7750,7754,4
1,235,7755,7759,4
0,388,7760,7763,3
0,389,7780,7783,3
1,236,7788,7790,2
0,390,7800,7802,2
2,156,7802,7805,3
3,78,7805,7816,11
0,391,7820,7821,1
1,237,7821,7823,2
0,392,7840,7842,2
2,157,7850,7854,4
1,238,7854,7858,4
0,393,7860,7864,4
0,394,7880,7883,3
1,239,7887,7889,2
0,395,7900,7902,2
2,158,7902,7905,3
3,79,7905,7913,8
0,396,7920,7924,4
1,240,7924,7926,2
0,397,7940,7943,3
1,241,7953,7955,2
2,159,7950,7956,4
0,398,7960,7962,2
0,399,7980,7982,2
1,242,7986,7988,2
0,400,8000,8003,3
2,160,8003,8006,3
3,80,8006,8014,8
0,401,8020,8021,1
1,243,8019,8022,2
0,402,8040,8043,3
1,244,8052,8055,3
2,161,8050,8056,3
0,403,8060,8063,3
4,8,8014,8079,50
0,404,8080,8081,1
1,245,8085,8087,2
0,405,8100,8103,3
2,162,8103,8107,4
3,81,8107,8117,10
1,246,8118,8120,2
0,406,8120,8122,2
0,407,8140,8144,4
1,247,8151,8153,2
2,163,8150,8156,4
0,408,8160,8161,1
0,409,8180,8182,2
1,248,8184,8186,2
0,410,8200,8201,1
2,164,8201,8204,3
3,82,8204,8214,10
1,249,8217,8219,2
0,411,8220,8222,2
0,412,8240,8241,1
1,250,8250,8255,5
2,165,8255,8259,4
0,413,8260,8263,3
0,414,8280,8282,2
1,251,8283,8285,2
0,415,8300,8302,2
2,166,8302,8305,3
3,83,8305,8311,6
1,252,8316,8319,3
0,416,8320,8323,3
0,417,8340,8341,1
1,253,8349,8352,3
2,167,8352,8355,3
0,418,8360,8364,4
0,419,8380,8384,4
1,254,8384,8389,5
0,420,8400,8403,3
2,168,8403,8406,3
3,84,8406,8413,7
1,255,8415,8418,3
0,421,8420,8423,3
5,2,8079,8428,219
0,422,8440,8443,3
1,256,8448,8451,3
2,169,8451,8455,4
0,423,8460,8463,3
0,424,8480,8484,4
1,257,8484,8486,2
0,425,8500,8504,4
2,170,8504,8509,5
1,258,8514,8517,3
3,85,8509,8519,7
0,426,8520,8523,3
0,427,8540,8542,2
1,259,8547,8550,3
2,171,8550,8554,4
0,428,8560,8563,3
0,429,8580,8584,4
1,260,8584,8589,5
0,430,8600,8603,3
2,172,8603,8607,4
1,261,8613,8616,3
3,86,8607,8617,7
0,431,8620,8624,4
0,432,8640,8642,2
1,262,8646,8651,5
2,173,8651,8656,5
0,433,8660,8661,1
0,434,8680,8681,1
1,263,8679,8685,5
0,435,8700,8703,3
2,174,8703,8707,4
1,264,8712,8715,3
0,436,8720,8722,2
3,87,8707,8723,11
0,437,8740,8743,3
1,265,8745,8747,2
2,175,8750,8755,5
0,438,8760,8762,2
0,439,8780,8783,3
1,266,8778,8787,6
0,440,8800,8803,3
2,176,8803,8806,3
1,267,8811,8815,4
0,441,8820,8823,3
3,88,8806,8824,11
0,442,8840,8842,2
1,268,8844,8847,3
2,177,8850,8853,3
0,443,8860,8861,1
1,269,8877,8879,2
0,444,8880,8883,3
0,445,8900,8902,2
2,178,8902,8905,3
1,270,8910,8915,5
0,446,8920,8922,2
3,89,8905,8927,15
0,447,8940,8942,2
1,271,8943,8947,4
2,179,8950,8953,3
0,448,8960,8963,3
1,272,8976,8979,3
0,449,8980,8983,3
0,450,9000,9002,2
2,180,9002,9005,3
1,273,9009,9011,2
3,90,9005,9018,11
0,451,9020,9022,2
0,452,9040,9042,2
1,274,9042,9044,2
2,181,9050,9056,6
0,453,9060,9063,3
1,275,9075,9079,4
0,454,9080,9083,3
4,9,9018,9090,50
0,455,9100,9101,1
2,182,9101,9104,3
1,276,9108,9110,2
3,91,9104,9116,10
0,456,9120,9122,2
0,457,9140,9142,2
1,277,9142,9145,3
2,183,9150,9154,4
0,458,9160,9162,2
1,278,9174,9178,4
0,459,9180,9182,2
0,460,9200,9203,3
2,184,9203,9206,3
1,279,9207,9210,3
0,461,9220,9222,2
3,92,9206,9223,12
0,462,9240,9243,3
1,280,9243,9246,3
2,185,9250,9255,5
0,463,9260,9263,3
1,281,9273,9277,4
0,464,9280,9282,2
0,465,9300,9302,2
2,186,9302,9305,3
1,282,9306,9308,2
3,93,9305,9312,5
0,466,9320,9324,4
0,467,9340,9342,2
1,283,9339,9344,3
2,187,9350,9355,5
0,468,9360,9362,2
1,284,9372,9378,6
0,469,9380,9381,1
0,470,9400,9402,2
1,285,9405,9410,5
2,188,9402,9411,4
3,94,9411,9420,9
0,471,9420,9423,3
0,472,9440,9443,3
1,286,9438,9445,4
2,189,9450,9454,4
0,473,9460,9462,2
1,287,9471,9476,5
0,474,9480,9484,4
0,475,9500,9504,4
1,288,9504,9507,3
2,190,9507,9510,3
3,95,9510,9515,5
0,476,9520,9523,3
1,289,9537,9539,2
0,477,9540,9542,2
2,191,9550,9554,4
0,478,9560,9563,3
1,290,9570,9573,3
0,479,9580,9582,2
0,480,9600,9604,4
1,291,9604,9607,3
2,192,9607,9612,5
3,96,9612,9620,8
0,481,9620,9622,2
1,292,9636,9638,2
0,482,9640,9643,3
2,193,9650,9655,5
0,483,9660,9662,2
1,293,9669,9671,2
0,484,9680,9681,1
0,485,9700,9702,2
1,294,9702,9704,2
2,194,9704,9709,5
3,97,9709,9716,7
0,486,9720,9722,2
1,295,9735,9737,2
0,487,9740,9743,3
2,195,9750,9754,4
0,488,9760,9762,2
1,296,9768,9771,3
0,489,9780,9783,3
0,490,9800,9803,3
1,297,9803,9806,3
2,196,9806,9811,5
3,98,9811,9819,8
0,491,9820,9822,2
1,298,9834,9836,2
0,492,9840,9842,2
2,197,9850,9855,5
0,493,9860,9861,1
1,299,9867,9870,3
0,494,9880,9882,2
0,495,9900,9903,3
1,300,9903,9905,2
2,198,9905,9908,3
3,99,9908,9917,9
0,496,9920,9923,3
1,301,9933,9937,4
0,497,9940,9942,2
2,199,9950,9953,3
0,498,9960,9963,3
1,302,9966,9968,2
0,499,9980,9983,3
0,500,10000,10002,2
1,303,9999,10007,6
2,200,10007,10010,3
0,501,10020,10022,2
3,100,10010,10025,13
1,304,10032,10035,3
0,502,10040,10043,3
2,201,10050,10056,6
0,503,10060,10062,2
1,305,10065,10068,3
0,504,10080,10082,2
4,10,10025,10094,50
0,505,10100,10103,3
1,306,10098,10106,5
2,202,10106,10110,4
0,506,10120,10123,3
3,101,10110,10124,11
1,307,10131,10135,4
0,507,10140,10142,2
2,203,10150,10153,3
0,508,10160,10163,3
1,308,10164,10166,2
0,509,10180,10183,3
0,510,10200,10201,1
1,309,10197,10205,7
2,204,10205,10208,3
0,511,10220,10222,2
3,102,10208,10224,14
1,310,10230,10232,2
0,512,10240,10242,2
2,205,10250,10253,3
0,513,10260,10263,3
1,311,10263,10267,4
0,514,10280,10282,2
1,312,10296,10298,2
0,515,10300,10303,3
2,206,10303,10306,3
0,516,10320,10323,3
3,103,10306,10324,15
1,313,10329,10332,3
0,517,10340,10343,3
2,207,10350,10354,4
0,518,10360,10362,2
1,314,10362,10365,3
0,519,10380,10382,2
1,315,10395,10397,2
0,520,10400,10402,2
2,208,10402,10405,3
3,104,10405,10414,9
0,521,10420,10422,2
1,316,10428,10434,6
0,522,10440,10443,3
2,209,10450,10453,3
0,523,10460,10461,1
1,317,10461,10465,4
0,524,10480,10482,2
1,318,10494,10496,2
0,525,10500,10502,2
2,210,10502,10506,4
0,526,10520,10521,1
3,105,10506,10524,17
1,319,10527,10529,2
0,527,10540,10542,2
2,211,10550,10554,4
0,528,10560,10562,2
1,320,10562,10564,2
0,529,10580,10583,3
1,321,10593,10597,4
0,530,10600,10603,3
2,212,10603,10608,5
3,106,10608,10615,7
0,531,10620,10623,3
1,322,10626,10628,2
0,532,10640,10643,3
2,213,10650,10654,4
0,533,10660,10663,3
1,323,10659,10666,4
0,534,10680,10681,1
1,324,10692,10694,2
0,535,10700,10702,2
2,214,10702,10705,3
3,107,10705,10716,11
0,536,10720,10723,3
1,325,10725,10729,4
0,537,10740,10742,2
2,215,10750,10754,4
0,538,10760,10762,2
1,326,10758,10763,3
0,539,10780,10781,1
1,327,10791,10795,4
0,540,10800,10802,2
2,216,10802,10806,4
3,108,10806,10812,6
0,541,10820,10823,3
1,328,10824,10828,4
0,542,10840,10843,3
2,217,10850,10854,4
1,329,10857,10859,2
0,543,10860,10862,2
0,544,10880,10882,2
1,330,10890,10892,2
0,545,10900,10904,4
2,218,10904,10909,5
0,546,10920,10924,4
1,331,10924,10927,3
3,109,10909,10934,18
0,547,10940,10943,3
2,219,10950,10954,4
1,332,10956,10959,3
0,548,10960,10963,3
0,549,10980,10982,2
1,333,10989,10993,4
0,550,11000,11003,3
2,220,11003,11008,5
3,110,11008,11014,6
0,551,11020,11023,3
1,334,11023,11026,3
0,552,11040,11042,2
2,221,11050,11053,3
1,335,11055,11057,2
0,553,11060,11062,2
4,11,11014,11079,50
0,554,11080,11083,3
1,336,11088,11091,3
0,555,11100,11103,3
2,222,11103,11106,3
3,111,11106,11120,14
0,556,11120,11121,1
1,337,11121,11123,2
0,557,11140,11143,3
2,223,11150,11153,3
1,338,11154,11159,5
0,558,11160,11163,3
0,559,11180,11182,2
1,339,11187,11189,2
0,560,11200,11201,1
2,224,11201,11205,4
3,112,11205,11213,8
0,561,11220,11223,3
1,340,11223,11227,4
0,562,11240,11243,3
1,341,11253,11258,5
2,225,11250,11259,4
0,563,11260,11263,3
0,564,11280,11282,2
1,342,11286,11290,4
0,565,11300,11302,2
2,226,11302,11305,3
3,113,11305,11316,11
0,566,11320,11322,2
1,343,11319,11324,3
0,567,11340,11342,2
1,344,11352,11357,5
2,227,11350,11359,4
0,568,11360,11363,3
0,569,11380,11383,3
1,345,11385,11387,2
0,570,11400,11402,2
2,228,11402,11405,3
3,114,11405,11412,7
0,571,11420,11423,3
1,346,11418,11424,3
0,572,11440,11443,3
1,347,11451,11454,3
2,229,11450,11458,5
0,573,11460,11462,2
0,574,11480,11484,4
1,348,11484,11487,3
0,575,11500,11503,3
2,230,11503,11506,3
3,115,11506,11511,5
1,349,11517,11520,3
0,576,11520,11522,2
0,577,11540,11542,2
1,350,11550,11552,2
2,231,11552,11555,3
0,578,11560,11564,4
0,579,11580,11583,3
1,351,11583,11587,4
0,580,11600,11604,4
2,232,11604,11608,4
1,352,11616,11619,3
0,581,11620,11623,3
3,116,11608,11627,13
0,582,11640,11642,2
1,353,11649,11652,3
2,233,11652,11655,3
0,583,11660,11662,2
0,584,11680,11683,3
1,354,11683,11685,2
0,585,11700,11701,1
2,234,11701,11706,5
1,355,11715,11717,2
0,586,11720,11721,1
3,117,11706,11725,16
0,587,11740,11742,2
1,356,11748,11750,2
2,235,11750,11754,4
0,588,11760,11762,2
0,589,11780,11783,3
1,357,11783,11786,3
0,590,11800,11802,2
2,236,11802,11806,4
1,358,11814,11819,5
0,591,11820,11824,4
3,118,11806,11826,11
0,592,11840,11843,3
1,359,11847,11851,4
2,237,11851,11855,4
0,593,11860,11862,2
0,594,11880,11883,3
1,360,11883,11887,4
0,595,11900,11902,2
2,238,11902,11905,3
3,119,11905,11913,8
1,361,11913,11915,2
0,596,11920,11923,3
0,597,11940,11943,3
1,362,11946,11949,3
2,239,11950,11953,3
0,598,11960,11963,3
0,599,11980,11984,4
1,363,11979,11985,2
0,600,12000,12002,2
2,240,12002,12005,3
1,364,12012,12015,3
3,120,12005,12017,9
0,601,12020,12022,2
0,602,12040,12043,3
1,365,12045,12048,3
2,241,12050,12054,4
0,603,12060,12063,3
0,604,12080,12083,3
1,366,12078,12085,4
4,12,12017,12089,50
0,605,12100,12103,3
2,242,12103,12106,3
1,367,12111,12113,2
3,121,12106,12117,9
0,606,12120,12123,3
0,607,12140,12144,4
1,368,12144,12147,3
2,243,12150,12155,5
0,608,12160,12163,3
1,369,12177,12180,3
0,609,12180,12183,3
0,610,12200,12202,2
2,244,12202,12206,4
1,370,12210,12212,2
3,122,12206,12213,5
0,611,12220,12222,2
0,612,12240,12243,3
1,371,12243,12246,3
2,245,12250,12253,3
0,613,12260,12263,3
1,372,12276,12280,4
0,614,12280,12283,3
0,615,12300,12302,2
2,246,12302,12306,4
1,373,12309,12311,2
3,123,12306,12318,10
0,616,12320,12323,3
0,617,12340,12344,4
1,374,12344,12348,4
2,247,12350,12355,5
0,618,12360,12363,3
1,375,12375,12378,3
0,619,12380,12382,2
0,620,12400,12402,2
2,248,12402,12405,3
1,376,12408,12412,4
0,621,12420,12422,2
3,124,12405,12424,13
0,622,12440,12443,3
1,377,12443,12445,2
2,249,12450,12453,3
0,623,12460,12463,3
1,378,12474,12476,2
0,624,12480,12481,1
0,625,12500,12504,4
2,250,12504,12507,3
1,379,12507,12509,2
0,626,12520,12522,2
3,125,12509,12526,15
0,627,12540,12542,2
1,380,12542,12544,2
2,251,12550,12553,3
0,628,12560,12562,2
1,381,12573,12577,4
0,629,12580,12582,2
0,630,12600,12603,3
1,382,12606,12609,3
2,252,12603,12610,4
0,631,12620,12622,2
3,126,12610,12626,14
0,632,12640,12642,2
1,383,12639,12644,3
2,253,12650,12654,4
0,633,12660,12662,2
1,384,12672,12676,4
0,634,12680,12682,2
0,635,12700,12704,4
1,385,12705,12709,4
2,254,12704,12712,4
0,636,12720,12723,3
3,127,12712,12726,11
1,386,12738,12740,2
0,637,12740,12741,1
2,255,12750,12754,4
0,638,12760,12762,2
1,387,12771,12776,5
0,639,12780,12783,3
0,640,12800,12802,2
1,388,12804,12806,2
2,256,12802,12808,4
3,128,12808,12820,12
0,641,12820,12824,4
1,389,12837,12839,2
0,642,12840,12842,2
2,257,12850,12855,5
0,643,12860,12861,1
1,390,12870,12873,3
5,3,12089,12874,466
0,644,12880,12884,4
0,645,12900,12902,2
1,391,12903,12906,3
2,258,12902,12908,3
3,129,12908,12920,12
0,646,12920,12922,2
1,392,12936,12938,2
0,647,12940,12943,3
2,259,12950,12953,3
0,648,12960,12963,3
1,393,12969,12972,3
0,649,12980,12983,3
0,650,13000,13002,2
1,394,13002,13005,3
2,260,13005,13008,3
3,130,13008,13014,6
0,651,13020,13022,2
1,395,13035,13038,3
0,652,13040,13044,4
2,261,13050,13055,5
0,653,13060,13062,2
1,396,13068,13073,5
0,654,13080,13083,3
4,13,13014,13088,50
0,655,13100,13102,2
1,397,13102,13104,2
2,262,13104,13108,4
3,131,13108,13117,9
0,656,13120,13121,1
1,398,13134,13138,4
0,657,13140,13144,4
2,263,13150,13155,5
0,658,13160,13163,3
1,399,13167,13169,2
0,659,13180,13182,2
0,660,13200,13203,3
1,400,13203,13206,3
2,264,13206,13210,4
3,132,13210,13218,8
0,661,13220,13222,2
1,401,13233,13238,5
0,662,13240,13242,2
2,265,13250,13255,5
0,663,13260,13262,2
1,402,13266,13268,2
0,664,13280,13282,2
0,665,13300,13304,4
1,403,13299,13308,5
2,266,13308,13312,4
3,133,13312,13318,6
0,666,13320,13322,2
1,404,13332,13336,4
0,667,13340,13343,3
2,267,13350,13353,3
0,668,13360,13363,3
1,405,13365,13367,2
0,669,13380,13384,4
0,670,13400,13403,3
1,406,13398,13405,4
2,268,13405,13411,6
0,671,13420,13422,2
3,134,13411,13427,14
1,407,13431,13433,2
0,672,13440,13443,3
2,269,13450,13454,4
0,673,13460,13464,4
1,408,13464,13468,4
0,674,13480,13483,3
1,409,13497,13500,3
0,675,13500,13503,3
2,270,13503,13508,5
3,135,13508,13519,11
0,676,13520,13522,2
1,410,13530,13532,2
0,677,13540,13543,3
2,271,13550,13553,3
0,678,13560,13563,3
1,411,13563,13567,4
0,679,13580,13582,2
1,412,13596,13600,4
0,680,13600,13604,4
2,272,13604,13608,4
3,136,13608,13614,6
0,681,13620,13624,4
1,413,13629,13632,3
0,682,13640,13642,2
2,273,13650,13653,3
0,683,13660,13662,2
1,414,13662,13665,3
0,684,13680,13683,3
1,415,13695,13697,2
0,685,13700,13702,2
2,274,13702,13705,3
3,137,13705,13711,6
0,686,13720,13722,2
1,416,13728,13732,4
0,687,13740,13742,2
2,275,13750,13753,3
0,688,13760,13762,2
1,417,13762,13766,4
0,689,13780,13782,2
1,418,13794,13797,3
0,690,13800,13803,3
2,276,13803,13807,4
3,138,13807,13817,10
0,691,13820,13824,4
1,419,13827,13829,2
0,692,13840,13842,2
2,277,13850,13855,5
0,693,13860,13861,1
1,420,13861,13864,3
0,694,13880,13882,2
1,421,13893,13898,5
0,695,13900,13902,2
2,278,13902,13906,4
0,696,13920,13922,2
3,139,13906,13924,16
1,422,13926,13928,2
0,697,13940,13941,1
2,279,13950,13953,3
0,698,13960,13962,2
1,423,13959,13967,6
0,699,13980,13983,3
1,424,13992,13995,3
0,700,14000,14003,3
2,280,14003,14006,3
3,140,14006,14017,11
0,701,14020,14022,2
1,425,14025,14028,3
0,702,14040,14044,4
2,281,14050,14054,4
0,703,14060,14063,3
1,426,14058,14064,3
0,704,14080,14084,4
4,14,14017,14090,50
1,427,14091,14093,2
0,705,14100,14102,2
2,282,14102,14106,4
3,141,14106,14116,10
0,706,14120,14124,4
1,428,14124,14126,2
0,707,14140,14142,2
2,283,14150,14154,4
1,429,14157,14159,2
0,708,14160,14162,2
0,709,14180,14182,2
1,430,14190,14193,3
0,710,14200,14202,2
2,284,14202,14206,4
3,142,14206,14217,11
0,711,14220,14222,2
1,431,14223,14227,4
0,712,14240,14243,3
2,285,14250,14253,3
1,432,14256,14259,3
0,713,14260,14263,3
0,714,14280,14284,4
1,433,14289,14293,4
0,715,14300,14302,2
2,286,14302,14305,3
3,143,14305,14311,6
0,716,14320,14323,3
1,434,14323,14325,2
0,717,14340,14341,1
2,287,14350,14354,4
1,435,14355,14358,3
0,718,14360,14363,3
0,719,14380,14382,2
1,436,14388,14391,3
0,720,14400,14402,2
2,288,14402,14406,4
3,144,14406,14419,13
0,721,14420,14423,3
1,437,14423,14426,3
0,722,14440,14443,3
2,289,14450,14453,3
1,438,14454,14460,6
0,723,14460,14463,3
0,724,14480,14483,3
1,439,14487,14491,4
0,725,14500,14502,2
2,290,14502,14507,5
3,145,14507,14519,12
0,726,14520,14522,2
1,440,14522,14528,6
0,727,14540,14543,3
1,441,14553,14557,4
2,291,14550,14560,6
0,728,14560,14562,2
0,729,14580,14582,2
1,442,14586,14590,4
0,730,14600,14604,4
2,292,14604,14607,3
3,146,14607,14618,11
0,731,14620,14622,2
1,443,14619,14625,4
0,732,14640,14643,3
1,444,14652,14654,2
2,293,14650,14655,3
0,733,14660,14663,3
0,734,14680,14682,2
1,445,14685,14687,2
0,735,14700,14704,4
2,294,14704,14708,4
3,147,14708,14716,8
0,736,14720,14724,4
1,446,14718,14726,4
0,737,14740,14743,3
1,447,14751,14753,2
2,295,14750,14756,4
0,738,14760,14762,2
0,739,14780,14782,2
1,448,14784,14787,3
0,740,14800,14803,3
2,296,14803,14807,4
3,148,14807,14817,10
1,449,14817,14819,2
0,741,14820,14824,4
0,742,14840,14843,3
1,450,14850,14852,2
2,297,14852,14856,4
0,743,14860,14862,2
0,744,14880,14882,2
1,451,14883,14886,3
0,745,14900,14902,2
2,298,14902,14905,3
3,149,14905,14911,6
1,452,14916,14920,4
0,746,14920,14923,3
0,747,14940,14942,2
1,453,14949,14951,2
2,299,14951,14955,4
0,748,14960,14962,2
0,749,14980,14982,2
1,454,14982,14985,3
0,750,15000,15003,3
2,300,15003,15006,3
3,150,15006,15015,9
1,455,15015,15019,4
0,751,15020,15024,4
0,752,15040,15043,3
1,456,15048,15050,2
2,301,15050,15054,4
0,753,15060,15062,2
0,754,15080,15083,3
1,457,15083,15087,4
4,15,15019,15091,50
0,755,15100,15103,3
2,302,15103,15107,4
3,151,15107,15113,6
1,458,15114,15117,3
0,756,15120,15123,3
0,757,15140,15143,3
1,459,15147,15151,4
2,303,15151,15154,3
0,758,15160,15162,2
0,759,15180,15183,3
1,460,15183,15185,2
0,760,15200,15202,2
2,304,15202,15207,5
1,461,15213,15215,2
0,761,15220,15223,3
3,152,15207,15229,17
0,762,15240,15242,2
1,462,15246,15248,2
2,305,15250,15253,3
0,763,15260,15261,1
0,764,15280,15284,4
1,463,15279,15288,5
0,765,15300,15303,3
2,306,15303,15308,5
1,464,15312,15316,4
0,766,15320,15321,1
3,153,15308,15325,12
0,767,15340,15344,4
1,465,15345,15350,5
2,307,15350,15353,3
0,768,15360,15362,2
1,466,15378,15380,2
0,769,15380,15381,1
0,770,15400,15403,3
2,308,15403,15409,6
1,467,15411,15418,7
0,771,15420,15423,3
3,154,15409,15427,8
0,772,15440,15442,2
1,468,15444,15448,4
2,309,15450,15454,4
0,773,15460,15463,3
0,774,15480,15482,2
1,469,15477,15484,5
0,775,15500,15502,2
2,310,15502,15506,4
1,470,15510,15512,2
3,155,15506,15517,9
0,776,15520,15521,1
0,777,15540,15543,3
1,471,15543,15546,3
2,311,15550,15553,3
0,778,15560,15563,3
1,472,15576,15579,3
0,779,15580,15583,3
0,780,15600,15602,2
2,312,15602,15605,3
1,473,15609,15613,4
3,156,15605,15616,7
0,781,15620,15622,2
0,782,15640,15643,3
1,474,15643,15645,2
2,313,15650,15654,4
0,783,15660,15662,2
0,784,15680,15683,3
1,475,15675,15684,6
0,785,15700,15702,2
2,314,15702,15706,4
1,476,15708,15713,5
0,786,15720,15723,3
3,157,15706,15728,14
0,787,15740,15742,2
1,477,15742,15745,3
2,315,15750,15755,5
0,788,15760,15762,2
1,478,15774,15776,2
0,789,15780,15783,3
0,790,15800,15803,3
2,316,15803,15806,3
1,479,15807,15810,3
0,791,15820,15823,3
3,158,15806,15825,13
0,792,15840,15844,4
1,480,15844,15848,4
2,317,15850,15854,4
0,793,15860,15861,1
1,481,15873,15876,3
