0,0,0,2,2
1,0,2,6,4
2,0,6,9,3
0,1,20,24,4
3,0,9,25,12
1,1,33,35,2
0,2,40,42,2
2,1,50,53,3
0,3,60,63,3
1,2,66,69,3
0,4,80,82,2
4,0,25,90,50
0,5,100,103,3
1,3,99,106,4
2,2,106,109,3
3,1,109,118,9
0,6,120,122,2
1,4,132,137,5
0,7,140,144,4
2,3,150,153,3
0,8,160,163,3
1,5,165,167,2
0,9,180,182,2
0,10,200,203,3
1,6,198,204,3
2,4,204,207,3
3,2,207,214,7
0,11,220,222,2
1,7,231,235,4
0,12,240,243,3
2,5,250,253,3
0,13,260,262,2
1,8,264,266,2
0,14,280,283,3
0,15,300,302,2
1,9,297,304,5
2,6,304,307,3
3,3,307,313,6
0,16,320,322,2
1,10,330,333,3
0,17,340,343,3
2,7,350,353,3
0,18,360,364,4
1,11,364,369,5
0,19,380,382,2
1,12,396,398,2
0,20,400,403,3
2,8,403,406,3
3,4,406,412,6
0,21,420,423,3
1,13,429,431,2
0,22,440,443,3
2,9,450,454,4
0,23,460,464,4
1,14,464,467,3
0,24,480,483,3
1,15,495,498,3
0,25,500,502,2
2,10,502,505,3
3,5,505,511,6
0,26,520,522,2
1,16,528,535,7
0,27,540,543,3
2,11,550,554,4
0,28,560,561,1
1,17,561,563,2
0,29,580,584,4
1,18,594,597,3
0,30,600,603,3
2,12,603,607,4
3,6,607,616,9
0,31,620,622,2
1,19,627,634,7
0,32,640,643,3
2,13,650,653,3
0,33,660,664,4
1,20,664,668,4
0,34,680,683,3
1,21,693,699,6
0,35,700,701,1
2,14,701,705,4
3,7,705,718,13
0,36,720,723,3
1,22,726,728,2
5,0,90,740,390
0,37,740,742,2
2,15,750,754,4
0,38,760,762,2
1,23,759,766,5
0,39,780,782,2
1,24,792,794,2
0,40,800,801,1
2,16,801,804,3
3,8,804,813,9
0,41,820,823,3
1,25,825,827,2
0,42,840,842,2
2,17,850,854,4
0,43,860,865,5
1,26,858,866,3
0,44,880,883,3
1,27,891,893,2
0,45,900,902,2
2,18,902,907,5
3,9,907,912,5
0,46,920,922,2
1,28,924,926,2
0,47,940,944,4
2,19,950,954,4
0,48,960,962,2
1,29,957,964,5
0,49,980,982,2
1,30,990,992,2
0,50,1000,1003,3
2,20,1003,1006,3
3,10,1006,1014,8
0,51,1020,1022,2
1,31,1023,1026,3
0,52,1040,1041,1
2,21,1050,1055,5
1,32,1056,1060,4
0,53,1060,1063,3
0,54,1080,1082,2
4,1,1014,1084,50
1,33,1089,1092,3
0,55,1100,1102,2
2,22,1102,1105,3
3,11,1105,1114,9
0,56,1120,1124,4
1,34,1124,1128,4
0,57,1140,1141,1
2,23,1150,1153,3
1,35,1155,1157,2
0,58,1160,1162,2
0,59,1180,1183,3
1,36,1188,1192,4
0,60,1200,1203,3
2,24,1203,1206,3
3,12,1206,1218,12
0,61,1220,1221,1
1,37,1221,1223,2
0,62,1240,1242,2
2,25,1250,1254,4
1,38,1254,1257,3
0,63,1260,1262,2
0,64,1280,1283,3
1,39,1287,1289,2
0,65,1300,1302,2
2,26,1302,1305,3
3,13,1305,1315,10
0,66,1320,1324,4
1,40,1324,1326,2
0,67,1340,1344,4
1,41,1353,1358,5
2,27,1350,1360,5
0,68,1360,1362,2
0,69,1380,1382,2
1,42,1386,1388,2
0,70,1400,1402,2
2,28,1402,1406,4
0,71,1420,1423,3
1,43,1419,1424,2
3,14,1406,1425,14
0,72,1440,1442,2
1,44,1452,1454,2
2,29,1450,1455,3
0,73,1460,1463,3
0,74,1480,1482,2
1,45,1485,1490,5
0,75,1500,1502,2
2,30,1502,1505,3
3,15,1505,1518,13
1,46,1518,1520,2
0,76,1520,1522,2
0,77,1540,1543,3
1,47,1551,1554,3
2,31,1550,1557,4
0,78,1560,1563,3
0,79,1580,1584,4
1,48,1584,1587,3
0,80,1600,1603,3
2,32,1603,1606,3
1,49,1617,1619,2
0,81,1620,1622,2
3,16,1606,1624,14
0,82,1640,1643,3
1,50,1650,1653,3
2,33,1653,1656,3
0,83,1660,1663,3
0,84,1680,1684,4
1,51,1684,1686,2
0,85,1700,1702,2
2,34,1702,1705,3
3,17,1705,1712,7
1,52,1716,1720,4
0,86,1720,1723,3
0,87,1740,1742,2
1,53,1749,1751,2
2,35,1751,1755,4
0,88,1760,1763,3
0,89,1780,1782,2
1,54,1782,1784,2
0,90,1800,1802,2
2,36,1802,1806,4
3,18,1806,1814,8
1,55,1815,1817,2
0,91,1820,1823,3
0,92,1840,1843,3
1,56,1848,1852,4
2,37,1852,1856,4
0,93,1860,1862,2
0,94,1880,1881,1
1,57,1881,1885,4
0,95,1900,1902,2
2,38,1902,1905,3
3,19,1905,1914,9
1,58,1914,1917,3
0,96,1920,1922,2
0,97,1940,1941,1
1,59,1947,1950,3
2,39,1950,1955,5
0,98,1960,1962,2
0,99,1980,1983,3
1,60,1983,1987,4
0,100,2000,2003,3
2,40,2003,2008,5
1,61,2013,2019,6
3,20,2008,2020,6
0,101,2020,2022,2
0,102,2040,2042,2
1,62,2046,2050,4
2,41,2050,2055,5
0,103,2060,2061,1
0,104,2080,2082,2
1,63,2079,2083,2
4,2,2022,2088,50
0,105,2100,2103,3
2,42,2103,2108,5
1,64,2112,2116,4
0,106,2120,2123,3
3,21,2108,2128,13
0,107,2140,2143,3
1,65,2145,2148,3
2,43,2150,2153,3
0,108,2160,2163,3
0,109,2180,2182,2
1,66,2178,2184,4
0,110,2200,2202,2
2,44,2202,2205,3
1,67,2211,2213,2
3,22,2205,2219,12
0,111,2220,2223,3
0,112,2240,2243,3
1,68,2244,2246,2
2,45,2250,2253,3
0,113,2260,2261,1
1,69,2277,2279,2
0,114,2280,2282,2
0,115,2300,2303,3
2,46,2303,2307,4
1,70,2310,2314,4
3,23,2307,2316,5
0,116,2320,2321,1
0,117,2340,2343,3
1,71,2343,2345,2
2,47,2350,2353,3
0,118,2360,2362,2
0,119,2380,2382,2
1,72,2376,2383,5
0,120,2400,2404,4
2,48,2404,2407,3
1,73,2409,2412,3
3,24,2407,2419,9
0,121,2420,2422,2
0,122,2440,2444,4
1,74,2444,2446,2
2,49,2450,2453,3
0,123,2460,2462,2
1,75,2475,2478,3
0,124,2480,2482,2
0,125,2500,2503,3
2,50,2503,2506,3
1,76,2508,2510,2
3,25,2506,2518,10
0,126,2520,2522,2
0,127,2540,2543,3
1,77,2543,2546,3
2,51,2550,2553,3
0,128,2560,2561,1
1,78,2574,2577,3
0,129,2580,2582,2
0,130,2600,2604,4
2,52,2604,2607,3
1,79,2607,2609,2
3,26,2609,2618,9
0,131,2620,2623,3
0,132,2640,2642,2
1,80,2642,2645,3
2,53,2650,2654,4
0,133,2660,2662,2
1,81,2673,2677,4
0,134,2680,2682,2
0,135,2700,2701,1
2,54,2701,2704,3
1,82,2706,2708,2
3,27,2704,2719,13
0,136,2720,2722,2
0,137,2740,2742,2
1,83,2739,2744,3
2,55,2750,2754,4
0,138,2760,2763,3
1,84,2772,2774,2
0,139,2780,2782,2
0,140,2800,2803,3
1,85,2805,2809,4
2,56,2803,2811,4
3,28,2811,2817,6
0,141,2820,2823,3
0,142,2840,2843,3
1,86,2838,2844,3
2,57,2850,2853,3
0,143,2860,2862,2
1,87,2871,2874,3
0,144,2880,2883,3
0,145,2900,2904,4
1,88,2904,2907,3
2,58,2907,2911,4
3,29,2911,2919,8
0,146,2920,2922,2
1,89,2937,2939,2
0,147,2940,2943,3
2,59,2950,2953,3
0,148,2960,2962,2
1,90,2970,2973,3
0,149,2980,2984,4
0,150,3000,3003,3
1,91,3003,3005,2
2,60,3005,3008,3
3,30,3008,3013,5
0,151,3020,3022,2
1,92,3036,3040,4
0,152,3040,3042,2
2,61,3050,3054,4
0,153,3060,3063,3
1,93,3069,3074,5
0,154,3080,3083,3
4,3,3013,3086,50
0,155,3100,3102,2
1,94,3102,3107,5
2,62,3107,3110,3
0,156,3120,3122,2
3,31,3110,3127,15
1,95,3135,3137,2
0,157,3140,3142,2
2,63,3150,3153,3
0,158,3160,3161,1
1,96,3168,3170,2
0,159,3180,3182,2
0,160,3200,3202,2
1,97,3202,3205,3
2,64,3205,3209,4
3,32,3209,3220,11
0,161,3220,3222,2
1,98,3234,3237,3
0,162,3240,3243,3
2,65,3250,3253,3
0,163,3260,3263,3
1,99,3267,3273,6
0,164,3280,3282,2
0,165,3300,3303,3
1,100,3303,3308,5
2,66,3308,3312,4
0,166,3320,3322,2
3,33,3312,3329,15
1,101,3333,3336,3
0,167,3340,3342,2
2,67,3350,3355,5
0,168,3360,3363,3
1,102,3366,3369,3
0,169,3380,3384,4
0,170,3400,3402,2
1,103,3399,3404,3
2,68,3404,3407,3
0,171,3420,3423,3
3,34,3407,3424,14
1,104,3432,3434,2
0,172,3440,3444,4
2,69,3450,3453,3
0,173,3460,3462,2
1,105,3465,3469,4
0,174,3480,3481,1
0,175,3500,3502,2
1,106,3498,3503,3
2,70,3503,3507,4
3,35,3507,3518,11
0,176,3520,3522,2
1,107,3531,3533,2
0,177,3540,3541,1
2,71,3550,3553,3
0,178,3560,3563,3
1,108,3564,3566,2
0,179,3580,3582,2
1,109,3597,3599,2
0,180,3600,3603,3
2,72,3603,3606,3
3,36,3606,3614,8
0,181,3620,3622,2
1,110,3630,3634,4
0,182,3640,3642,2
2,73,3650,3654,4
0,183,3660,3663,3
1,111,3663,3667,4
0,184,3680,3683,3
1,112,3696,3699,3
0,185,3700,3701,1
2,74,3701,3704,3
3,37,3704,3715,11
0,186,3720,3722,2
1,113,3729,3732,3
0,187,3740,3744,4
2,75,3750,3753,3
0,188,3760,3762,2
1,114,3762,3764,2
0,189,3780,3781,1
1,115,3795,3799,4
0,190,3800,3803,3
2,76,3803,3806,3
3,38,3806,3816,10
0,191,3820,3823,3
1,116,3828,3833,5
0,192,3840,3843,3
2,77,3850,3856,6
0,193,3860,3862,2
1,117,3862,3866,4
0,194,3880,3881,1
1,118,3894,3896,2
0,195,3900,3902,2
2,78,3902,3907,5
3,39,3907,3918,11
0,196,3920,3923,3
1,119,3927,3932,5
0,197,3940,3942,2
2,79,3950,3953,3
0,198,3960,3962,2
1,120,3962,3964,2
0,199,3980,3982,2
1,121,3993,3995,2
0,200,4000,4004,4
2,80,4004,4007,3
3,40,4007,4015,8
0,201,4020,4022,2
1,122,4026,4029,3
0,202,4040,4042,2
2,81,4050,4053,3
0,203,4060,4064,4
1,123,4059,4068,5
0,204,4080,4082,2
4,4,4015,4086,50
1,124,4092,4095,3
0,205,4100,4104,4
2,82,4104,4107,3
3,41,4107,4119,12
0,206,4120,4122,2
1,125,4125,4128,3
0,207,4140,4143,3
2,83,4150,4154,4
1,126,4158,4160,2
0,208,4160,4163,3
0,209,4180,4184,4
1,127,4191,4193,2
0,210,4200,4203,3
2,84,4203,4207,4
3,42,4207,4216,9
0,211,4220,4223,3
1,128,4224,4227,3
0,212,4240,4242,2
2,85,4250,4253,3
1,129,4257,4260,3
0,213,4260,4261,1
0,214,4280,4283,3
1,130,4290,4293,3
0,215,4300,4303,3
2,86,4303,4306,3
3,43,4306,4311,5
0,216,4320,4323,3
1,131,4323,4325,2
0,217,4340,4342,2
2,87,4350,4355,5
1,132,4356,4359,3
0,218,4360,4363,3
0,219,4380,4383,3
1,133,4389,4392,3
0,220,4400,4401,1
2,88,4401,4404,3
3,44,4404,4415,11
0,221,4420,4422,2
1,134,4422,4425,3
0,222,4440,4443,3
2,89,4450,4455,5
1,135,4455,4459,4
0,223,4460,4463,3
0,224,4480,4482,2
1,136,4488,4492,4
0,225,4500,4501,1
2,90,4501,4504,3
3,45,4504,4513,9
0,226,4520,4523,3
1,137,4523,4525,2
0,227,4540,4542,2
2,91,4550,4553,3
1,138,4554,4558,4
5,1,4086,4559,288
0,228,4560,4561,1
0,229,4580,4583,3
1,139,4587,4590,3
0,230,4600,4603,3
2,92,4603,4609,6
0,231,4620,4621,1
1,140,4621,4625,4
3,46,4609,4628,14
0,232,4640,4643,3
2,93,4650,4653,3
1,141,4653,4655,2
0,233,4660,4662,2
0,234,4680,4682,2
1,142,4686,4688,2
0,235,4700,4704,4
2,94,4704,4707,3
3,47,4707,4716,9
0,236,4720,4723,3
1,143,4719,4724,2
0,237,4740,4743,3
1,144,4752,4755,3
2,95,4750,4756,3
0,238,4760,4762,2
0,239,4780,4783,3
1,145,4785,4788,3
0,240,4800,4803,3
2,96,4803,4809,6
3,48,4809,4816,7
0,241,4820,4822,2
1,146,4818,4825,5
0,242,4840,4843,3
1,147,4851,4853,2
2,97,4850,4855,3
0,243,4860,4863,3
0,244,4880,4882,2
1,148,4884,4887,3
0,245,4900,4903,3
2,98,4903,4906,3
1,149,4917,4920,3
0,246,4920,4922,2
3,49,4906,4923,12
0,247,4940,4942,2
1,150,4950,4952,2
2,99,4952,4956,4
0,248,4960,4962,2
0,249,4980,4981,1
1,151,4983,4985,2
0,250,5000,5001,1
2,100,5001,5005,4
0,251,5020,5024,4
1,152,5016,5025,5
3,50,5005,5027,13
0,252,5040,5041,1
1,153,5049,5051,2
2,101,5051,5054,3
0,253,5060,5063,3
0,254,5080,5082,2
1,154,5082,5084,2
4,5,5027,5090,50
0,255,5100,5102,2
2,102,5102,5105,3
1,155,5115,5117,2
0,256,5120,5122,2
3,51,5105,5123,14
0,257,5140,5142,2
1,156,5148,5151,3
2,103,5151,5155,4
0,258,5160,5162,2
0,259,5180,5182,2
1,157,5182,5184,2
0,260,5200,5203,3
2,104,5203,5208,5
1,158,5214,5216,2
0,261,5220,5225,5
3,52,5208,5227,12
0,262,5240,5242,2
1,159,5247,5250,3
2,105,5250,5254,4
0,263,5260,5264,4
0,264,5280,5282,2
1,160,5282,5284,2
0,265,5300,5302,2
2,106,5302,5307,5
3,53,5307,5313,6
1,161,5313,5315,2
0,266,5320,5323,3
0,267,5340,5343,3
1,162,5346,5348,2
2,107,5350,5354,4
0,268,5360,5362,2
0,269,5380,5382,2
1,163,5379,5384,3
0,270,5400,5404,4
2,108,5404,5408,4
1,164,5412,5416,4
0,271,5420,5422,2
3,54,5408,5427,13
0,272,5440,5443,3
1,165,5445,5448,3
2,109,5450,5453,3
0,273,5460,5464,4
0,274,5480,5482,2
1,166,5478,5483,3
0,275,5500,5504,4
2,110,5504,5507,3
1,167,5511,5515,4
0,276,5520,5522,2
3,55,5507,5524,11
0,277,5540,5542,2
1,168,5544,5547,3
2,111,5550,5553,3
0,278,5560,5562,2
1,169,5577,5580,3
0,279,5580,5582,2
0,280,5600,5602,2
2,112,5602,5605,3
1,170,5610,5612,2
3,56,5605,5615,8
0,281,5620,5623,3
0,282,5640,5642,2
1,171,5643,5645,2
2,113,5650,5654,4
0,283,5660,5663,3
1,172,5676,5679,3
0,284,5680,5682,2
0,285,5700,5702,2
2,114,5702,5707,5
1,173,5709,5713,4
3,57,5707,5717,6
0,286,5720,5723,3
0,287,5740,5743,3
1,174,5743,5747,4
2,115,5750,5753,3
0,288,5760,5762,2
1,175,5775,5778,3
0,289,5780,5782,2
0,290,5800,5802,2
2,116,5802,5805,3
1,176,5808,5812,4
0,291,5820,5822,2
3,58,5805,5823,12
0,292,5840,5842,2
1,177,5842,5846,4
2,117,5850,5853,3
0,293,5860,5862,2
1,178,5874,5878,4
0,294,5880,5883,3
0,295,5900,5902,2
2,118,5902,5906,4
1,179,5907,5909,2
3,59,5906,5916,8
0,296,5920,5922,2
0,297,5940,5942,2
1,180,5942,5944,2
2,119,5950,5953,3
0,298,5960,5962,2
1,181,5973,5975,2
0,299,5980,5982,2
0,300,6000,6003,3
2,120,6003,6006,3
1,182,6006,6010,4
3,60,6010,6018,8
0,301,6020,6021,1
0,302,6040,6043,3
1,183,6039,6045,3
2,121,6050,6053,3
0,303,6060,6062,2
1,184,6072,6075,3
0,304,6080,6082,2
4,6,6018,6085,50
0,305,6100,6102,2
1,185,6105,6108,3
2,122,6102,6109,4
3,61,6109,6119,10
0,306,6120,6123,3
0,307,6140,6142,2
1,186,6138,6143,3
2,123,6150,6154,4
0,308,6160,6163,3
1,187,6171,6173,2
0,309,6180,6184,4
0,310,6200,6203,3
1,188,6204,6207,3
2,124,6203,6209,3
3,62,6209,6220,11
0,311,6220,6222,2
0,312,6240,6242,2
1,189,6237,6243,4
2,125,6250,6254,4
0,313,6260,6262,2
1,190,6270,6273,3
0,314,6280,6282,2
0,315,6300,6302,2
1,191,6303,6305,2
2,126,6302,6307,3
3,63,6307,6313,6
0,316,6320,6322,2
0,317,6340,6342,2
1,192,6336,6343,5
2,127,6350,6354,4
0,318,6360,6363,3
1,193,6369,6374,5
0,319,6380,6383,3
0,320,6400,6403,3
1,194,6403,6405,2
2,128,6405,6409,4
3,64,6409,6415,6
0,321,6420,6424,4
0,322,6440,6445,5
1,195,6435,6446,6
2,129,6450,6454,4
0,323,6460,6462,2
1,196,6468,6472,4
0,324,6480,6482,2
0,325,6500,6503,3
1,197,6503,6505,2
2,130,6505,6508,3
3,65,6508,6515,7
0,326,6520,6524,4
1,198,6534,6537,3
0,327,6540,6542,2
2,131,6550,6554,4
0,328,6560,6563,3
1,199,6567,6571,4
0,329,6580,6583,3
0,330,6600,6604,4
1,200,6604,6606,2
2,132,6606,6609,3
3,66,6609,6619,10
0,331,6620,6621,1
1,201,6633,6635,2
0,332,6640,6643,3
2,133,6650,6653,3
0,333,6660,6662,2
1,202,6666,6668,2
0,334,6680,6681,1
0,335,6700,6703,3
1,203,6699,6705,3
2,134,6705,6708,3
3,67,6708,6720,12
0,336,6720,6722,2
1,204,6732,6734,2
0,337,6740,6743,3
2,135,6750,6753,3
0,338,6760,6761,1
1,205,6765,6767,2
0,339,6780,6783,3
0,340,6800,6802,2
1,206,6798,6803,3
2,136,6803,6806,3
3,68,6806,6814,8
0,341,6820,6823,3
1,207,6831,6833,2
0,342,6840,6842,2
2,137,6850,6854,4
0,343,6860,6863,3
1,208,6864,6868,4
0,344,6880,6882,2
1,209,6897,6900,3
0,345,6900,6903,3
2,138,6903,6906,3
3,69,6906,6917,11
0,346,6920,6922,2
1,210,6930,6932,2
0,347,6940,6941,1
2,139,6950,6955,5
0,348,6960,6963,3
1,211,6963,6965,2
0,349,6980,6983,3
1,212,6996,6999,3
0,350,7000,7002,2
2,140,7002,7005,3
3,70,7005,7014,9
0,351,7020,7022,2
1,213,7029,7031,2
0,352,7040,7042,2
2,141,7050,7054,4
0,353,7060,7063,3
1,214,7063,7066,3
4,7,7014,7080,50
0,354,7080,7083,3
1,215,7095,7099,4
0,355,7100,7102,2
2,142,7102,7105,3
3,71,7105,7112,7
0,356,7120,7122,2
1,216,7128,7132,4
0,357,7140,7143,3
2,143,7150,7153,3
0,358,7160,7161,1
1,217,7161,7163,2
0,359,7180,7181,1
1,218,7194,7196,2
0,360,7200,7204,4
2,144,7204,7208,4
0,361,7220,7222,2
3,72,7208,7223,13
1,219,7227,7232,5
0,362,7240,7243,3
2,145,7250,7253,3
0,363,7260,7264,4
1,220,7264,7266,2
0,364,7280,7282,2
1,221,7293,7295,2
0,365,7300,7301,1
2,146,7301,7304,3
3,73,7304,7315,11
0,366,7320,7322,2
1,222,7326,7331,5
0,367,7340,7342,2
2,147,7350,7353,3
0,368,7360,7364,4
1,223,7359,7365,2
0,369,7380,7382,2
1,224,7392,7396,4
0,370,7400,7403,3
2,148,7403,7407,4
3,74,7407,7417,10
0,371,7420,7422,2
1,225,7425,7430,5
0,372,7440,7443,3
2,149,7450,7453,3
0,373,7460,7461,1
1,226,7458,7463,4
0,374,7480,7483,3
1,227,7491,7493,2
0,375,7500,7503,3
2,150,7503,7506,3
3,75,7506,7514,8
0,376,7520,7522,2
1,228,7524,7527,3
0,377,7540,7543,3
2,151,7550,7553,3
1,229,7557,7559,2
0,378,7560,7563,3
0,379,7580,7583,3
1,230,7590,7594,4
0,380,7600,7603,3
2,152,7603,7606,3
3,76,7606,7613,7
0,381,7620,7621,1
1,231,7623,7625,2
0,382,7640,7641,1
2,153,7650,7653,3
0,383,7660,7661,1
1,232,7656,7662,5
0,384,7680,7682,2
1,233,7689,7692,3
0,385,7700,7704,4
2,154,7704,7708,4
3,77,7708,7717,9
0,386,7720,7723,3
1,234,7723,7728,5
0,387,7740,7742,2
2,155,7750,7753,3
1,235,7755,7757,2
0,388,7760,7763,3
0,389,7780,7782,2
1,236,7788,7793,5
0,390,7800,7804,4
2,156,7804,7807,3
0,391,7820,7822,2
1,237,7822,7826,4
3,78,7807,7828,15
0,392,7840,7842,2
2,157,7850,7854,4
1,238,7854,7857,3
0,393,7860,7862,2
0,394,7880,7883,3
1,239,7887,7889,2
0,395,7900,7902,2
2,158,7902,7907,5
3,79,7907,7912,5
0,396,7920,7921,1
1,240,7921,7923,2
0,397,7940,7944,4
2,159,7950,7953,3
1,241,7953,7957,4
0,398,7960,7962,2
0,399,7980,7982,2
1,242,7986,7988,2
0,400,8000,8004,4
2,160,8004,8007,3
3,80,8007,8018,11
0,401,8020,8023,3
1,243,8019,8024,2
0,402,8040,8042,2
1,244,8052,8057,5
2,161,8050,8058,3
0,403,8060,8063,3
0,404,8080,8083,3
1,245,8085,8087,2
4,8,8018,8091,50
0,405,8100,8103,3
2,162,8103,8107,4
1,246,8118,8120,2
0,406,8120,8122,2
3,81,8107,8123,12
0,407,8140,8141,1
1,247,8151,8153,2
2,163,8150,8156,4
0,408,8160,8162,2
0,409,8180,8182,2
1,248,8184,8188,4
0,410,8200,8202,2
2,164,8202,8206,4
1,249,8217,8220,3
0,411,8220,8222,2
3,82,8206,8223,12
0,412,8240,8242,2
1,250,8250,8254,4
2,165,8254,8257,3
0,413,8260,8261,1
0,414,8280,8282,2
1,251,8283,8287,4
0,415,8300,8301,1
2,166,8301,8304,3
1,252,8316,8319,3
3,83,8304,8320,13
0,416,8320,8323,3
0,417,8340,8344,4
1,253,8349,8351,2
2,167,8351,8355,4
0,418,8360,8361,1
0,419,8380,8381,1
1,254,8382,8387,5
0,420,8400,8402,2
2,168,8402,8405,3
1,255,8415,8420,5
0,421,8420,8422,2
3,84,8405,8425,13
0,422,8440,8443,3
1,256,8448,8453,5
2,169,8453,8457,4
0,423,8460,8463,3
0,424,8480,8482,2
1,257,8482,8484,2
5,2,8091,8498,246
0,425,8500,8503,3
2,170,8503,8506,3
1,258,8514,8518,4
0,426,8520,8522,2
3,85,8506,8523,11
0,427,8540,8542,2
1,259,8547,8549,2
2,171,8550,8553,3
0,428,8560,8561,1
0,429,8580,8582,2
1,260,8582,8586,4
0,430,8600,8602,2
2,172,8602,8605,3
3,86,8605,8613,8
1,261,8613,8615,2
0,431,8620,8623,3
0,432,8640,8642,2
1,262,8646,8648,2
2,173,8650,8654,4
0,433,8660,8662,2
0,434,8680,8682,2
1,263,8679,8685,4
0,435,8700,8704,4
2,174,8704,8708,4
1,264,8712,8716,4
3,87,8708,8720,8
0,436,8720,8723,3
0,437,8740,8743,3
1,265,8745,8748,3
2,175,8750,8753,3
0,438,8760,8762,2
0,439,8780,8782,2
1,266,8778,8783,3
0,440,8800,8802,2
2,176,8802,8808,6
1,267,8811,8815,4
0,441,8820,8823,3
3,88,8808,8826,11
0,442,8840,8843,3
1,268,8844,8847,3
2,177,8850,8855,5
0,443,8860,8862,2
1,269,8877,8880,3
0,444,8880,8881,1
0,445,8900,8903,3
2,178,8903,8909,6
1,270,8910,8912,2
3,89,8909,8920,9
0,446,8920,8923,3
0,447,8940,8942,2
1,271,8943,8945,2
2,179,8950,8955,5
0,448,8960,8962,2
1,272,8976,8978,2
0,449,8980,8982,2
0,450,9000,9003,3
2,180,9003,9009,6
1,273,9009,9012,3
0,451,9020,9022,2
3,90,9012,9023,9
0,452,9040,9042,2
1,274,9042,9045,3
2,181,9050,9054,4
0,453,9060,9062,2
1,275,9075,9078,3
0,454,9080,9083,3
4,9,9023,9090,50
0,455,9100,9103,3
2,182,9103,9108,5
1,276,9108,9110,2
3,91,9110,9117,7
0,456,9120,9122,2
0,457,9140,9142,2
1,277,9142,9145,3
2,183,9150,9155,5
0,458,9160,9162,2
1,278,9174,9177,3
0,459,9180,9183,3
0,460,9200,9204,4
2,184,9204,9207,3
1,279,9207,9209,2
3,92,9209,9219,10
0,461,9220,9222,2
0,462,9240,9242,2
1,280,9242,9246,4
2,185,9250,9253,3
0,463,9260,9264,4
1,281,9273,9276,3
0,464,9280,9281,1
0,465,9300,9302,2
2,186,9302,9306,4
1,282,9306,9310,4
3,93,9310,9316,6
0,466,9320,9323,3
0,467,9340,9343,3
1,283,9339,9346,4
2,187,9350,9354,4
0,468,9360,9362,2
1,284,9372,9375,3
0,469,9380,9382,2
0,470,9400,9403,3
1,285,9405,9409,4
2,188,9403,9411,4
0,471,9420,9423,3
3,94,9411,9427,13
1,286,9438,9440,2
0,472,9440,9441,1
2,189,9450,9454,4
0,473,9460,9462,2
1,287,9471,9476,5
0,474,9480,9482,2
0,475,9500,9502,2
1,288,9504,9506,2
2,190,9502,9507,3
3,95,9507,9513,6
0,476,9520,9524,4
1,289,9537,9539,2
0,477,9540,9542,2
2,191,9550,9555,5
0,478,9560,9562,2
1,290,9570,9574,4
0,479,9580,9581,1
0,480,9600,9603,3
1,291,9603,9605,2
2,192,9605,9608,3
3,96,9608,9614,6
0,481,9620,9623,3
1,292,9636,9639,3
0,482,9640,9642,2
2,193,9650,9655,5
0,483,9660,9661,1
1,293,9669,9674,5
0,484,9680,9681,1
0,485,9700,9701,1
1,294,9702,9704,2
2,194,9701,9708,5
3,97,9708,9716,8
0,486,9720,9722,2
1,295,9735,9738,3
0,487,9740,9741,1
2,195,9750,9753,3
0,488,9760,9763,3
1,296,9768,9770,2
0,489,9780,9782,2
0,490,9800,9802,2
1,297,9802,9805,3
2,196,9805,9809,4
0,491,9820,9823,3
3,98,9809,9824,12
1,298,9834,9836,2
0,492,9840,9842,2
2,197,9850,9855,5
0,493,9860,9863,3
1,299,9867,9870,3
0,494,9880,9882,2
0,495,9900,9903,3
1,300,9903,9906,3
2,198,9906,9910,4
3,99,9910,9919,9
0,496,9920,9922,2
1,301,9933,9936,3
0,497,9940,9942,2
2,199,9950,9956,6
0,498,9960,9961,1
1,302,9966,9968,2
0,499,9980,9983,3
0,500,10000,10001,1
1,303,9999,10002,2
2,200,10002,10007,5
3,100,10007,10020,13
0,501,10020,10022,2
1,304,10032,10035,3
0,502,10040,10042,2
2,201,10050,10053,3
0,503,10060,10063,3
1,305,10065,10067,2
0,504,10080,10081,1
4,10,10022,10086,50
0,505,10100,10103,3
1,306,10098,10104,3
2,202,10104,10107,3
3,101,10107,10117,10
0,506,10120,10122,2
1,307,10131,10134,3
0,507,10140,10142,2
2,203,10150,10153,3
0,508,10160,10163,3
1,308,10164,10168,4
0,509,10180,10184,4
1,309,10197,10199,2
0,510,10200,10202,2
2,204,10202,10205,3
3,102,10205,10220,15
0,511,10220,10223,3
1,310,10230,10232,2
0,512,10240,10243,3
2,205,10250,10253,3
0,513,10260,10262,2
1,311,10263,10265,2
0,514,10280,10282,2
1,312,10296,10299,3
0,515,10300,10302,2
2,206,10302,10306,4
3,103,10306,10315,9
0,516,10320,10322,2
1,313,10329,10332,3
0,517,10340,10343,3
2,207,10350,10354,4
0,518,10360,10363,3
1,314,10363,10366,3
0,519,10380,10382,2
1,315,10395,10397,2
0,520,10400,10402,2
2,208,10402,10406,4
3,104,10406,10411,5
0,521,10420,10423,3
1,316,10428,10431,3
0,522,10440,10442,2
2,209,10450,10454,4
0,523,10460,10462,2
1,317,10462,10466,4
0,524,10480,10482,2
1,318,10494,10497,3
0,525,10500,10501,1
2,210,10501,10505,4
3,105,10505,10517,12
0,526,10520,10523,3
1,319,10527,10530,3
0,527,10540,10543,3
2,211,10550,10554,4
0,528,10560,10563,3
1,320,10563,10565,2
0,529,10580,10581,1
1,321,10593,10596,3
0,530,10600,10601,1
2,212,10601,10604,3
3,106,10604,10618,14
0,531,10620,10623,3
1,322,10626,10629,3
0,532,10640,10643,3
2,213,10650,10654,4
0,533,10660,10661,1
1,323,10659,10663,3
0,534,10680,10682,2
1,324,10692,10695,3
0,535,10700,10702,2
2,214,10702,10705,3
3,107,10705,10712,7
0,536,10720,10722,2
1,325,10725,10728,3
0,537,10740,10742,2
2,215,10750,10754,4
1,326,10758,10760,2
0,538,10760,10762,2
0,539,10780,10783,3
1,327,10791,10793,2
0,540,10800,10801,1
2,216,10801,10804,3
3,108,10804,10813,9
0,541,10820,10823,3
1,328,10824,10826,2
0,542,10840,10843,3
2,217,10850,10853,3
1,329,10857,10859,2
0,543,10860,10861,1
0,544,10880,10883,3
1,330,10890,10893,3
0,545,10900,10903,3
2,218,10903,10907,4
0,546,10920,10922,2
1,331,10923,10927,4
3,109,10907,10928,15
0,547,10940,10943,3
2,219,10950,10953,3
1,332,10956,10958,2
0,548,10960,10962,2
0,549,10980,10983,3
1,333,10989,10991,2
0,550,11000,11003,3
2,220,11003,11006,3
3,110,11006,11019,13
0,551,11020,11023,3
1,334,11023,11026,3
0,552,11040,11044,4
2,221,11050,11054,4
1,335,11055,11058,3
0,553,11060,11064,4
0,554,11080,11083,3
1,336,11088,11091,3
4,11,11019,11096,50
0,555,11100,11103,3
2,222,11103,11106,3
3,111,11106,11111,5
0,556,11120,11123,3
1,337,11123,11127,4
0,557,11140,11142,2
2,223,11150,11153,3
1,338,11154,11156,2
0,558,11160,11162,2
0,559,11180,11183,3
1,339,11187,11189,2
0,560,11200,11204,4
2,224,11204,11208,4
3,112,11208,11218,10
0,561,11220,11222,2
1,340,11222,11225,3
0,562,11240,11242,2
2,225,11250,11253,3
1,341,11253,11256,3
0,563,11260,11264,4
0,564,11280,11283,3
1,342,11286,11291,5
0,565,11300,11303,3
2,226,11303,11306,3
3,113,11306,11313,7
0,566,11320,11321,1
1,343,11319,11324,4
0,567,11340,11342,2
1,344,11352,11357,5
2,227,11350,11358,3
0,568,11360,11362,2
0,569,11380,11382,2
1,345,11385,11388,3
0,570,11400,11403,3
2,228,11403,11407,4
3,114,11407,11417,10
1,346,11418,11420,2
0,571,11420,11423,3
0,572,11440,11443,3
1,347,11451,11453,2
2,229,11450,11456,4
0,573,11460,11461,1
0,574,11480,11483,3
1,348,11484,11486,2
0,575,11500,11503,3
2,230,11503,11506,3
1,349,11517,11519,2
3,115,11506,11520,12
0,576,11520,11524,4
0,577,11540,11542,2
1,350,11550,11552,2
2,231,11552,11556,4
0,578,11560,11561,1
0,579,11580,11584,4
1,351,11584,11587,3
0,580,11600,11603,3
2,232,11603,11607,4
3,116,11607,11615,8
1,352,11616,11619,3
0,581,11620,11623,3
0,582,11640,11643,3
1,353,11649,11651,2
2,233,11651,11654,3
0,583,11660,11661,1
0,584,11680,11682,2
1,354,11682,11684,2
0,585,11700,11703,3
2,234,11703,11706,3
1,355,11715,11717,2
3,117,11706,11719,11
0,586,11720,11722,2
0,587,11740,11743,3
1,356,11748,11750,2
2,235,11750,11753,3
0,588,11760,11762,2
0,589,11780,11781,1
1,357,11781,11784,3
0,590,11800,11801,1
2,236,11801,11806,5
3,118,11806,11813,7
1,358,11814,11818,4
0,591,11820,11822,2
0,592,11840,11841,1
1,359,11847,11849,2
2,237,11850,11853,3
0,593,11860,11861,1
0,594,11880,11882,2
1,360,11882,11885,3
0,595,11900,11902,2
2,238,11902,11905,3
1,361,11913,11918,5
0,596,11920,11923,3
3,119,11905,11925,12
0,597,11940,11943,3
1,362,11946,11948,2
2,239,11950,11953,3
0,598,11960,11963,3
0,599,11980,11983,3
1,363,11979,11985,3
0,600,12000,12002,2
2,240,12002,12006,4
1,364,12012,12014,2
3,120,12006,12018,10
0,601,12020,12023,3
0,602,12040,12042,2
1,365,12045,12047,2
2,241,12050,12054,4
0,603,12060,12063,3
0,604,12080,12084,4
1,366,12078,12086,4
4,12,12018,12090,50
0,605,12100,12103,3
2,242,12103,12106,3
1,367,12111,12113,2
3,121,12106,12115,7
0,606,12120,12123,3
0,607,12140,12142,2
1,368,12144,12146,2
2,243,12150,12153,3
0,608,12160,12163,3
0,609,12180,12183,3
1,369,12177,12184,4
0,610,12200,12203,3
2,244,12203,12208,5
1,370,12210,12215,5
0,611,12220,12222,2
3,122,12208,12224,9
0,612,12240,12242,2
1,371,12243,12247,4
2,245,12250,12253,3
0,613,12260,12261,1
0,614,12280,12282,2
1,372,12276,12283,5
0,615,12300,12303,3
2,246,12303,12306,3
1,373,12309,12311,2
3,123,12306,12320,12
0,616,12320,12324,4
0,617,12340,12344,4
1,374,12344,12346,2
2,247,12350,12355,5
0,618,12360,12364,4
1,375,12375,12377,2
0,619,12380,12384,4
0,620,12400,12403,3
2,248,12403,12407,4
1,376,12408,12411,3
3,124,12407,12417,7
0,621,12420,12421,1
0,622,12440,12443,3
1,377,12443,12445,2
2,249,12450,12454,4
0,623,12460,12463,3
1,378,12474,12478,4
0,624,12480,12483,3
0,625,12500,12502,2
2,250,12502,12505,3
1,379,12507,12510,3
3,125,12505,12514,6
0,626,12520,12522,2
0,627,12540,12542,2
1,380,12542,12545,3
2,251,12550,12553,3
0,628,12560,12561,1
1,381,12573,12576,3
0,629,12580,12581,1
0,630,12600,12602,2
2,252,12602,12605,3
1,382,12606,12609,3
3,126,12605,12614,6
0,631,12620,12622,2
0,632,12640,12641,1
1,383,12639,12642,2
2,253,12650,12654,4
0,633,12660,12662,2
1,384,12672,12674,2
0,634,12680,12684,4
0,635,12700,12703,3
1,385,12705,12709,4
2,254,12703,12711,4
3,127,12711,12718,7
0,636,12720,12723,3
1,386,12738,12740,2
0,637,12740,12743,3
2,255,12750,12755,5
0,638,12760,12763,3
1,387,12771,12775,4
0,639,12780,12782,2
0,640,12800,12803,3
1,388,12804,12808,4
2,256,12803,12811,4
3,128,12811,12819,8
0,641,12820,12822,2
5,3,12090,12824,455
0,642,12840,12843,3
1,389,12837,12844,4
2,257,12850,12853,3
0,643,12860,12864,4
1,390,12870,12874,4
0,644,12880,12882,2
0,645,12900,12902,2
1,391,12903,12909,6
2,258,12902,12912,4
0,646,12920,12922,2
3,129,12912,12927,13
1,392,12936,12939,3
0,647,12940,12942,2
2,259,12950,12953,3
0,648,12960,12962,2
1,393,12969,12972,3
0,649,12980,12983,3
0,650,13000,13003,3
1,394,13003,13007,4
2,260,13007,13013,6
0,651,13020,13023,3
3,130,13013,13029,13
1,395,13035,13037,2
0,652,13040,13043,3
2,261,13050,13054,4
0,653,13060,13062,2
1,396,13068,13071,3
0,654,13080,13082,2
4,13,13029,13095,50
0,655,13100,13103,3
1,397,13103,13106,3
2,262,13106,13109,3
3,131,13109,13118,9
0,656,13120,13123,3
1,398,13134,13139,5
0,657,13140,13143,3
2,263,13150,13153,3
0,658,13160,13163,3
1,399,13167,13171,4
0,659,13180,13181,1
0,660,13200,13202,2
1,400,13202,13204,2
2,264,13204,13209,5
0,661,13220,13222,2
3,132,13209,13225,14
1,401,13233,13236,3
0,662,13240,13243,3
2,265,13250,13253,3
0,663,13260,13263,3
1,402,13266,13271,5
0,664,13280,13281,1
