0,0,0,2,2
1,0,2,6,4
2,0,6,9,3
3,0,9,18,9
0,1,20,22,2
1,1,33,36,3
0,2,40,43,3
2,1,50,53,3
0,3,60,62,2
1,2,66,69,3
0,4,80,83,3
4,0,18,87,50
0,5,100,102,2
1,3,99,103,2
2,2,103,107,4
3,1,107,116,9
0,6,120,123,3
1,4,132,134,2
0,7,140,143,3
2,3,150,154,4
0,8,160,161,1
1,5,165,168,3
0,9,180,182,2
0,10,200,202,2
1,6,198,203,3
2,4,203,208,5
3,2,208,216,8
0,11,220,223,3
1,7,231,234,3
0,12,240,243,3
2,5,250,254,4
0,13,260,263,3
1,8,264,266,2
0,14,280,282,2
1,9,297,300,3
0,15,300,303,3
2,6,303,309,6
0,16,320,323,3
3,3,309,325,13
1,10,330,332,2
0,17,340,344,4
2,7,350,355,5
0,18,360,363,3
1,11,363,365,2
0,19,380,382,2
1,12,396,398,2
0,20,400,403,3
2,8,403,406,3
3,4,406,415,9
0,21,420,423,3
1,13,429,431,2
0,22,440,442,2
2,9,450,453,3
0,23,460,462,2
1,14,462,464,2
0,24,480,482,2
1,15,495,498,3
0,25,500,501,1
2,10,501,504,3
3,5,504,511,7
0,26,520,521,1
1,16,528,530,2
0,27,540,542,2
2,11,550,553,3
0,28,560,563,3
1,17,563,565,2
0,29,580,582,2
1,18,594,596,2
0,30,600,601,1
2,12,601,604,3
3,6,604,609,5
0,31,620,621,1
1,19,627,631,4
0,32,640,643,3
2,13,650,653,3
5,0,87,659,369
0,33,660,662,2
1,20,662,665,3
0,34,680,682,2
1,21,693,697,4
0,35,700,704,4
2,14,704,707,3
3,7,707,720,13
0,36,720,721,1
1,22,726,730,4
0,37,740,741,1
2,15,750,755,5
0,38,760,763,3
1,23,759,764,2
0,39,780,781,1
1,24,792,796,4
0,40,800,803,3
2,16,803,807,4
3,8,807,815,8
0,41,820,822,2
1,25,825,830,5
0,42,840,842,2
2,17,850,855,5
0,43,860,862,2
1,26,858,863,3
0,44,880,882,2
1,27,891,894,3
0,45,900,903,3
2,18,903,908,5
3,9,908,919,11
0,46,920,922,2
1,28,924,926,2
0,47,940,944,4
2,19,950,954,4
1,29,957,959,2
0,48,960,962,2
0,49,980,982,2
1,30,990,992,2
0,50,1000,1002,2
2,20,1002,1005,3
3,10,1005,1016,11
0,51,1020,1023,3
1,31,1023,1026,3
0,52,1040,1043,3
2,21,1050,1053,3
1,32,1056,1060,4
0,53,1060,1062,2
0,54,1080,1082,2
4,1,1016,1086,50
1,33,1089,1092,3
0,55,1100,1102,2
2,22,1102,1105,3
3,11,1105,1114,9
0,56,1120,1121,1
1,34,1122,1126,4
0,57,1140,1144,4
1,35,1155,1157,2
2,23,1150,1158,6
0,58,1160,1163,3
0,59,1180,1184,4
1,36,1188,1191,3
0,60,1200,1202,2
2,24,1202,1206,4
3,12,1206,1216,10
0,61,1220,1222,2
1,37,1222,1224,2
0,62,1240,1243,3
1,38,1254,1256,2
2,25,1250,1257,5
0,63,1260,1262,2
0,64,1280,1283,3
1,39,1287,1290,3
0,65,1300,1304,4
2,26,1304,1308,4
3,13,1308,1319,11
0,66,1320,1322,2
1,40,1322,1326,4
0,67,1340,1341,1
1,41,1353,1358,5
2,27,1350,1360,5
0,68,1360,1362,2
0,69,1380,1383,3
1,42,1386,1388,2
0,70,1400,1402,2
2,28,1402,1407,5
3,14,1407,1419,12
0,71,1420,1422,2
1,43,1419,1424,3
0,72,1440,1442,2
1,44,1452,1454,2
2,29,1450,1457,5
0,73,1460,1462,2
0,74,1480,1482,2
1,45,1485,1489,4
0,75,1500,1501,1
2,30,1501,1505,4
1,46,1518,1520,2
0,76,1520,1521,1
3,15,1505,1523,15
0,77,1540,1544,4
1,47,1551,1553,2
2,31,1550,1555,3
0,78,1560,1562,2
0,79,1580,1582,2
1,48,1584,1586,2
0,80,1600,1601,1
2,32,1601,1604,3
3,16,1604,1617,13
0,81,1620,1622,2
1,49,1617,1623,4
0,82,1640,1641,1
1,50,1650,1653,3
2,33,1653,1658,5
0,83,1660,1662,2
0,84,1680,1683,3
1,51,1683,1686,3
0,85,1700,1702,2
2,34,1702,1706,4
1,52,1716,1719,3
0,86,1720,1723,3
3,17,1706,1727,15
0,87,1740,1742,2
1,53,1749,1754,5
2,35,1754,1758,4
0,88,1760,1762,2
0,89,1780,1783,3
1,54,1783,1785,2
0,90,1800,1803,3
2,36,1803,1806,3
1,55,1815,1818,3
0,91,1820,1822,2
3,18,1806,1825,14
0,92,1840,1843,3
1,56,1848,1851,3
2,37,1851,1856,5
0,93,1860,1862,2
0,94,1880,1882,2
1,57,1882,1886,4
0,95,1900,1901,1
2,38,1901,1905,4
3,19,1905,1912,7
1,58,1914,1916,2
0,96,1920,1922,2
0,97,1940,1942,2
1,59,1947,1951,4
2,39,1951,1954,3
0,98,1960,1962,2
0,99,1980,1984,4
1,60,1984,1988,4
0,100,2000,2001,1
2,40,2001,2004,3
1,61,2013,2015,2
3,20,2004,2016,10
0,101,2020,2022,2
0,102,2040,2044,4
1,62,2046,2052,6
2,41,2052,2055,3
0,103,2060,2063,3
0,104,2080,2082,2
1,63,2079,2083,2
4,2,2016,2088,50
0,105,2100,2102,2
2,42,2102,2105,3
3,21,2105,2112,7
1,64,2112,2118,6
0,106,2120,2123,3
0,107,2140,2141,1
1,65,2145,2148,3
2,43,2150,2153,3
0,108,2160,2163,3
0,109,2180,2183,3
1,66,2178,2184,3
0,110,2200,2202,2
2,44,2202,2205,3
1,67,2211,2213,2
0,111,2220,2223,3
3,22,2205,2224,14
0,112,2240,2241,1
1,68,2244,2246,2
2,45,2250,2255,5
0,113,2260,2263,3
1,69,2277,2280,3
0,114,2280,2282,2
0,115,2300,2302,2
2,46,2302,2306,4
1,70,2310,2312,2
0,116,2320,2322,2
3,23,2306,2323,13
0,117,2340,2343,3
1,71,2343,2345,2
2,47,2350,2353,3
0,118,2360,2362,2
1,72,2376,2378,2
0,119,2380,2382,2
0,120,2400,2403,3
2,48,2403,2407,4
1,73,2409,2414,5
0,121,2420,2423,3
3,24,2407,2425,10
0,122,2440,2442,2
1,74,2442,2444,2
2,49,2450,2453,3
0,123,2460,2461,1
1,75,2475,2477,2
0,124,2480,2482,2
0,125,2500,2502,2
2,50,2502,2505,3
1,76,2508,2511,3
3,25,2505,2519,11
0,126,2520,2523,3
0,127,2540,2542,2
1,77,2542,2545,3
2,51,2550,2554,4
0,128,2560,2561,1
1,78,2574,2579,5
0,129,2580,2583,3
0,130,2600,2602,2
2,52,2602,2605,3
1,79,2607,2610,3
3,26,2605,2618,10
0,131,2620,2622,2
0,132,2640,2642,2
1,80,2642,2644,2
2,53,2650,2655,5
0,133,2660,2662,2
1,81,2673,2675,2
0,134,2680,2681,1
0,135,2700,2702,2
2,54,2702,2705,3
1,82,2706,2708,2
0,136,2720,2723,3
3,27,2705,2725,15
0,137,2740,2742,2
1,83,2739,2745,4
2,55,2750,2755,5
0,138,2760,2764,4
1,84,2772,2774,2
0,139,2780,2782,2
0,140,2800,2804,4
1,85,2805,2807,2
2,56,2804,2809,3
3,28,2809,2816,7
0,141,2820,2822,2
1,86,2838,2840,2
0,142,2840,2843,3
2,57,2850,2853,3
0,143,2860,2861,1
1,87,2871,2874,3
0,144,2880,2881,1
0,145,2900,2902,2
1,88,2904,2908,4
2,58,2902,2910,4
3,29,2910,2916,6
0,146,2920,2922,2
1,89,2937,2939,2
0,147,2940,2941,1
2,59,2950,2954,4
0,148,2960,2962,2
1,90,2970,2973,3
0,149,2980,2982,2
0,150,3000,3004,4
1,91,3004,3006,2
2,60,3006,3012,6
3,30,3012,3019,7
0,151,3020,3023,3
1,92,3036,3039,3
0,152,3040,3042,2
2,61,3050,3053,3
0,153,3060,3064,4
1,93,3069,3071,2
0,154,3080,3083,3
4,3,3019,3089,50
0,155,3100,3103,3
1,94,3103,3106,3
2,62,3106,3111,5
0,156,3120,3122,2
3,31,3111,3123,10
1,95,3135,3139,4
0,157,3140,3143,3
2,63,3150,3154,4
0,158,3160,3163,3
1,96,3168,3170,2
0,159,3180,3183,3
0,160,3200,3201,1
1,97,3201,3203,2
2,64,3203,3206,3
3,32,3206,3214,8
0,161,3220,3222,2
1,98,3234,3238,4
0,162,3240,3241,1
2,65,3250,3253,3
0,163,3260,3263,3
1,99,3267,3271,4
0,164,3280,3282,2
0,165,3300,3304,4
1,100,3304,3306,2
2,66,3306,3310,4
3,33,3310,3319,9
0,166,3320,3323,3
1,101,3333,3335,2
0,167,3340,3343,3
2,67,3350,3355,5
0,168,3360,3362,2
1,102,3366,3369,3
0,169,3380,3384,4
0,170,3400,3402,2
1,103,3399,3405,4
2,68,3405,3409,4
3,34,3409,3415,6
0,171,3420,3422,2
1,104,3432,3434,2
0,172,3440,3442,2
2,69,3450,3454,4
0,173,3460,3462,2
1,105,3465,3468,3
0,174,3480,3483,3
0,175,3500,3504,4
1,106,3498,3506,4
2,70,3506,3509,3
3,35,3509,3518,9
0,176,3520,3522,2
1,107,3531,3534,3
0,177,3540,3542,2
2,71,3550,3553,3
0,178,3560,3563,3
1,108,3564,3567,3
0,179,3580,3583,3
1,109,3597,3600,3
0,180,3600,3602,2
2,72,3602,3605,3
3,36,3605,3611,6
0,181,3620,3622,2
1,110,3630,3632,2
0,182,3640,3642,2
2,73,3650,3653,3
0,183,3660,3663,3
1,111,3663,3666,3
0,184,3680,3682,2
1,112,3696,3699,3
0,185,3700,3702,2
2,74,3702,3705,3
3,37,3705,3717,12
0,186,3720,3722,2
1,113,3729,3731,2
0,187,3740,3741,1
2,75,3750,3754,4
0,188,3760,3762,2
1,114,3762,3765,3
0,189,3780,3781,1
1,115,3795,3798,3
0,190,3800,3803,3
2,76,3803,3806,3
3,38,3806,3815,9
0,191,3820,3823,3
1,116,3828,3831,3
0,192,3840,3843,3
2,77,3850,3854,4
0,193,3860,3862,2
1,117,3862,3864,2
0,194,3880,3882,2
1,118,3894,3896,2
0,195,3900,3903,3
2,78,3903,3906,3
3,39,3906,3913,7
0,196,3920,3922,2
1,119,3927,3931,4
0,197,3940,3943,3
2,79,3950,3954,4
0,198,3960,3963,3
1,120,3963,3966,3
0,199,3980,3982,2
1,121,3993,3997,4
0,200,4000,4001,1
2,80,4001,4006,5
3,40,4006,4011,5
0,201,4020,4022,2
1,122,4026,4028,2
0,202,4040,4042,2
2,81,4050,4053,3
0,203,4060,4062,2
1,123,4059,4063,2
4,4,4011,4074,50
0,204,4080,4083,3
1,124,4092,4096,4
0,205,4100,4102,2
2,82,4102,4105,3
3,41,4105,4117,12
0,206,4120,4122,2
1,125,4125,4130,5
0,207,4140,4143,3
2,83,4150,4153,3
0,208,4160,4161,1
1,126,4158,4162,3
0,209,4180,4183,3
1,127,4191,4196,5
0,210,4200,4202,2
2,84,4202,4206,4
3,42,4206,4213,7
0,211,4220,4221,1
1,128,4224,4226,2
0,212,4240,4242,2
2,85,4250,4254,4
1,129,4257,4259,2
0,213,4260,4261,1
0,214,4280,4283,3
1,130,4290,4292,2
0,215,4300,4303,3
2,86,4303,4306,3
3,43,4306,4312,6
0,216,4320,4322,2
1,131,4323,4325,2
0,217,4340,4343,3
2,87,4350,4353,3
1,132,4356,4358,2
0,218,4360,4362,2
0,219,4380,4382,2
1,133,4389,4393,4
0,220,4400,4402,2
2,88,4402,4406,4
3,44,4406,4418,12
0,221,4420,4421,1
1,134,4422,4425,3
0,222,4440,4444,4
5,1,4074,4446,235
2,89,4450,4453,3
0,223,4460,4462,2
1,135,4455,4464,7
0,224,4480,4483,3
1,136,4488,4490,2
0,225,4500,4502,2
2,90,4502,4505,3
3,45,4505,4510,5
0,226,4520,4522,2
1,137,4522,4525,3
0,227,4540,4542,2
1,138,4554,4557,3
2,91,4550,4558,5
0,228,4560,4562,2
0,229,4580,4582,2
1,139,4587,4589,2
0,230,4600,4603,3
2,92,4603,4606,3
3,46,4606,4611,5
0,231,4620,4623,3
1,140,4623,4626,3
0,232,4640,4642,2
1,141,4653,4656,3
2,93,4650,4658,5
0,233,4660,4662,2
0,234,4680,4682,2
1,142,4686,4688,2
0,235,4700,4703,3
2,94,4703,4708,5
3,47,4708,4719,11
0,236,4720,4721,1
1,143,4719,4725,5
0,237,4740,4741,1
1,144,4752,4754,2
2,95,4750,4755,3
0,238,4760,4762,2
0,239,4780,4784,4
1,145,4785,4787,2
0,240,4800,4803,3
2,96,4803,4806,3
3,48,4806,4816,10
0,241,4820,4822,2
1,146,4818,4823,3
0,242,4840,4843,3
1,147,4851,4855,4
2,97,4850,4857,3
0,243,4860,4862,2
0,244,4880,4883,3
1,148,4884,4889,5
0,245,4900,4903,3
2,98,4903,4906,3
3,49,4906,4916,10
1,149,4917,4920,3
0,246,4920,4921,1
0,247,4940,4942,2
1,150,4950,4954,4
2,99,4954,4957,3
0,248,4960,4963,3
0,249,4980,4983,3
1,151,4983,4985,2
0,250,5000,5002,2
2,100,5002,5007,5
1,152,5016,5019,3
0,251,5020,5024,4
3,50,5007,5026,12
0,252,5040,5042,2
1,153,5049,5052,3
2,101,5052,5056,4
0,253,5060,5062,2
0,254,5080,5084,4
1,154,5084,5089,5
4,5,5026,5096,50
0,255,5100,5102,2
2,102,5102,5105,3
1,155,5115,5119,4
3,51,5105,5120,11
0,256,5120,5123,3
0,257,5140,5143,3
1,156,5148,5150,2
2,103,5150,5155,5
0,258,5160,5161,1
0,259,5180,5182,2
1,157,5182,5184,2
0,260,5200,5202,2
2,104,5202,5205,3
1,158,5214,5219,5
0,261,5220,5222,2
3,52,5205,5225,13
0,262,5240,5241,1
1,159,5247,5250,3
2,105,5250,5255,5
0,263,5260,5261,1
0,264,5280,5284,4
1,160,5284,5289,5
0,265,5300,5302,2
2,106,5302,5307,5
1,161,5313,5317,4
0,266,5320,5323,3
3,53,5307,5326,12
0,267,5340,5343,3
1,162,5346,5348,2
2,107,5350,5353,3
0,268,5360,5362,2
0,269,5380,5382,2
1,163,5379,5383,2
0,270,5400,5403,3
2,108,5403,5406,3
1,164,5412,5416,4
3,54,5406,5418,8
0,271,5420,5423,3
0,272,5440,5442,2
1,165,5445,5448,3
2,109,5450,5454,4
0,273,5460,5461,1
0,274,5480,5483,3
1,166,5478,5486,5
0,275,5500,5503,3
2,110,5503,5507,4
1,167,5511,5516,5
0,276,5520,5522,2
3,55,5507,5524,10
0,277,5540,5542,2
1,168,5544,5546,2
2,111,5550,5553,3
0,278,5560,5563,3
0,279,5580,5581,1
1,169,5577,5582,4
0,280,5600,5603,3
2,112,5603,5607,4
1,170,5610,5612,2
0,281,5620,5622,2
3,56,5607,5623,12
0,282,5640,5643,3
1,171,5643,5647,4
2,113,5650,5654,4
0,283,5660,5663,3
1,172,5676,5679,3
0,284,5680,5682,2
0,285,5700,5702,2
2,114,5702,5705,3
1,173,5709,5711,2
3,57,5705,5719,12
0,286,5720,5721,1
0,287,5740,5743,3
1,174,5743,5746,3
2,115,5750,5755,5
0,288,5760,5761,1
1,175,5775,5777,2
0,289,5780,5782,2
0,290,5800,5803,3
2,116,5803,5807,4
1,176,5808,5812,4
0,291,5820,5821,1
3,58,5807,5822,10
0,292,5840,5842,2
1,177,5842,5844,2
2,117,5850,5853,3
0,293,5860,5862,2
1,178,5874,5879,5
0,294,5880,5882,2
0,295,5900,5903,3
2,118,5903,5906,3
1,179,5907,5910,3
3,59,5906,5917,8
0,296,5920,5923,3
0,297,5940,5943,3
1,180,5943,5948,5
2,119,5950,5953,3
0,298,5960,5963,3
1,181,5973,5975,2
0,299,5980,5981,1
0,300,6000,6002,2
2,120,6002,6005,3
1,182,6006,6008,2
0,301,6020,6021,1
3,60,6005,6022,14
0,302,6040,6042,2
1,183,6039,6046,5
2,121,6050,6054,4
0,303,6060,6062,2
1,184,6072,6075,3
0,304,6080,6084,4
4,6,6022,6092,50
0,305,6100,6101,1
2,122,6101,6104,3
1,185,6105,6109,4
3,61,6104,6113,5
0,306,6120,6122,2
0,307,6140,6142,2
1,186,6138,6143,3
2,123,6150,6153,3
0,308,6160,6163,3
1,187,6171,6173,2
0,309,6180,6182,2
0,310,6200,6202,2
1,188,6204,6206,2
2,124,6202,6207,3
3,62,6207,6214,7
0,311,6220,6222,2
0,312,6240,6242,2
1,189,6237,6243,4
2,125,6250,6253,3
0,313,6260,6262,2
1,190,6270,6275,5
0,314,6280,6283,3
0,315,6300,6303,3
1,191,6303,6306,3
2,126,6306,6310,4
3,63,6310,6319,9
0,316,6320,6324,4
1,192,6336,6338,2
0,317,6340,6342,2
2,127,6350,6353,3
0,318,6360,6364,4
1,193,6369,6371,2
0,319,6380,6382,2
0,320,6400,6401,1
1,194,6402,6405,3
2,128,6401,6408,4
3,64,6408,6414,6
0,321,6420,6421,1
1,195,6435,6438,3
0,322,6440,6443,3
2,129,6450,6453,3
0,323,6460,6463,3
1,196,6468,6471,3
0,324,6480,6483,3
0,325,6500,6502,2
1,197,6502,6506,4
2,130,6506,6510,4
3,65,6510,6515,5
0,326,6520,6522,2
1,198,6534,6538,4
0,327,6540,6542,2
2,131,6550,6556,6
0,328,6560,6562,2
1,199,6567,6570,3
0,329,6580,6583,3
0,330,6600,6602,2
1,200,6602,6607,5
2,132,6607,6611,4
3,66,6611,6617,6
0,331,6620,6622,2
1,201,6633,6637,4
0,332,6640,6643,3
2,133,6650,6654,4
0,333,6660,6663,3
1,202,6666,6668,2
0,334,6680,6681,1
0,335,6700,6703,3
1,203,6699,6704,2
2,134,6704,6707,3
3,67,6707,6719,12
0,336,6720,6722,2
1,204,6732,6734,2
0,337,6740,6743,3
2,135,6750,6753,3
0,338,6760,6763,3
1,205,6765,6767,2
0,339,6780,6782,2
0,340,6800,6802,2
1,206,6798,6803,3
2,136,6803,6807,4
3,68,6807,6818,11
0,341,6820,6822,2
1,207,6831,6834,3
0,342,6840,6841,1
2,137,6850,6853,3
0,343,6860,6862,2
1,208,6864,6868,4
0,344,6880,6883,3
1,209,6897,6899,2
0,345,6900,6903,3
2,138,6903,6907,4
3,69,6907,6919,12
0,346,6920,6921,1
1,210,6930,6934,4
0,347,6940,6943,3
2,139,6950,6956,6
0,348,6960,6962,2
1,211,6963,6965,2
0,349,6980,6982,2
1,212,6996,6998,2
0,350,7000,7003,3
2,140,7003,7008,5
0,351,7020,7022,2
3,70,7008,7023,13
1,213,7029,7032,3
0,352,7040,7043,3
2,141,7050,7053,3
0,353,7060,7062,2
1,214,7062,7067,5
0,354,7080,7081,1
4,7,7023,7090,50
1,215,7095,7097,2
0,355,7100,7102,2
2,142,7102,7105,3
3,71,7105,7111,6
0,356,7120,7122,2
1,216,7128,7131,3
0,357,7140,7143,3
2,143,7150,7154,4
0,358,7160,7161,1
1,217,7161,7163,2
0,359,7180,7182,2
1,218,7194,7196,2
0,360,7200,7203,3
2,144,7203,7207,4
0,361,7220,7222,2
3,72,7207,7223,14
1,219,7227,7230,3
0,362,7240,7243,3
2,145,7250,7253,3
0,363,7260,7261,1
1,220,7261,7264,3
0,364,7280,7281,1
1,221,7293,7295,2
0,365,7300,7302,2
2,146,7302,7306,4
3,73,7306,7318,12
0,366,7320,7322,2
1,222,7326,7330,4
0,367,7340,7341,1
2,147,7350,7353,3
0,368,7360,7363,3
1,223,7359,7366,4
0,369,7380,7382,2
1,224,7392,7396,4
0,370,7400,7401,1
2,148,7401,7405,4
0,371,7420,7422,2
3,74,7405,7423,16
1,225,7425,7428,3
0,372,7440,7442,2
2,149,7450,7453,3
0,373,7460,7463,3
1,226,7458,7466,5
0,374,7480,7482,2
1,227,7491,7496,5
0,375,7500,7502,2
2,150,7502,7505,3
3,75,7505,7513,8
0,376,7520,7522,2
1,228,7524,7529,5
0,377,7540,7542,2
2,151,7550,7553,3
1,229,7557,7559,2
0,378,7560,7561,1
0,379,7580,7581,1
1,230,7590,7592,2
0,380,7600,7602,2
2,152,7602,7605,3
3,76,7605,7610,5
0,381,7620,7622,2
1,231,7623,7625,2
0,382,7640,7643,3
2,153,7650,7653,3
1,232,7656,7659,3
0,383,7660,7662,2
0,384,7680,7683,3
1,233,7689,7692,3
0,385,7700,7703,3
2,154,7703,7706,3
3,77,7706,7714,8
0,386,7720,7723,3
1,234,7723,7725,2
0,387,7740,7742,2
2,155,7750,7754,4
1,235,7755,7757,2
0,388,7760,7762,2
0,389,7780,7782,2
1,236,7788,7791,3
0,390,7800,7802,2
2,156,7802,7805,3
3,78,7805,7818,13
0,391,7820,7823,3
1,237,7823,7826,3
0,392,7840,7843,3
2,157,7850,7853,3
1,238,7854,7856,2
0,393,7860,7863,3
0,394,7880,7883,3
1,239,7887,7890,3
0,395,7900,7902,2
2,158,7902,7906,4
3,79,7906,7918,12
0,396,7920,7922,2
1,240,7922,7926,4
0,397,7940,7942,2
1,241,7953,7955,2
2,159,7950,7957,5
0,398,7960,7961,1
0,399,7980,7983,3
1,242,7986,7991,5
0,400,8000,8002,2
2,160,8002,8006,4
3,80,8006,8016,10
0,401,8020,8022,2
1,243,8019,8023,2
0,402,8040,8043,3
1,244,8052,8056,4
2,161,8050,8058,4
0,403,8060,8062,2
0,404,8080,8082,2
4,8,8016,8085,50
1,245,8085,8087,2
0,405,8100,8101,1
2,162,8101,8104,3
3,81,8104,8117,13
0,406,8120,8121,1
1,246,8118,8123,4
0,407,8140,8144,4
1,247,8151,8155,4
2,163,8150,8157,3
0,408,8160,8163,3
0,409,8180,8183,3
1,248,8184,8188,4
0,410,8200,8202,2
2,164,8202,8205,3
3,82,8205,8212,7
0,411,8220,8221,1
1,249,8217,8223,5
0,412,8240,8242,2
1,250,8250,8252,2
2,165,8252,8255,3
0,413,8260,8262,2
0,414,8280,8282,2
1,251,8283,8286,3
0,415,8300,8302,2
2,166,8302,8305,3
1,252,8316,8320,4
0,416,8320,8322,2
3,83,8305,8324,13
0,417,8340,8343,3
1,253,8349,8351,2
2,167,8351,8354,3
0,418,8360,8364,4
0,419,8380,8384,4
1,254,8384,8389,5
0,420,8400,8403,3
2,168,8403,8406,3
1,255,8415,8418,3
3,84,8406,8420,11
0,421,8420,8422,2
0,422,8440,8442,2
1,256,8448,8450,2
2,169,8450,8454,4
0,423,8460,8463,3
0,424,8480,8482,2
1,257,8482,8484,2
0,425,8500,8504,4
2,170,8504,8508,4
1,258,8514,8517,3
0,426,8520,8523,3
3,85,8508,8527,13
0,427,8540,8544,4
1,259,8547,8552,5
2,171,8552,8557,5
0,428,8560,8563,3
0,429,8580,8581,1
1,260,8581,8583,2
0,430,8600,8603,3
2,172,8603,8607,4
1,261,8613,8615,2
3,86,8607,8620,11
0,431,8620,8622,2
0,432,8640,8644,4
1,262,8646,8651,5
2,173,8651,8655,4
0,433,8660,8662,2
0,434,8680,8682,2
1,263,8679,8685,4
0,435,8700,8702,2
2,174,8702,8705,3
1,264,8712,8714,2
3,87,8705,8720,13
0,436,8720,8722,2
0,437,8740,8742,2
1,265,8745,8747,2
2,175,8750,8753,3
5,2,8087,8755,392
0,438,8760,8762,2
1,266,8778,8780,2
0,439,8780,8782,2
0,440,8800,8801,1
2,176,8801,8806,5
1,267,8811,8813,2
3,88,8806,8819,11
0,441,8820,8822,2
0,442,8840,8842,2
1,268,8844,8848,4
2,177,8850,8853,3
0,443,8860,8862,2
1,269,8877,8879,2
0,444,8880,8884,4
0,445,8900,8903,3
2,178,8903,8907,4
1,270,8910,8913,3
0,446,8920,8922,2
3,89,8907,8923,11
0,447,8940,8944,4
1,271,8944,8946,2
2,179,8950,8956,6
0,448,8960,8964,4
0,449,8980,8983,3
1,272,8976,8985,6
0,450,9000,9002,2
2,180,9002,9005,3
1,273,9009,9011,2
0,451,9020,9022,2
3,90,9005,9023,14
0,452,9040,9042,2
1,274,9042,9045,3
2,181,9050,9054,4
0,453,9060,9063,3
1,275,9075,9078,3
0,454,9080,9082,2
4,9,9023,9090,50
0,455,9100,9104,4
2,182,9104,9108,4
1,276,9108,9111,3
3,91,9111,9119,8
0,456,9120,9123,3
0,457,9140,9143,3
1,277,9143,9145,2
2,183,9150,9154,4
0,458,9160,9163,3
1,278,9174,9176,2
0,459,9180,9182,2
0,460,9200,9204,4
2,184,9204,9207,3
1,279,9207,9211,4
3,92,9211,9217,6
0,461,9220,9222,2
0,462,9240,9242,2
1,280,9242,9245,3
2,185,9250,9253,3
0,463,9260,9263,3
1,281,9273,9275,2
0,464,9280,9283,3
0,465,9300,9303,3
1,282,9306,9309,3
2,186,9303,9310,4
3,93,9310,9317,7
0,466,9320,9322,2
0,467,9340,9342,2
1,283,9339,9347,6
2,187,9350,9355,5
0,468,9360,9363,3
1,284,9372,9374,2
0,469,9380,9384,4
0,470,9400,9402,2
2,188,9402,9405,3
1,285,9405,9409,4
3,94,9409,9414,5
0,471,9420,9423,3
1,286,9438,9440,2
0,472,9440,9442,2
2,189,9450,9453,3
0,473,9460,9462,2
1,287,9471,9473,2
0,474,9480,9482,2
0,475,9500,9503,3
1,288,9504,9508,4
2,190,9503,9511,4
0,476,9520,9523,3
3,95,9511,9529,15
1,289,9537,9540,3
0,477,9540,9543,3
2,191,9550,9554,4
0,478,9560,9562,2
1,290,9570,9573,3
0,479,9580,9583,3
0,480,9600,9602,2
1,291,9603,9605,2
2,192,9602,9609,5
0,481,9620,9622,2
3,96,9609,9625,14
1,292,9636,9639,3
0,482,9640,9642,2
2,193,9650,9655,5
0,483,9660,9662,2
1,293,9669,9674,5
0,484,9680,9683,3
0,485,9700,9703,3
1,294,9703,9707,4
2,194,9707,9711,4
0,486,9720,9724,4
3,97,9711,9728,13
1,295,9735,9739,4
0,487,9740,9742,2
2,195,9750,9755,5
0,488,9760,9763,3
1,296,9768,9770,2
0,489,9780,9782,2
0,490,9800,9802,2
1,297,9802,9804,2
2,196,9804,9807,3
3,98,9807,9813,6
0,491,9820,9824,4
1,298,9834,9838,4
0,492,9840,9842,2
2,197,9850,9854,4
0,493,9860,9862,2
1,299,9867,9869,2
0,494,9880,9882,2
0,495,9900,9902,2
1,300,9902,9904,2
2,198,9904,9907,3
3,99,9907,9917,10
0,496,9920,9921,1
1,301,9933,9935,2
0,497,9940,9942,2
2,199,9950,9956,6
0,498,9960,9963,3
1,302,9966,9968,2
0,499,9980,9982,2
0,500,10000,10001,1
1,303,9999,10003,3
2,200,10003,10006,3
3,100,10006,10020,14
0,501,10020,10023,3
1,304,10032,10035,3
0,502,10040,10042,2
2,201,10050,10055,5
0,503,10060,10064,4
1,305,10065,10068,3
0,504,10080,10082,2
4,10,10023,10092,50
0,505,10100,10102,2
1,306,10098,10105,5
2,202,10105,10108,3
3,101,10108,10117,9
0,506,10120,10123,3
1,307,10131,10135,4
0,507,10140,10144,4
2,203,10150,10154,4
0,508,10160,10163,3
1,308,10164,10170,6
0,509,10180,10183,3
1,309,10197,10200,3
0,510,10200,10203,3
2,204,10203,10209,6
3,102,10209,10217,8
0,511,10220,10222,2
1,310,10230,10234,4
0,512,10240,10241,1
2,205,10250,10254,4
0,513,10260,10262,2
1,311,10263,10266,3
0,514,10280,10283,3
0,515,10300,10303,3
1,312,10296,10304,5
2,206,10304,10307,3
3,103,10307,10319,12
0,516,10320,10324,4
1,313,10329,10331,2
0,517,10340,10342,2
2,207,10350,10353,3
0,518,10360,10362,2
1,314,10362,10364,2
0,519,10380,10382,2
1,315,10395,10400,5
0,520,10400,10402,2
2,208,10402,10406,4
3,104,10406,10419,13
0,521,10420,10424,4
1,316,10428,10430,2
0,522,10440,10442,2
2,209,10450,10453,3
0,523,10460,10462,2
1,317,10462,10465,3
0,524,10480,10482,2
1,318,10494,10497,3
0,525,10500,10502,2
2,210,10502,10505,3
3,105,10505,10518,13
0,526,10520,10523,3
1,319,10527,10530,3
0,527,10540,10543,3
2,211,10550,10553,3
0,528,10560,10564,4
1,320,10564,10570,6
0,529,10580,10583,3
1,321,10593,10596,3
0,530,10600,10602,2
2,212,10602,10606,4
3,106,10606,10618,12
0,531,10620,10621,1
1,322,10626,10631,5
0,532,10640,10643,3
2,213,10650,10653,3
0,533,10660,10662,2
1,323,10659,10663,2
0,534,10680,10682,2
1,324,10692,10694,2
0,535,10700,10703,3
2,214,10703,10706,3
3,107,10706,10717,11
0,536,10720,10723,3
1,325,10725,10730,5
0,537,10740,10743,3
2,215,10750,10755,5
1,326,10758,10760,2
0,538,10760,10762,2
0,539,10780,10782,2
1,327,10791,10796,5
0,540,10800,10801,1
2,216,10801,10805,4
3,108,10805,10818,13
0,541,10820,10823,3
1,328,10824,10826,2
0,542,10840,10843,3
2,217,10850,10853,3
1,329,10857,10860,3
0,543,10860,10863,3
0,544,10880,10882,2
1,330,10890,10894,4
0,545,10900,10903,3
2,218,10903,10906,3
3,109,10906,10912,6
0,546,10920,10923,3
1,331,10923,10925,2
0,547,10940,10943,3
2,219,10950,10955,5
1,332,10956,10960,4
0,548,10960,10962,2
0,549,10980,10981,1
1,333,10989,10992,3
0,550,11000,11003,3
2,220,11003,11006,3
3,110,11006,11015,9
0,551,11020,11022,2
1,334,11022,11025,3
0,552,11040,11041,1
2,221,11050,11055,5
1,335,11055,11057,2
0,553,11060,11062,2
4,11,11015,11080,50
0,554,11080,11081,1
1,336,11088,11094,6
0,555,11100,11103,3
2,222,11103,11108,5
0,556,11120,11122,2
1,337,11122,11128,6
3,111,11108,11129,13
0,557,11140,11142,2
2,223,11150,11154,4
1,338,11154,11157,3
0,558,11160,11162,2
0,559,11180,11184,4
1,339,11187,11190,3
0,560,11200,11204,4
2,224,11204,11207,3
0,561,11220,11224,4
1,340,11224,11226,2
3,112,11207,11229,16
0,562,11240,11244,4
1,341,11253,11256,3
2,225,11250,11257,4
0,563,11260,11261,1
0,564,11280,11282,2
1,342,11286,11291,5
0,565,11300,11302,2
2,226,11302,11305,3
3,113,11305,11313,8
0,566,11320,11323,3
1,343,11319,11325,3
0,567,11340,11342,2
1,344,11352,11354,2
2,227,11350,11355,3
0,568,11360,11362,2
0,569,11380,11382,2
1,345,11385,11388,3
0,570,11400,11403,3
2,228,11403,11406,3
3,114,11406,11417,11
0,571,11420,11422,2
1,346,11418,11426,6
0,572,11440,11442,2
1,347,11451,11454,3
2,229,11450,11457,4
0,573,11460,11463,3
0,574,11480,11482,2
1,348,11484,11487,3
0,575,11500,11504,4
2,230,11504,11507,3
3,115,11507,11514,7
1,349,11517,11520,3
0,576,11520,11522,2
0,577,11540,11543,3
1,350,11550,11554,4
2,231,11554,11557,3
0,578,11560,11563,3
0,579,11580,11582,2
1,351,11583,11588,5
0,580,11600,11602,2
2,232,11602,11607,5
3,116,11607,11616,9
1,352,11616,11619,3
0,581,11620,11623,3
0,582,11640,11642,2
1,353,11649,11651,2
2,233,11651,11654,3
0,583,11660,11662,2
0,584,11680,11682,2
1,354,11682,11684,2
0,585,11700,11702,2
2,234,11702,11705,3
3,117,11705,11712,7
1,355,11715,11719,4
0,586,11720,11722,2
0,587,11740,11741,1
1,356,11748,11752,4
2,235,11752,11757,5
0,588,11760,11762,2
0,589,11780,11782,2
1,357,11782,11785,3
0,590,11800,11801,1
2,236,11801,11804,3
1,358,11814,11816,2
3,118,11804,11820,14
0,591,11820,11822,2
0,592,11840,11841,1
1,359,11847,11849,2
2,237,11850,11853,3
0,593,11860,11863,3
0,594,11880,11882,2
1,360,11882,11885,3
0,595,11900,11902,2
2,238,11902,11906,4
1,361,11913,11915,2
0,596,11920,11922,2
3,119,11906,11923,13
0,597,11940,11942,2
1,362,11946,11948,2
2,239,11950,11953,3
0,598,11960,11961,1
0,599,11980,11982,2
1,363,11979,11984,3
0,600,12000,12003,3
2,240,12003,12006,3
1,364,12012,12014,2
3,120,12006,12018,10
0,601,12020,12023,3
0,602,12040,12042,2
1,365,12045,12047,2
2,241,12050,12054,4
0,603,12060,12063,3
1,366,12078,12080,2
0,604,12080,12081,1
4,12,12018,12085,50
0,605,12100,12103,3
2,242,12103,12106,3
1,367,12111,12113,2
0,606,12120,12122,2
3,121,12106,12124,14
0,607,12140,12143,3
1,368,12144,12148,4
2,243,12150,12154,4
0,608,12160,12163,3
1,369,12177,12180,3
0,609,12180,12182,2
0,610,12200,12203,3
2,244,12203,12206,3
1,370,12210,12212,2
0,611,12220,12222,2
3,122,12206,12224,14
0,612,12240,12243,3
1,371,12243,12247,4
2,245,12250,12254,4
0,613,12260,12262,2
1,372,12276,12279,3
0,614,12280,12283,3
0,615,12300,12302,2
2,246,12302,12305,3
1,373,12309,12311,2
3,123,12305,12319,12
0,616,12320,12324,4
0,617,12340,12342,2
1,374,12342,12348,6
2,247,12350,12354,4
0,618,12360,12362,2
1,375,12375,12379,4
0,619,12380,12384,4
0,620,12400,12403,3
2,248,12403,12406,3
1,376,12408,12410,2
3,124,12406,12414,6
0,621,12420,12422,2
0,622,12440,12443,3
1,377,12443,12447,4
2,249,12450,12454,4
0,623,12460,12463,3
1,378,12474,12477,3
0,624,12480,12483,3
0,625,12500,12503,3
2,250,12503,12506,3
1,379,12507,12509,2
0,626,12520,12523,3
3,125,12506,12526,15
0,627,12540,12542,2
1,380,12542,12544,2
2,251,12550,12553,3
0,628,12560,12564,4
1,381,12573,12576,3
0,629,12580,12582,2
0,630,12600,12602,2
2,252,12602,12606,4
1,382,12606,12610,4
0,631,12620,12622,2
3,126,12610,12625,13
0,632,12640,12642,2
1,383,12639,12644,3
2,253,12650,12653,3
5,3,12085,12654,327
0,633,12660,12663,3
1,384,12672,12678,6
0,634,12680,12684,4
0,635,12700,12703,3
1,385,12705,12710,5
2,254,12703,12713,5
0,636,12720,12721,1
3,127,12713,12725,11
0,637,12740,12743,3
1,386,12738,12745,4
2,255,12750,12756,6
0,638,12760,12763,3
1,387,12771,12775,4
0,639,12780,12783,3
0,640,12800,12802,2
1,388,12804,12808,4
2,256,12802,12810,4
3,128,12810,12816,6
0,641,12820,12822,2
0,642,12840,12843,3
1,389,12837,12844,4
2,257,12850,12854,4
0,643,12860,12864,4
1,390,12870,12873,3
0,644,12880,12881,1
0,645,12900,12903,3
1,391,12903,12905,2
2,258,12905,12908,3
0,646,12920,12923,3
3,129,12908,12927,16
1,392,12936,12939,3
0,647,12940,12942,2
2,259,12950,12953,3
0,648,12960,12962,2
1,393,12969,12972,3
0,649,12980,12984,4
0,650,13000,13004,4
1,394,13004,13008,4
2,260,13008,13013,5
0,651,13020,13022,2
3,130,13013,13029,14
1,395,13035,13039,4
0,652,13040,13043,3
2,261,13050,13055,5
0,653,13060,13064,4
1,396,13068,13071,3
0,654,13080,13083,3
0,655,13100,13102,2
1,397,13102,13106,4
2,262,13106,13109,3
0,656,13120,13121,1
3,131,13109,13122,12
4,13,13029,13123,50
1,398,13134,13137,3
0,657,13140,13141,1
2,263,13150,13155,5
0,658,13160,13162,2
1,399,13167,13172,5
0,659,13180,13184,4
0,660,13200,13202,2
1,400,13202,13204,2
2,264,13204,13207,3
3,132,13207,13213,6
0,661,13220,13222,2
1,401,13233,13238,5
0,662,13240,13242,2
2,265,13250,13253,3
0,663,13260,13262,2
1,402,13266,13268,2
0,664,13280,13282,2
0,665,13300,13301,1
1,403,13299,13305,5
2,266,13305,13309,4
3,133,13309,13319,10
