0,0,0,3,3
1,0,3,5,2
2,0,5,9,4
3,0,9,16,7
0,1,20,22,2
1,1,33,35,2
0,2,40,42,2
2,1,50,54,4
0,3,60,64,4
1,2,66,68,2
0,4,80,83,3
4,0,16,85,50
0,5,100,103,3
1,3,99,107,5
2,2,107,110,3
0,6,120,122,2
3,1,110,127,15
1,4,132,134,2
0,7,140,143,3
2,3,150,154,4
0,8,160,163,3
1,5,165,167,2
0,9,180,182,2
1,6,198,200,2
0,10,200,202,2
2,4,202,205,3
3,2,205,211,6
0,11,220,222,2
1,7,231,233,2
0,12,240,243,3
2,5,250,253,3
0,13,260,263,3
1,8,264,267,3
0,14,280,282,2
1,9,297,300,3
0,15,300,302,2
2,6,302,305,3
3,3,305,313,8
0,16,320,323,3
1,10,330,333,3
0,17,340,342,2
2,7,350,353,3
0,18,360,363,3
1,11,363,365,2
0,19,380,381,1
1,12,396,399,3
0,20,400,403,3
2,8,403,409,6
3,4,409,415,6
0,21,420,422,2
1,13,429,431,2
0,22,440,442,2
2,9,450,453,3
0,23,460,461,1
1,14,462,464,2
0,24,480,482,2
1,15,495,499,4
0,25,500,502,2
2,10,502,506,4
3,5,506,519,13
0,26,520,523,3
1,16,528,531,3
0,27,540,541,1
2,11,550,553,3
0,28,560,564,4
1,17,564,567,3
5,0,85,579,314
0,29,580,583,3
1,18,594,598,4
0,30,600,602,2
2,12,602,607,5
3,6,607,617,10
0,31,620,623,3
1,19,627,629,2
0,32,640,644,4
2,13,650,653,3
0,33,660,662,2
1,20,662,666,4
0,34,680,683,3
1,21,693,698,5
0,35,700,702,2
2,14,702,706,4
3,7,706,715,9
0,36,720,722,2
1,22,726,730,4
0,37,740,742,2
2,15,750,753,3
0,38,760,763,3
1,23,759,765,3
0,39,780,782,2
1,24,792,797,5
0,40,800,803,3
2,16,803,807,4
3,8,807,816,9
0,41,820,824,4
1,25,825,828,3
0,42,840,842,2
2,17,850,855,5
1,26,858,860,2
0,43,860,863,3
0,44,880,883,3
1,27,891,893,2
0,45,900,902,2
2,18,902,905,3
3,9,905,916,11
0,46,920,922,2
1,28,924,929,5
0,47,940,942,2
2,19,950,953,3
0,48,960,963,3
1,29,957,965,5
0,49,980,982,2
1,30,990,993,3
0,50,1000,1003,3
2,20,1003,1006,3
3,10,1006,1018,12
0,51,1020,1024,4
1,31,1024,1026,2
0,52,1040,1042,2
2,21,1050,1053,3
1,32,1056,1058,2
0,53,1060,1063,3
0,54,1080,1083,3
4,1,1018,1087,50
1,33,1089,1091,2
0,55,1100,1101,1
2,22,1101,1106,5
3,11,1106,1118,12
0,56,1120,1122,2
1,34,1122,1124,2
0,57,1140,1142,2
2,23,1150,1153,3
1,35,1155,1157,2
0,58,1160,1162,2
0,59,1180,1182,2
1,36,1188,1191,3
0,60,1200,1202,2
2,24,1202,1205,3
3,12,1205,1218,13
0,61,1220,1223,3
1,37,1223,1225,2
0,62,1240,1242,2
2,25,1250,1253,3
1,38,1254,1259,5
0,63,1260,1263,3
0,64,1280,1283,3
1,39,1287,1291,4
0,65,1300,1302,2
2,26,1302,1306,4
3,13,1306,1316,10
0,66,1320,1323,3
1,40,1323,1325,2
0,67,1340,1342,2
2,27,1350,1353,3
1,41,1353,1356,3
0,68,1360,1363,3
0,69,1380,1383,3
1,42,1386,1389,3
0,70,1400,1402,2
2,28,1402,1407,5
3,14,1407,1413,6
0,71,1420,1422,2
1,43,1419,1423,2
0,72,1440,1443,3
1,44,1452,1454,2
2,29,1450,1456,4
0,73,1460,1463,3
0,74,1480,1481,1
1,45,1485,1487,2
0,75,1500,1504,4
2,30,1504,1507,3
3,15,1507,1514,7
1,46,1518,1520,2
0,76,1520,1522,2
0,77,1540,1542,2
1,47,1551,1553,2
2,31,1550,1557,5
0,78,1560,1562,2
0,79,1580,1581,1
1,48,1584,1590,6
0,80,1600,1603,3
2,32,1603,1606,3
3,16,1606,1616,10
1,49,1617,1620,3
0,81,1620,1623,3
0,82,1640,1643,3
1,50,1650,1654,4
2,33,1654,1657,3
0,83,1660,1662,2
0,84,1680,1683,3
1,51,1683,1687,4
0,85,1700,1703,3
2,34,1703,1706,3
3,17,1706,1711,5
1,52,1716,1718,2
0,86,1720,1722,2
0,87,1740,1743,3
1,53,1749,1754,5
2,35,1754,1759,5
0,88,1760,1762,2
0,89,1780,1783,3
1,54,1783,1785,2
0,90,1800,1803,3
2,36,1803,1807,4
3,18,1807,1814,7
1,55,1815,1819,4
0,91,1820,1822,2
0,92,1840,1844,4
1,56,1848,1850,2
2,37,1850,1855,5
0,93,1860,1863,3
0,94,1880,1882,2
1,57,1882,1885,3
0,95,1900,1903,3
2,38,1903,1906,3
3,19,1906,1912,6
1,58,1914,1919,5
0,96,1920,1922,2
0,97,1940,1944,4
1,59,1947,1950,3
2,39,1950,1953,3
0,98,1960,1962,2
0,99,1980,1983,3
1,60,1983,1985,2
0,100,2000,2002,2
2,40,2002,2005,3
3,20,2005,2011,6
1,61,2013,2018,5
0,101,2020,2023,3
0,102,2040,2043,3
1,62,2046,2048,2
2,41,2050,2054,4
0,103,2060,2062,2
0,104,2080,2083,3
1,63,2079,2085,3
4,2,2011,2086,50
0,105,2100,2103,3
2,42,2103,2108,5
1,64,2112,2117,5
0,106,2120,2123,3
3,21,2108,2128,12
0,107,2140,2142,2
1,65,2145,2147,2
2,43,2150,2153,3
0,108,2160,2163,3
1,66,2178,2180,2
0,109,2180,2182,2
0,110,2200,2204,4
2,44,2204,2207,3
1,67,2211,2213,2
3,22,2207,2218,9
0,111,2220,2222,2
0,112,2240,2243,3
1,68,2244,2246,2
2,45,2250,2253,3
0,113,2260,2261,1
1,69,2277,2280,3
0,114,2280,2283,3
0,115,2300,2302,2
2,46,2302,2306,4
1,70,2310,2314,4
0,116,2320,2323,3
3,23,2306,2325,12
0,117,2340,2342,2
1,71,2343,2347,4
2,47,2350,2354,4
0,118,2360,2362,2
1,72,2376,2380,4
0,119,2380,2383,3
0,120,2400,2402,2
2,48,2402,2408,6
1,73,2409,2413,4
0,121,2420,2422,2
3,24,2408,2423,9
0,122,2440,2442,2
1,74,2442,2445,3
2,49,2450,2453,3
0,123,2460,2462,2
1,75,2475,2477,2
0,124,2480,2482,2
0,125,2500,2503,3
2,50,2503,2506,3
1,76,2508,2510,2
0,126,2520,2523,3
3,25,2506,2524,13
0,127,2540,2543,3
1,77,2543,2548,5
2,51,2550,2557,7
0,128,2560,2562,2
1,78,2574,2579,5
0,129,2580,2583,3
0,130,2600,2601,1
2,52,2601,2604,3
1,79,2607,2609,2
3,26,2604,2615,9
0,131,2620,2623,3
0,132,2640,2642,2
1,80,2642,2645,3
2,53,2650,2653,3
0,133,2660,2663,3
1,81,2673,2675,2
0,134,2680,2682,2
0,135,2700,2702,2
1,82,2706,2708,2
2,54,2702,2709,5
3,27,2709,2719,10
0,136,2720,2721,1
0,137,2740,2742,2
1,83,2739,2744,3
2,55,2750,2754,4
0,138,2760,2762,2
1,84,2772,2774,2
0,139,2780,2784,4
0,140,2800,2803,3
1,85,2805,2807,2
2,56,2803,2809,4
0,141,2820,2822,2
3,28,2809,2828,17
0,142,2840,2844,4
1,86,2838,2847,5
2,57,2850,2853,3
0,143,2860,2861,1
1,87,2871,2873,2
0,144,2880,2883,3
0,145,2900,2902,2
1,88,2904,2906,2
2,58,2902,2907,3
0,146,2920,2923,3
3,29,2907,2924,14
1,89,2937,2939,2
0,147,2940,2942,2
2,59,2950,2954,4
0,148,2960,2962,2
1,90,2970,2974,4
0,149,2980,2983,3
0,150,3000,3003,3
1,91,3003,3005,2
2,60,3005,3009,4
3,30,3009,3020,11
0,151,3020,3022,2
1,92,3036,3039,3
0,152,3040,3042,2
2,61,3050,3053,3
0,153,3060,3064,4
1,93,3069,3072,3
0,154,3080,3082,2
4,3,3022,3089,50
0,155,3100,3103,3
1,94,3103,3108,5
2,62,3108,3112,4
3,31,3112,3120,8
0,156,3120,3124,4
1,95,3135,3138,3
0,157,3140,3141,1
2,63,3150,3155,5
0,158,3160,3162,2
1,96,3168,3170,2
0,159,3180,3183,3
0,160,3200,3202,2
1,97,3202,3205,3
2,64,3205,3209,4
3,32,3209,3219,10
0,161,3220,3221,1
1,98,3234,3239,5
0,162,3240,3243,3
2,65,3250,3253,3
0,163,3260,3261,1
1,99,3267,3269,2
0,164,3280,3282,2
0,165,3300,3301,1
1,100,3301,3307,6
2,66,3307,3311,4
3,33,3311,3320,9
0,166,3320,3323,3
1,101,3333,3336,3
0,167,3340,3342,2
2,67,3350,3355,5
0,168,3360,3363,3
1,102,3366,3369,3
0,169,3380,3383,3
0,170,3400,3402,2
1,103,3399,3403,2
2,68,3403,3406,3
3,34,3406,3415,9
0,171,3420,3422,2
1,104,3432,3437,5
0,172,3440,3442,2
2,69,3450,3453,3
0,173,3460,3462,2
1,105,3465,3468,3
0,174,3480,3481,1
0,175,3500,3503,3
1,106,3498,3504,3
2,70,3504,3507,3
0,176,3520,3523,3
3,35,3507,3524,14
1,107,3531,3536,5
0,177,3540,3542,2
2,71,3550,3553,3
0,178,3560,3563,3
1,108,3564,3567,3
0,179,3580,3583,3
1,109,3597,3600,3
0,180,3600,3602,2
2,72,3602,3606,4
3,36,3606,3616,10
0,181,3620,3622,2
1,110,3630,3634,4
0,182,3640,3644,4
2,73,3650,3654,4
0,183,3660,3661,1
1,111,3663,3665,2
0,184,3680,3682,2
1,112,3696,3698,2
0,185,3700,3702,2
2,74,3702,3705,3
3,37,3705,3711,6
0,186,3720,3722,2
1,113,3729,3732,3
0,187,3740,3742,2
2,75,3750,3754,4
0,188,3760,3761,1
1,114,3762,3766,4
0,189,3780,3783,3
1,115,3795,3800,5
0,190,3800,3804,4
2,76,3804,3809,5
0,191,3820,3822,2
3,38,3809,3823,12
1,116,3828,3833,5
0,192,3840,3841,1
2,77,3850,3854,4
0,193,3860,3863,3
1,117,3863,3867,4
0,194,3880,3883,3
1,118,3894,3896,2
0,195,3900,3903,3
2,78,3903,3906,3
3,39,3906,3919,13
0,196,3920,3922,2
1,119,3927,3929,2
0,197,3940,3943,3
2,79,3950,3956,6
0,198,3960,3961,1
1,120,3961,3963,2
0,199,3980,3984,4
1,121,3993,3995,2
0,200,4000,4003,3
2,80,4003,4006,3
3,40,4006,4014,8
0,201,4020,4023,3
1,122,4026,4029,3
0,202,4040,4043,3
2,81,4050,4053,3
0,203,4060,4062,2
1,123,4059,4064,3
0,204,4080,4084,4
4,4,4014,4085,50
1,124,4092,4094,2
0,205,4100,4102,2
2,82,4102,4105,3
3,41,4105,4114,9
0,206,4120,4123,3
1,125,4125,4127,2
0,207,4140,4143,3
2,83,4150,4153,3
0,208,4160,4162,2
1,126,4158,4163,3
0,209,4180,4183,3
1,127,4191,4193,2
0,210,4200,4203,3
2,84,4203,4206,3
3,42,4206,4219,13
0,211,4220,4222,2
1,128,4224,4227,3
0,212,4240,4242,2
2,85,4250,4255,5
0,213,4260,4265,5
1,129,4257,4267,5
0,214,4280,4283,3
1,130,4290,4292,2
0,215,4300,4302,2
2,86,4302,4306,4
3,43,4306,4319,13
0,216,4320,4322,2
1,131,4323,4325,2
0,217,4340,4342,2
2,87,4350,4354,4
1,132,4356,4358,2
0,218,4360,4363,3
0,219,4380,4381,1
1,133,4389,4393,4
0,220,4400,4402,2
2,88,4402,4405,3
3,44,4405,4415,10
0,221,4420,4421,1
1,134,4422,4424,2
0,222,4440,4441,1
2,89,4450,4454,4
1,135,4455,4460,5
0,223,4460,4462,2
0,224,4480,4482,2
1,136,4488,4491,3
0,225,4500,4503,3
2,90,4503,4506,3
3,45,4506,4517,11
0,226,4520,4521,1
1,137,4521,4523,2
0,227,4540,4541,1
2,91,4550,4553,3
1,138,4554,4560,6
0,228,4560,4563,3
0,229,4580,4582,2
1,139,4587,4590,3
0,230,4600,4602,2
2,92,4602,4605,3
0,231,4620,4621,1
1,140,4621,4623,2
3,46,4605,4625,17
0,232,4640,4643,3
2,93,4650,4653,3
1,141,4653,4656,3
0,233,4660,4663,3
0,234,4680,4683,3
1,142,4686,4688,2
0,235,4700,4702,2
2,94,4702,4705,3
3,47,4705,4712,7
0,236,4720,4722,2
1,143,4719,4723,2
5,1,4085,4725,387
0,237,4740,4742,2
1,144,4752,4755,3
2,95,4750,4758,5
0,238,4760,4763,3
0,239,4780,4781,1
1,145,4785,4787,2
0,240,4800,4802,2
2,96,4802,4806,4
3,48,4806,4813,7
1,146,4818,4820,2
0,241,4820,4822,2
0,242,4840,4842,2
1,147,4851,4853,2
2,97,4850,4857,5
0,243,4860,4863,3
0,244,4880,4882,2
1,148,4884,4888,4
0,245,4900,4902,2
2,98,4902,4907,5
0,246,4920,4923,3
1,149,4917,4924,4
3,49,4907,4925,11
0,247,4940,4942,2
1,150,4950,4952,2
2,99,4952,4956,4
0,248,4960,4962,2
0,249,4980,4984,4
1,151,4984,4987,3
0,250,5000,5002,2
2,100,5002,5005,3
3,50,5005,5016,11
1,152,5016,5018,2
0,251,5020,5023,3
0,252,5040,5042,2
1,153,5049,5054,5
2,101,5054,5057,3
0,253,5060,5063,3
0,254,5080,5084,4
1,154,5084,5087,3
4,5,5018,5091,50
0,255,5100,5102,2
2,102,5102,5105,3
1,155,5115,5119,4
0,256,5120,5124,4
3,51,5105,5127,14
0,257,5140,5143,3
1,156,5148,5150,2
2,103,5150,5153,3
0,258,5160,5163,3
0,259,5180,5184,4
1,157,5184,5186,2
0,260,5200,5202,2
2,104,5202,5205,3
1,158,5214,5218,4
3,52,5205,5220,11
0,261,5220,5224,4
0,262,5240,5243,3
1,159,5247,5250,3
2,105,5250,5253,3
0,263,5260,5262,2
0,264,5280,5281,1
1,160,5281,5284,3
0,265,5300,5303,3
2,106,5303,5306,3
1,161,5313,5316,3
3,53,5306,5320,11
0,266,5320,5321,1
0,267,5340,5343,3
1,162,5346,5350,4
2,107,5350,5354,4
0,268,5360,5362,2
0,269,5380,5382,2
1,163,5379,5383,2
0,270,5400,5402,2
2,108,5402,5405,3
1,164,5412,5414,2
0,271,5420,5423,3
3,54,5405,5424,14
0,272,5440,5444,4
1,165,5445,5449,4
2,109,5450,5453,3
0,273,5460,5462,2
0,274,5480,5483,3
1,166,5478,5484,3
0,275,5500,5502,2
2,110,5502,5507,5
1,167,5511,5513,2
0,276,5520,5523,3
3,55,5507,5526,14
0,277,5540,5541,1
1,168,5544,5546,2
2,111,5550,5553,3
0,278,5560,5562,2
1,169,5577,5579,2
0,279,5580,5584,4
0,280,5600,5602,2
2,112,5602,5606,4
1,170,5610,5612,2
3,56,5606,5620,12
0,281,5620,5623,3
0,282,5640,5643,3
1,171,5643,5645,2
2,113,5650,5654,4
0,283,5660,5662,2
1,172,5676,5678,2
0,284,5680,5681,1
0,285,5700,5703,3
2,114,5703,5708,5
1,173,5709,5711,2
3,57,5708,5717,7
0,286,5720,5722,2
0,287,5740,5743,3
1,174,5743,5745,2
2,115,5750,5753,3
0,288,5760,5762,2
1,175,5775,5777,2
0,289,5780,5782,2
0,290,5800,5803,3
2,116,5803,5806,3
1,176,5808,5811,3
3,58,5806,5820,11
0,291,5820,5822,2
0,292,5840,5842,2
1,177,5842,5844,2
2,117,5850,5855,5
0,293,5860,5864,4
1,178,5874,5878,4
0,294,5880,5882,2
0,295,5900,5902,2
2,118,5902,5906,4
1,179,5907,5909,2
3,59,5906,5913,5
0,296,5920,5922,2
0,297,5940,5943,3
1,180,5943,5946,3
2,119,5950,5953,3
0,298,5960,5961,1
1,181,5973,5975,2
0,299,5980,5984,4
0,300,6000,6002,2
2,120,6002,6005,3
1,182,6006,6009,3
3,60,6005,6014,6
0,301,6020,6022,2
0,302,6040,6043,3
1,183,6039,6044,2
2,121,6050,6054,4
0,303,6060,6064,4
1,184,6072,6076,4
0,304,6080,6081,1
4,6,6014,6084,50
0,305,6100,6103,3
1,185,6105,6109,4
2,122,6103,6110,3
3,61,6110,6119,9
0,306,6120,6121,1
1,186,6138,6140,2
0,307,6140,6143,3
2,123,6150,6154,4
0,308,6160,6162,2
1,187,6171,6173,2
0,309,6180,6183,3
0,310,6200,6204,4
1,188,6204,6209,5
2,124,6209,6213,4
0,311,6220,6224,4
3,62,6213,6227,10
0,312,6240,6242,2
1,189,6237,6243,4
2,125,6250,6253,3
0,313,6260,6263,3
1,190,6270,6273,3
0,314,6280,6283,3
0,315,6300,6301,1
1,191,6303,6306,3
2,126,6301,6308,4
0,316,6320,6322,2
3,63,6308,6323,13
1,192,6336,6339,3
0,317,6340,6343,3
2,127,6350,6356,6
0,318,6360,6363,3
1,193,6369,6371,2
0,319,6380,6383,3
0,320,6400,6403,3
1,194,6403,6405,2
2,128,6405,6408,3
3,64,6408,6420,12
0,321,6420,6422,2
1,195,6435,6437,2
0,322,6440,6441,1
2,129,6450,6453,3
0,323,6460,6462,2
1,196,6468,6470,2
0,324,6480,6482,2
0,325,6500,6501,1
1,197,6501,6503,2
2,130,6503,6506,3
3,65,6506,6515,9
0,326,6520,6522,2
1,198,6534,6537,3
0,327,6540,6542,2
2,131,6550,6553,3
0,328,6560,6564,4
1,199,6567,6570,3
0,329,6580,6582,2
0,330,6600,6602,2
1,200,6602,6606,4
2,132,6606,6610,4
0,331,6620,6624,4
3,66,6610,6627,13
1,201,6633,6636,3
0,332,6640,6642,2
2,133,6650,6653,3
0,333,6660,6662,2
1,202,6666,6670,4
0,334,6680,6683,3
0,335,6700,6702,2
1,203,6699,6703,2
2,134,6703,6708,5
3,67,6708,6716,8
0,336,6720,6721,1
1,204,6732,6735,3
0,337,6740,6743,3
2,135,6750,6753,3
0,338,6760,6762,2
1,205,6765,6769,4
0,339,6780,6783,3
0,340,6800,6802,2
1,206,6798,6803,3
2,136,6803,6807,4
3,68,6807,6813,6
0,341,6820,6822,2
1,207,6831,6833,2
0,342,6840,6842,2
2,137,6850,6854,4
0,343,6860,6864,4
1,208,6864,6867,3
0,344,6880,6883,3
1,209,6897,6899,2
0,345,6900,6903,3
2,138,6903,6906,3
3,69,6906,6915,9
0,346,6920,6923,3
1,210,6930,6935,5
0,347,6940,6942,2
2,139,6950,6953,3
0,348,6960,6962,2
1,211,6963,6965,2
0,349,6980,6982,2
1,212,6996,6998,2
0,350,7000,7003,3
2,140,7003,7007,4
3,70,7007,7019,12
0,351,7020,7023,3
1,213,7029,7033,4
0,352,7040,7041,1
2,141,7050,7056,6
0,353,7060,7062,2
1,214,7062,7065,3
0,354,7080,7083,3
4,7,7019,7091,50
1,215,7095,7097,2
0,355,7100,7102,2
2,142,7102,7106,4
3,71,7106,7113,7
0,356,7120,7123,3
1,216,7128,7134,6
0,357,7140,7143,3
2,143,7150,7154,4
0,358,7160,7163,3
1,217,7163,7166,3
0,359,7180,7182,2
1,218,7194,7197,3
0,360,7200,7203,3
2,144,7203,7206,3
3,72,7206,7216,10
0,361,7220,7223,3
1,219,7227,7229,2
0,362,7240,7242,2
2,145,7250,7253,3
0,363,7260,7262,2
1,220,7262,7266,4
0,364,7280,7281,1
1,221,7293,7297,4
0,365,7300,7303,3
2,146,7303,7307,4
3,73,7307,7317,10
0,366,7320,7321,1
1,222,7326,7329,3
0,367,7340,7342,2
2,147,7350,7354,4
0,368,7360,7362,2
1,223,7359,7364,3
0,369,7380,7381,1
1,224,7392,7396,4
0,370,7400,7402,2
2,148,7402,7406,4
3,74,7406,7418,12
0,371,7420,7422,2
1,225,7425,7428,3
0,372,7440,7443,3
2,149,7450,7453,3
1,226,7458,7460,2
0,373,7460,7462,2
0,374,7480,7482,2
1,227,7491,7494,3
0,375,7500,7502,2
2,150,7502,7506,4
3,75,7506,7511,5
0,376,7520,7522,2
1,228,7524,7529,5
0,377,7540,7543,3
2,151,7550,7553,3
1,229,7557,7559,2
0,378,7560,7561,1
0,379,7580,7583,3
1,230,7590,7592,2
0,380,7600,7603,3
2,152,7603,7607,4
3,76,7607,7614,7
0,381,7620,7624,4
1,231,7624,7626,2
0,382,7640,7642,2
2,153,7650,7653,3
0,383,7660,7661,1
1,232,7656,7662,5
0,384,7680,7682,2
1,233,7689,7693,4
0,385,7700,7702,2
2,154,7702,7706,4
3,77,7706,7713,7
0,386,7720,7722,2
1,234,7722,7726,4
0,387,7740,7743,3
2,155,7750,7753,3
1,235,7755,7758,3
0,388,7760,7763,3
0,389,7780,7782,2
1,236,7788,7792,4
0,390,7800,7801,1
2,156,7801,7804,3
3,78,7804,7815,11
0,391,7820,7821,1
1,237,7821,7825,4
0,392,7840,7841,1
1,238,7854,7857,3
2,157,7850,7858,5
0,393,7860,7862,2
0,394,7880,7883,3
1,239,7887,7890,3
0,395,7900,7903,3
2,158,7903,7907,4
3,79,7907,7919,12
0,396,7920,7922,2
1,240,7922,7924,2
0,397,7940,7942,2
2,159,7950,7953,3
1,241,7953,7955,2
0,398,7960,7963,3
0,399,7980,7983,3
1,242,7986,7988,2
0,400,8000,8003,3
2,160,8003,8006,3
0,401,8020,8023,3
1,243,8019,8026,4
3,80,8006,8028,15
0,402,8040,8043,3
1,244,8052,8054,2
2,161,8050,8056,4
0,403,8060,8063,3
0,404,8080,8081,1
1,245,8085,8088,3
4,8,8028,8094,50
0,405,8100,8101,1
2,162,8101,8104,3
3,81,8104,8116,12
0,406,8120,8122,2
1,246,8118,8126,6
0,407,8140,8142,2
1,247,8151,8155,4
2,163,8150,8157,3
0,408,8160,8162,2
0,409,8180,8182,2
1,248,8184,8186,2
0,410,8200,8201,1
2,164,8201,8205,4
3,82,8205,8216,11
1,249,8217,8219,2
0,411,8220,8222,2
0,412,8240,8241,1
1,250,8250,8254,4
2,165,8254,8259,5
0,413,8260,8262,2
0,414,8280,8282,2
1,251,8283,8286,3
0,415,8300,8302,2
2,166,8302,8306,4
1,252,8316,8319,3
3,83,8306,8320,11
0,416,8320,8323,3
0,417,8340,8343,3
1,253,8349,8352,3
2,167,8352,8357,5
0,418,8360,8364,4
0,419,8380,8383,3
1,254,8383,8385,2
0,420,8400,8402,2
2,168,8402,8407,5
1,255,8415,8417,2
3,84,8407,8420,11
0,421,8420,8422,2
0,422,8440,8444,4
1,256,8448,8451,3
2,169,8451,8454,3
0,423,8460,8462,2
0,424,8480,8482,2
1,257,8482,8486,4
0,425,8500,8503,3
2,170,8503,8507,4
1,258,8514,8517,3
3,85,8507,8520,10
0,426,8520,8522,2
0,427,8540,8542,2
1,259,8547,8551,4
2,171,8551,8554,3
0,428,8560,8563,3
0,429,8580,8583,3
1,260,8583,8586,3
5,2,8094,8598,305
0,430,8600,8601,1
2,172,8601,8605,4
3,86,8605,8610,5
1,261,8613,8617,4
0,431,8620,8624,4
0,432,8640,8643,3
1,262,8646,8648,2
2,173,8650,8654,4
0,433,8660,8661,1
0,434,8680,8682,2
1,263,8679,8683,2
0,435,8700,8702,2
2,174,8702,8706,4
1,264,8712,8716,4
0,436,8720,8722,2
3,87,8706,8725,13
0,437,8740,8741,1
1,265,8745,8747,2
2,175,8750,8756,6
0,438,8760,8762,2
0,439,8780,8783,3
1,266,8778,8785,4
0,440,8800,8804,4
2,176,8804,8807,3
1,267,8811,8814,3
3,88,8807,8820,10
0,441,8820,8823,3
0,442,8840,8842,2
1,268,8844,8847,3
2,177,8850,8855,5
0,443,8860,8862,2
1,269,8877,8880,3
0,444,8880,8883,3
0,445,8900,8903,3
2,178,8903,8907,4
1,270,8910,8914,4
0,446,8920,8922,2
3,89,8907,8930,17
0,447,8940,8943,3
1,271,8943,8945,2
2,179,8950,8955,5
0,448,8960,8962,2
1,272,8976,8979,3
0,449,8980,8983,3
0,450,9000,9002,2
2,180,9002,9005,3
1,273,9009,9012,3
3,90,9005,9020,12
0,451,9020,9022,2
0,452,9040,9041,1
1,274,9042,9045,3
2,181,9050,9054,4
0,453,9060,9062,2
1,275,9075,9079,4
0,454,9080,9082,2
4,9,9022,9088,50
0,455,9100,9102,2
2,182,9102,9105,3
1,276,9108,9110,2
3,91,9105,9119,12
0,456,9120,9124,4
0,457,9140,9144,4
1,277,9144,9148,4
2,183,9150,9153,3
0,458,9160,9163,3
1,278,9174,9177,3
0,459,9180,9184,4
0,460,9200,9202,2
2,184,9202,9206,4
1,279,9207,9210,3
3,92,9206,9219,10
0,461,9220,9221,1
0,462,9240,9241,1
1,280,9241,9244,3
2,185,9250,9253,3
0,463,9260,9262,2
1,281,9273,9277,4
0,464,9280,9281,1
0,465,9300,9303,3
2,186,9303,9306,3
1,282,9306,9311,5
0,466,9320,9322,2
3,93,9311,9325,12
0,467,9340,9342,2
1,283,9339,9344,3
2,187,9350,9356,6
0,468,9360,9362,2
1,284,9372,9375,3
0,469,9380,9383,3
0,470,9400,9401,1
2,188,9401,9404,3
1,285,9405,9408,3
3,94,9404,9419,12
0,471,9420,9422,2
1,286,9438,9440,2
0,472,9440,9442,2
2,189,9450,9453,3
0,473,9460,9461,1
1,287,9471,9474,3
0,474,9480,9482,2
0,475,9500,9502,2
1,288,9504,9507,3
2,190,9502,9508,3
3,95,9508,9515,7
0,476,9520,9522,2
1,289,9537,9539,2
0,477,9540,9542,2
2,191,9550,9555,5
0,478,9560,9562,2
1,290,9570,9575,5
0,479,9580,9583,3
0,480,9600,9602,2
1,291,9603,9605,2
2,192,9602,9608,4
3,96,9608,9619,11
0,481,9620,9622,2
1,292,9636,9638,2
0,482,9640,9642,2
2,193,9650,9653,3
0,483,9660,9664,4
1,293,9669,9674,5
0,484,9680,9682,2
0,485,9700,9703,3
1,294,9703,9706,3
2,194,9706,9709,3
3,97,9709,9718,9
0,486,9720,9723,3
1,295,9735,9739,4
0,487,9740,9743,3
2,195,9750,9753,3
0,488,9760,9762,2
1,296,9768,9772,4
0,489,9780,9781,1
0,490,9800,9801,1
1,297,9801,9803,2
2,196,9803,9807,4
3,98,9807,9817,10
0,491,9820,9821,1
1,298,9834,9836,2
0,492,9840,9843,3
2,197,9850,9855,5
0,493,9860,9862,2
1,299,9867,9871,4
0,494,9880,9882,2
0,495,9900,9903,3
1,300,9903,9906,3
2,198,9906,9910,4
0,496,9920,9922,2
3,99,9910,9923,11
1,301,9933,9937,4
0,497,9940,9943,3
2,199,9950,9954,4
0,498,9960,9962,2
1,302,9966,9969,3
0,499,9980,9982,2
0,500,10000,10002,2
1,303,9999,10006,5
2,200,10006,10010,4
3,100,10010,10020,10
0,501,10020,10023,3
1,304,10032,10034,2
0,502,10040,10042,2
2,201,10050,10054,4
0,503,10060,10063,3
1,305,10065,10067,2
0,504,10080,10082,2
4,10,10023,10088,50
1,306,10098,10100,2
0,505,10100,10103,3
2,202,10103,10107,4
3,101,10107,10119,12
0,506,10120,10123,3
1,307,10131,10133,2
0,507,10140,10142,2
2,203,10150,10153,3
0,508,10160,10162,2
1,308,10164,10168,4
0,509,10180,10182,2
1,309,10197,10200,3
0,510,10200,10203,3
2,204,10203,10206,3
3,102,10206,10218,12
0,511,10220,10222,2
1,310,10230,10233,3
0,512,10240,10244,4
2,205,10250,10254,4
0,513,10260,10262,2
1,311,10263,10265,2
0,514,10280,10282,2
1,312,10296,10300,4
0,515,10300,10301,1
2,206,10301,10305,4
3,103,10305,10313,8
0,516,10320,10322,2
1,313,10329,10333,4
0,517,10340,10342,2
2,207,10350,10354,4
0,518,10360,10361,1
1,314,10362,10365,3
0,519,10380,10383,3
1,315,10395,10397,2
0,520,10400,10403,3
2,208,10403,10406,3
3,104,10406,10412,6
0,521,10420,10422,2
1,316,10428,10431,3
0,522,10440,10442,2
2,209,10450,10453,3
0,523,10460,10463,3
1,317,10463,10468,5
0,524,10480,10482,2
1,318,10494,10496,2
0,525,10500,10502,2
2,210,10502,10505,3
3,105,10505,10510,5
0,526,10520,10522,2
1,319,10527,10530,3
0,527,10540,10544,4
2,211,10550,10553,3
0,528,10560,10563,3
1,320,10563,10566,3
0,529,10580,10583,3
1,321,10593,10597,4
0,530,10600,10602,2
2,212,10602,10606,4
0,531,10620,10622,2
1,322,10626,10628,2
3,106,10606,10629,19
0,532,10640,10642,2
2,213,10650,10653,3
0,533,10660,10662,2
1,323,10659,10667,6
0,534,10680,10683,3
1,324,10692,10695,3
0,535,10700,10702,2
2,214,10702,10705,3
3,107,10705,10712,7
0,536,10720,10724,4
1,325,10725,10729,4
0,537,10740,10744,4
2,215,10750,10753,3
1,326,10758,10760,2
0,538,10760,10762,2
0,539,10780,10782,2
1,327,10791,10795,4
0,540,10800,10802,2
2,216,10802,10805,3
3,108,10805,10813,8
0,541,10820,10823,3
1,328,10824,10826,2
0,542,10840,10843,3
2,217,10850,10855,5
0,543,10860,10863,3
1,329,10857,10864,4
0,544,10880,10882,2
1,330,10890,10894,4
0,545,10900,10903,3
2,218,10903,10909,6
0,546,10920,10923,3
1,331,10923,10925,2
3,109,10909,10929,15
0,547,10940,10943,3
2,219,10950,10955,5
1,332,10956,10958,2
0,548,10960,10962,2
0,549,10980,10981,1
1,333,10989,10995,6
0,550,11000,11004,4
2,220,11004,11007,3
3,110,11007,11012,5
0,551,11020,11021,1
1,334,11022,11026,4
0,552,11040,11043,3
2,221,11050,11054,4
1,335,11055,11058,3
0,553,11060,11063,3
4,11,11012,11080,50
0,554,11080,11082,2
1,336,11088,11091,3
0,555,11100,11103,3
2,222,11103,11107,4
3,111,11107,11117,10
0,556,11120,11122,2
1,337,11122,11124,2
0,557,11140,11142,2
2,223,11150,11154,4
1,338,11154,11156,2
0,558,11160,11162,2
0,559,11180,11184,4
1,339,11187,11190,3
0,560,11200,11203,3
2,224,11203,11206,3
3,112,11206,11213,7
0,561,11220,11222,2
1,340,11222,11225,3
0,562,11240,11243,3
2,225,11250,11253,3
1,341,11253,11256,3
0,563,11260,11262,2
0,564,11280,11283,3
1,342,11286,11288,2
0,565,11300,11304,4
2,226,11304,11307,3
3,113,11307,11316,9
0,566,11320,11322,2
1,343,11319,11324,3
0,567,11340,11342,2
1,344,11352,11357,5
2,227,11350,11358,3
0,568,11360,11362,2
0,569,11380,11381,1
1,345,11385,11389,4
0,570,11400,11403,3
2,228,11403,11406,3
3,114,11406,11417,11
1,346,11418,11420,2
0,571,11420,11423,3
0,572,11440,11442,2
1,347,11451,11453,2
2,229,11450,11455,3
0,573,11460,11463,3
0,574,11480,11483,3
1,348,11484,11488,4
0,575,11500,11503,3
2,230,11503,11507,4
3,115,11507,11512,5
0,576,11520,11522,2
1,349,11517,11524,5
0,577,11540,11542,2
1,350,11550,11552,2
2,231,11552,11557,5
0,578,11560,11563,3
0,579,11580,11584,4
1,351,11584,11587,3
0,580,11600,11603,3
2,232,11603,11606,3
1,352,11616,11620,4
0,581,11620,11622,2
3,116,11606,11625,13
0,582,11640,11642,2
1,353,11649,11653,4
2,233,11653,11656,3
0,583,11660,11662,2
0,584,11680,11683,3
1,354,11683,11685,2
0,585,11700,11703,3
2,234,11703,11707,4
1,355,11715,11717,2
3,117,11707,11720,11
0,586,11720,11723,3
0,587,11740,11743,3
1,356,11748,11750,2
2,235,11750,11754,4
0,588,11760,11761,1
0,589,11780,11783,3
1,357,11783,11786,3
0,590,11800,11803,3
2,236,11803,11806,3
1,358,11814,11820,6
0,591,11820,11822,2
3,118,11806,11823,9
0,592,11840,11844,4
1,359,11847,11849,2
2,237,11850,11855,5
0,593,11860,11863,3
0,594,11880,11882,2
1,360,11882,11886,4
0,595,11900,11903,3
2,238,11903,11909,6
1,361,11913,11915,2
3,119,11909,11919,8
0,596,11920,11924,4
0,597,11940,11943,3
1,362,11946,11949,3
2,239,11950,11953,3
0,598,11960,11961,1
0,599,11980,11982,2
1,363,11979,11985,4
0,600,12000,12001,1
2,240,12001,12005,4
1,364,12012,12016,4
0,601,12020,12023,3
3,120,12005,12025,13
0,602,12040,12043,3
1,365,12045,12047,2
2,241,12050,12053,3
0,603,12060,12062,2
1,366,12078,12080,2
0,604,12080,12082,2
4,12,12025,12089,50
0,605,12100,12102,2
2,242,12102,12105,3
1,367,12111,12114,3
3,121,12105,12120,12
0,606,12120,12122,2
0,607,12140,12143,3
1,368,12144,12148,4
2,243,12150,12155,5
0,608,12160,12164,4
1,369,12177,12180,3
0,609,12180,12182,2
0,610,12200,12202,2
2,244,12202,12205,3
3,122,12205,12210,5
1,370,12210,12212,2
0,611,12220,12222,2
0,612,12240,12242,2
1,371,12243,12245,2
2,245,12250,12253,3
0,613,12260,12262,2
1,372,12276,12279,3
0,614,12280,12283,3
0,615,12300,12302,2
2,246,12302,12305,3
1,373,12309,12313,4
3,123,12305,12317,8
0,616,12320,12321,1
0,617,12340,12343,3
1,374,12343,12348,5
2,247,12350,12354,4
0,618,12360,12363,3
1,375,12375,12377,2
0,619,12380,12383,3
0,620,12400,12403,3
2,248,12403,12408,5
1,376,12408,12412,4
3,124,12412,12419,7
0,621,12420,12423,3
0,622,12440,12442,2
1,377,12442,12445,3
2,249,12450,12454,4
0,623,12460,12463,3
1,378,12474,12478,4
0,624,12480,12481,1
0,625,12500,12504,4
2,250,12504,12507,3
1,379,12507,12510,3
3,125,12510,12520,10
0,626,12520,12522,2
0,627,12540,12543,3
1,380,12543,12545,2
2,251,12550,12555,5
0,628,12560,12561,1
1,381,12573,12578,5
5,3,12089,12579,303
0,629,12580,12583,3
0,630,12600,12603,3
2,252,12603,12606,3
1,382,12606,12609,3
3,126,12609,12616,7
0,631,12620,12622,2
0,632,12640,12642,2
1,383,12639,12643,2
2,253,12650,12653,3
0,633,12660,12662,2
1,384,12672,12674,2
0,634,12680,12681,1
0,635,12700,12703,3
1,385,12705,12709,4
2,254,12703,12710,3
3,127,12710,12718,8
0,636,12720,12723,3
1,386,12738,12740,2
0,637,12740,12744,4
2,255,12750,12753,3
0,638,12760,12763,3
1,387,12771,12774,3
0,639,12780,12783,3
0,640,12800,12803,3
1,388,12804,12808,4
2,256,12803,12810,3
3,128,12810,12820,10
0,641,12820,12822,2
1,389,12837,12839,2
0,642,12840,12843,3
2,257,12850,12853,3
0,643,12860,12863,3
1,390,12870,12872,2
0,644,12880,12883,3
0,645,12900,12902,2
1,391,12903,12907,4
2,258,12902,12910,4
3,129,12910,12918,8
0,646,12920,12922,2
1,392,12936,12940,4
0,647,12940,12944,4
2,259,12950,12953,3
0,648,12960,12963,3
1,393,12969,12973,4
0,649,12980,12984,4
0,650,13000,13002,2
1,394,13002,13004,2
2,260,13004,13007,3
3,130,13007,13018,11
0,651,13020,13022,2
1,395,13035,13038,3
0,652,13040,13042,2
2,261,13050,13053,3
0,653,13060,13063,3
1,396,13068,13071,3
0,654,13080,13083,3
4,13,13018,13087,50
0,655,13100,13102,2
1,397,13102,13105,3
2,262,13105,13110,5
3,131,13110,13117,7
0,656,13120,13122,2
1,398,13134,13138,4
0,657,13140,13143,3
2,263,13150,13155,5
0,658,13160,13163,3
1,399,13167,13170,3
0,659,13180,13182,2
0,660,13200,13202,2
1,400,13202,13205,3
2,264,13205,13208,3
3,132,13208,13216,8
0,661,13220,13224,4
1,401,13233,13235,2
0,662,13240,13243,3
2,265,13250,13255,5
0,663,13260,13262,2
1,402,13266,13268,2
0,664,13280,13282,2
0,665,13300,13302,2
1,403,13299,13303,2
2,266,13303,13306,3
3,133,13306,13318,12
0,666,13320,13322,2
1,404,13332,13337,5
0,667,13340,13343,3
2,267,13350,13354,4
0,668,13360,13362,2
1,405,13365,13367,2
0,669,13380,13382,2
1,406,13398,13400,2
0,670,13400,13402,2
2,268,13402,13407,5
3,134,13407,13412,5
0,671,13420,13421,1
1,407,13431,13434,3
0,672,13440,13443,3
2,269,13450,13455,5
0,673,13460,13462,2
1,408,13464,13470,6
0,674,13480,13484,4
1,409,13497,13500,3
0,675,13500,13503,3
2,270,13503,13506,3
3,135,13506,13514,8
0,676,13520,13522,2
1,410,13530,13536,6
0,677,13540,13542,2
2,271,13550,13553,3
0,678,13560,13563,3
1,411,13563,13565,2
0,679,13580,13583,3
1,412,13596,13598,2
0,680,13600,13604,4
2,272,13604,13608,4
3,136,13608,13616,8
0,681,13620,13622,2
1,413,13629,13631,2
0,682,13640,13641,1
2,273,13650,13653,3
0,683,13660,13663,3
1,414,13663,13665,2
0,684,13680,13682,2
1,415,13695,13699,4
0,685,13700,13702,2
2,274,13702,13706,4
3,137,13706,13717,11
0,686,13720,13724,4
1,416,13728,13730,2
0,687,13740,13743,3
2,275,13750,13753,3
0,688,13760,13763,3
1,417,13763,13766,3
0,689,13780,13784,4
1,418,13794,13796,2
0,690,13800,13801,1
2,276,13801,13804,3
3,138,13804,13810,6
0,691,13820,13822,2
1,419,13827,13829,2
0,692,13840,13844,4
2,277,13850,13853,3
0,693,13860,13863,3
1,420,13863,13868,5
0,694,13880,13882,2
1,421,13893,13897,4
0,695,13900,13902,2
2,278,13902,13906,4
3,139,13906,13912,6
0,696,13920,13921,1
1,422,13926,13928,2
0,697,13940,13943,3
2,279,13950,13953,3
0,698,13960,13961,1
1,423,13959,13963,3
0,699,13980,13982,2
1,424,13992,13998,6
0,700,14000,14002,2
2,280,14002,14006,4
3,140,14006,14018,12
0,701,14020,14023,3
1,425,14025,14028,3
0,702,14040,14044,4
2,281,14050,14054,4
0,703,14060,14061,1
1,426,14058,14064,5
0,704,14080,14084,4
1,427,14091,14097,6
4,14,14018,14098,50
0,705,14100,14102,2
2,282,14102,14106,4
0,706,14120,14122,2
3,141,14106,14124,16
1,428,14124,14128,4
0,707,14140,14143,3
2,283,14150,14153,3
0,708,14160,14163,3
1,429,14157,14165,5
0,709,14180,14182,2
1,430,14190,14193,3
0,710,14200,14201,1
2,284,14201,14204,3
3,142,14204,14211,7
0,711,14220,14223,3
1,431,14223,14228,5
0,712,14240,14242,2
2,285,14250,14254,4
1,432,14256,14258,2
0,713,14260,14263,3
0,714,14280,14283,3
1,433,14289,14294,5
0,715,14300,14302,2
2,286,14302,14306,4
3,143,14306,14318,12
0,716,14320,14322,2
1,434,14322,14324,2
0,717,14340,14343,3
2,287,14350,14353,3
1,435,14355,14358,3
0,718,14360,14364,4
0,719,14380,14383,3
1,436,14388,14390,2
0,720,14400,14402,2
2,288,14402,14406,4
3,144,14406,14417,11
0,721,14420,14422,2
1,437,14422,14425,3
0,722,14440,14442,2
2,289,14450,14453,3
1,438,14454,14456,2
0,723,14460,14463,3
0,724,14480,14482,2
1,439,14487,14493,6
0,725,14500,14503,3
2,290,14503,14508,5
3,145,14508,14516,8
0,726,14520,14522,2
1,440,14522,14526,4
0,727,14540,14542,2
1,441,14553,14556,3
2,291,14550,14557,4
0,728,14560,14562,2
0,729,14580,14581,1
1,442,14586,14589,3
0,730,14600,14602,2
2,292,14602,14605,3
3,146,14605,14618,13
0,731,14620,14621,1
1,443,14619,14625,5
0,732,14640,14642,2
1,444,14652,14656,4
2,293,14650,14658,4
0,733,14660,14663,3
0,734,14680,14682,2
1,445,14685,14688,3
0,735,14700,14702,2
2,294,14702,14705,3
3,147,14705,14711,6
1,446,14718,14720,2
0,736,14720,14724,4
0,737,14740,14743,3
1,447,14751,14754,3
2,295,14750,14757,4
0,738,14760,14763,3
0,739,14780,14783,3
1,448,14784,14788,4
0,740,14800,14804,4
2,296,14804,14807,3
1,449,14817,14819,2
0,741,14820,14822,2
3,148,14807,14824,13
0,742,14840,14842,2
1,450,14850,14856,6
2,297,14856,14859,3
0,743,14860,14861,1
0,744,14880,14884,4
1,451,14884,14888,4
0,745,14900,14902,2
2,298,14902,14907,5
1,452,14916,14919,3
0,746,14920,14923,3
3,149,14907,14925,12
0,747,14940,14943,3
1,453,14949,14954,5
2,299,14954,14959,5
0,748,14960,14961,1
0,749,14980,14981,1
1,454,14982,14985,3
0,750,15000,15002,2
2,300,15002,15006,4
3,150,15006,15012,6
0,751,15020,15022,2
1,455,15015,15023,6
0,752,15040,15042,2
1,456,15048,15051,3
2,301,15051,15056,5
0,753,15060,15062,2
0,754,15080,15083,3
1,457,15083,15086,3
4,15,15012,15088,50
0,755,15100,15103,3
2,302,15103,15107,4
1,458,15114,15117,3
0,756,15120,15121,1
3,151,15107,15124,13
0,757,15140,15141,1
1,459,15147,15150,3
2,303,15150,15154,4
0,758,15160,15163,3
0,759,15180,15182,2
1,460,15182,15185,3
0,760,15200,15203,3
2,304,15203,15206,3
3,152,15206,15212,6
1,461,15213,15215,2
0,761,15220,15224,4
0,762,15240,15242,2
1,462,15246,15250,4
2,305,15250,15253,3
0,763,15260,15262,2
