4.95055
4.95055
4.95055
4.95055
4.95055
4.95055
4.95055
4.95055
4.95055
4.95055
4.95055
4.95055
4.95055
4.95055
4.95055
4.95055
4.95055
4.95055
4.95055
4.95055
4.95055
4.95055
4.95055
4.95055
4.95055
4.95055
4.95055
4.95055
4.95055
4.95055
4.95055
4.95055
4.95055
4.95055
4.95055
4.95055
4.95055
4.95055
4.95055
4.95055
4.95055
4.95055
4.95055
4.95055
4.95055
4.95055
4.95055
4.95055
4.95055
4.95055
4.95055
4.95055
4.95055
4.95055
4.95055
4.95055
4.95055
4.95055
4.95055
4.95055
4.95055
4.95055
4.95055
4.95055
4.95055
4.95055
4.95055
4.95055
4.95055
4.95055
4.95055
4.95055
4.95055
4.95055
4.95055
4.95055
4.95055
4.95055
4.95055
4.95055
4.95055
4.95055
4.95055
4.95055
4.95055
4.95055
4.95055
4.95055
4.95055
4.95055
4.95055
4.95055
4.95055
4.95055
4.95055
4.95055
4.95055
4.95055
4.95055
