2.61142
2.91214
2.61194
2.56511
2.71807
2.80274
2.47153
2.36987
2.30484
2.32965
2.3495
2.37271
2.21223
2.23854
2.14861
2.59908
2.72249
2.39775
2.39848
2.55891
2.59016
2.74822
2.59562
2.73853
2.64349
2.32584
2.50147
2.9051
2.90859
2.6278
2.80962
2.7451
2.80655
2.6568
2.60953
2.64588
2.73465
2.54645
2.49075
2.70897
2.66694
2.77251
2.66005
2.70272
2.44067
2.72414
2.88987
2.6375
2.63315
2.72724
2.71571
2.85914
2.82468
2.97997
2.98987
2.94208
2.94859
2.95895
2.91667
2.87553
2.92154
3.16435
2.99155
3.0555
3.24753
3.16978
3.0417
3.04615
3.25695
3.25845
3.13565
2.99819
2.9777
2.99987
2.93101
2.97515
3.1525
2.74302
2.93445
2.71688
