2.47864
2.80702
2.66949
2.84726
2.69081
2.47398
2.64028
2.58804
2.46194
2.1043
2.11551
2.35009
2.36956
2.30215
2.434
2.41766
2.43246
2.35599
2.5419
2.66983
2.71091
2.65736
2.58621
2.75505
2.53434
2.38377
2.40268
2.87445
2.79228
2.79795
2.82163
2.69719
2.91998
2.81056
2.94784
3.08686
2.83561
2.40994
2.54753
2.62642
2.79202
2.74581
2.81496
2.58918
2.92146
2.74054
2.96815
2.7501
2.76015
2.90106
2.73612
2.84299
2.49706
2.71649
2.81779
2.72435
2.90538
2.87062
3.1852
2.80735
3.08881
2.94897
2.98194
2.89724
3.13212
3.18509
3.18663
3.15672
3.27649
2.9772
2.98689
3.15836
3.05912
2.98006
2.92852
3.00081
2.95319
2.98362
2.73743
3.08951
