2.98274
2.72198
2.61231
2.80629
2.57698
2.35988
2.47002
2.30988
2.42793
2.44069
2.59713
2.50042
2.21738
2.51977
2.44827
2.70696
2.49554
2.41488
2.76786
2.59458
2.72676
2.72961
2.60598
2.80125
2.66478
2.54507
2.46291
2.65774
2.78247
2.92322
2.94268
2.74524
2.67879
2.75226
2.73399
2.69549
2.66858
2.45832
2.48814
2.53055
2.68577
2.77248
2.64952
2.58787
2.90665
2.84822
2.74575
2.90237
2.81698
3.01226
2.93613
2.67132
2.73411
2.77071
2.79766
2.48973
2.73939
2.87078
2.7425
2.93237
2.98453
2.94978
3.07633
2.73565
3.14399
3.03195
3.15792
3.19851
3.25982
3.17022
3.15977
3.09208
2.99074
2.89712
2.77463
2.94684
3.00189
2.82535
3.06149
2.78166
