2.55966
2.59409
2.76602
2.79614
2.84426
2.67226
2.60306
2.52116
2.267
2.13215
2.25569
2.21312
2.20208
2.28968
2.56568
2.36492
2.51991
2.38908
2.41341
2.4277
2.61186
2.65984
2.48037
2.72987
2.31126
2.73055
2.3416
2.62386
2.85981
2.71445
2.7624
2.87336
2.59801
3.10318
2.85203
2.86532
2.72124
2.77806
2.57806
2.6222
2.9102
2.93306
2.71043
2.61816
2.80036
2.80026
2.73914
2.84935
2.97408
2.91018
2.6539
2.92586
2.99991
2.83257
2.92793
2.81399
2.93506
2.71709
3.0562
3.04367
2.88599
3.08564
3.19094
2.9622
2.99954
2.93226
3.02969
3.06441
3.06904
3.12033
3.1575
3.1282
3.07616
3.0011
3.01564
3.02213
3.07487
2.95046
2.91169
2.80938
