2.8302
2.51779
2.64612
2.58015
2.80131
2.78679
2.63752
2.45652
2.46686
2.24337
2.38713
2.60022
2.46931
2.23445
2.29509
2.38176
2.26917
2.47838
2.38002
2.39639
2.38792
2.49827
2.56448
2.69147
2.75503
2.54686
2.69239
2.76009
3.01133
2.74102
2.95248
2.85063
2.76889
2.75701
2.86898
2.98003
2.48101
2.60618
2.65687
2.51656
2.76256
2.78763
2.71598
2.73782
2.75744
2.63929
3.1498
2.89996
2.9788
2.8219
2.78934
2.70057
2.40742
2.80159
2.83142
3.07141
2.95203
2.94143
3.03087
3.0652
3.10135
3.03304
3.00375
2.9406
3.24612
2.81151
3.03561
2.97253
3.11074
3.13914
3.20675
3.01539
2.96791
2.97812
3.02914
2.86756
2.87865
2.79921
2.74997
2.87258
