2.88709
2.92524
2.86298
2.81173
2.66027
2.33251
2.53901
2.2022
2.26364
2.34993
2.40499
2.35758
2.50596
2.12821
2.46303
2.51002
2.38608
2.55138
2.53523
2.25174
2.25599
2.71645
2.7509
2.83721
2.64642
2.62641
2.65157
2.72505
2.80251
2.68832
3.02047
2.75917
2.74617
2.84823
3.02767
2.80851
2.62751
2.58784
2.54703
2.65511
2.80076
2.90366
2.73078
2.57073
2.66548
2.41867
2.85027
2.943
2.71387
2.87918
2.76609
2.61693
2.53399
2.9529
2.8253
2.89066
2.92365
2.88435
2.90822
2.837
3.09236
3.07181
2.93212
3.14842
2.99896
3.0146
2.82311
3.23898
3.14673
3.10759
3.17452
2.90837
3.07024
2.90255
2.84493
2.93904
2.99554
2.84307
2.8388
2.85242
