2.77767
2.72894
2.65445
2.58994
2.76441
2.6824
2.58442
2.3921
2.54688
2.46028
2.42041
2.39046
2.36572
2.39297
2.41298
2.61213
2.68993
2.37235
2.45777
2.52183
2.93554
2.62095
2.49433
2.55394
2.59861
2.63194
2.49952
2.70463
2.69356
2.8723
2.85418
2.79127
2.84917
2.77228
3.02304
3.02988
2.73771
2.83663
2.61021
2.88373
2.75069
2.64133
2.60024
2.51075
2.75076
2.67559
2.68305
2.45288
2.81027
2.80491
2.57459
2.77341
2.95522
2.56648
2.99709
2.96775
2.81065
2.93884
2.99947
3.03536
3.11687
3.14038
3.02975
3.20826
3.10695
3.13747
3.01956
3.09823
3.21096
3.10092
3.13063
3.02928
3.01108
2.98187
2.89521
3.04421
2.89477
2.9635
2.74865
2.81842
