2.71161
2.71765
2.9268
2.8852
2.49016
2.55514
2.58064
2.26986
2.33494
2.30435
2.23647
2.31543
2.34916
2.32724
2.56877
2.55449
2.34748
2.29165
2.53286
2.52503
2.74293
2.73451
2.83988
2.9214
2.65322
2.59865
2.82347
2.75793
2.99922
2.94034
2.94239
2.84292
2.78605
2.99034
2.70003
2.75893
2.93161
2.70612
2.69377
2.6766
2.72174
2.57892
2.67352
2.62636
2.68454
2.95098
2.69011
2.70693
2.6981
2.78649
2.44342
2.70964
2.65008
2.70853
2.89074
2.5978
2.91505
2.80938
2.81514
2.91761
3.06871
2.90221
3.06831
3.04429
2.66804
3.23648
3.04577
3.02572
3.09175
3.26062
3.03683
3.12158
3.02423
2.81418
3.06595
3.03911
2.98888
2.85979
2.76664
2.93079
