8,-1,200.0
8,-2,200.0
8,-2,297.87191409949594
8,-3,217.9199848514266
8,-3,219.9754772597361
8,-4,234.86813107009772
8,-4,316.55331322891124
8,-3,345.4729940065508
8,-3,200.0
8,-4,309.5068443197915
8,-4,200.0
8,-5,210.2946647237511
8,-5,302.8801818327984
8,-6,200.0
8,-6,200.0
8,-7,295.9961228266402
8,-7,200.0
8,-8,200.0
8,-8,200.0
8,-7,306.3947299023394
8,-7,200.0
8,-6,200.0
8,-6,221.86479057369695
8,-7,342.86211686321815
8,-7,329.05457314041564
7,-7,200.0
7,-7,245.10506857959058
7,-6,277.8073403757527
7,-6,281.74942733492543
7,-5,200.0
7,-5,206.24142884262994
7,-4,257.4140164507348
7,-4,204.28565402931696
7,-5,354.6951780288418
7,-5,200.0
7,-4,330.4480092449157
7,-4,200.0
7,-3,335.40756786029783
7,-3,200.0
6,-3,275.64790259696224
6,-3,264.5899550696318
6,-2,200.0
6,-2,200.0
7,-2,235.3332214133414
7,-2,253.09853586350937
7,-1,201.2873469927403
7,-1,346.98618117420165
7,-2,331.004372994424
7,-2,339.06344833894514
7,-1,419.98711110491803
7,-1,268.0179288286853
6,-1,292.92813056678665
6,-1,200.0
6,0,244.68517534363275
6,0,229.32664888597486
5,0,366.0072425412419
5,0,329.4470585142427
4,0,200.0
4,0,248.400896536627
3,0,300.1138603512715
3,0,200.0
3,1,249.81573751622722
3,1,441.01992300201556
3,2,340.32160050694085
3,2,206.95118749188322
2,2,200.0
2,2,340.1864757833394
1,2,334.8927045898995
1,2,345.46453917371923
1,3,214.01057070727296
1,3,251.5282089454206
1,4,232.32382093966635
1,4,230.07567389825982
0,4,223.08763260318847
0,4,201.87983836798315
0,5,289.68318756413544
0,5,204.36972520708304
0,6,245.6395637456729
0,6,411.6925840618561
-1,6,363.40926814482214
-1,6,399.4800775293112
-2,6,274.97266102834266
-2,6,331.7989969873227
-3,6,269.8749990450884
-3,6,314.5558839290225
-3,7,200.0
-3,7,221.44821670926584
-3,8,331.1105633496343
-3,8,205.56709295501014
-3,9,383.06443665582367
-3,9,248.2476488554214
-4,9,200.0
-4,9,200.0
-4,10,253.8106917950693
-4,10,213.41714017146808
-4,11,245.6630815568322
-4,11,265.231871604678
-4,10,242.78376859130586
-4,10,316.9298445574023
-4,11,200.0
-4,11,200.0
-4,12,266.8038286688734
-4,12,287.77447294474666
-4,11,200.0
-4,11,242.68066511333262
-4,10,200.0
-4,10,211.2379030175171
-4,9,232.91774590176612
-4,9,200.0
-4,10,210.75634251538708
-4,10,224.0548535521764
-4,9,284.2021191893384
-4,9,200.0
-4,10,267.03616037584027
-4,10,200.0
-4,9,223.76011463645662
-4,9,236.01235709801944
-4,8,240.3760794849794
-4,8,200.0
-4,7,401.13543568268636
-4,7,200.0
-4,6,259.3584063597002
-4,6,200.0
-4,5,402.9791430159755
-4,5,200.0
-4,4,200.0
-4,4,254.280097892931
-3,4,384.0162074093353
-3,4,253.77897595989336
-2,4,389.22302360585707
-2,4,371.05331039915967
-1,4,359.2691464607678
-1,4,229.32106628779803
0,4,210.78194873231593
0,4,282.6614767907443
1,4,334.3305721929839
1,4,250.04251587485132
2,4,312.03019219340956
2,4,259.78749504220815
3,4,263.65098534144175
3,4,248.26218727596202
4,4,260.2824879553956
4,4,259.2770502222829
3,4,200.0
3,4,212.19756907607663
2,4,242.66281483846615
2,4,200.0
2,3,379.73587228650166
2,3,233.05779078505583
3,3,207.35476581851017
3,3,291.66920599568425
2,3,307.8307779615507
2,3,246.40990414455328
3,3,216.0499351056758
3,3,285.8606684806467
4,3,250.17766547299647
4,3,279.20999132362954
5,3,201.3544471881843
5,3,208.19746065696083
6,3,220.4569978127414
6,3,328.081667982394
7,3,200.0
7,3,296.0125205141902
8,3,200.0
8,3,200.0
9,3,307.62307191373014
9,3,316.03458355137735
10,3,265.6948622886369
10,3,269.31017017832914
10,4,218.50484638588912
10,4,298.0280749166856
11,4,276.25619469448577
11,4,200.0
10,4,200.0
10,4,354.53835368784286
11,4,200.0
11,4,200.0
10,4,353.7927502804144
10,4,200.0
11,4,200.0
11,4,290.13058328015205
10,4,200.0
10,4,256.0755624035219
9,4,200.0
9,4,200.0
9,3,200.0
9,3,260.8246346487235
10,3,288.9438623330092
10,3,232.00915734152665
11,3,202.77513900811374
11,3,210.18776101464357
12,3,200.0
12,3,200.0
12,4,228.04352406274282
12,4,200.0
12,5,252.2063733227258
12,5,200.0
13,5,230.83929326563518
13,5,200.0
14,5,283.67560935695155
14,5,200.0
14,4,203.76735081962917
14,4,205.6764871532862
13,4,284.5402711531945
13,4,264.0349261715875
13,5,210.82670786288867
13,5,200.0
14,5,220.11632284291233
14,5,200.0
14,6,200.0
14,6,294.10767539560845
14,7,309.7101889435954
14,7,236.70412525135643
14,6,200.0
14,6,200.0
14,7,200.0
14,7,200.0
15,7,200.0
15,7,265.3837649044684
16,7,235.63804333744156
16,7,200.0
16,8,200.0
16,8,200.0
15,8,231.41080987231487
15,8,214.06829672089776
15,9,238.5220780784004
15,9,200.0
16,9,200.0
16,9,200.0
15,9,200.0
15,9,200.0
14,9,281.8898730924404
14,9,246.93360207707428
13,9,200.0
13,9,200.0
12,9,207.16288585380153
12,9,287.79270510618846
12,10,297.0501620274897
12,10,263.26883931178884
12,11,200.0
12,11,200.0
11,11,332.071319122034
11,11,200.0
10,11,200.0
10,11,200.0
10,12,231.3444997019491
10,12,208.6663108609563
11,12,232.46716922805837
11,12,200.0
10,12,200.0
