8,-1,200.0
8,-2,200.0
8,-2,200.0
8,-3,200.0
8,-3,200.0
8,-4,200.0
8,-4,200.0
8,-3,200.0
8,-3,200.0
8,-4,255.30910308172685
8,-4,267.32375858344125
8,-5,332.98372494604655
8,-5,200.0
8,-6,200.0
8,-6,204.71744621958578
8,-7,295.51147431226076
8,-7,253.6380339218772
8,-8,200.0
8,-8,352.5449181135571
8,-7,286.8178996159236
8,-7,200.0
8,-6,200.0
8,-6,200.0
8,-7,347.66828120044494
8,-7,200.0
7,-7,288.0427604540305
7,-7,351.0929999847308
7,-6,388.13794298468076
7,-6,203.87997710752833
7,-5,359.9038002988524
7,-5,207.34630713214926
7,-4,375.20778362964705
7,-4,278.5178369073039
7,-5,230.08942136656412
7,-5,265.95478184642104
7,-4,200.0
7,-4,281.3891349172813
7,-3,284.3867334883902
7,-3,200.0
6,-3,200.0
6,-3,260.37144587288867
6,-2,200.0
6,-2,230.72297276268392
7,-2,249.88789828566547
7,-2,264.9567382681059
7,-1,226.9077569204909
7,-1,200.0
7,-2,281.6055414413615
7,-2,287.7151529176557
7,-1,434.43260981902563
7,-1,306.7401254797175
6,-1,342.7427331941683
6,-1,249.67985004077195
6,0,236.73950682645736
6,0,278.6816390124035
5,0,247.83694134923107
5,0,225.99840503182656
4,0,277.3543690410922
4,0,445.4745074446297
3,0,232.08985654149797
3,0,394.7063632006913
3,1,232.3032406359552
3,1,248.3024681080337
3,2,326.3877791549197
3,2,339.1698302264165
2,2,234.79564103060554
2,2,222.77660178053517
1,2,242.87374339638504
1,2,200.0
1,3,292.79858426716555
1,3,223.66892506600584
1,4,300.70122679403255
1,4,340.8497860573216
0,4,260.1641902876764
0,4,270.29456980171835
0,5,248.62972998138855
0,5,250.566161484149
0,6,200.0
0,6,302.89922250273025
-1,6,201.4692894263953
-1,6,321.548683270662
-2,6,332.60062855750834
-2,6,241.40800887796254
-3,6,319.2127252915506
-3,6,200.0
-3,7,200.0
-3,7,303.5150120318166
-3,8,360.6522117841239
-3,8,237.61471097583564
-3,9,200.0
-3,9,348.5482593130961
-4,9,229.7531953502531
-4,9,200.0
-4,10,285.5324051567986
-4,10,353.01786119195503
-4,11,261.8523185093559
-4,11,200.0
-4,10,200.0
-4,10,341.4267224492002
-4,11,250.20211792530336
-4,11,280.7837610098338
-4,12,200.0
-4,12,327.1253187319806
-4,11,218.61809372449542
-4,11,349.9990290078973
-4,10,200.0
-4,10,282.93857082783404
-4,9,211.1082724982871
-4,9,200.0
-4,10,200.0
-4,10,279.82900750393276
-4,9,296.8886515377794
-4,9,204.79650408823554
-4,10,200.0
-4,10,270.6443044882622
-4,9,273.0324632816613
-4,9,200.0
-4,8,247.87443737806308
-4,8,341.2300963385304
-4,7,219.04388746579895
-4,7,237.6974257295121
-4,6,281.1489069016034
-4,6,200.0
-4,5,321.2279717063278
-4,5,239.2112510087518
-4,4,292.1054835105356
-4,4,343.9685440073515
-3,4,200.0
-3,4,235.65349327518356
-2,4,319.63204349741426
-2,4,253.06738364843966
-1,4,308.61989434519273
-1,4,208.0352599903896
0,4,232.51017953835478
0,4,217.67035291809785
1,4,382.42588532920894
1,4,366.21631291920653
2,4,326.1331272264995
2,4,329.6237100150522
3,4,329.67033110367476
3,4,305.4990214669303
4,4,284.9506564043835
4,4,240.33114204222858
3,4,299.9488592014474
3,4,365.3453910876327
2,4,235.78624603556844
2,4,200.0
2,3,437.3870321260524
2,3,200.0
3,3,331.96397669086775
3,3,200.0
2,3,231.15747618643857
2,3,230.77959391645535
3,3,372.1189567499739
3,3,361.593857007143
4,3,227.04191650791947
4,3,200.0
5,3,364.3135137072007
5,3,202.06072066704223
6,3,258.414352298901
6,3,333.76332567291274
7,3,283.16310429010986
7,3,206.71323677270402
8,3,200.0
8,3,200.0
9,3,210.79553282423734
9,3,234.17008872687003
10,3,271.03721939726927
10,3,291.47475038623793
10,4,200.0
10,4,200.0
11,4,296.18296092148967
11,4,291.1101058233015
10,4,268.02636964429115
10,4,200.0
11,4,200.0
11,4,252.1068314438867
10,4,262.5870708557819
10,4,354.2155724948274
11,4,200.0
11,4,298.37530548434444
10,4,200.0
10,4,200.0
9,4,374.4232930797425
9,4,200.0
9,3,304.79166815867165
9,3,200.0
10,3,200.0
10,3,340.57630895256455
11,3,332.7663252601359
11,3,223.71464875592898
12,3,307.0051575355055
12,3,281.8011322874121
12,4,200.0
12,4,257.4372551023024
12,5,326.5908806513068
12,5,265.2669562151483
13,5,297.7330888878075
13,5,258.12405435965775
14,5,205.53330080329812
14,5,200.0
14,4,407.48850677380966
14,4,200.0
13,4,311.2521213419225
13,4,200.0
13,5,340.73218616041163
13,5,200.0
14,5,389.9910550112961
14,5,223.95034521540487
14,6,200.0
14,6,200.0
14,7,239.3891971555451
14,7,200.0
14,6,287.5211189883565
14,6,200.0
14,7,206.2304172308063
14,7,243.97951695357193
15,7,218.39648584772365
15,7,200.0
16,7,291.9593791909259
16,7,267.3746369209396
16,8,215.15363944311093
16,8,200.0
15,8,200.0
15,8,279.61767479549803
15,9,200.0
15,9,262.6893863288293
16,9,224.17296316367296
16,9,200.0
15,9,200.0
15,9,200.0
14,9,200.0
14,9,200.0
13,9,259.72671146963273
13,9,200.0
12,9,200.0
12,9,200.0
12,10,208.63454250486348
12,10,200.0
12,11,200.0
12,11,246.3517345528083
11,11,293.902515458732
11,11,267.4671777053657
10,11,244.25735038148838
10,11,200.0
10,12,287.28210093728933
10,12,286.65991850957806
11,12,216.92616928780765
11,12,200.0
10,12,297.7839869048657
