8,-1,225.9327648726868
8,-2,200.0
8,-2,252.82712095043468
8,-3,347.1052912907975
8,-3,200.0
8,-4,267.2959358156447
8,-4,236.74203103811732
8,-3,331.971128930468
8,-3,341.0134812637186
8,-4,348.9939266620914
8,-4,225.60601496415657
8,-5,223.9996796772381
8,-5,304.43735024433425
8,-6,374.14534672890824
8,-6,320.4636723984851
8,-7,200.0
8,-7,200.0
8,-8,200.0
8,-8,325.4284292386359
8,-7,200.0
8,-7,200.0
8,-6,200.0
8,-6,305.0325995865791
8,-7,257.8910136674266
8,-7,400.5728387052196
7,-7,352.6216145257855
7,-7,247.57039419537983
7,-6,237.88582329751685
7,-6,218.80327446047602
7,-5,217.32102197328246
7,-5,215.41329468178884
7,-4,340.5427426393268
7,-4,373.68594699485135
7,-5,235.9579136934293
7,-5,200.0
7,-4,200.0
7,-4,336.8761231685886
7,-3,313.37627603147394
7,-3,223.5381982746566
6,-3,200.0
6,-3,259.6753371121963
6,-2,275.12231263801334
6,-2,256.2391367193534
7,-2,281.95765468503305
7,-2,362.6041051892728
7,-1,200.0
7,-1,219.1790910585308
7,-2,322.5484094742366
7,-2,419.977610227783
7,-1,245.06265575241335
7,-1,347.8589379289963
6,-1,362.6070024608773
6,-1,244.00388819797305
6,0,200.0
6,0,200.0
5,0,271.7465761832191
5,0,258.35401839793275
4,0,288.12817857743323
4,0,285.4606365922302
3,0,302.00171878642885
3,0,262.0632731022549
3,1,364.17995449329584
3,1,355.0619733825149
3,2,306.62092007396785
3,2,258.28613173774164
2,2,242.5614970772741
2,2,378.0337595408931
1,2,334.523554763908
1,2,257.3480129460694
1,3,304.633381913007
1,3,333.82224449501075
1,4,233.98474775577824
1,4,200.0
0,4,283.78547233146844
0,4,313.19991713134334
0,5,277.89165533538386
0,5,224.61290389083405
0,6,282.63289219930726
0,6,245.61892537778778
-1,6,365.0741928096218
-1,6,263.287032326888
-2,6,225.18512821576252
-2,6,226.13746776490618
-3,6,326.197103035942
-3,6,276.0906592573395
-3,7,266.77354850751743
-3,7,210.4646347573431
-3,8,200.0
-3,8,200.0
-3,9,200.0
-3,9,290.17935902109
-4,9,200.0
-4,9,230.27615579150267
-4,10,280.1960699429063
-4,10,200.0
-4,11,200.0
-4,11,210.50287170319808
-4,10,231.98339864044834
-4,10,409.7201044726384
-4,11,266.73344489828395
-4,11,289.16890785652834
-4,12,200.0
-4,12,201.870584831317
-4,11,339.5905551524575
-4,11,208.92400768167658
-4,10,292.39403735852704
-4,10,414.0251218064466
-4,9,200.0
-4,9,211.2952070365374
-4,10,209.00150691993287
-4,10,287.75278646550873
-4,9,200.0
-4,9,244.01397416725806
-4,10,200.0
-4,10,200.0
-4,9,224.87337201783433
-4,9,262.81783690659466
-4,8,200.0
-4,8,200.0
-4,7,299.7128953470937
-4,7,255.76667545348886
-4,6,206.6806220355286
-4,6,221.40997238226439
-4,5,282.0264922746745
-4,5,241.48618780315152
-4,4,233.79273678342045
-4,4,200.0
-3,4,298.3629761498784
-3,4,200.0
-2,4,475.6234784657963
-2,4,332.3910947088662
-1,4,258.91629074797476
-1,4,223.9583345399635
0,4,332.717624307586
0,4,216.26821654388556
1,4,271.4574337817512
1,4,438.4417024797665
2,4,359.7102409614764
2,4,267.6125955608978
3,4,321.0505100832599
3,4,225.303153362066
4,4,200.0
4,4,323.2172705487442
3,4,219.07489658234226
3,4,286.8008317225041
2,4,200.0
2,4,242.7985279907591
2,3,243.53708517053917
2,3,280.3064428335582
3,3,209.91832161046054
3,3,341.0196045259816
2,3,200.0
2,3,217.99568460152182
3,3,200.0
3,3,200.0
4,3,282.90595117227747
4,3,455.1608197674375
5,3,211.5451871909454
5,3,258.76087410195703
6,3,280.87039487633
6,3,310.06876239684044
7,3,434.8731066589811
7,3,245.7578065663253
8,3,300.1929878317812
8,3,238.24896479200646
9,3,266.14814214485153
9,3,200.0
10,3,377.51682790311804
10,3,326.0635437278653
10,4,310.8232229781471
10,4,299.66954409636725
11,4,369.6853446341916
11,4,200.0
10,4,200.0
10,4,301.3932254355048
11,4,308.3777337211834
11,4,200.0
10,4,200.0
10,4,219.86636583308297
11,4,279.59376365564333
11,4,233.01133840093357
10,4,216.51057904445446
10,4,247.79700308368933
9,4,214.51248405467678
9,4,200.0
9,3,200.0
9,3,200.0
10,3,219.9116530270471
10,3,200.0
11,3,200.0
11,3,238.82881271752748
12,3,209.22397387086335
12,3,366.5666757227768
12,4,200.0
12,4,200.0
12,5,378.8206015195517
12,5,200.0
13,5,200.0
13,5,282.8266294711454
14,5,200.0
14,5,285.151855794128
14,4,200.0
14,4,200.0
13,4,207.30263041600466
13,4,200.0
13,5,200.7624468263001
13,5,342.50538975151863
14,5,200.0
14,5,200.0
14,6,200.0
14,6,208.07890700574148
14,7,200.0
14,7,213.1933747859445
14,6,225.4216218131504
14,6,200.0
14,7,200.0
14,7,200.0
15,7,295.06767029072756
15,7,200.0
16,7,322.6080180353447
16,7,200.0
16,8,200.0
16,8,200.0
15,8,225.74189808522686
15,8,200.0
15,9,290.3549628919764
15,9,294.86529758756365
16,9,200.0
16,9,200.0
15,9,200.0
15,9,200.0
14,9,200.0
14,9,256.8978921376436
13,9,200.0
13,9,304.0111409607032
12,9,231.33395192474782
12,9,200.0
12,10,208.15643529554958
12,10,397.2939715295704
12,11,340.42371378118986
12,11,300.00101351583066
11,11,200.0
11,11,220.33803182961
10,11,248.30940727174738
10,11,351.0644028718681
10,12,307.24662287007504
10,12,200.0
11,12,200.0
11,12,238.2370521259155
10,12,200.0
