8,-1,200.0
8,-2,200.0
8,-2,200.0
8,-3,289.92530547013746
8,-3,314.4509365921376
8,-4,328.673246053023
8,-4,309.56036399045524
8,-3,280.3617233684005
8,-3,303.2116920890482
8,-4,258.29716975796293
8,-4,200.0
8,-5,241.13403139410912
8,-5,232.2562168194765
8,-6,200.0
8,-6,200.0
8,-7,294.8199012694106
8,-7,247.0314481347025
8,-8,200.0
8,-8,219.64268677226244
8,-7,222.7274543013417
8,-7,287.407716967048
8,-6,333.4680359318419
8,-6,200.0
8,-7,200.0
8,-7,200.0
7,-7,200.0
7,-7,200.0
7,-6,228.77721580255957
7,-6,241.74422367505628
7,-5,319.88473514989187
7,-5,299.1560935261261
7,-4,301.91622778057086
7,-4,202.34579561916655
7,-5,200.0
7,-5,222.9415436902562
7,-4,200.0
7,-4,200.0
7,-3,336.1477452461315
7,-3,291.7371240789303
6,-3,292.200950874444
6,-3,261.7286782183158
6,-2,247.84081672040418
6,-2,270.58150981489445
7,-2,229.93981680468704
7,-2,311.1171880849304
7,-1,210.55588502245175
7,-1,297.7808622387996
7,-2,372.3782723008657
7,-2,200.0
7,-1,297.8690926937318
7,-1,200.0
6,-1,272.95555519203043
6,-1,299.6334143510473
6,0,218.56044188887216
6,0,200.0
5,0,200.0
5,0,200.0
4,0,202.55936725563572
4,0,268.9684142538912
3,0,323.0010446473815
3,0,235.91153590010313
3,1,288.6221532095183
3,1,249.38958555811135
3,2,200.0
3,2,248.56814043510934
2,2,319.99149823849206
2,2,375.45250703901587
1,2,376.0419239404234
1,2,301.974527489283
1,3,326.0404447117954
1,3,417.2128954460928
1,4,270.15706692325057
1,4,259.28454363611553
0,4,206.0355717539408
0,4,200.0
0,5,200.0
0,5,273.5502116172148
0,6,200.0
0,6,352.82199032340986
-1,6,344.5144480210258
-1,6,348.6794122716879
-2,6,448.4890866626878
-2,6,397.35456293128266
-3,6,310.427351297558
-3,6,200.0
-3,7,227.55269007215733
-3,7,279.4489283575914
-3,8,347.56997907602397
-3,8,287.3458451437961
-3,9,240.4797159736039
-3,9,200.0
-4,9,200.0
-4,9,248.64757211678733
-4,10,216.52620651142263
-4,10,200.0
-4,11,275.3763161430663
-4,11,200.0
-4,10,419.89792829608837
-4,10,200.0
-4,11,311.8619870202857
-4,11,200.0
-4,12,200.0
-4,12,200.0
-4,11,392.1136933079721
-4,11,213.88183016131626
-4,10,200.0
-4,10,200.0
-4,9,200.0
-4,9,249.1360625137258
-4,10,235.98945118404026
-4,10,259.4320146695937
-4,9,279.02273343416283
-4,9,288.6730841989156
-4,10,201.62674375830684
-4,10,200.0
-4,9,206.34083669131059
-4,9,200.0
-4,8,284.19525352486045
-4,8,200.0
-4,7,284.6661573222083
-4,7,310.04880953627145
-4,6,200.0
-4,6,200.0
-4,5,293.4559079219894
-4,5,200.0
-4,4,264.9624167858339
-4,4,212.58832890135324
-3,4,255.18964293571992
-3,4,329.2424741698071
-2,4,311.0103916384966
-2,4,441.66007755544933
-1,4,248.11264510190418
-1,4,367.1030007577991
0,4,200.0
0,4,246.59954329170498
1,4,239.23363403927624
1,4,315.10955754335254
2,4,320.9543645186569
2,4,366.2656491529693
3,4,200.0
3,4,293.69720855451595
4,4,223.5627664530618
4,4,206.24747578024449
3,4,345.91589029244585
3,4,281.5972574452636
2,4,288.49568432570857
2,4,240.243713086303
2,3,286.5147165343632
2,3,432.6323749248993
3,3,287.2604492908497
3,3,381.54066328850547
2,3,327.926339208741
2,3,339.8408053862542
3,3,356.69811268409035
3,3,200.0
4,3,252.5396230294339
4,3,229.28982800180228
5,3,350.28605133841137
5,3,200.0
6,3,235.48439571145823
6,3,276.5125738565577
7,3,315.23841853059207
7,3,200.0
8,3,203.0896871614106
8,3,471.28431424787834
9,3,257.82770001411444
9,3,408.9266281967408
10,3,200.0
10,3,200.0
10,4,353.9509938029368
10,4,200.0
11,4,200.0
11,4,231.38857962134728
10,4,200.0
10,4,200.0
11,4,200.0
11,4,200.0
10,4,200.0
10,4,200.0
11,4,252.51209954980817
11,4,200.0
10,4,216.5749143595209
10,4,200.0
9,4,200.0
9,4,369.34856803578487
9,3,202.57370710180257
9,3,200.0
10,3,200.0
10,3,200.0
11,3,266.7692461607489
11,3,283.97199591037156
12,3,200.0
12,3,234.84350262419576
12,4,200.0
12,4,273.1045149362354
12,5,200.0
12,5,292.34628487197745
13,5,216.93756269378082
13,5,243.01901825974153
14,5,215.22902005393408
14,5,285.24061523400303
14,4,200.0
14,4,200.0
13,4,264.1915246379123
13,4,380.962049171045
13,5,203.76107086086495
13,5,364.40937928572123
14,5,200.0
14,5,200.0
14,6,297.8778912669071
14,6,246.8785466247918
14,7,244.44269766079285
14,7,303.60769117602194
14,6,245.2454681992369
14,6,256.75097014474085
14,7,270.2684218584605
14,7,200.0
15,7,200.0
15,7,200.0
16,7,238.17165132363036
16,7,328.3489901925736
16,8,200.0
16,8,200.0
15,8,209.1279794541417
15,8,200.0
15,9,200.0
15,9,200.0
16,9,237.39175630791175
16,9,200.0
15,9,200.0
15,9,200.0
14,9,226.34512653553463
14,9,200.0
13,9,200.0
13,9,236.3022946748605
12,9,200.0
12,9,211.60443144050396
12,10,257.5951905442821
12,10,274.38574824564313
12,11,245.20388006012686
12,11,220.3856566157858
11,11,200.0
11,11,296.99441842614624
10,11,200.0
10,11,233.10746932893124
10,12,277.8816984418377
10,12,209.0689903624098
11,12,208.69786630123502
11,12,279.048670201227
10,12,339.18276833094217
