8,-1,100.89701403845586
8,-1,100.0
8,-2,132.75976640309005
8,-2,137.26093702370594
8,-2,100.0
8,-3,160.53138522228406
8,-3,170.43402388811893
8,-3,100.0
8,-4,100.0
8,-4,100.0
8,-4,101.5280466001977
8,-3,100.0
8,-3,144.475250851193
8,-3,117.64137165283555
8,-4,100.0
8,-4,142.80115930100757
8,-4,114.77091681641696
8,-5,128.7012705863089
8,-5,173.91263060479733
8,-5,100.0
8,-6,146.15940056598117
8,-6,100.0
8,-6,145.15514048695604
8,-7,100.0
8,-7,127.10785711235432
8,-7,110.46656992647654
8,-8,100.0
8,-8,136.1557953342147
8,-8,113.84241673065591
8,-7,131.40471133045855
8,-7,123.49612931961427
8,-7,131.89110168501895
8,-6,100.0
8,-6,100.0
8,-6,172.23767415724726
8,-7,147.79497650278165
8,-7,100.0
8,-7,137.27109583174988
7,-7,100.0
7,-7,123.07320708288952
7,-7,122.24065124797514
7,-6,195.14522440954363
7,-6,155.63565392262896
7,-6,100.7855737959855
7,-5,215.7184897489793
7,-5,181.77474469337164
7,-5,100.0
7,-4,100.0
7,-4,179.70503043628113
7,-4,121.46587102795982
7,-5,178.58446378433902
7,-5,168.706568328164
7,-5,172.24798269020616
7,-4,163.5585274105197
7,-4,122.7183923004703
7,-4,111.67718444194428
7,-3,158.35908607482833
7,-3,100.0
7,-3,100.0
6,-3,173.6323883560104
6,-3,149.73141383885374
6,-3,189.39010038460376
6,-2,204.9455294689387
6,-2,100.0
6,-2,103.1031411378199
7,-2,101.13086773874899
7,-2,161.31239145477957
7,-2,211.78284694476042
7,-1,172.74761129011316
7,-1,100.0
7,-1,176.08684305585018
7,-2,171.553508971128
7,-2,160.28913718491333
7,-2,103.53485920429577
7,-1,100.0
7,-1,100.0
7,-1,167.98675246073435
6,-1,118.79640270344021
6,-1,145.8987401965334
6,-1,161.19101225760352
6,0,108.84741771240648
6,0,100.0
6,0,163.11635689537448
5,0,142.21438428796347
5,0,139.0276054861484
5,0,170.627657369821
4,0,164.49595636093323
4,0,100.0
4,0,100.0
3,0,100.0
3,0,150.7627239903563
3,0,100.0
3,1,100.0
3,1,166.83966805492076
3,1,100.0
3,2,137.5910628497329
3,2,100.0
3,2,171.89348010819427
2,2,208.68486777324745
2,2,100.0
2,2,114.61046415713167
1,2,100.0
1,2,169.25456025819827
1,2,141.13348246806544
1,3,100.0
1,3,137.09639894572476
1,3,162.36613348345728
1,4,194.74396272234196
1,4,132.51965014932708
1,4,100.0
0,4,163.86249987856058
0,4,138.54532647693586
0,4,150.9828385515746
0,5,111.35422777098772
0,5,173.0170653722495
0,5,100.0
0,6,119.98444274723983
0,6,100.0
0,6,120.79283166837783
-1,6,155.23479646754296
-1,6,100.0
-1,6,100.0
-2,6,100.0
-2,6,168.72494463222537
-2,6,149.13431397322736
-3,6,100.0
-3,6,100.0
-3,6,151.62492636252784
-3,7,166.43916484411187
-3,7,100.0
-3,7,161.3026870119748
-3,8,100.0
-3,8,129.75992578767435
-3,8,167.31740563509297
-3,9,115.18387452159436
-3,9,100.0
-3,9,105.75612772555476
-4,9,116.84920946833194
-4,9,100.0
-4,9,172.0519715407569
-4,10,100.0
-4,10,100.0
-4,10,100.0
-4,11,153.38726587562084
-4,11,131.4546793915365
-4,11,100.0
-4,10,100.0
-4,10,100.0
-4,10,100.0
-4,11,100.0
-4,11,180.5933284401677
-4,11,125.63916720739043
-4,12,142.6475199176975
-4,12,208.65066281385694
-4,12,125.92554436265189
-4,11,165.94255014266832
-4,11,145.37987637991122
-4,11,127.0077000301934
-4,10,100.53739556445572
-4,10,100.0
-4,10,149.75734154016735
-4,9,100.0
-4,9,100.0
-4,9,214.60525843580564
-4,10,162.58407222447428
-4,10,119.48859778271907
-4,10,100.0
-4,9,153.5709611341268
-4,9,100.0
-4,9,130.45291290814941
-4,10,100.0
-4,10,100.0
-4,10,100.0
-4,9,106.34786035807119
-4,9,119.06926426469269
-4,9,122.58678400079641
-4,8,121.79985439368181
-4,8,100.0
-4,8,100.0
-4,7,162.0761198949648
-4,7,144.4480377591698
-4,7,110.25391607471003
-4,6,100.0
-4,6,132.8313536923654
-4,6,100.0
-4,5,167.8744806925061
-4,5,120.18975923580354
-4,5,100.0
-4,4,163.41431649570288
-4,4,114.46541583205709
-4,4,138.11324116966244
-3,4,182.2076559077922
-3,4,100.0
-3,4,100.0
-2,4,100.0
-2,4,150.46925685302216
-2,4,100.0
-1,4,112.02699133457493
-1,4,100.0
-1,4,141.74678812726478
0,4,184.50364577150947
0,4,100.0
0,4,157.07782140746554
1,4,146.66195002875563
1,4,150.0723974162163
1,4,100.0
2,4,198.19304221014522
2,4,142.77666912512785
2,4,133.33307528520785
3,4,114.9634017605762
3,4,101.06250444217534
3,4,188.34472022187256
4,4,160.56760701068072
4,4,184.25461952233252
4,4,116.0889394429117
3,4,100.0
3,4,206.17091862831174
3,4,100.0
2,4,100.0
2,4,100.0
2,4,188.51490940374458
2,3,170.64762488292249
2,3,121.78159603018477
2,3,168.39909452062892
3,3,151.34481053507818
3,3,100.0
3,3,149.6902917057792
2,3,115.60433308343285
2,3,100.0
2,3,212.88992862375213
3,3,192.7170477961057
3,3,189.73406377421972
3,3,100.0
4,3,100.0
4,3,100.0
4,3,107.56387888835788
5,3,164.79587594022757
5,3,154.61920691661714
5,3,135.01789889923595
6,3,181.43676427676624
6,3,133.77177542745312
6,3,185.81413025874846
7,3,100.0
7,3,100.0
7,3,158.70975979231758
8,3,146.06712559789858
8,3,100.0
8,3,136.96373455831977
9,3,100.0
9,3,151.84571080295277
9,3,100.0
10,3,193.0378234915105
10,3,100.0
10,3,181.37351020898382
10,4,100.0
10,4,118.9291928819656
10,4,100.0
11,4,108.78399286704811
11,4,100.0
11,4,100.0
10,4,131.27751690442062
10,4,158.90437797438062
10,4,100.0
11,4,100.0
11,4,100.0
11,4,100.0
10,4,100.0
10,4,100.0
10,4,100.0
11,4,100.0
11,4,100.0
11,4,207.58478000057917
10,4,100.0
10,4,153.59460150263095
10,4,127.08121611989884
9,4,100.0
9,4,100.0
9,4,100.0
9,3,100.0
9,3,146.0227298672669
9,3,100.0
10,3,100.0
10,3,123.9111281136125
10,3,100.0
11,3,100.0
11,3,100.0
11,3,194.25887897941965
12,3,177.85453016413004
12,3,124.35153605873006
12,3,100.0
12,4,161.15845581744608
12,4,100.0
12,4,185.5176036620127
12,5,100.0
12,5,100.0
12,5,100.0
13,5,126.32260590687908
13,5,100.0
13,5,100.0
14,5,100.0
14,5,100.0
14,5,100.0
14,4,148.3812765329188
14,4,124.76666559854311
14,4,184.58680117639065
13,4,122.33584606255752
13,4,104.44314226049634
13,4,100.0
13,5,100.0
13,5,100.0
13,5,100.0
14,5,100.0
14,5,145.81616568055375
14,5,175.30239294642178
14,6,111.84773023661974
14,6,100.0
14,6,100.0
14,7,129.74386357985964
14,7,150.85749019488446
14,7,114.61676878600329
14,6,133.4106203126158
14,6,100.0
14,6,100.0
14,7,128.47535321237893
14,7,129.08044149008597
14,7,135.94837225560715
15,7,141.1201994157374
15,7,100.0
15,7,100.0
16,7,100.0
16,7,100.0
16,7,100.0
16,8,100.0
16,8,139.07757837430373
16,8,112.07168313812917
15,8,100.0
15,8,100.0
15,8,100.0
15,9,100.0
15,9,142.29504061715883
15,9,100.0
16,9,100.0
16,9,108.50923806294176
16,9,123.48903759041336
15,9,100.0
15,9,156.58953090447162
15,9,100.0
14,9,186.82627187097728
14,9,191.05658062995602
14,9,164.83350969435529
13,9,100.0
13,9,100.0
13,9,138.39604158865308
12,9,100.0
12,9,100.0
12,9,118.77575552973484
12,10,167.0867100352718
12,10,100.0
12,10,129.31751342293975
12,11,111.86341063515025
12,11,100.0
12,11,126.94878917096139
11,11,100.0
11,11,113.66661794036555
11,11,175.7735557371871
10,11,100.0
10,11,113.185425726247
10,11,100.0
10,12,100.0
10,12,100.0
10,12,100.0
11,12,100.0
11,12,113.0202418762374
11,12,100.0
10,12,119.19569304873622
10,12,116.09323049164807
10,12,167.25763175036755
9,12,162.33542168511698
9,12,100.94952510596009
9,12,100.0
8,12,137.0575964610522
8,12,172.04677078308814
8,12,111.04779089435425
7,12,199.6202943421942
7,12,100.0
7,12,100.0
8,12,118.52710758171266
8,12,100.0
8,12,144.37030670307297
7,12,128.7939765925732
7,12,128.55237856422684
7,12,132.14590395270477
8,12,141.95073318258974
8,12,100.0
8,12,100.0
7,12,113.07480972584045
7,12,157.80907836697298
7,12,146.2489769285808
6,12,100.0
6,12,174.7265771143522
6,12,160.16733699633437
7,12,100.0
7,12,141.12172300549656
7,12,100.0
6,12,100.0
6,12,177.2703981394518
6,12,107.54312854135006
5,12,100.0
5,12,100.0
5,12,163.04578909131988
4,12,219.36051680127596
4,12,156.38342190994808
4,12,153.0213363933018
3,12,103.07671001980839
3,12,137.6808883701011
3,12,100.0
3,11,188.602732847499
3,11,200.9191796741503
3,11,100.0
2,11,131.08246005824273
2,11,100.0
2,11,128.1997947132299
3,11,100.0
3,11,100.0
3,11,100.0
2,11,164.33055263060024
2,11,195.9971395109325
2,11,104.77826785288045
3,11,134.41333730793374
3,11,100.0
3,11,100.0
2,11,217.1362651697433
2,11,100.0
2,11,100.0
1,11,165.78111511905155
1,11,100.0
1,11,100.0
2,11,100.0
2,11,121.97098861535221
2,11,122.18742660606507
1,11,153.78834044763065
1,11,123.74966190847573
1,11,111.72670550335431
0,11,110.74274905191497
0,11,100.0
0,11,170.33107439847433
-1,11,100.0
-1,11,125.80274365099173
-1,11,100.0
-1,10,118.99102696411039
-1,10,126.8369899794893
-1,10,100.0
-2,10,100.0
-2,10,105.55307475489573
-2,10,114.99502307656928
-2,9,101.46894729063692
-2,9,111.22523561806314
-2,9,100.0
-1,9,177.07458670245416
-1,9,100.0
-1,9,144.25650911785291
-1,8,100.0
-1,8,100.0
-1,8,111.18670617566133
-2,8,155.875323473046
-2,8,100.0
-2,8,190.70157743889837
-3,8,100.0
-3,8,142.51963496121982
-3,8,126.66566126779759
-4,8,100.0
-4,8,113.133337757283
-4,8,125.224378951843
-5,8,100.0
-5,8,157.65506081782496
-5,8,153.4235786368512
-5,9,241.53770975820703
-5,9,157.70568614842963
-5,9,173.96618309732912
-5,8,125.26182424593976
-5,8,136.4470082215728
-5,8,164.81212942428527
-5,9,100.0
-5,9,100.0
-5,9,123.04613660403055
-6,9,100.0
-6,9,100.0
-6,9,100.0
-6,8,143.84578164388088
-6,8,100.0
-6,8,100.0
-6,7,130.48818718409223
-6,7,100.0
-6,7,152.01969631029846
-7,7,148.11585242756624
-7,7,107.8194662362418
-7,7,136.22817712539697
-8,7,146.54235695928242
-8,7,163.33907507743572
-8,7,100.0
