8,-1,100.0
8,-1,129.9329716034387
8,-2,100.0
8,-2,121.12099406100975
8,-2,100.0
8,-3,125.04783631681731
8,-3,185.74728940945425
8,-3,162.6743532952638
8,-4,110.22804267671783
8,-4,100.0
8,-4,119.95206587757926
8,-3,128.6407741488124
8,-3,177.9096336885743
8,-3,112.78827629100883
8,-4,117.07484853099322
8,-4,100.0
8,-4,100.0
8,-5,107.97414575961035
8,-5,100.0
8,-5,100.0
8,-6,100.0
8,-6,100.0
8,-6,188.13468282131177
8,-7,102.52089839960631
8,-7,159.34561013725116
8,-7,129.97426959238257
8,-8,100.0
8,-8,100.0
8,-8,133.26622072337037
8,-7,100.0
8,-7,176.00861383659043
8,-7,169.467267654183
8,-6,121.53733025842897
8,-6,100.0
8,-6,103.32021788597915
8,-7,107.5449530354615
8,-7,144.2019159103461
8,-7,140.95392587186444
7,-7,177.62767275289602
7,-7,147.806812555696
7,-7,153.48631802487841
7,-6,153.34705779760995
7,-6,129.80649056509756
7,-6,100.0
7,-5,108.12307987158604
7,-5,136.56822055433688
7,-5,100.0
7,-4,100.0
7,-4,100.0
7,-4,157.443541637846
7,-5,100.0
7,-5,136.50733077285108
7,-5,164.23079386353135
7,-4,207.2273438586897
7,-4,133.87245748925451
7,-4,109.56067680323278
7,-3,135.90024385259193
7,-3,108.76812967794623
7,-3,167.615564499407
6,-3,100.0
6,-3,100.0
6,-3,115.94637318093535
6,-2,159.7955795397217
6,-2,100.0
6,-2,100.0
7,-2,133.07760704953597
7,-2,105.63820104676955
7,-2,176.06462504520587
7,-1,182.07257483257914
7,-1,182.50215846713985
7,-1,148.67046933338563
7,-2,100.0
7,-2,111.43220940237168
7,-2,138.899446504024
7,-1,119.84794518750931
7,-1,106.16964612225516
7,-1,197.14154172047273
6,-1,144.226893540919
6,-1,100.0
6,-1,100.0
6,0,100.0
6,0,145.28814607340556
6,0,100.0
5,0,163.76906977711573
5,0,100.0
5,0,100.0
4,0,100.0
4,0,197.63967853896264
4,0,130.19883055772624
3,0,100.0
3,0,119.77002478624209
3,0,241.9896907558406
3,1,185.44571865539774
3,1,181.38946262629983
3,1,107.06227399712412
3,2,141.02230692466927
3,2,187.36376507157433
3,2,100.0
2,2,184.4757445242809
2,2,100.0
2,2,100.0
1,2,100.0
1,2,100.0
1,2,178.53624825136004
1,3,132.48374050707844
1,3,196.75253114323502
1,3,258.84712669438085
1,4,163.57970477997787
1,4,196.8627900422121
1,4,100.0
0,4,129.11935465094163
0,4,131.0051793247692
0,4,100.0
0,5,174.2616582348356
0,5,209.3710360404507
0,5,179.89758657142178
0,6,219.85222919483186
0,6,100.0
0,6,133.1491302274095
-1,6,197.33076757602154
-1,6,100.0
-1,6,171.61242234841683
-2,6,158.2857473969907
-2,6,222.6455708543407
-2,6,134.3782564466213
-3,6,100.0
-3,6,100.0
-3,6,100.0
-3,7,138.48919775136704
-3,7,165.43813842287253
-3,7,134.1493421329046
-3,8,166.2797651385866
-3,8,100.0
-3,8,169.13153609406163
-3,9,100.0
-3,9,100.0
-3,9,100.0
-4,9,100.0
-4,9,189.24860446032739
-4,9,100.0
-4,10,120.04417119650171
-4,10,100.0
-4,10,100.0
-4,11,100.0
-4,11,174.06282872302785
-4,11,155.23289865711567
-4,10,133.0719202732597
-4,10,100.0
-4,10,104.88004243907349
-4,11,157.70996334959824
-4,11,100.0
-4,11,100.0
-4,12,120.52335415570542
-4,12,150.09765559487698
-4,12,100.0
-4,11,190.92134731101388
-4,11,147.78516713424585
-4,11,189.23982871118088
-4,10,186.40488663187085
-4,10,100.0
-4,10,100.18278427019914
-4,9,104.14239454293576
-4,9,231.13218288697254
-4,9,100.0
-4,10,204.2516244741954
-4,10,116.50666737147145
-4,10,100.0
-4,9,100.0
-4,9,101.98233139123437
-4,9,117.30857759454457
-4,10,171.4899726654383
-4,10,100.0
-4,10,157.3379866012263
-4,9,100.0
-4,9,100.0
-4,9,100.0
-4,8,136.31646589509234
-4,8,100.0
-4,8,123.08939389824027
-4,7,100.0
-4,7,100.0
-4,7,142.74365440177502
-4,6,100.0
-4,6,206.99333490304537
-4,6,184.48754899823672
-4,5,100.0
-4,5,154.3417076826327
-4,5,100.0
-4,4,110.9479708343872
-4,4,126.11310254436277
-4,4,223.00777752044252
-3,4,146.1005118405351
-3,4,188.60596776258689
-3,4,117.57387566072114
-2,4,170.31287489394427
-2,4,106.05483237825786
-2,4,152.57383750849883
-1,4,100.0
-1,4,100.0
-1,4,118.55110720400693
0,4,185.94061085103365
0,4,212.17521781344362
0,4,100.0
1,4,100.0
1,4,100.0
1,4,100.0
2,4,128.65059875838887
2,4,153.2394948474114
2,4,188.03207549621442
3,4,100.65289144066696
3,4,132.1958594947077
3,4,175.52406425559352
4,4,238.361215343133
4,4,103.17952274684042
4,4,110.78414328788254
3,4,234.95226819331305
3,4,173.87909197786377
3,4,154.93704477723406
2,4,155.77868456684035
2,4,221.26435312951108
2,4,231.64223400746374
2,3,134.88487375852674
2,3,224.31546982034033
2,3,122.73459007179837
3,3,100.0
3,3,100.0
3,3,103.8140008810597
2,3,100.0
2,3,100.0
2,3,163.22055987899063
3,3,101.67031424089828
3,3,123.7608100722007
3,3,100.0
4,3,229.70670533664506
4,3,104.39895776521375
4,3,118.98822420282363
5,3,114.96369860619322
5,3,100.0
5,3,125.06412262395233
6,3,152.66746113070818
6,3,109.05761088257017
6,3,166.22506643165113
7,3,157.97869865246255
7,3,142.87399861224173
7,3,100.0
8,3,136.99431017926963
8,3,127.6200402496618
8,3,100.0
9,3,178.91628489776417
9,3,100.0
9,3,113.24437911682051
10,3,100.0
10,3,109.99423619791737
10,3,100.0
10,4,154.00905946241124
10,4,100.0
10,4,100.0
11,4,147.60330855581134
11,4,115.99999648914782
11,4,100.0
10,4,166.3681730226649
10,4,100.0
10,4,161.92714276414904
11,4,100.0
11,4,100.0
11,4,108.92748434330704
10,4,100.0
10,4,179.95593594702953
10,4,139.6314440041848
11,4,100.0
11,4,115.13043229079489
11,4,100.0
10,4,122.62082957032663
10,4,100.0
10,4,142.8055119063865
9,4,100.0
9,4,100.0
9,4,100.0
9,3,198.26249373340784
9,3,182.8726295644479
9,3,128.98690355210368
10,3,217.1008803397919
10,3,107.5725118851669
10,3,100.0
11,3,129.9111829811023
11,3,130.46859399044538
11,3,166.9642034439784
12,3,168.2538092166768
12,3,100.0
12,3,100.0
12,4,100.0
12,4,100.0
12,4,129.04555489080832
12,5,170.34692855161504
12,5,100.0
12,5,100.0
13,5,166.12540744571612
13,5,100.0
13,5,100.0
14,5,100.0
14,5,150.5787869712288
14,5,100.0
14,4,100.0
14,4,154.3732236489304
14,4,100.0
13,4,100.0
13,4,100.0
13,4,142.75678138209759
13,5,100.0
13,5,125.58414175373895
13,5,100.0
14,5,116.04351553896001
14,5,166.16159910193437
14,5,100.0
14,6,149.35136355445576
14,6,163.12134588868867
14,6,100.0
14,7,100.0
14,7,100.0
14,7,100.0
14,6,124.93822256292188
14,6,100.0
14,6,132.03482017875163
14,7,103.5202518656055
14,7,100.0
14,7,112.9652185105596
15,7,100.0
15,7,100.0
15,7,100.0
16,7,149.31429734253268
16,7,100.0
16,7,100.0
16,8,119.49394944026366
16,8,100.0
16,8,111.72363841132078
15,8,100.0
15,8,100.0
15,8,100.0
15,9,100.0
15,9,100.0
15,9,137.94024395583858
16,9,111.38776454537323
16,9,140.26542021587687
16,9,180.75653720269213
15,9,173.35811968161556
15,9,178.5372830060103
15,9,101.8594253501256
14,9,201.8330063045256
14,9,179.92870065160724
14,9,100.0
13,9,108.05645548819926
13,9,100.0
13,9,100.0
12,9,100.0
12,9,157.23147930914456
12,9,100.0
12,10,138.73393978643162
12,10,100.0
12,10,100.0
12,11,100.0
12,11,114.09533340982699
12,11,147.65705812870183
11,11,142.00888546344723
11,11,100.0
11,11,100.0
10,11,135.06217911004399
10,11,149.85866111446293
10,11,149.74991375783463
10,12,100.0
10,12,100.0
10,12,100.0
11,12,100.0
11,12,100.0
11,12,133.32725520633807
10,12,160.60972045206543
10,12,100.0
10,12,135.46575794149402
9,12,100.0
9,12,100.0
9,12,148.2857969256005
8,12,111.63140801892173
8,12,107.83571253868303
8,12,115.75180929767465
7,12,100.0
7,12,100.0
7,12,102.47712886833325
8,12,169.5022415206877
8,12,100.0
8,12,167.40150892095582
7,12,132.8741508406351
7,12,100.0
7,12,100.0
8,12,197.50007939349067
8,12,100.0
8,12,110.454423755002
7,12,100.0
7,12,125.77813181456155
7,12,100.0
6,12,100.0
6,12,152.23130578652996
6,12,100.0
7,12,109.49875057714794
7,12,100.0
7,12,146.08005886244572
6,12,100.0
6,12,100.0
6,12,100.05047200307952
5,12,132.08389724350943
5,12,100.0
5,12,124.64020683630329
4,12,169.77176927382328
4,12,100.0
4,12,185.9082557359805
3,12,100.0
3,12,100.0
3,12,173.004404798513
3,11,100.0
3,11,194.20219671325574
3,11,137.1544165987655
2,11,111.27781779780281
2,11,100.0
2,11,113.5330269105808
3,11,139.76962052927468
3,11,211.2158008861724
3,11,189.87979232675872
2,11,116.03026985448533
2,11,100.0
2,11,118.98694687702394
3,11,100.0
3,11,123.63029333068897
3,11,100.0
2,11,100.0
2,11,118.30322780322217
2,11,155.1281544865914
1,11,100.0
1,11,117.36350118402162
1,11,123.23735740175837
2,11,125.06466454278166
2,11,197.46506852109087
2,11,100.0
1,11,100.0
1,11,100.0
1,11,100.0
0,11,119.25544953274522
0,11,100.0
0,11,100.0
-1,11,100.0
-1,11,100.0
-1,11,152.52935988276266
-1,10,100.0
-1,10,145.72722324805588
-1,10,181.0678423394051
-2,10,100.0
-2,10,132.41028663869426
-2,10,102.8884011913773
-2,9,176.30775523223377
-2,9,114.03431006402951
-2,9,100.0
-1,9,118.69178671682306
-1,9,100.0
-1,9,100.0
-1,8,159.4990074647264
-1,8,173.12689238224178
-1,8,182.64527684735057
-2,8,100.89375385601576
-2,8,140.92383439809063
-2,8,138.01424542224123
-3,8,213.96295483522968
-3,8,100.0
-3,8,179.78800120448886
-4,8,100.0
-4,8,100.0
-4,8,117.42151891438408
-5,8,100.0
-5,8,100.0
-5,8,100.0
-5,9,100.0
-5,9,100.0
-5,9,132.15255159980552
-5,8,100.0
-5,8,135.98159934949285
-5,8,100.0
-5,9,100.0
-5,9,140.24607241275464
-5,9,123.44775659710825
-6,9,100.0
-6,9,100.0
-6,9,110.53434936034043
-6,8,158.28404621796452
-6,8,100.0
-6,8,158.5744237818
-6,7,125.7108889536089
-6,7,100.0
-6,7,147.59696642288347
-7,7,126.94375841339343
-7,7,100.0
-7,7,100.0
-8,7,100.0
-8,7,165.9775885275078
-8,7,100.0
