8,-1,100.0
8,-1,100.0
8,-2,127.92820973681947
8,-2,191.84915771923022
8,-2,100.0
8,-3,183.62323691790934
8,-3,200.58988334653174
8,-3,100.0
8,-4,170.9735013617615
8,-4,100.0
8,-4,147.79981723347754
8,-3,120.19028918982102
8,-3,100.10238348189878
8,-3,146.38345799159453
8,-4,165.2808875859118
8,-4,139.24851202774678
8,-4,100.0
8,-5,100.0
8,-5,150.03158895508093
8,-5,168.16906665835498
8,-6,201.42999259192152
8,-6,123.1475798031413
8,-6,111.020101986688
8,-7,162.7701177705934
8,-7,151.83069630930788
8,-7,125.40440653717144
8,-8,164.210815493856
8,-8,100.0
8,-8,151.32983864139007
8,-7,152.24182683579042
8,-7,100.0
8,-7,100.0
8,-6,108.76827011895745
8,-6,134.29454160634575
8,-6,100.0
8,-7,102.91714448946533
8,-7,114.89509520124764
8,-7,100.0
7,-7,100.0
7,-7,100.0
7,-7,100.0
7,-6,182.04226547849348
7,-6,127.19843305135709
7,-6,100.0
7,-5,100.0
7,-5,151.49407750159844
7,-5,112.09162748592671
7,-4,100.0
7,-4,163.15469405776915
7,-4,107.98154673504538
7,-5,175.37272947939616
7,-5,100.0
7,-5,136.64350671490382
7,-4,102.26555596277584
7,-4,149.0388157384531
7,-4,173.09540048719603
7,-3,132.19921766785373
7,-3,137.3435025305978
7,-3,100.0
6,-3,100.0
6,-3,223.3495947943519
6,-3,168.6746553273248
6,-2,163.92562728325618
6,-2,131.418420605747
6,-2,100.0
7,-2,100.0
7,-2,100.0
7,-2,100.0
7,-1,145.33508117764032
7,-1,100.0
7,-1,158.18498468769567
7,-2,152.9089115780625
7,-2,100.0
7,-2,165.78234023186886
7,-1,100.0
7,-1,158.30844827508602
7,-1,136.90771935347007
6,-1,100.0
6,-1,160.45544606014298
6,-1,100.0
6,0,181.0972215536593
6,0,149.25650128310633
6,0,157.51951249281126
5,0,123.97542293504799
5,0,100.0
5,0,100.0
4,0,217.08854161879265
4,0,209.0913277210551
4,0,227.58216318529662
3,0,134.6644359143533
3,0,125.39831471660175
3,0,100.28296139486416
3,1,106.83597481513647
3,1,100.0
3,1,176.20183733629145
3,2,153.6345026287803
3,2,100.0
3,2,122.21062268123565
2,2,181.40055074876133
2,2,252.02248699680254
2,2,100.0
1,2,100.0
1,2,100.0
1,2,231.96649050902207
1,3,192.34455406989343
1,3,176.9802691413839
1,3,155.38886438816155
1,4,100.0
1,4,122.359296754682
1,4,164.01444045778004
0,4,200.49640666731398
0,4,184.03039499469827
0,4,153.51069539688456
0,5,103.73292732351692
0,5,132.30983925550487
0,5,182.8831473391495
0,6,100.0
0,6,100.0
0,6,166.33790699233253
-1,6,145.26281519854135
-1,6,148.0310577543995
-1,6,129.41104169456165
-2,6,128.16773185869366
-2,6,111.74823692372874
-2,6,160.17170378766662
-3,6,100.0
-3,6,100.0
-3,6,100.0
-3,7,100.0
-3,7,195.04837907948877
-3,7,106.62710174584674
-3,8,100.0
-3,8,100.0
-3,8,147.04716295471468
-3,9,100.0
-3,9,100.0
-3,9,100.0
-4,9,100.0
-4,9,110.23225707431084
-4,9,100.0
-4,10,100.0
-4,10,188.9889017013866
-4,10,100.0
-4,11,139.20679165778768
-4,11,153.57189698333764
-4,11,100.0
-4,10,175.03144730042894
-4,10,100.0
-4,10,149.7905340639772
-4,11,100.0
-4,11,127.63372346894256
-4,11,159.01394027418178
-4,12,141.68460539196423
-4,12,100.71891529990859
-4,12,100.0
-4,11,100.0
-4,11,100.0
-4,11,100.0
-4,10,151.82669740251757
-4,10,137.56825129369508
-4,10,100.0
-4,9,100.0
-4,9,100.0
-4,9,100.0
-4,10,140.14445397343562
-4,10,106.48674650455743
-4,10,188.04092799786758
-4,9,100.0
-4,9,142.50920483165714
-4,9,100.0
-4,10,116.89900893002526
-4,10,100.0
-4,10,100.0
-4,9,100.0
-4,9,165.40094963013044
-4,9,192.28232298300213
-4,8,136.87110851941569
-4,8,153.01579960407312
-4,8,101.88989506950249
-4,7,100.0
-4,7,100.0
-4,7,168.73984586271823
-4,6,100.0
-4,6,182.5105762619791
-4,6,100.0
-4,5,167.81426725196724
-4,5,176.87823613430902
-4,5,178.8882318686319
-4,4,187.09802237558637
-4,4,210.22964410921387
-4,4,197.16059097233136
-3,4,100.0
-3,4,100.0
-3,4,100.0
-2,4,191.9786512890069
-2,4,101.84414971276968
-2,4,174.96903386353318
-1,4,222.85537232175813
-1,4,203.63457069004053
-1,4,100.0937320614864
0,4,216.13481073991193
0,4,113.95922550581568
0,4,178.8718139881454
1,4,152.13846105405534
1,4,214.7470031795093
1,4,100.61937264893632
2,4,146.857752799905
2,4,179.69775903233761
2,4,136.58071849419252
3,4,100.0
3,4,146.68953974738122
3,4,207.5247342580959
4,4,100.0
4,4,100.0
4,4,168.95031027901805
3,4,100.0
3,4,131.45058220251548
3,4,218.698824837357
2,4,100.0
2,4,130.94401128025922
2,4,185.21751141144227
2,3,168.694762106586
2,3,211.18000746235353
2,3,148.95695847557238
3,3,100.0
3,3,100.0
3,3,125.16075488255919
2,3,156.78990048418555
2,3,117.2840332399476
2,3,100.0
3,3,111.03425788212732
3,3,162.2860544021277
3,3,111.82346535938773
4,3,153.5500891138207
4,3,107.28511632244411
4,3,155.238657688539
5,3,100.0
5,3,202.27355843971213
5,3,150.25729759130175
6,3,100.0
6,3,149.46837927467382
6,3,108.88780223283848
7,3,127.63870455319451
7,3,100.0
7,3,100.0
8,3,166.34990268592503
8,3,131.6993813796306
8,3,106.51562050764929
9,3,100.0
9,3,100.0
9,3,107.27584845757296
10,3,163.7036990313913
10,3,100.0
10,3,113.92174115014855
10,4,144.99724223101413
10,4,100.0
10,4,151.1034163601658
11,4,100.0
11,4,119.35727446649926
11,4,100.0
10,4,127.854836371393
10,4,127.27663248722148
10,4,100.0
11,4,146.03449654166565
11,4,100.0
11,4,103.64408519444534
10,4,100.0
10,4,100.0
10,4,126.71441756789511
11,4,100.0
11,4,100.0
11,4,100.0
10,4,154.96586547534807
10,4,100.0
10,4,100.0
9,4,152.72865481957035
9,4,120.60876484703797
9,4,170.34935710430017
9,3,100.0
9,3,100.0
9,3,103.15142675902662
10,3,100.0
10,3,100.0
10,3,176.9429891906849
11,3,150.43430521886273
11,3,195.8062655103945
11,3,157.01815675706888
12,3,100.0
12,3,100.0
12,3,100.0
12,4,128.35024793315188
12,4,105.43902234127552
12,4,100.0
12,5,114.3485604387057
12,5,118.59832195164061
12,5,100.0
13,5,100.0
13,5,135.98316077611491
13,5,112.2247982750448
14,5,100.0
14,5,100.0
14,5,118.72664741604885
14,4,100.0
14,4,100.0
14,4,100.0
13,4,129.65401829172387
13,4,100.0
13,4,100.0
13,5,104.31985861570047
13,5,100.0
13,5,134.11352865741128
14,5,100.0
14,5,162.33247948063777
14,5,100.0
14,6,100.0
14,6,120.97222338333144
14,6,108.06456165074835
14,7,100.0
14,7,100.0
14,7,100.0
14,6,198.76765696248603
14,6,101.87097938662936
14,6,100.0
14,7,100.0
14,7,100.0
14,7,184.5734568785347
15,7,100.0
15,7,100.0
15,7,100.0
16,7,102.14779126342988
16,7,191.20200672771668
16,7,156.38223202926554
16,8,137.80777833340605
16,8,100.0
16,8,100.0
15,8,100.0
15,8,100.0
15,8,100.0
15,9,100.0
15,9,100.0
15,9,113.44836216023495
16,9,100.0
16,9,109.80310378871425
16,9,100.0
15,9,125.01060113779732
15,9,149.66182733760598
15,9,100.0
14,9,100.0
14,9,100.0
14,9,100.0
13,9,100.0
13,9,103.5648600221659
13,9,100.0
12,9,100.0
12,9,164.8657463698842
12,9,114.84814750278716
12,10,100.0
12,10,131.75597501247734
12,10,100.0
12,11,100.0
12,11,100.0
12,11,100.99461458329529
11,11,100.0
11,11,100.0
11,11,100.0
10,11,100.0
10,11,100.0
10,11,100.0
10,12,149.41604622130123
10,12,122.17944963602633
10,12,147.56764214284877
11,12,170.60816708177774
11,12,114.20561198051982
11,12,101.29325403026421
10,12,149.29507557957015
10,12,131.53139788408174
10,12,127.22413102342645
9,12,140.9797860570414
9,12,100.0
9,12,100.0
8,12,152.58637634164492
8,12,101.39723863608356
8,12,168.26255298152867
7,12,112.39944964696338
7,12,109.19112945072735
7,12,100.0
8,12,100.0
8,12,112.65885038467788
8,12,100.0
7,12,140.79197923671862
7,12,100.0
7,12,100.0
8,12,125.29540344746368
8,12,149.0682172688787
8,12,101.32247566205409
7,12,100.0
7,12,100.0
7,12,100.0
6,12,162.1931463777188
6,12,166.6215530800153
6,12,100.0
7,12,100.0
7,12,118.89101220747438
7,12,100.0
6,12,100.0
6,12,100.0
6,12,138.14873859118242
5,12,100.0
5,12,100.0
5,12,100.0
4,12,100.0
4,12,100.0
4,12,100.0
3,12,100.0
3,12,173.41020769631004
3,12,103.46026248889363
3,11,100.0
3,11,101.34403250431359
3,11,100.0
2,11,155.02052401326102
2,11,135.01594655329092
2,11,203.41777203759858
3,11,149.4780415373293
3,11,100.0
3,11,144.50926073069945
2,11,100.0
2,11,186.17191126525512
2,11,100.0
3,11,117.50862382355193
3,11,142.41900091939664
3,11,155.02501619396998
2,11,100.0
2,11,208.9584168299105
2,11,129.95512235548307
1,11,140.7672904282803
1,11,122.52045554054568
1,11,108.14846694468844
2,11,117.08304601647808
2,11,162.58374257340566
2,11,100.0
1,11,100.0
1,11,100.0
1,11,100.0
0,11,100.0
0,11,120.84920267204168
0,11,100.0
-1,11,173.75003003895037
-1,11,100.0
-1,11,100.0
-1,10,100.0
-1,10,133.38123755226374
-1,10,142.33472264579785
-2,10,100.0
-2,10,100.0
-2,10,158.16953611441474
-2,9,127.87241311319204
-2,9,100.0
-2,9,108.71452313845242
-1,9,100.0
-1,9,100.0
-1,9,124.48145530407513
-1,8,164.7524273254891
-1,8,100.0
-1,8,100.0
-2,8,184.87157160863066
-2,8,100.0
-2,8,220.68027239591964
-3,8,118.13308933125262
-3,8,100.0
-3,8,100.0
-4,8,118.4427595189415
-4,8,100.0
-4,8,112.00610653402937
-5,8,106.15749900130591
-5,8,125.13444572869551
-5,8,100.0
-5,9,100.0
-5,9,174.5346300061939
-5,9,100.0
-5,8,100.0
-5,8,100.0
-5,8,100.0
-5,9,166.27393991632178
-5,9,100.0
-5,9,120.64686994992485
-6,9,100.0
-6,9,100.0
-6,9,100.0
-6,8,201.0534927614811
-6,8,157.52348978828013
-6,8,141.50364717042456
-6,7,100.0
-6,7,106.28425135672617
-6,7,132.67679589330632
-7,7,100.0
-7,7,124.10797876878634
-7,7,136.03497431008336
-8,7,100.0
-8,7,100.0
-8,7,176.18653011183352
