8,-1,100.0
8,-1,124.79849785861026
8,-2,100.0
8,-2,102.34412884962762
8,-2,128.56886208273346
8,-3,157.87819291743807
8,-3,145.1609845636338
8,-3,100.0
8,-4,100.0
8,-4,100.0
8,-4,100.0
8,-3,100.0
8,-3,165.0408501184243
8,-3,183.02518388812456
8,-4,158.6662825998886
8,-4,100.0
8,-4,165.22814920511064
8,-5,143.19060320846995
8,-5,116.99750889762679
8,-5,187.5834829247847
8,-6,100.0
8,-6,100.0
8,-6,126.68370394552551
8,-7,156.62687127229373
8,-7,100.0
8,-7,172.6983295622191
8,-8,100.0
8,-8,100.0
8,-8,140.6396779550663
8,-7,143.18487944383205
8,-7,140.48036127648388
8,-7,100.0
8,-6,191.3114587712883
8,-6,115.6587177855514
8,-6,114.03037967312308
8,-7,113.78783816406299
8,-7,100.0
8,-7,142.94133246785267
7,-7,155.4767578482333
7,-7,100.0
7,-7,145.36283536907032
7,-6,106.20649557020015
7,-6,185.78767721637286
7,-6,100.0
7,-5,196.440349120324
7,-5,136.61122200285882
7,-5,100.0
7,-4,124.93659974989755
7,-4,100.0
7,-4,178.39447647637343
7,-5,100.0
7,-5,178.99764353940157
7,-5,105.31737776993758
7,-4,117.90128349357174
7,-4,100.0
7,-4,171.42433777159255
7,-3,100.0
7,-3,177.69563974587754
7,-3,144.95573146046837
6,-3,100.0
6,-3,100.0
6,-3,120.34684508485796
6,-2,107.81381689132891
6,-2,175.48229594818716
6,-2,129.0598796978679
7,-2,181.0332903355913
7,-2,108.03888822611513
7,-2,172.05025562326333
7,-1,166.4972466136608
7,-1,125.55954415956705
7,-1,100.0
7,-2,100.0
7,-2,206.94845249468156
7,-2,150.76264624562603
7,-1,126.32618863841262
7,-1,100.0
7,-1,182.30770229101154
6,-1,100.19343774528286
6,-1,110.88430344942523
6,-1,157.11512066150664
6,0,100.0
6,0,100.0
6,0,100.0
5,0,100.0
5,0,120.49463840639362
5,0,100.56161857233418
4,0,150.3872088969887
4,0,100.0
4,0,155.70469444012983
3,0,100.0
3,0,100.32770398876858
3,0,165.10420859139896
3,1,143.93329402797505
3,1,100.0
3,1,194.60858091493355
3,2,209.32585350037706
3,2,128.42742733962538
3,2,100.0
2,2,223.5245106136923
2,2,162.64598749015892
2,2,144.1460933145009
1,2,108.65710318345518
1,2,195.46649875282978
1,2,173.6647132010265
1,3,100.60702165839766
1,3,100.0
1,3,185.21801011978943
1,4,139.56874064015753
1,4,212.7751109197718
1,4,111.75706693334574
0,4,140.58687489280283
0,4,114.2760440983842
0,4,101.36310572555969
0,5,143.93699140347127
0,5,211.62927324799534
0,5,170.0917656680401
0,6,124.00016403657479
0,6,178.83387281288108
0,6,116.4851014856011
-1,6,199.5962296623093
-1,6,154.84221875848414
-1,6,100.0
-2,6,100.0
-2,6,124.7733322904326
-2,6,100.0
-3,6,102.58893281325678
-3,6,136.4203999621763
-3,6,122.37999310617448
-3,7,181.23305357671447
-3,7,135.13186456151604
-3,7,100.0
-3,8,163.44129272403427
-3,8,100.0
-3,8,159.26800905810447
-3,9,221.530292427658
-3,9,162.39317740113276
-3,9,100.0
-4,9,131.912338181076
-4,9,116.87466401589194
-4,9,115.79143442776376
-4,10,100.0
-4,10,100.0
-4,10,142.5813912579124
-4,11,132.48126747557185
-4,11,100.0
-4,11,100.0
-4,10,135.2457686656527
-4,10,131.61325941320308
-4,10,149.64801111406615
-4,11,100.0
-4,11,100.0
-4,11,100.0
-4,12,101.21740438367432
-4,12,147.70579224050857
-4,12,100.0
-4,11,100.0
-4,11,100.0
-4,11,100.0
-4,10,136.5482128436753
-4,10,100.0
-4,10,112.32313606701861
-4,9,164.80116705335075
-4,9,178.16319159294153
-4,9,100.0
-4,10,154.15082244285603
-4,10,100.0
-4,10,123.10162549729134
-4,9,114.04676558786326
-4,9,126.96311566712897
-4,9,100.0
-4,10,100.0
-4,10,118.27745477341182
-4,10,194.62743786483713
-4,9,100.0
-4,9,100.0
-4,9,181.36939706266304
-4,8,165.21619526956425
-4,8,100.0
-4,8,178.0005370491932
-4,7,173.69025245917663
-4,7,100.0
-4,7,148.80546383530756
-4,6,100.0
-4,6,170.148813634905
-4,6,220.64267852008027
-4,5,110.1904704165216
-4,5,100.0
-4,5,248.50457837424034
-4,4,108.15668672605321
-4,4,168.89488072413366
-4,4,104.41226408806521
-3,4,132.71964319993765
-3,4,105.70302163786762
-3,4,100.0
-2,4,180.05536717111048
-2,4,100.0
-2,4,190.82031204206967
-1,4,132.78150816184086
-1,4,140.58857478196035
-1,4,100.0
0,4,167.19302430901521
0,4,100.0
0,4,133.08683584445467
1,4,177.1167402148299
1,4,100.0
1,4,100.0
2,4,164.1688907116194
2,4,100.0
2,4,135.11849223625399
3,4,116.93004129617117
3,4,100.0
3,4,100.0
4,4,100.0
4,4,103.18924249223618
4,4,100.0
3,4,100.0
3,4,148.2334173724895
3,4,187.05274567816966
2,4,202.9582135306954
2,4,100.0
2,4,100.0
2,3,118.14525120437268
2,3,195.9154755594791
2,3,175.09026139401237
3,3,179.34913068846484
3,3,120.5749953119714
3,3,186.05032100812187
2,3,189.44997434023907
2,3,100.0
2,3,164.8688431009215
3,3,117.66081714583507
3,3,208.05497911859842
3,3,100.0
4,3,117.6347262798927
4,3,145.67992991360472
4,3,100.0
5,3,145.3536865487699
5,3,192.56253870156792
5,3,127.75306909221345
6,3,100.0
6,3,100.0
6,3,100.0
7,3,119.42619653926593
7,3,206.32198959987926
7,3,187.60853442400744
8,3,100.0
8,3,195.75112620811066
8,3,129.93062449661096
9,3,100.0
9,3,100.0
9,3,143.72145308971426
10,3,100.0
10,3,138.53226780249884
10,3,222.54404169714593
10,4,100.0
10,4,198.83830777687234
10,4,100.0
11,4,100.0
11,4,100.0
11,4,100.55423541208071
10,4,100.0
10,4,160.42902349564386
10,4,100.0
11,4,263.0969541608429
11,4,100.0
11,4,205.3872838267651
10,4,181.94636022873783
10,4,115.29689124854734
10,4,184.75960711809907
11,4,100.0
11,4,167.76387851685692
11,4,100.0
10,4,109.96686664702804
10,4,100.0
10,4,160.91367372809603
9,4,166.4253688938059
9,4,100.0
9,4,127.6560745195173
9,3,154.04341580936216
9,3,136.11672989555504
9,3,125.84024959611186
10,3,100.0
10,3,198.59583676231892
10,3,119.85946629548954
11,3,152.27690740322006
11,3,100.0
11,3,204.20991100246493
12,3,100.0
12,3,100.0
12,3,124.64495760216693
12,4,100.0
12,4,106.15604483625391
12,4,222.4549577918154
12,5,100.0
12,5,100.0
12,5,100.0
13,5,100.0
13,5,100.0
13,5,100.0
14,5,120.26686359928956
14,5,100.0
14,5,170.81338003059562
14,4,100.0
14,4,100.0
14,4,140.30407954703705
13,4,100.0
13,4,100.0
13,4,100.0
13,5,100.0
13,5,100.0
13,5,100.0
14,5,105.26687492408806
14,5,137.95430471340333
14,5,130.07298479331857
14,6,114.11605579810525
14,6,134.09728087881015
14,6,100.0
14,7,112.30058967031843
14,7,175.09143603135635
14,7,100.0
14,6,100.0
14,6,100.0
14,6,100.0
14,7,161.92852914333605
14,7,118.69274088926818
14,7,155.9109621006643
15,7,112.86404445420797
15,7,133.2777750271615
15,7,114.02257520474708
16,7,113.8101236899988
16,7,111.91744662863718
16,7,100.0
16,8,100.0
16,8,136.96324908101872
16,8,100.0
15,8,100.0
15,8,100.0
15,8,100.0
15,9,100.0
15,9,101.6457143371991
15,9,100.0
16,9,100.0
16,9,100.0
16,9,113.2096244575711
15,9,100.0
15,9,103.65251706973294
15,9,100.0
14,9,174.23316615187034
14,9,100.0
14,9,128.018227410123
13,9,116.73122205851283
13,9,119.60101863404083
13,9,100.0
12,9,146.04092625073088
12,9,128.87492357991698
12,9,100.0
12,10,132.46984000099286
12,10,100.0
12,10,100.0
12,11,100.0
12,11,100.0
12,11,100.0
11,11,100.36855679042385
11,11,100.0
11,11,117.6920150668464
10,11,114.78916546276429
10,11,100.0
10,11,100.0
10,12,100.0
10,12,100.0
10,12,100.0
11,12,124.19683323047575
11,12,100.0
11,12,180.0634567673169
10,12,100.0
10,12,100.0
10,12,134.94607287936782
9,12,100.0
9,12,149.56595144265617
9,12,100.0
8,12,141.34761438170557
8,12,100.0
8,12,190.0073810034857
7,12,102.12638737542844
7,12,100.0
7,12,116.80030605257218
8,12,171.03796268694094
8,12,100.0
8,12,143.4969566833397
7,12,100.0
7,12,176.79150149311204
7,12,100.0
8,12,155.575522577433
8,12,173.7620948389769
8,12,100.0
7,12,127.21820462072348
7,12,157.9139901836075
7,12,100.0
6,12,100.0
6,12,117.81377535884675
6,12,100.0
7,12,170.00889303897398
7,12,122.0042441215691
7,12,109.4293527950515
6,12,100.0
6,12,100.0
6,12,155.1981272988369
5,12,100.0
5,12,100.0
5,12,113.36648651422162
4,12,185.34504210498477
4,12,100.0
4,12,105.07136690473824
3,12,181.7537396463431
3,12,100.0
3,12,100.0
3,11,177.18791211889996
3,11,100.0
3,11,170.80278907566648
2,11,100.0
2,11,216.60582469473974
2,11,100.0
3,11,100.0
3,11,100.0
3,11,105.42567372885861
2,11,101.18927878963136
2,11,118.74621570046418
2,11,139.22608501929523
3,11,124.95377981998459
3,11,174.9543018081178
3,11,100.0
2,11,100.0
2,11,118.54842606367427
2,11,126.54142734567085
1,11,100.0
1,11,170.4419810671156
1,11,108.61589502736328
2,11,136.79939213026728
2,11,100.0
2,11,162.11342534562442
1,11,103.78099061838554
1,11,100.0
1,11,100.0
0,11,100.0
0,11,100.0
0,11,100.0
-1,11,153.28446400731357
-1,11,164.24412966175092
-1,11,100.0
-1,10,104.54875175692727
-1,10,100.0
-1,10,100.0
-2,10,120.39697536355638
-2,10,142.12357263416172
-2,10,100.0
-2,9,121.13072324801281
-2,9,128.29290379672605
-2,9,100.0
-1,9,178.0985257981263
-1,9,173.51040394646935
-1,9,100.0
-1,8,130.91770880760512
-1,8,100.0
-1,8,100.0
-2,8,100.0
-2,8,195.8118863992317
-2,8,142.67691972782342
-3,8,151.97853926117608
-3,8,166.32076360926766
-3,8,160.16401584336054
-4,8,100.0
-4,8,100.0
-4,8,112.15519258223067
-5,8,100.0
-5,8,100.0
-5,8,141.68538902464812
-5,9,100.0
-5,9,100.0
-5,9,100.54159118465212
-5,8,147.00612242454812
-5,8,100.0
-5,8,100.0
-5,9,141.55989921616035
-5,9,198.86210730064835
-5,9,170.74384851576355
-6,9,100.0
-6,9,100.0
-6,9,153.5166967219955
-6,8,136.8611293545335
-6,8,119.1882326368463
-6,8,100.0
-6,7,198.9163295093485
-6,7,199.32630540298453
-6,7,100.0
-7,7,100.0
-7,7,163.0692133335286
-7,7,100.0
-8,7,117.49644989258013
-8,7,100.0
-8,7,100.0
