8,-1,108.52636822968849
8,-1,127.16045261972369
8,-2,165.8537586833551
8,-2,115.84058056498341
8,-2,100.0
8,-3,156.16266585748465
8,-3,100.0
8,-3,100.18748915791019
8,-4,184.96627829124355
8,-4,137.5316955471313
8,-4,112.70752574582133
8,-3,100.0
8,-3,116.46548780869213
8,-3,145.22739093534065
8,-4,100.0
8,-4,136.59331863570935
8,-4,100.0
8,-5,182.5028763302259
8,-5,144.61444365489112
8,-5,200.60211031815112
8,-6,105.84053543227907
8,-6,130.16257394674085
8,-6,100.0
8,-7,100.0
8,-7,169.5127173241171
8,-7,167.21844746095425
8,-8,130.34715108405817
8,-8,127.6997424496739
8,-8,125.20262204076703
8,-7,100.0
8,-7,153.46088945436207
8,-7,100.0
8,-6,100.0
8,-6,176.85188292756263
8,-6,100.0
8,-7,136.73762797175343
8,-7,100.0
8,-7,100.0
7,-7,190.57216459613466
7,-7,129.97398233712747
7,-7,100.0
7,-6,100.0
7,-6,100.0
7,-6,100.0
7,-5,100.0
7,-5,153.12920743194235
7,-5,100.0
7,-4,100.0
7,-4,174.3790314298176
7,-4,100.0
7,-5,100.0
7,-5,100.0
7,-5,197.45082895501713
7,-4,116.9475563604573
7,-4,152.11553466555765
7,-4,138.80390358590876
7,-3,119.44230323683232
7,-3,100.0
7,-3,149.727818943069
6,-3,134.97954293927023
6,-3,120.06887607501427
6,-3,250.08905615717185
6,-2,138.01523078166957
6,-2,100.0
6,-2,183.91330146192172
7,-2,100.0
7,-2,100.0
7,-2,100.0
7,-1,120.933222241135
7,-1,100.0
7,-1,220.59860418696346
7,-2,100.0
7,-2,100.0
7,-2,166.74065188068158
7,-1,115.25052735791176
7,-1,135.37134063429852
7,-1,127.97725049805604
6,-1,120.41526461837415
6,-1,191.09569607764087
6,-1,196.63647594438146
6,0,100.0
6,0,100.0
6,0,174.29954552973265
5,0,162.63987365031065
5,0,114.4642219028766
5,0,100.0
4,0,144.06264914388814
4,0,100.0
4,0,219.86764231699516
3,0,100.0
3,0,155.70299302646924
3,0,105.84856087757187
3,1,100.0
3,1,168.42148378359082
3,1,172.4212633376235
3,2,100.0
3,2,241.35270958336196
3,2,174.39651674471702
2,2,171.3717504046588
2,2,230.65041050252628
2,2,100.0
1,2,156.41488792125907
1,2,214.51281634818952
1,2,206.14680709385496
1,3,193.90266634118097
1,3,228.54283420594433
1,3,152.09729271406587
1,4,236.8837886482935
1,4,107.78041603834558
1,4,145.25237095227766
0,4,159.02959061763897
0,4,132.65556079869367
0,4,103.96707311764014
0,5,188.94193009545253
0,5,144.3279784709477
0,5,100.0
0,6,196.06076697615424
0,6,123.74759986691564
0,6,198.32640696817845
-1,6,119.72410706756311
-1,6,100.0
-1,6,119.74942351671328
-2,6,176.1956226282925
-2,6,100.0
-2,6,100.0
-3,6,108.09634896907824
-3,6,155.12410846249537
-3,6,100.0
-3,7,119.80397356132666
-3,7,141.6036636892251
-3,7,201.69210854915883
-3,8,100.0
-3,8,163.8001580638534
-3,8,120.77802288575036
-3,9,123.3120338019767
-3,9,100.14138039221513
-3,9,100.0
-4,9,101.93673209641587
-4,9,124.07810295403041
-4,9,160.16904780823887
-4,10,100.0
-4,10,100.0
-4,10,107.83166162828884
-4,11,100.0
-4,11,100.0
-4,11,158.43277112680954
-4,10,162.22257087263034
-4,10,108.3071981972501
-4,10,100.0
-4,11,100.0
-4,11,100.0
-4,11,184.94548747328363
-4,12,100.0
-4,12,100.0
-4,12,130.76953315198816
-4,11,209.7912183593145
-4,11,100.0
-4,11,100.0
-4,10,137.68555398655852
-4,10,100.0
-4,10,100.0
-4,9,106.6755292421231
-4,9,100.0
-4,9,170.64986669732727
-4,10,175.32680481741187
-4,10,100.0
-4,10,100.0
-4,9,122.3689613683599
-4,9,143.92285633282228
-4,9,166.3013697792361
-4,10,152.27208518956843
-4,10,100.0
-4,10,132.67572002325926
-4,9,100.0
-4,9,231.5923734385948
-4,9,172.86557992539002
-4,8,100.0
-4,8,202.78850008798534
-4,8,169.1647732095979
-4,7,143.22844104977605
-4,7,100.0
-4,7,100.0
-4,6,100.0
-4,6,100.0
-4,6,101.25278188007164
-4,5,124.61316690709225
-4,5,147.61590859535278
-4,5,145.31059777678342
-4,4,136.61245194726786
-4,4,125.54119745050143
-4,4,100.0
-3,4,163.20442705682783
-3,4,179.20891379499164
-3,4,100.0
-2,4,126.71292720804254
-2,4,153.95604107277634
-2,4,100.0
-1,4,165.96042168772848
-1,4,140.19250042999036
-1,4,155.7558709846306
0,4,191.9608388721697
0,4,128.87707681260062
0,4,100.0
1,4,100.0
1,4,100.0
1,4,144.07433370047198
2,4,172.43070870305618
2,4,142.43059305807338
2,4,112.4714415334147
3,4,226.360291944684
3,4,100.0
3,4,100.0
4,4,100.51808264514668
4,4,105.36501854847124
4,4,103.59493872882516
3,4,100.0
3,4,103.38050033207755
3,4,124.34128108789469
2,4,160.7981783282906
2,4,196.05053169661662
2,4,106.29377856315233
2,3,149.60294303711862
2,3,169.84538099816172
2,3,108.18979116013577
3,3,151.09785788911043
3,3,180.18036648787233
3,3,100.0
2,3,203.9619552247062
2,3,131.6590892982751
2,3,144.72231209096174
3,3,100.0
3,3,100.0
3,3,195.96115052390604
4,3,158.14798254304574
4,3,100.0
4,3,150.2338688430165
5,3,100.0
5,3,100.0
5,3,183.27369446272067
6,3,104.0592258359146
6,3,118.28092293249851
6,3,104.68007347965892
7,3,100.0
7,3,179.51575920237042
7,3,111.47588551533303
8,3,118.31241522431786
8,3,100.0
8,3,100.0
9,3,100.0
9,3,165.76106111938364
9,3,100.0
10,3,100.0
10,3,109.43860120452037
10,3,100.0
10,4,148.4387087178498
10,4,162.50950672052198
10,4,100.0
11,4,156.33936825041724
11,4,100.0
11,4,177.3711226933786
10,4,100.0
10,4,100.0
10,4,100.0
11,4,179.41685082365456
11,4,100.0
11,4,144.7813290399987
10,4,100.0
10,4,162.27722251039583
10,4,218.7084773797055
11,4,140.31464155087446
11,4,127.46484227649024
11,4,143.39913070580957
10,4,100.0
10,4,179.1707883913412
10,4,147.67565698543504
9,4,100.0
9,4,100.0
9,4,107.41176252511858
9,3,100.0
9,3,100.40538328193105
9,3,182.23182570092882
10,3,154.11656089245315
10,3,100.0
10,3,190.46718192340936
11,3,106.17850979882384
11,3,100.0
11,3,100.0
12,3,100.0
12,3,100.0
12,3,100.0
12,4,115.51611706328245
12,4,100.0
12,4,201.02939641586747
12,5,100.0
12,5,100.0
12,5,100.0
13,5,100.0
13,5,100.0
13,5,153.35526308878994
14,5,100.0
14,5,100.0
14,5,100.0
14,4,153.4496978104214
14,4,154.23012175863863
14,4,113.41966948123182
13,4,100.0
13,4,100.0
13,4,249.61701674101124
13,5,100.0
13,5,176.23793781940802
13,5,127.18856135944858
14,5,100.0
14,5,118.8267539210114
14,5,100.0
14,6,100.0
14,6,100.0
14,6,187.09824700546852
14,7,100.0
14,7,145.75498862411933
14,7,100.16424445126285
14,6,137.81656937187165
14,6,110.14366377714519
14,6,100.0
14,7,131.42911524397016
14,7,100.0
14,7,113.46301637303748
15,7,152.55311027876394
15,7,100.0
15,7,100.0
16,7,208.2364274663521
16,7,166.9401514675054
16,7,100.0
16,8,173.50389872370465
16,8,100.0
16,8,100.0
15,8,100.0
15,8,100.0
15,8,188.23612546696006
15,9,100.0
15,9,100.0
15,9,100.0
16,9,100.0
16,9,100.0
16,9,100.0
15,9,134.686193785436
15,9,100.0
15,9,100.0
14,9,139.50244223310295
14,9,135.64532106364936
14,9,100.0
13,9,100.0
13,9,124.43047859778322
13,9,136.83616911600743
12,9,100.0
12,9,100.0
12,9,153.76968248164349
12,10,100.0
12,10,140.53314569570503
12,10,148.18253756443647
12,11,100.0
12,11,126.81213377291752
12,11,100.0
11,11,100.45670229509673
11,11,101.77624613331994
11,11,100.0
10,11,145.89143900085054
10,11,100.0
10,11,100.0
10,12,101.3492328755056
10,12,100.0
10,12,100.0
11,12,100.0
11,12,145.43980892426026
11,12,103.02938537462627
10,12,100.0
10,12,100.0
10,12,121.46704805891797
9,12,100.0
9,12,129.40872907899134
9,12,100.0
8,12,120.60966943817647
8,12,131.4647308684079
8,12,208.76076308305022
7,12,175.11617908825298
7,12,100.0
7,12,100.0
8,12,100.0
8,12,162.6059000970293
8,12,100.0
7,12,100.0
7,12,132.05929285707822
7,12,173.6193356996643
8,12,150.88162010591532
8,12,100.0
8,12,119.63253504524336
7,12,146.0452086507261
7,12,172.97263269338004
7,12,100.0
6,12,100.0
6,12,100.0
6,12,100.0
7,12,129.05489717834112
7,12,100.0
7,12,171.85588673348548
6,12,100.0
6,12,100.0
6,12,129.21472529797117
5,12,139.3726683144488
5,12,100.0
5,12,151.57063962792537
4,12,116.94119846558746
4,12,100.0
4,12,148.7964993382346
3,12,112.97572931579508
3,12,100.0
3,12,100.0
3,11,110.61243418447582
3,11,176.3991002104339
3,11,200.42759097702523
2,11,100.0
2,11,122.4722684778132
2,11,100.0
3,11,100.0
3,11,180.30187542852747
3,11,100.0
2,11,100.0
2,11,168.61800475520462
2,11,102.78355553913904
3,11,134.6576164624972
3,11,100.0
3,11,142.22908012336603
2,11,137.22736082767472
2,11,100.0
2,11,100.0
1,11,132.11530398003237
1,11,100.0
1,11,100.0
2,11,195.04236882406485
2,11,100.0
2,11,148.25978601151806
1,11,142.01202958918788
1,11,100.0
1,11,102.50789705768368
0,11,100.0
0,11,100.0
0,11,100.0
-1,11,100.0
-1,11,140.00828588698405
-1,11,146.17393842484114
-1,10,136.30302057601511
-1,10,118.37908279553818
-1,10,100.0
-2,10,100.0
-2,10,181.83770006114753
-2,10,106.33295127340591
-2,9,100.0
-2,9,112.8631380860185
-2,9,100.0
-1,9,129.17843761614435
-1,9,106.4953904278668
-1,9,140.95947540158514
-1,8,100.0
-1,8,100.0
-1,8,178.9691911809617
-2,8,108.12320255836656
-2,8,134.49638950403173
-2,8,116.5485048913028
-3,8,172.18765083180233
-3,8,100.0
-3,8,145.6232073213754
-4,8,100.0
-4,8,148.4767844998361
-4,8,100.0
-5,8,158.00175392457555
-5,8,100.0
-5,8,147.46784417078698
-5,9,134.99124602852305
-5,9,179.18560464943147
-5,9,174.01023507252987
-5,8,125.42846061348806
-5,8,122.30925166582468
-5,8,147.9582172627685
-5,9,100.0
-5,9,105.68385357775105
-5,9,100.0
-6,9,100.8291150454006
-6,9,176.60564430961756
-6,9,134.15352329779677
-6,8,100.0
-6,8,100.0
-6,8,137.25480412566145
-6,7,127.06321190561953
-6,7,100.0
-6,7,154.15052904135354
-7,7,100.0
-7,7,169.7773444450909
-7,7,100.0
-8,7,100.0
-8,7,121.31987553010967
-8,7,145.22797506868812
