8,-1,124.84591719941874
8,-1,100.0
8,-2,120.4353865527366
8,-2,183.63798442826035
8,-2,100.0
8,-3,100.0
8,-3,115.02761993197129
8,-3,226.63679350144378
8,-4,151.20184588334564
8,-4,100.0
8,-4,100.0
8,-3,137.78556155438577
8,-3,134.94930712068842
8,-3,100.0
8,-4,100.42171618774525
8,-4,100.0
8,-4,115.76336374851569
8,-5,132.5493410538538
8,-5,185.71117156166952
8,-5,195.73079856794843
8,-6,139.71997589033322
8,-6,177.13886186797836
8,-6,122.08112308259584
8,-7,100.0
8,-7,100.0
8,-7,133.43207692148664
8,-8,140.95454453523152
8,-8,161.3555589319664
8,-8,100.0
8,-7,100.0
8,-7,138.81630280353014
8,-7,100.0
8,-6,100.0
8,-6,141.76903687535955
8,-6,100.0
8,-7,100.0
8,-7,100.0
8,-7,100.0
7,-7,147.7697986160279
7,-7,100.0
7,-7,100.0
7,-6,139.3635709076457
7,-6,100.0
7,-6,126.9881491081221
7,-5,141.23930680896632
7,-5,100.0
7,-5,172.15520075893562
7,-4,100.25137523963502
7,-4,192.37523332071913
7,-4,100.0
7,-5,100.0
7,-5,170.73800821834345
7,-5,100.0
7,-4,153.63311359329018
7,-4,187.98368541535456
7,-4,100.0
7,-3,144.76809609727997
7,-3,152.52965275401488
7,-3,100.0
6,-3,125.38728959028325
6,-3,100.0
6,-3,100.0
6,-2,106.51306259564454
6,-2,170.9926206158199
6,-2,152.73636120009178
7,-2,121.5988418173638
7,-2,166.45808027020425
7,-2,158.9063167234194
7,-1,124.52322246741102
7,-1,106.80397810705114
7,-1,100.0
7,-2,140.18692201146035
7,-2,195.5735145893998
7,-2,100.0
7,-1,139.15050088495545
7,-1,158.45733367882195
7,-1,163.58527296326363
6,-1,100.0
6,-1,158.0834968767457
6,-1,121.83978161357172
6,0,165.15186080098923
6,0,113.84056943030063
6,0,100.0
5,0,147.52448210188527
5,0,100.0
5,0,100.0
4,0,132.02882453386283
4,0,198.01963757276292
4,0,135.2322995257051
3,0,100.0
3,0,100.0
3,0,196.07073591284288
3,1,114.88558817964079
3,1,121.4883024111553
3,1,158.63239674618856
3,2,178.93229782213663
3,2,100.62572860308359
3,2,133.0547533469536
2,2,148.4756447086844
2,2,100.0
2,2,100.0
1,2,100.0
1,2,235.3596644740596
1,2,100.0
1,3,100.0
1,3,100.0
1,3,124.70888653534513
1,4,208.3133051059492
1,4,158.2763815558632
1,4,146.2822169133106
0,4,100.0
0,4,177.71149366091254
0,4,100.0
0,5,167.17302251829187
0,5,100.0
0,5,162.41079016558584
0,6,100.0
0,6,171.06013487215645
0,6,168.26444343449847
-1,6,100.0
-1,6,191.5874296019146
-1,6,114.30050457202958
-2,6,175.7230095054968
-2,6,189.69210659155155
-2,6,100.0
-3,6,231.29856311101807
-3,6,100.0
-3,6,139.2829693003877
-3,7,113.46716022829362
-3,7,146.41754099209783
-3,7,100.0
-3,8,102.78644932373774
-3,8,100.0
-3,8,110.37516773522121
-3,9,118.71562966677644
-3,9,100.0
-3,9,107.6932035905288
-4,9,106.21909132614925
-4,9,100.0
-4,9,148.20905926865765
-4,10,117.37123260224885
-4,10,175.3206610630472
-4,10,135.48321205924745
-4,11,114.74940042477999
-4,11,208.82331870252978
-4,11,146.65726180138458
-4,10,100.0
-4,10,101.06843589390661
-4,10,100.0
-4,11,132.3843210719797
-4,11,126.61274064213345
-4,11,197.17103002995168
-4,12,100.0
-4,12,140.70530117165742
-4,12,112.76852025473164
-4,11,100.0
-4,11,100.0
-4,11,119.99613408528475
-4,10,100.0
-4,10,100.0
-4,10,173.14308555954344
-4,9,100.0
-4,9,198.00356360370378
-4,9,100.0
-4,10,161.5565545884986
-4,10,100.0
-4,10,100.0
-4,9,108.70940608080976
-4,9,167.801161195103
-4,9,100.0
-4,10,142.46779527926134
-4,10,100.0
-4,10,100.0
-4,9,152.74977252999253
-4,9,102.21502128636385
-4,9,100.0
-4,8,162.0462226447775
-4,8,134.7767370847779
-4,8,158.55513523330157
-4,7,100.0
-4,7,100.0
-4,7,101.22424462287134
-4,6,158.31540379110004
-4,6,127.68485482241641
-4,6,123.49448375157132
-4,5,147.7451228718736
-4,5,113.77105106230647
-4,5,100.0
-4,4,100.0
-4,4,120.1522011814185
-4,4,138.48456822063397
-3,4,191.50444119513847
-3,4,139.15304919181625
-3,4,100.0
-2,4,100.0
-2,4,100.0
-2,4,247.2372271946104
-1,4,211.53853330089566
-1,4,109.9941330111578
-1,4,172.54376088499984
0,4,181.0584983453482
0,4,163.5233370630945
0,4,146.4304952127847
1,4,257.80927920996817
1,4,100.0
1,4,136.62820188689264
2,4,216.24060927340958
2,4,104.53795006866228
2,4,174.43349310417065
3,4,151.71740137259007
3,4,116.36416934232795
3,4,180.21479547268808
4,4,100.0
4,4,100.0
4,4,119.24323192614509
3,4,110.34307881409423
3,4,100.0
3,4,100.0
2,4,145.5727175984033
2,4,190.43376502562668
2,4,155.98742510835146
2,3,174.00125617998359
2,3,109.32065175106649
2,3,216.5111735666021
3,3,191.6570442844572
3,3,100.0
3,3,102.20717791230493
2,3,199.47332081730156
2,3,100.0
2,3,210.26391406340463
3,3,126.47019760648641
3,3,131.17395619928922
3,3,117.13608462462
4,3,120.77247807959495
4,3,144.93114977431034
4,3,155.1757421553847
5,3,193.98352938665448
5,3,156.55059818989224
5,3,100.0
6,3,157.31502988703477
6,3,100.0
6,3,100.0
7,3,199.22387624272923
7,3,158.62808555292617
7,3,205.6066362274213
8,3,146.5021061417409
8,3,133.22280825264025
8,3,150.64797887024895
9,3,100.0
9,3,112.27046531705821
9,3,223.180294422087
10,3,100.0
10,3,100.0
10,3,105.9145638995255
10,4,115.28086649193533
10,4,100.0
10,4,100.0
11,4,100.0
11,4,101.60506833279061
11,4,100.0
10,4,100.0
10,4,135.4826047780902
10,4,133.69716645892666
11,4,100.0
11,4,100.0
11,4,154.70465861687495
10,4,164.6696145788211
10,4,130.26176461676494
10,4,100.0
11,4,151.66089116976937
11,4,152.72201283027513
11,4,100.0
10,4,170.18752116878673
10,4,157.60874391119629
10,4,175.15121621727542
9,4,100.0
9,4,218.2122119307489
9,4,175.0695028511165
9,3,100.0
9,3,190.71800404471324
9,3,100.0
10,3,100.0
10,3,100.0
10,3,127.71170043577874
11,3,100.0
11,3,132.3636541570263
11,3,137.6918430556824
12,3,100.0
12,3,100.0
12,3,100.0
12,4,100.0
12,4,170.08123757883155
12,4,149.64482772711
12,5,104.94935338647596
12,5,100.0
12,5,100.0
13,5,109.91658493333836
13,5,100.0
13,5,140.22392255166176
14,5,107.09200731470116
14,5,100.0
14,5,100.0
14,4,178.1289510688517
14,4,102.79388048715896
14,4,100.0
13,4,100.0
13,4,136.13080823596664
13,4,154.18311751920373
13,5,101.72727320322215
13,5,100.0
13,5,105.97549218992825
14,5,160.05661434363947
14,5,104.46618824523325
14,5,123.17997626873726
14,6,118.43515912808904
14,6,100.9139843730869
14,6,100.0
14,7,100.0
14,7,194.46695856429037
14,7,100.0
14,6,134.95466410262298
14,6,100.0
14,6,100.0
14,7,100.0
14,7,112.93929821747734
14,7,147.2598656210576
15,7,100.0
15,7,102.88034388550517
15,7,100.0
16,7,113.11214680211901
16,7,100.0
16,7,141.67867850814056
16,8,146.3746425636112
16,8,100.0
16,8,121.36407571248097
15,8,100.0
15,8,100.0
15,8,100.0
15,9,100.0
15,9,109.04547102442532
15,9,102.75098994438505
16,9,100.0
16,9,112.95854558313926
16,9,110.61672305668955
15,9,100.0
15,9,140.40933840236283
15,9,100.0
14,9,150.75267637414777
14,9,100.0
14,9,160.07807294984235
13,9,100.0
13,9,100.0
13,9,104.127791304876
12,9,100.0
12,9,132.2262930460495
12,9,100.0
12,10,100.0
12,10,187.1822107114488
12,10,100.0
12,11,100.0
12,11,100.0
12,11,100.0
11,11,100.0
11,11,100.0
11,11,100.0
10,11,133.5391971690345
10,11,100.0
10,11,117.28250406097165
10,12,100.0
10,12,100.0
10,12,147.50840467027888
11,12,106.47595194539491
11,12,100.0
11,12,100.0
10,12,100.0
10,12,100.0
10,12,134.28785353012591
9,12,100.0
9,12,100.0
9,12,100.0
8,12,100.0
8,12,113.23311121994026
8,12,100.0
7,12,100.0
7,12,149.84520434094975
7,12,112.90231343925413
8,12,100.0
8,12,150.2803989711988
8,12,107.23186527744673
7,12,100.0
7,12,100.0
7,12,100.0
8,12,100.0
8,12,100.0
8,12,100.0
7,12,142.16759981760606
7,12,100.0
7,12,109.15754149738677
6,12,179.9907115567063
6,12,100.0
6,12,117.71567949468813
7,12,119.51688416900527
7,12,100.0
7,12,126.98786543181212
6,12,149.89068109757685
6,12,157.0979713856313
6,12,100.0
5,12,100.0
5,12,128.11983212211624
5,12,100.0
4,12,138.75762492371493
4,12,119.39403283187363
4,12,100.0
3,12,110.50432692311297
3,12,111.65988263941894
3,12,154.88590541348503
3,11,100.0
3,11,123.65524785851768
3,11,100.0
2,11,133.52700760647735
2,11,241.73313565507834
2,11,151.11481146358273
3,11,165.00473806672753
3,11,136.69563228259017
3,11,141.20911273135007
2,11,173.22934745088148
2,11,106.44481387601118
2,11,122.28958017851474
3,11,170.89039603267017
3,11,131.1119454707484
3,11,100.0
2,11,121.54548211528152
2,11,162.92411381570852
2,11,209.5945310304158
1,11,100.0
1,11,100.0
1,11,158.24506056255888
2,11,100.0
2,11,112.08388435722989
2,11,100.0
1,11,123.07789833155665
1,11,100.0
1,11,130.69554285224416
0,11,154.94885882612346
0,11,187.43078443389066
0,11,100.0
-1,11,149.36752453903694
-1,11,159.5663206479088
-1,11,100.0
-1,10,100.0
-1,10,132.69816275144885
-1,10,161.09215394347615
-2,10,100.0
-2,10,100.0
-2,10,163.2703304742593
-2,9,137.66776307058794
-2,9,100.0
-2,9,156.7023607941312
-1,9,161.45236009531828
-1,9,170.2457481048919
-1,9,100.0
-1,8,100.0
-1,8,105.74956988424691
-1,8,100.0
-2,8,153.03067736245754
-2,8,100.0
-2,8,161.22505575986523
-3,8,141.12724005587054
-3,8,100.0
-3,8,100.0
-4,8,100.0
-4,8,153.91894292771224
-4,8,122.04994346784467
-5,8,100.0
-5,8,178.08188938423703
-5,8,100.0
-5,9,132.90380100786228
-5,9,143.34096855113816
-5,9,175.62492370924096
-5,8,199.08442873710396
-5,8,100.0
-5,8,100.0
-5,9,172.12604023015442
-5,9,124.92192067428914
-5,9,123.54941801950747
-6,9,100.0
-6,9,173.31400201498832
-6,9,100.0
-6,8,182.65200364921165
-6,8,177.7436075184485
-6,8,100.0
-6,7,124.54364406448491
-6,7,100.0
-6,7,115.0880527865801
-7,7,100.0
-7,7,135.3666577815735
-7,7,100.0
-8,7,100.0
-8,7,181.2704727372006
-8,7,100.0
