8,-1,118.78649402174979
8,-1,100.0
8,-2,100.0
8,-2,100.0
8,-2,156.48450216654405
8,-3,100.0
8,-3,100.0
8,-3,184.87461108403232
8,-4,100.0
8,-4,148.21504443748643
8,-4,110.69220648793392
8,-3,100.0
8,-3,166.7190453072042
8,-3,129.60369084259028
8,-4,100.0
8,-4,190.28340273991247
8,-4,100.0
8,-5,100.0
8,-5,171.078055910796
8,-5,100.0
8,-6,157.8708238864752
8,-6,125.46412375481107
8,-6,138.14490540495882
8,-7,154.45984163591828
8,-7,100.0
8,-7,147.21502496866546
8,-8,143.35027943053697
8,-8,218.26068503525775
8,-8,148.64591627646416
8,-7,100.0
8,-7,100.77977976191482
8,-7,100.0
8,-6,180.61182896647583
8,-6,191.02546011558522
8,-6,100.0
8,-7,100.0
8,-7,130.28578924261305
8,-7,100.0
7,-7,154.57804170813145
7,-7,101.33925140102826
7,-7,229.71760707772648
7,-6,141.95639300517377
7,-6,100.0
7,-6,185.3596288140832
7,-5,100.0
7,-5,100.0
7,-5,140.21442527971016
7,-4,141.2524787398194
7,-4,100.0
7,-4,139.04439557057233
7,-5,125.46097466381161
7,-5,100.0
7,-5,100.97957858501998
7,-4,100.0
7,-4,100.0
7,-4,138.37573483538455
7,-3,100.0
7,-3,125.46896761263714
7,-3,118.68393745711204
6,-3,100.0
6,-3,187.0116038525298
6,-3,182.14834378636922
6,-2,123.80644744408409
6,-2,193.30689158921678
6,-2,111.01809141341182
7,-2,100.0
7,-2,189.82098385458758
7,-2,118.46690239417757
7,-1,220.3311038625616
7,-1,121.48645931541444
7,-1,130.1369814043685
7,-2,118.37068336152458
7,-2,100.0
7,-2,100.35780314631658
7,-1,100.0
7,-1,148.97478671479084
7,-1,158.07262944297017
6,-1,107.37546337594523
6,-1,194.55074613937256
6,-1,182.86489266167686
6,0,213.1734197747441
6,0,141.84766579693144
6,0,172.28234337003852
5,0,104.37546233381377
5,0,152.3849966350655
5,0,100.0
4,0,147.45889012292415
4,0,102.28960622375358
4,0,106.03593767905193
3,0,127.4961969682307
3,0,152.22606972854646
3,0,100.0
3,1,100.0
3,1,175.2968444327153
3,1,100.14163950339568
3,2,100.0
3,2,100.0
3,2,128.64631178166337
2,2,100.0
2,2,195.76531412973756
2,2,177.4212978123254
1,2,135.74161065091113
1,2,183.35910457701158
1,2,169.95509010308135
1,3,101.97765882929689
1,3,100.0
1,3,101.47567816902861
1,4,141.1085318996022
1,4,100.0
1,4,100.0
0,4,114.80752384496036
0,4,162.20168873971633
0,4,100.0
0,5,129.6238963543246
0,5,100.0
0,5,179.29638110307474
0,6,100.0
0,6,260.19839397730607
0,6,100.0
-1,6,100.0
-1,6,175.6167912183812
-1,6,100.0
-2,6,168.07574474220777
-2,6,100.0
-2,6,130.26234050255374
-3,6,100.0
-3,6,100.0
-3,6,159.5281554119381
-3,7,100.0
-3,7,158.2590270858967
-3,7,100.0
-3,8,132.85662563089673
-3,8,150.59510091822347
-3,8,140.17397907587412
-3,9,127.5432730368088
-3,9,108.30265722673423
-3,9,175.65399202671534
-4,9,144.40860768222936
-4,9,100.0
-4,9,122.16019371874751
-4,10,152.5437370191551
-4,10,135.32253982269123
-4,10,159.43719656897798
-4,11,100.0
-4,11,100.0
-4,11,129.54972273970202
-4,10,100.0
-4,10,100.0
-4,10,160.21204140762512
-4,11,111.10079228283197
-4,11,100.0
-4,11,100.0
-4,12,100.0
-4,12,104.0812815461074
-4,12,134.25366083998634
-4,11,100.0
-4,11,171.1171248937941
-4,11,100.0
-4,10,159.70687265675645
-4,10,100.0
-4,10,173.1196305342758
-4,9,130.6109485046479
-4,9,145.96998832166892
-4,9,121.95135067289907
-4,10,100.0
-4,10,152.1896714359426
-4,10,100.0
-4,9,100.0
-4,9,100.0
-4,9,159.66306790942994
-4,10,100.0
-4,10,100.0
-4,10,100.0
-4,9,122.32823111926434
-4,9,100.0
-4,9,155.8768345488559
-4,8,168.09535391018596
-4,8,149.88301399969578
-4,8,156.93046805643456
-4,7,100.0
-4,7,100.0
-4,7,101.66453723671249
-4,6,100.0
-4,6,100.0
-4,6,100.0
-4,5,170.6338607552342
-4,5,129.33639715881458
-4,5,166.93587694026346
-4,4,184.2536645773714
-4,4,164.18983334063861
-4,4,149.74749259288012
-3,4,137.451958625701
-3,4,100.0
-3,4,100.0
-2,4,100.0
-2,4,104.66041168344194
-2,4,100.0
-1,4,152.83963177879625
-1,4,159.49445463236478
-1,4,112.52166403759728
0,4,210.88807236769105
0,4,100.0
0,4,195.2138670445865
1,4,192.7235537446752
1,4,148.35689857798292
1,4,100.0
2,4,107.68703584055555
2,4,100.0
2,4,188.45760381533591
3,4,100.0
3,4,186.48879137300386
3,4,148.6323209957309
4,4,100.0
4,4,199.59203671146435
4,4,216.34179994230414
3,4,135.72535429210387
3,4,187.19341211497218
3,4,191.0590965777372
2,4,138.3772960970663
2,4,160.05776405378134
2,4,137.86181903187946
2,3,130.26929400306233
2,3,153.09624614023136
2,3,182.39221959144658
3,3,142.09964769884172
3,3,110.60824929887495
3,3,100.0
2,3,100.0
2,3,167.04701180260727
2,3,126.14167112355256
3,3,172.57688572520883
3,3,199.00549024516317
3,3,100.0
4,3,198.24216043546676
4,3,100.0
4,3,100.0
5,3,119.01347535013394
5,3,103.85405840541827
5,3,100.74042678969134
6,3,174.47471194586225
6,3,163.576122631441
6,3,100.0
7,3,119.59598258540488
7,3,100.0
7,3,121.86747912908386
8,3,100.0
8,3,100.0
8,3,150.4281063270983
9,3,150.03156714891327
9,3,106.09001693899185
9,3,158.61242271926832
10,3,146.922740129842
10,3,203.03316370322256
10,3,100.0
10,4,181.7171428710408
10,4,100.0
10,4,100.0
11,4,147.31456108251646
11,4,100.0
11,4,100.0
10,4,117.84577152029665
10,4,158.58062003141632
10,4,100.0
11,4,169.9793620893837
11,4,117.01332904765613
11,4,150.0360277775862
10,4,100.0
10,4,196.69219057517327
10,4,130.990611543954
11,4,201.03300514518028
11,4,100.0
11,4,100.0
10,4,110.94202039105514
10,4,134.71330252663705
10,4,129.88317350105555
9,4,100.0
9,4,180.36049872615052
9,4,190.32224176621435
9,3,100.0
9,3,121.42711782689105
9,3,100.0
10,3,144.01145302047166
10,3,127.05246983487525
10,3,100.0
11,3,143.248522237163
11,3,100.0
11,3,100.50540481103332
12,3,100.0
12,3,134.35872293953253
12,3,100.0
12,4,100.0
12,4,105.28587939183683
12,4,100.0
12,5,100.0
12,5,157.62245712433497
12,5,159.5999772555538
13,5,100.0
13,5,100.0
13,5,100.0
14,5,100.0
14,5,172.16573594217812
14,5,100.0
14,4,100.0
14,4,107.57866074983909
14,4,100.0
13,4,100.0
13,4,100.0
13,4,100.0
13,5,100.0
13,5,136.35712072984398
13,5,112.55067695435727
14,5,100.0
14,5,121.27824566770474
14,5,125.78970003866974
14,6,130.1919491402503
14,6,100.0
14,6,100.0
14,7,100.0
14,7,163.35133787014107
14,7,100.0
14,6,100.0
14,6,100.0
14,6,100.0
14,7,100.0
14,7,100.0
14,7,116.69463890823624
15,7,100.0
15,7,100.0
15,7,100.0
16,7,100.0
16,7,100.0
16,7,100.0
16,8,100.0
16,8,100.0
16,8,100.0
15,8,125.21621812007129
15,8,100.0
15,8,100.0
15,9,115.25233268009345
15,9,134.31961547949368
15,9,125.59960282337798
16,9,100.0
16,9,100.0
16,9,179.08915355396283
15,9,141.34539896182125
15,9,100.0
15,9,129.25531546978092
14,9,100.0
14,9,100.0
14,9,100.0
13,9,100.0
13,9,132.00108522673912
13,9,100.0
12,9,174.0557015084453
12,9,100.0
12,9,100.0
12,10,100.0
12,10,163.7163132741022
12,10,102.21642973792154
12,11,132.3628804884019
12,11,100.0
12,11,100.0
11,11,115.2921201802286
11,11,100.0
11,11,158.94231686685768
10,11,100.0
10,11,149.92783181264977
10,11,100.0
10,12,137.80991826616125
10,12,100.0
10,12,148.61900092801204
11,12,100.0
11,12,100.0
11,12,172.95338811986446
10,12,100.0
10,12,125.24365809194637
10,12,135.10686146672637
9,12,100.0
9,12,118.6929413640757
9,12,107.00475565153253
8,12,100.0
8,12,100.0
8,12,100.0
7,12,100.0
7,12,175.8886144358849
7,12,101.41183091347216
8,12,119.25030567487921
8,12,100.0
8,12,100.0
7,12,100.0
7,12,100.0
7,12,100.0
8,12,100.0
8,12,100.0
8,12,100.0
7,12,100.0
7,12,158.9615710038808
7,12,100.0
6,12,108.61858646211371
6,12,100.0
6,12,100.0
7,12,100.0
7,12,159.28044260930778
7,12,100.0
6,12,111.91314779882674
6,12,145.1683364836755
6,12,100.29876407423004
5,12,100.0
5,12,131.80939654406046
5,12,104.99161528484856
4,12,100.0
4,12,100.0
4,12,100.0
3,12,174.67050938661902
3,12,100.0
3,12,100.0
3,11,100.0
3,11,100.0
3,11,100.0
2,11,173.25981301505755
2,11,139.3123933585127
2,11,100.0
3,11,100.0
3,11,148.04581537835128
3,11,100.0
2,11,114.41828366265261
2,11,107.35551711188597
2,11,100.0
3,11,100.0
3,11,107.26063615542247
3,11,100.0
2,11,100.0
2,11,168.88585309935692
2,11,161.61364499425127
1,11,144.0066497468246
1,11,111.63744829702057
1,11,108.11290602682946
2,11,156.27556766547863
2,11,100.0
2,11,100.0
1,11,137.3334598969528
1,11,152.76809672776525
1,11,100.0
0,11,100.0
0,11,142.7777684964552
0,11,100.0
-1,11,100.0
-1,11,155.23520087310897
-1,11,119.13269412501722
-1,10,100.0
-1,10,169.32033852982607
-1,10,215.55448967095415
-2,10,197.6780685277261
-2,10,101.49368652748066
-2,10,100.0
-2,9,100.0
-2,9,100.0
-2,9,100.0
-1,9,176.41618780581942
-1,9,100.0
-1,9,146.33183966915564
-1,8,152.2921025826917
-1,8,116.52539359310795
-1,8,125.53486149254283
-2,8,100.0
-2,8,100.0
-2,8,166.57893097891704
-3,8,100.0
-3,8,197.93874295085993
-3,8,172.14626264292824
-4,8,152.1350313714135
-4,8,169.14850993241984
-4,8,100.0
-5,8,144.87066447870694
-5,8,100.0
-5,8,100.0
-5,9,100.0
-5,9,123.59647666071899
-5,9,100.0
-5,8,168.92188437982475
-5,8,100.0
-5,8,100.0
-5,9,100.0
-5,9,128.104039902039
-5,9,150.73526075119685
-6,9,103.05151198982648
-6,9,100.0
-6,9,145.5174604803811
-6,8,100.0
-6,8,100.0
-6,8,139.1021738741064
-6,7,137.798469809256
-6,7,185.96584137258006
-6,7,156.89963739706678
-7,7,179.3099058163762
-7,7,147.97444755607424
-7,7,135.43278430740298
-8,7,127.90825812151502
-8,7,105.14485673415159
-8,7,133.9962817310203
