8,-1,251.32600602887493
8,-2,285.92423521662914
8,-2,200.0
8,-3,201.06049965181
8,-3,251.51554900804518
8,-4,200.0
8,-4,200.0
8,-3,206.85254502099139
8,-3,248.6821006661383
8,-4,380.1781442846423
8,-4,249.78529532639178
8,-5,247.67947505908876
8,-5,200.0
8,-6,213.32674347659852
8,-6,239.39380150748238
8,-7,200.0
8,-7,200.0
8,-8,274.0226016340975
8,-8,370.75451823805446
8,-7,200.0
8,-7,320.440659226916
8,-6,200.0
8,-6,264.74891444137995
8,-7,331.8263473783398
8,-7,309.5601098305208
7,-7,274.4221332809111
7,-7,238.3745720103409
7,-6,282.7591978301147
7,-6,200.0
7,-5,298.4724733347472
7,-5,202.6152390552325
7,-4,200.0
7,-4,262.54294094255874
7,-5,200.0
7,-5,316.0225050181664
7,-4,363.75954862742924
7,-4,200.0
7,-3,264.6258580882158
7,-3,200.0
6,-3,200.0
6,-3,200.0
6,-2,251.73474856517618
6,-2,230.69910356563628
7,-2,224.46400634204304
7,-2,200.0
7,-1,341.4692270894992
7,-1,200.0
7,-2,200.0
7,-2,200.0
7,-1,200.0
7,-1,200.0
6,-1,426.95366243487797
6,-1,200.0
6,0,383.0387004152717
6,0,301.01663980064126
5,0,372.4233137946643
5,0,305.4169803164983
4,0,423.54292061958654
4,0,253.74962970518368
3,0,383.1309919015227
3,0,297.9497736752314
3,1,313.95324462759675
3,1,275.1468344170532
3,2,236.69173689650108
3,2,359.891114494539
2,2,302.4803663761705
2,2,428.072135166286
1,2,248.259587539274
1,2,269.46201380383474
1,3,338.6906361706151
1,3,344.9425862294323
1,4,295.7485632564319
1,4,200.0
0,4,345.77453591374103
0,4,241.27302336937322
0,5,200.0
0,5,208.0550370093556
0,6,266.8093100043367
0,6,200.0
-1,6,378.40161201644366
-1,6,320.02586076022385
-2,6,200.0
-2,6,200.0
-3,6,250.13856296192176
-3,6,200.0
-3,7,346.5415894846509
-3,7,219.9851485661409
-3,8,210.25954156231387
-3,8,324.02547252216635
-3,9,344.03922623839674
-3,9,305.58850128453486
-4,9,272.85116374323746
-4,9,200.0
-4,10,200.0
-4,10,324.3211815181888
-4,11,200.0
-4,11,297.007366443739
-4,10,200.0
-4,10,200.0
-4,11,200.0
-4,11,327.02869871870246
-4,12,200.0
-4,12,203.48365230783716
-4,11,200.0
-4,11,209.03101160844525
-4,10,211.87247866249152
-4,10,220.1561799294018
-4,9,366.66814572837734
-4,9,240.18342185155913
-4,10,275.0782241891451
-4,10,308.78072072916086
-4,9,326.26409771084695
-4,9,298.58084769078357
-4,10,206.04280837608604
-4,10,200.0
-4,9,207.41741168551658
-4,9,200.0
-4,8,243.6666443233163
-4,8,231.4111387078616
-4,7,300.8550251600636
-4,7,319.3580785790838
-4,6,221.78994996280048
-4,6,229.28629211559655
-4,5,442.71526282246685
-4,5,212.4259140520939
-4,4,230.03277174696277
-4,4,390.42840044035444
-3,4,266.05247277032583
-3,4,320.4867891483751
-2,4,319.6073807762829
-2,4,300.58436074592794
-1,4,268.21614022749236
-1,4,344.87267988285396
0,4,406.652382833879
0,4,247.2189355915945
1,4,200.0
1,4,264.3990054753924
2,4,200.0
2,4,295.6085612335309
3,4,425.88414035175725
3,4,236.72584095763597
4,4,362.0215315052282
4,4,209.79264091573327
3,4,344.77748195548133
3,4,200.0
2,4,338.8068342680482
2,4,319.5008868703881
2,3,202.87173576892152
2,3,200.0
3,3,378.33932506734567
3,3,200.0
2,3,348.60626586077245
2,3,203.36219574223622
3,3,429.9011336556631
3,3,258.78391558218334
4,3,331.1285868088134
4,3,200.0
5,3,260.6143333434894
5,3,200.0
6,3,200.0
6,3,352.25084077568965
7,3,296.5365484588136
7,3,290.1873407479595
8,3,200.0
8,3,246.07344447747852
9,3,200.0
9,3,205.19937136356722
10,3,200.0
10,3,318.0800778719359
10,4,200.0
10,4,200.0
11,4,250.82393803693924
11,4,200.0
10,4,200.4812694540958
10,4,219.31215567405707
11,4,248.69486662529397
11,4,200.0
10,4,314.4354917626701
10,4,219.7656860845658
11,4,200.0
11,4,200.0
10,4,314.91039687476854
10,4,299.98583405494674
9,4,321.74186071546563
9,4,248.39005179026842
9,3,226.44172368770768
9,3,200.96079221610063
10,3,229.62434976859907
10,3,200.0
11,3,200.0
11,3,268.78568206811724
12,3,246.18963049807215
12,3,367.130403060573
12,4,200.0
12,4,200.0
12,5,200.0
12,5,200.0
13,5,200.0
13,5,200.0
14,5,296.0695280041566
14,5,200.0
14,4,200.0
14,4,200.0
13,4,200.0
13,4,245.05754238997002
13,5,200.0
13,5,200.0
14,5,200.0
14,5,200.0
14,6,200.0
14,6,302.50457743721194
14,7,200.0
14,7,200.0
14,6,223.3404609275792
14,6,311.96802531749245
14,7,200.0
14,7,315.84892044287193
15,7,200.0
15,7,200.0
16,7,254.70726746108647
16,7,217.06208685891232
16,8,200.0
16,8,200.0
15,8,200.0
15,8,200.0
15,9,200.0
15,9,200.0
16,9,200.0
16,9,202.80668694736673
15,9,200.0
15,9,200.0
14,9,200.0
14,9,200.0
13,9,223.30235296208588
13,9,200.0
12,9,279.05824160591095
12,9,200.0
12,10,200.0
12,10,308.2769726690192
12,11,200.0
12,11,206.34100554645642
11,11,375.5433536118887
11,11,200.0
10,11,268.5019543108826
10,11,200.0
10,12,200.0
10,12,200.0
11,12,265.8275841413347
11,12,272.258335041658
10,12,284.32207003357314
