8,-1,262.0910213805301
8,-2,231.04785785200986
8,-2,242.46860742503293
8,-3,235.2781259340387
8,-3,333.02655578818667
8,-4,200.0
8,-4,251.63469522390596
8,-3,200.0
8,-3,248.78402325820485
8,-4,287.3012005347793
8,-4,260.0008633107765
8,-5,248.66008582107028
8,-5,200.0
8,-6,256.3739574991939
8,-6,200.0
8,-7,358.1468329098532
8,-7,276.71259737743617
8,-8,200.0
8,-8,245.29425960266153
8,-7,292.0840264404971
8,-7,200.0
8,-6,212.58986770709458
8,-6,200.0
8,-7,355.27476052400016
8,-7,338.14788269814983
7,-7,420.7424882616788
7,-7,318.42825835832036
7,-6,338.3161127456373
7,-6,245.29364549437994
7,-5,253.41264965474116
7,-5,292.7518174688102
7,-4,200.0
7,-4,211.68319739986018
7,-5,200.0
7,-5,201.28697427375616
7,-4,200.0
7,-4,302.08834240943975
7,-3,229.2294408733488
7,-3,363.353090620498
6,-3,207.4985812627594
6,-3,404.6062021254428
6,-2,297.10489450227317
6,-2,200.0
7,-2,281.3932861949141
7,-2,320.4114494220657
7,-1,258.3449852475405
7,-1,200.0
7,-2,372.30276753610553
7,-2,200.0
7,-1,275.7886239210944
7,-1,245.98669909092462
6,-1,200.0
6,-1,319.11490341802073
6,0,223.79284902925735
6,0,200.0
5,0,293.5371546445636
5,0,213.5720816051858
4,0,230.4218727742645
4,0,383.60869035584483
3,0,302.1700064229775
3,0,545.9761365243918
3,1,239.8477591194408
3,1,264.68068866369356
3,2,313.9486572576043
3,2,291.6757350284361
2,2,233.168505117459
2,2,293.7710576026971
1,2,268.27047103420557
1,2,385.04923621039325
1,3,376.7943178714163
1,3,432.44745709090205
1,4,225.67718809208185
1,4,200.0
0,4,372.7324011523177
0,4,248.7856378781393
0,5,271.10629050848894
0,5,301.5873097846174
0,6,260.79809527836534
0,6,246.21279739682518
-1,6,273.44166412248063
-1,6,217.88521218127005
-2,6,289.9506326355653
-2,6,200.0
-3,6,241.43774181485796
-3,6,222.7909094124613
-3,7,219.8823804910718
-3,7,207.70907747412886
-3,8,343.3058135241099
-3,8,279.36422227110995
-3,9,318.88022485526164
-3,9,244.1865247453028
-4,9,200.0
-4,9,200.0
-4,10,303.21228169329675
-4,10,222.73962747250715
-4,11,200.0
-4,11,200.0
-4,10,200.0
-4,10,312.7689479844445
-4,11,265.85518041254676
-4,11,200.0
-4,12,254.71331931499185
-4,12,200.0
-4,11,200.0
-4,11,297.13084060807404
-4,10,341.6763736614704
-4,10,275.58200092131943
-4,9,209.0679840710182
-4,9,383.3386697597843
-4,10,231.01594155048642
-4,10,226.6365526158488
-4,9,200.0
-4,9,200.0
-4,10,309.8049590723406
-4,10,223.62304891191968
-4,9,344.4950003510904
-4,9,200.0
-4,8,211.85236023582002
-4,8,200.0
-4,7,200.0
-4,7,200.0
-4,6,337.0825240943834
-4,6,260.56817100951235
-4,5,281.95421339589086
-4,5,207.20162397686997
-4,4,286.62682891804917
-4,4,200.0
-3,4,201.73474521927835
-3,4,289.5551908454582
-2,4,436.68395911742334
-2,4,291.92437621680756
-1,4,228.47901374860214
-1,4,254.22376075621906
0,4,277.4096530312385
0,4,200.0
1,4,200.0
1,4,248.55017692683947
2,4,427.767861299776
2,4,200.0
3,4,457.2991216678939
3,4,375.1176345021768
4,4,222.17764352513618
4,4,200.0
3,4,258.10845679714976
3,4,200.0
2,4,200.0
2,4,200.0
2,3,240.7104341420889
2,3,278.02461703158303
3,3,312.6508341812578
3,3,205.41547384670034
2,3,271.10883484472123
2,3,327.83841321372637
3,3,240.93770762248081
3,3,324.2140785924086
4,3,315.09289978417206
4,3,242.90591620960018
5,3,247.17689332734864
5,3,263.73676658755926
6,3,243.1355630587416
6,3,200.0
7,3,218.15020535271228
7,3,200.0
8,3,221.95427071130442
8,3,257.95729133700735
9,3,242.4669789903842
9,3,234.53415751531557
10,3,200.0
10,3,209.3410470685115
10,4,200.0
10,4,200.0
11,4,212.94169237384793
11,4,200.0
10,4,262.04874016998536
10,4,295.4241593401357
11,4,287.26802777323394
11,4,253.1736953154767
10,4,326.36215065645587
10,4,283.6788059111899
11,4,374.7693791561104
11,4,200.0
10,4,200.0
10,4,200.0
9,4,249.6500379655728
9,4,306.78357275437656
9,3,201.57377549563705
9,3,218.7902507917791
10,3,230.98800989354635
10,3,334.9832495361131
11,3,200.0
11,3,200.0
12,3,340.8035899430664
12,3,200.0
12,4,200.0
12,4,200.0
12,5,217.28770547316472
12,5,200.0
13,5,260.65760102371877
13,5,471.13611848832113
14,5,306.2131801760912
14,5,258.2769818759144
14,4,246.4168433099574
14,4,200.0
13,4,200.0
13,4,200.0
13,5,200.0
13,5,200.0
14,5,200.0
14,5,282.017402833914
14,6,262.0852633311263
14,6,200.0
14,7,253.5944329200446
14,7,200.0
14,6,200.0
14,6,200.0
14,7,200.0
14,7,200.0
15,7,333.6081003276895
15,7,200.0
16,7,200.0
16,7,228.55829987696316
16,8,200.0
16,8,337.85519997851566
15,8,200.0
15,8,200.0
15,9,200.0
15,9,251.11101734753572
16,9,200.0
16,9,218.0734985739473
15,9,223.93351443419255
15,9,297.7916873030357
14,9,288.06602376674533
14,9,275.79973662655897
13,9,200.0
13,9,200.0
12,9,200.0
12,9,200.0
12,10,369.3844986883642
12,10,200.0
12,11,256.9190286087499
12,11,200.0
11,11,216.36748634169595
11,11,200.0
10,11,244.38105337160627
10,11,325.6566970644899
10,12,200.0
10,12,200.0
11,12,200.0
11,12,335.23658998592816
10,12,200.0
