8,-1,200.0
8,-2,200.0
8,-2,200.0
8,-3,306.82283447312443
8,-3,353.72364819954043
8,-4,200.0
8,-4,285.0984268372089
8,-3,290.6820866329816
8,-3,235.06479292116668
8,-4,395.4684736426772
8,-4,311.5990310443876
8,-5,208.61046488657075
8,-5,215.53727540161748
8,-6,200.0
8,-6,283.1613290535024
8,-7,377.9380479914974
8,-7,200.0
8,-8,270.5655390039999
8,-8,334.62513973597504
8,-7,200.0
8,-7,237.2651973639359
8,-6,287.7271494452551
8,-6,313.56874113800814
8,-7,200.0
8,-7,225.88266888387966
7,-7,238.1208664933227
7,-7,237.5591241754567
7,-6,350.06369581488957
7,-6,224.75125462325008
7,-5,268.5389966595828
7,-5,200.0
7,-4,200.0
7,-4,358.7779373324579
7,-5,224.69131558470667
7,-5,281.899702292598
7,-4,215.7035965821658
7,-4,200.0
7,-3,312.5349991430115
7,-3,420.33430999581697
6,-3,200.0
6,-3,312.36205735422544
6,-2,366.8601157624497
6,-2,200.0
7,-2,314.0476776761897
7,-2,406.1659679159761
7,-1,331.08404109988004
7,-1,205.5634253906403
7,-2,333.43866085272583
7,-2,303.6181933389516
7,-1,295.69011501606457
7,-1,200.0
6,-1,350.533829536172
6,-1,243.32742356446352
6,0,378.87256428140114
6,0,326.77495401363717
5,0,255.84315942770274
5,0,229.3558895314099
4,0,222.8394818540654
4,0,382.17421602635306
3,0,218.4911294699396
3,0,303.6818516383317
3,1,226.94379741826862
3,1,276.67940167441924
3,2,368.1037342054622
3,2,392.35277626649594
2,2,294.1100955816884
2,2,214.1932514557421
1,2,255.09389841806887
1,2,306.4924901485406
1,3,361.2397832023919
1,3,248.18971924258875
1,4,231.62793814532404
1,4,210.23475242982926
0,4,286.900997118807
0,4,377.6311420212508
0,5,250.3991155677856
0,5,322.4578068675753
0,6,342.8319603940337
0,6,267.89440880726113
-1,6,200.0
-1,6,248.56262167685787
-2,6,278.1495556750323
-2,6,221.9625861384023
-3,6,209.48896677035674
-3,6,223.33913595352573
-3,7,203.22199282376803
-3,7,226.03680419198756
-3,8,288.6404760119444
-3,8,284.4811930596589
-3,9,250.72684902203616
-3,9,200.0
-4,9,200.0
-4,9,200.0
-4,10,318.08757417643017
-4,10,233.52801568147632
-4,11,200.0
-4,11,200.0
-4,10,264.88141699886506
-4,10,257.20535152391614
-4,11,255.8789494198274
-4,11,242.12862468206396
-4,12,282.1994696212922
-4,12,200.0
-4,11,215.81731002373874
-4,11,200.0
-4,10,200.0
-4,10,306.4452799637495
-4,9,320.27573769037303
-4,9,200.0
-4,10,355.4002857465394
-4,10,200.0
-4,9,246.0613374263258
-4,9,245.74070980284014
-4,10,271.70108061191576
-4,10,200.0
-4,9,327.12093740883324
-4,9,340.21626486657345
-4,8,269.3013660495214
-4,8,282.209109661387
-4,7,200.0
-4,7,415.8654073017386
-4,6,200.0
-4,6,200.0
-4,5,245.61920275131138
-4,5,202.14785482641392
-4,4,200.0
-4,4,216.96219640431826
-3,4,355.9761359898616
-3,4,380.0214770927221
-2,4,368.5388992325305
-2,4,200.0
-1,4,401.2067880402159
-1,4,263.26930453687
0,4,200.0
0,4,317.28957179999225
1,4,294.3347373396071
1,4,384.3100207151565
2,4,227.36591329035787
2,4,300.2835972422203
3,4,401.985806684292
3,4,200.0
4,4,308.27290161793326
4,4,249.57356788447095
3,4,215.72033405294832
3,4,222.82322127102572
2,4,313.21109194313
2,4,200.0
2,3,300.5367367651345
2,3,218.51583711532967
3,3,208.69816995182342
3,3,389.1385468646412
2,3,200.0
2,3,200.0
3,3,200.0
3,3,278.983253897993
4,3,215.8560806678986
4,3,231.13459238933197
5,3,363.44306948109283
5,3,289.6933761931799
6,3,267.5353908678818
6,3,395.15088129489044
7,3,200.0
7,3,200.0
8,3,207.94855591141004
8,3,224.22273862089673
9,3,200.0
9,3,200.0
10,3,209.70649125393012
10,3,352.44864209019113
10,4,200.5205599013106
10,4,201.6427837541855
11,4,200.0
11,4,273.5922165466636
10,4,208.26704275452724
10,4,324.9569891850289
11,4,200.0
11,4,409.87854177517664
10,4,214.37528024137936
10,4,265.41265615897566
11,4,264.0031786424129
11,4,200.0
10,4,315.4964665312781
10,4,367.6093060324723
9,4,206.17838705063386
9,4,200.0
9,3,259.0902882879702
9,3,200.0
10,3,283.76819016328693
10,3,231.39526215434464
11,3,202.58835558968974
11,3,217.58074996974125
12,3,200.0
12,3,200.0
12,4,200.0
12,4,271.2402406731485
12,5,210.81165418672475
12,5,211.36640485856557
13,5,297.74743816006304
13,5,200.0
14,5,310.1034676755601
14,5,234.9254406120057
14,4,225.05567859195878
14,4,200.0
13,4,275.29119866073626
13,4,200.0
13,5,238.24395104369296
13,5,200.0
14,5,200.0
14,5,308.05041774851566
14,6,332.4861474644512
14,6,269.1315106389151
14,7,222.10178154964862
14,7,200.0
14,6,200.0
14,6,316.2785637493096
14,7,267.102097131089
14,7,259.8489314748917
15,7,200.0
15,7,214.43788784229974
16,7,200.0
16,7,277.7813780475915
16,8,266.0701057554441
16,8,322.4897548127824
15,8,200.0
15,8,291.48318299353815
15,9,258.32552328567243
15,9,200.0
16,9,200.0
16,9,200.0
15,9,297.43043079957965
15,9,200.0
14,9,214.34746688794226
14,9,224.3465188618324
13,9,200.0
13,9,200.0
12,9,253.6220608595068
12,9,200.0
12,10,200.0
12,10,200.0
12,11,356.6562864102449
12,11,200.0
11,11,200.0
11,11,200.0
10,11,200.0
10,11,235.5952028933292
10,12,305.466849946751
10,12,200.0
11,12,200.0
11,12,200.0
10,12,200.0
