8,-1,182.73210822062572
8,-1,226.37021110504242
8,-2,129.54281424854474
8,-2,143.95333561508014
8,-2,209.36793148336318
8,-3,123.56009577044853
8,-3,132.55547901057957
8,-3,174.80666456003055
8,-4,128.7908462856377
8,-4,107.17247966842837
8,-4,100.0
8,-3,100.0
8,-3,135.98216960569036
8,-3,116.1274195262123
8,-4,102.0800799880191
8,-4,123.06757738356572
8,-4,113.02782056527374
8,-5,103.49184417807363
8,-5,109.18968319562705
8,-5,100.0
8,-6,106.46590895577103
8,-6,180.33903133798256
8,-6,100.0
8,-7,144.7273068468594
8,-7,106.11318915454689
8,-7,194.623980017693
8,-8,160.52982519506938
8,-8,110.81965960320467
8,-8,241.94612515854934
8,-7,147.5297239588432
8,-7,100.0
8,-7,139.4235570132762
8,-6,128.02020503797425
8,-6,175.69446570515788
8,-6,141.22430193794764
8,-7,100.0
8,-7,100.0
8,-7,180.81166415047764
7,-7,162.0933873887846
7,-7,100.0
7,-7,100.0
7,-6,215.34506181691683
7,-6,100.0
7,-6,100.0
7,-5,108.11627251846176
7,-5,180.59351776395414
7,-5,100.0
7,-4,100.0
7,-4,100.0
7,-4,178.29346345282042
7,-5,100.0
7,-5,168.98233589212492
7,-5,178.51816776560403
7,-4,100.0
7,-4,100.0
7,-4,135.87282299492423
7,-3,110.4565771771008
7,-3,123.53151269080324
7,-3,233.18506730923508
6,-3,115.56329682136706
6,-3,198.93822469892632
6,-3,139.19277138191967
6,-2,100.0
6,-2,144.00549828322906
6,-2,116.60519237587944
7,-2,100.0
7,-2,100.0
7,-2,180.36150632958987
7,-1,100.0
7,-1,154.99819260049648
7,-1,112.59604476468053
7,-2,143.33080338729118
7,-2,153.2871505662816
7,-2,100.0
7,-1,173.5518119799849
7,-1,212.47566288443915
7,-1,100.0
6,-1,202.44470307342885
6,-1,100.0
6,-1,243.91575865858732
6,0,100.0
6,0,167.8429319666241
6,0,101.99683779339092
5,0,119.31069023139739
5,0,160.15647380808784
5,0,153.21858137956707
4,0,117.87653373490917
4,0,164.26768846823407
4,0,100.0
3,0,168.03365452553518
3,0,115.31009533186999
3,0,159.84906613217598
3,1,100.0
3,1,187.80907637032266
3,1,105.51961167409674
3,2,100.0
3,2,128.72550262043896
3,2,149.54775575846244
2,2,167.06508261126564
2,2,164.0939753861713
2,2,151.41891816352225
1,2,134.56801290263502
1,2,186.088092612762
1,2,200.58940782470668
1,3,140.66260502695113
1,3,100.0
1,3,100.0
1,4,139.1509900767512
1,4,100.0
1,4,160.20034027325846
0,4,110.8199033230379
0,4,165.48442009906054
0,4,158.75213308339303
0,5,100.0
0,5,100.92067124252019
0,5,123.12200531606123
0,6,100.0
0,6,100.0
0,6,193.4981561437366
-1,6,140.37360402062887
-1,6,100.0
-1,6,189.49488426701126
-2,6,100.0
-2,6,141.83082105069516
-2,6,202.02602567886572
-3,6,100.0
-3,6,136.70008112079984
-3,6,100.0
-3,7,132.9631504637158
-3,7,124.99900326238384
-3,7,100.0
-3,8,100.0
-3,8,137.6443559270573
-3,8,100.0
-3,9,100.0
-3,9,100.0
-3,9,100.0
-4,9,205.22550762198614
-4,9,159.10247990803913
-4,9,101.83066129602885
-4,10,134.65484011774683
-4,10,100.0
-4,10,100.0
-4,11,100.0
-4,11,100.0
-4,11,171.51561865954733
-4,10,164.59808219801945
-4,10,163.85796063764954
-4,10,100.0
-4,11,142.632024058228
-4,11,106.80136747129525
-4,11,100.0
-4,12,206.4996422369604
-4,12,100.0
-4,12,179.66844140749933
-4,11,138.58694225860057
-4,11,100.0
-4,11,100.0
-4,10,106.29798160111704
-4,10,128.96656489180023
-4,10,100.0
-4,9,186.3190854274261
-4,9,100.0
-4,9,190.38940761657832
-4,10,113.40295978662147
-4,10,112.07491070334157
-4,10,100.0
-4,9,174.20219311428392
-4,9,100.0
-4,9,164.02625884114704
-4,10,161.8747881134032
-4,10,100.0
-4,10,100.0
-4,9,163.84119079568424
-4,9,100.0
-4,9,100.0
-4,8,100.0
-4,8,150.7170062864128
-4,8,158.70581740735568
-4,7,100.0
-4,7,100.0
-4,7,144.9917693949837
-4,6,169.81795633684956
-4,6,154.64275120355094
-4,6,180.76983246922129
-4,5,100.0
-4,5,199.2633940347247
-4,5,100.0
-4,4,111.82465236015493
-4,4,115.5619706529128
-4,4,144.00972588070795
-3,4,150.56349003568832
-3,4,267.4691050528247
-3,4,111.21432986711181
-2,4,136.8074883857824
-2,4,113.8137850651944
-2,4,115.10357712916976
-1,4,100.0
-1,4,100.0
-1,4,158.60210285678363
0,4,195.5152387183987
0,4,147.35796357244269
0,4,193.17553241461044
1,4,100.0
1,4,125.28266779261833
1,4,150.20688550430748
2,4,185.0888679599398
2,4,100.0
2,4,227.07642658618886
3,4,100.0
3,4,100.0
3,4,120.48995768218998
4,4,170.71472830284046
4,4,100.0
4,4,100.0
3,4,100.0
3,4,140.15855447704234
3,4,100.0
2,4,172.8379510341477
2,4,148.38105667750906
2,4,100.0
2,3,168.57518515519504
2,3,167.40009120391707
2,3,169.4020322612526
3,3,123.51412818956244
3,3,170.75882959788245
3,3,206.2150454945326
2,3,100.0
2,3,179.88868727132757
2,3,100.0
3,3,172.2933039771084
3,3,100.0
3,3,174.67316735088727
4,3,194.54377633286873
4,3,188.36069345799606
4,3,173.27655591644148
5,3,154.03272515046177
5,3,100.0
5,3,100.0
6,3,117.85150279951344
6,3,127.72156306784993
6,3,169.90162217674418
7,3,113.09668196322055
7,3,136.01737734671926
7,3,100.0
8,3,121.26995517929569
8,3,242.91675862360256
8,3,123.26397545990028
9,3,100.0
9,3,158.18538764330006
9,3,125.59466686915236
10,3,100.0
10,3,191.5378680716335
10,3,115.50120277679325
10,4,102.42794025341296
10,4,100.0
10,4,100.0
11,4,135.21962402500972
11,4,100.0
11,4,177.27910991995063
10,4,100.0
10,4,166.9144382147589
10,4,100.0
11,4,100.0
11,4,140.83185540187282
11,4,100.0
10,4,181.0681618468784
10,4,100.0
10,4,100.0
11,4,100.0
11,4,100.0
11,4,194.42518355814022
10,4,171.2472790957444
10,4,126.2563098211951
10,4,100.0
9,4,155.78448310874518
9,4,100.0
9,4,105.96280074688767
9,3,100.0
9,3,171.01960500433174
9,3,100.0
10,3,100.0
10,3,147.5257704746833
10,3,117.05117417904253
11,3,191.2240272208992
11,3,100.0
11,3,100.0
12,3,157.83243809799293
12,3,100.0
12,3,100.0
12,4,167.49761553064522
12,4,100.0
12,4,100.0
12,5,100.0
12,5,100.0
12,5,135.0463490229569
13,5,100.0
13,5,100.0
13,5,100.0
14,5,100.0
14,5,118.17810859930952
14,5,100.0
14,4,100.0
14,4,100.0
14,4,100.0
13,4,158.77937279245862
13,4,198.92644994810516
13,4,103.72569295698216
13,5,100.0
13,5,100.0
13,5,136.65108562128597
14,5,100.0
14,5,100.0
14,5,100.0
14,6,100.0
14,6,104.62161986482906
14,6,113.04523383992745
14,7,100.0
14,7,100.0
14,7,100.0
14,6,153.60090081203538
14,6,157.6814609540535
14,6,100.0
14,7,116.06478207082702
14,7,134.89593421725957
14,7,100.0
15,7,100.0
15,7,100.30409386152918
15,7,100.0
16,7,142.3073607162872
16,7,100.0
16,7,122.64223374607704
16,8,100.0
16,8,159.35775697532
16,8,196.90803086787912
15,8,100.0
15,8,105.92285014243079
15,8,100.0
15,9,102.20630622044318
15,9,100.0
15,9,100.0
16,9,100.0
16,9,100.0
16,9,146.50570164546963
15,9,100.0
15,9,100.0
15,9,189.0939658362168
14,9,100.0
14,9,100.0
14,9,100.0
13,9,100.0
13,9,100.0
13,9,100.0
12,9,178.28361986879793
12,9,181.59068889216056
12,9,114.32328117452805
12,10,199.03498884877197
12,10,162.18820077012532
12,10,100.0
12,11,100.0
12,11,100.0
12,11,100.0
11,11,100.6178764495397
11,11,108.13321811942895
11,11,100.0
10,11,128.90790150548042
10,11,137.3847784916078
10,11,100.0
10,12,100.0
10,12,104.63204613680624
10,12,100.0
11,12,100.0
11,12,138.50864859663827
11,12,115.35825964444507
10,12,144.3006214815973
10,12,134.46998567700433
10,12,100.0
9,12,100.0
9,12,100.0
9,12,100.0
8,12,167.64965686329953
8,12,100.0
8,12,116.63852293448421
7,12,158.2450391889142
7,12,126.1443991542514
7,12,100.0
8,12,100.0
8,12,171.46995223744153
8,12,119.29165721447552
7,12,112.59704508852847
7,12,127.28524269746585
7,12,135.1798265284049
8,12,100.0
8,12,137.28605663818132
8,12,105.97414621977354
7,12,100.0
7,12,100.0
7,12,100.0
6,12,119.27664177066875
6,12,135.07725634239068
6,12,100.0
7,12,100.0
7,12,100.0
7,12,100.0
6,12,100.70885487064442
6,12,100.0
6,12,133.91538262566297
5,12,143.42154451676294
5,12,100.0
5,12,100.0
4,12,123.79730768355576
4,12,100.0
4,12,100.0
3,12,100.0
3,12,169.23520416252367
3,12,100.0
3,11,220.73707956818893
3,11,118.85455412434085
3,11,100.0
2,11,125.84523353552977
2,11,131.92214568992193
2,11,105.52791139972507
3,11,170.05090447094761
3,11,113.3644314995015
3,11,197.28631321420704
2,11,127.76714979140851
2,11,115.96951563943848
2,11,148.9919944309584
3,11,122.91371210952262
3,11,122.00766767565344
3,11,100.0
2,11,100.0
2,11,130.72636503385178
2,11,178.25630955290845
1,11,248.91126681378762
1,11,100.0
1,11,100.0
2,11,100.0
2,11,130.97900294018223
2,11,100.0
1,11,106.24009195774784
1,11,100.0
1,11,100.0
0,11,138.57795081429788
0,11,100.0
0,11,100.0
-1,11,194.73902935670552
-1,11,111.92103792054996
-1,11,100.0
-1,10,105.76825875977468
-1,10,100.0
-1,10,100.0
-2,10,100.0
-2,10,184.43577816441194
-2,10,202.34324427836333
-2,9,100.0
-2,9,144.96926837128683
-2,9,100.0
-1,9,100.0
-1,9,163.48565301011845
-1,9,184.84691100840251
-1,8,100.0
-1,8,176.61268851718364
-1,8,109.14854558641642
-2,8,150.46410069922405
-2,8,100.0
-2,8,203.0675943432617
-3,8,133.24333860695296
-3,8,159.19321819940453
-3,8,100.0
-4,8,100.0
-4,8,100.0
-4,8,100.0
-5,8,100.0
-5,8,116.85120020336052
-5,8,190.40235249235238
-5,9,109.55676519474753
-5,9,148.36948131480088
-5,9,141.12212803481012
-5,8,100.0
-5,8,100.0
-5,8,135.70032809703883
-5,9,100.0
-5,9,100.0
-5,9,100.0
-6,9,100.0
-6,9,100.0
-6,9,149.93283296443045
-6,8,147.23467770614033
-6,8,100.0
-6,8,187.31826863913113
-6,7,101.60661821447154
-6,7,154.029136229795
-6,7,100.0
-7,7,100.0
-7,7,187.67049970553933
-7,7,139.2353889084829
-8,7,100.0
-8,7,100.0
-8,7,100.0
