8,-1,200.0
8,-2,329.2883051175256
8,-2,298.37798118857694
8,-3,200.0
8,-3,200.0
8,-4,294.2051841879261
8,-4,200.0
8,-3,324.14928010703557
8,-3,200.0
8,-4,200.0
8,-4,200.0
8,-5,286.11372555579834
8,-5,270.3362539304664
8,-6,257.56392284700235
8,-6,200.0
8,-7,347.5809504979746
8,-7,269.2259260271134
8,-8,265.3917665971599
8,-8,251.2077920609732
8,-7,308.4033908435781
8,-7,200.0
8,-6,200.0
8,-6,200.0
8,-7,200.0
8,-7,282.6882501749851
7,-7,256.2675927357732
7,-7,289.97823697719826
7,-6,232.57726578526587
7,-6,216.81795317812666
7,-5,289.4162868953839
7,-5,200.0
7,-4,200.0
7,-4,294.380352758111
7,-5,370.13950448122176
7,-5,200.0
7,-4,308.89287133277804
7,-4,245.42330543367797
7,-3,265.5555147395637
7,-3,200.0
6,-3,410.2151627198251
6,-3,353.506576279287
6,-2,238.69886200003404
6,-2,219.11200830759498
7,-2,338.7680695374127
7,-2,372.23151202712563
7,-1,265.7650393202651
7,-1,316.8471990918459
7,-2,200.0
7,-2,390.76147861021406
7,-1,304.38490825462543
7,-1,384.90287604692253
6,-1,200.0
6,-1,249.8239180084844
6,0,321.26126145965424
6,0,243.47132966505316
5,0,386.888873914687
5,0,253.62089402625813
4,0,310.65154925435684
4,0,203.212826694463
3,0,238.00862380080056
3,0,200.0
3,1,218.01580688361284
3,1,334.97532051374264
3,2,372.1117206595288
3,2,331.20208939345235
2,2,290.19825690789077
2,2,353.8897832567303
1,2,364.8504831400196
1,2,304.8692249803663
1,3,279.1620879619782
1,3,310.2195409427806
1,4,277.2506716196331
1,4,449.46205489013573
0,4,350.3863248031846
0,4,350.92523345673203
0,5,200.0
0,5,264.6458094357304
0,6,290.6921546792631
0,6,325.9463888694525
-1,6,400.1855192174865
-1,6,265.8747784213998
-2,6,208.34999619802002
-2,6,200.0
-3,6,217.66061316554584
-3,6,227.07533194352226
-3,7,301.8664691518014
-3,7,231.4295511123726
-3,8,375.326009581866
-3,8,292.2237244437062
-3,9,235.83890978420519
-3,9,239.89127574822777
-4,9,326.5383169708146
-4,9,200.0
-4,10,328.2483482900119
-4,10,200.0
-4,11,200.0
-4,11,200.0
-4,10,200.0
-4,10,200.0
-4,11,205.6406283503782
-4,11,274.5350035574675
-4,12,315.5576268295439
-4,12,304.9146927712798
-4,11,200.0
-4,11,214.3696558124415
-4,10,331.26909682570283
-4,10,200.0
-4,9,200.0
-4,9,223.518125108556
-4,10,268.21277168049954
-4,10,200.0
-4,9,200.0
-4,9,200.0
-4,10,200.0
-4,10,326.1226533843435
-4,9,221.7769732702369
-4,9,200.0
-4,8,209.99172222740106
-4,8,208.5698357286975
-4,7,200.0
-4,7,229.41687440683563
-4,6,200.0
-4,6,200.0
-4,5,200.0
-4,5,217.94536568645157
-4,4,345.9203088220978
-4,4,200.0
-3,4,201.91677302941028
-3,4,356.13543808340415
-2,4,200.0
-2,4,231.50132996371528
-1,4,372.03530974466577
-1,4,297.8621804683115
0,4,218.79178956678663
0,4,207.32228469446457
1,4,351.14674262350735
1,4,268.8118262566447
2,4,307.6302851107031
2,4,255.59839228273344
3,4,215.0074487682673
3,4,333.1023876147794
4,4,215.73072875497132
4,4,285.4039356301112
3,4,358.4923405254585
3,4,384.7969683167473
2,4,200.0
2,4,325.4801598518012
2,3,391.51152715676585
2,3,285.86085462140676
3,3,287.5222292158994
3,3,208.70029387145564
2,3,291.4852291250264
2,3,275.61233019527555
3,3,267.03734867898834
3,3,200.0
4,3,200.0
4,3,206.86453052703092
5,3,315.05669244447625
5,3,300.5164625791664
6,3,200.0
6,3,210.91505870510522
7,3,215.59441574502748
7,3,241.1718627511474
8,3,272.5859599540191
8,3,302.80959681178234
9,3,284.5000556795541
9,3,290.6416243001686
10,3,245.4978590715262
10,3,306.20014429414033
10,4,200.0
10,4,243.30267634979654
11,4,293.63125672314203
11,4,247.2994037025751
10,4,200.0
10,4,353.7003678078021
11,4,200.0
11,4,200.0
10,4,472.35515856093366
10,4,285.8858066433912
11,4,200.0
11,4,283.83119005199467
10,4,282.3766305191945
10,4,287.866553851532
9,4,454.22760196167746
9,4,200.0
9,3,286.4051205586954
9,3,228.40381889449446
10,3,233.44229786528285
10,3,200.0
11,3,200.0
11,3,240.01439456272016
12,3,200.0
12,3,200.0
12,4,308.36506487839927
12,4,237.03899645776104
12,5,279.3294493280742
12,5,200.0
13,5,200.0
13,5,200.0
14,5,224.79010460895915
14,5,200.0
14,4,250.1887056174456
14,4,200.0
13,4,200.0
13,4,200.0
13,5,200.0
13,5,200.0
14,5,200.0
14,5,200.0
14,6,287.7201846168787
14,6,200.0
14,7,213.52608363385366
14,7,303.25472746119806
14,6,200.0
14,6,238.43428809045082
14,7,200.0
14,7,200.0
15,7,200.0
15,7,205.30813392874984
16,7,301.2411810433964
16,7,265.0622438511929
16,8,288.36238096319846
16,8,200.0
15,8,200.0
15,8,238.79174899282472
15,9,200.0
15,9,219.2174456660611
16,9,200.0
16,9,205.4443294467517
15,9,242.81524106445602
15,9,200.0
14,9,200.0
14,9,200.0
13,9,200.0
13,9,200.0
12,9,272.1077154075736
12,9,200.0
12,10,200.0
12,10,245.1978477489358
12,11,200.0
12,11,200.0
11,11,216.77832411417876
11,11,200.0
10,11,209.67964246513458
10,11,221.41334189500205
10,12,200.0
10,12,317.7713445193531
11,12,200.0
11,12,200.0
10,12,258.36154531486284
