-12,15,200.0
-11,15,200.0
-11,15,200.0
-11,16,200.0
-11,16,200.0
-11,15,200.0
-11,15,200.0
-11,16,200.0
-11,16,200.0
-10,16,200.0
-10,16,200.0
-9,16,250.19065116547813
-9,16,200.0
-9,17,200.0
-9,17,200.0
-8,17,275.939610644563
-8,17,257.42982296258924
-8,16,200.0
-8,16,200.0
-8,17,200.0
-8,17,200.0
-7,17,200.0
-7,17,253.21757335574168
-7,16,200.0
-7,16,200.0
-7,15,200.0
-7,15,200.0
-6,15,200.0
-6,15,212.0607702974635
-6,16,200.0
-6,16,200.0
-6,15,338.5766484315983
-6,15,200.0
-5,15,200.0
-5,15,200.0
-6,15,242.6636796856809
-6,15,200.0
-5,15,200.0
-5,15,200.0
-5,14,200.0
-5,14,200.0
-4,14,200.0
-4,14,200.0
-4,13,416.805445616284
-4,13,200.0
-4,12,200.0
-4,12,302.73664011993964
-3,12,200.0
-3,12,200.0
-3,11,408.8092189681514
-3,11,315.4607184983277
-2,11,200.0
-2,11,200.0
-2,10,302.90955716259487
-2,10,320.6147314440055
-1,10,229.17208730484595
-1,10,200.0
-1,11,658.4695342777209
-1,11,200.0
-1,10,200.0
-1,10,327.99494261970267
-1,9,290.5549876990614
-1,9,200.85831356374987
-1,8,200.0
-1,8,225.53131700772678
0,8,200.0
0,8,200.0
0,7,304.05110687659555
0,7,328.26969356617315
0,6,303.8480949744878
0,6,254.3926104867179
0,5,489.73191788924987
0,5,328.37182082448584
1,5,431.7537956780385
1,5,322.52925049758255
1,4,230.80166216700064
1,4,640.0339057163085
1,3,495.42819469516996
1,3,578.7116827354569
2,3,505.32445765867226
2,3,222.58468485299915
2,4,231.88902883015732
2,4,200.0
3,4,224.0097723084174
3,4,236.8612102710312
3,3,378.0524965006598
3,3,523.1134419509623
3,2,504.84966600453475
3,2,548.3139596523008
3,1,241.2183201232363
3,1,834.1356695108409
3,0,272.5738568502205
3,0,471.4224981577343
3,1,349.93772108877977
3,1,394.41241873488474
3,0,479.6445885838771
3,0,385.0958276110705
4,0,457.4754349896798
4,0,469.32177658069764
4,-1,673.8172155600998
4,-1,425.740566977879
4,-2,460.23866365207164
4,-2,200.0
4,-3,421.7789586673484
4,-3,200.0
4,-4,296.3734389781339
4,-4,200.0
5,-4,485.74775547683964
5,-4,200.0
6,-4,469.15611848971514
6,-4,665.5019847160502
7,-4,380.3223926423573
7,-4,230.76678049257416
7,-3,200.0
7,-3,200.0
7,-2,200.0
7,-2,200.0
7,-1,292.90268509425533
7,-1,316.1852752265164
6,-1,276.882348055074
6,-1,346.57873459606924
6,0,313.3906263926194
6,0,448.41158152751393
7,0,229.99287523508502
7,0,271.4358285042878
8,0,350.03925676962245
8,0,392.77957296282545
8,1,324.6803714869008
8,1,200.0
9,1,238.17113673650206
9,1,223.4332944706452
10,1,508.8835080987227
10,1,241.12963975353082
11,1,200.0
11,1,297.7030100432035
10,1,262.8566252613188
10,1,200.0
10,2,200.0
10,2,422.25469044914644
10,3,293.08214525148384
10,3,200.0
11,3,200.0
11,3,200.0
10,3,200.0
10,3,408.81107552004266
11,3,200.0
11,3,200.0
11,4,200.0
11,4,288.68688670542724
11,5,200.0
11,5,200.0
11,6,305.7682678358338
11,6,410.58129762378144
12,6,200.0
12,6,200.0
13,6,200.0
13,6,470.33312886059673
14,6,200.0
14,6,374.43688121474327
15,6,200.0
15,6,200.0
15,7,200.0
15,7,200.0
14,7,200.0
14,7,200.0
15,7,200.0
15,7,200.0
16,7,312.1030403884299
16,7,200.0
16,6,200.0
16,6,200.0
16,5,286.10420792427306
16,5,228.1927656243107
16,6,200.0
16,6,200.0
16,7,200.0
16,7,200.0
16,6,200.0
16,6,200.0
16,5,200.0
16,5,237.14613545172716
16,6,200.0
16,6,200.0
16,7,200.0
16,7,200.0
16,8,200.0
16,8,200.0
16,7,200.0
16,7,200.0
15,7,254.37276706160077
15,7,303.33067178623776
14,7,254.4715187708838
14,7,200.0
14,8,200.0
14,8,200.0
13,8,200.0
13,8,245.92680243366158
13,7,200.0
13,7,200.0
14,7,200.0
14,7,334.77063097945654
13,7,200.0
13,7,200.0
13,8,200.0
13,8,200.0
12,8,251.75069251059858
12,8,200.0
11,8,200.0
11,8,240.21361961880393
10,8,273.8958468398321
10,8,200.0
10,7,200.0
10,7,280.5551604225034
10,6,200.0
10,6,200.0
9,6,200.0
9,6,399.1359402065568
9,5,303.7991682186286
9,5,224.81969445760942
9,4,200.0
9,4,332.41604100566894
9,3,493.00858196429357
9,3,257.8426732576304
8,3,251.08796878827212
8,3,200.0
8,2,335.10926614665266
8,2,200.0
9,2,200.0
9,2,200.0
8,2,232.02185769662108
8,2,235.32519553299187
7,2,496.1478538718894
7,2,511.59050336449013
6,2,263.7849638269737
6,2,278.3935128180377
6,1,200.0
6,1,606.9611449714323
6,0,316.4518556628795
6,0,576.8458867191061
5,0,380.808969871783
5,0,228.986998181309
5,-1,270.9751980509731
5,-1,339.6098766374334
5,-2,342.2997041300637
5,-2,528.4855628593702
5,-3,304.6494924903971
5,-3,252.411599630522
5,-4,465.0490402158291
5,-4,357.1105936865362
4,-4,483.6351554438614
