-12,15,200.0
-11,15,200.0
-11,15,351.7113631423697
-11,16,200.0
-11,16,200.0
-11,15,200.0
-11,15,218.66190424809113
-11,16,200.0
-11,16,200.0
-10,16,200.0
-10,16,204.42504321204427
-9,16,304.9856183020681
-9,16,200.0
-9,17,200.0
-9,17,200.0
-8,17,200.0
-8,17,288.7840365634432
-8,16,200.0
-8,16,200.0
-8,17,200.0
-8,17,200.0
-7,17,200.0
-7,17,200.0
-7,16,200.0
-7,16,200.0
-7,15,200.0
-7,15,200.0
-6,15,200.0
-6,15,200.0
-6,16,200.0
-6,16,200.0
-6,15,200.0
-6,15,200.0
-5,15,200.0
-5,15,200.0
-6,15,200.0
-6,15,359.1670612988548
-5,15,277.2851101583344
-5,15,200.0
-5,14,200.0
-5,14,366.132337793454
-4,14,232.49334457740042
-4,14,200.0
-4,13,200.0
-4,13,200.0
-4,12,200.0
-4,12,261.4902056885106
-3,12,200.0
-3,12,200.0
-3,11,262.41233511490276
-3,11,252.7191005415447
-2,11,355.21670230100744
-2,11,200.0
-2,10,326.5278152520863
-2,10,480.5195379512211
-1,10,200.0
-1,10,206.54916239005465
-1,11,200.0
-1,11,238.6173654197682
-1,10,200.0
-1,10,200.0
-1,9,200.0
-1,9,282.4261447183276
-1,8,331.0118658402313
-1,8,362.83648532995505
0,8,200.0
0,8,351.6161425001874
0,7,421.0897068627579
0,7,200.0
0,6,200.0
0,6,295.88457752507526
0,5,254.82245605188405
0,5,428.099379177678
1,5,580.5534328952466
1,5,714.6868900949461
1,4,283.75625126255136
1,4,307.59262212698275
1,3,300.9584295195183
1,3,319.66115580711306
2,3,423.73422382656383
2,3,200.0
2,4,301.3133600121713
2,4,609.3747498788773
3,4,429.315639733178
3,4,200.0
3,3,295.0411241510392
3,3,417.3756366799299
3,2,316.56404418886615
3,2,376.3644631338248
3,1,384.34178656600005
3,1,296.16642326297915
3,0,293.1287363595262
3,0,485.8492501380083
3,1,240.30411263579654
3,1,393.8381270022567
3,0,285.76655197821754
3,0,344.90146875954485
4,0,544.476851863958
4,0,464.5332877798228
4,-1,219.14386437989373
4,-1,613.9117237810004
4,-2,312.32796065819355
4,-2,419.11532345822104
4,-3,216.457878974818
4,-3,485.29306966290426
4,-4,200.8339977917998
4,-4,200.0
5,-4,289.6639950008264
5,-4,200.0
6,-4,390.0248177897931
6,-4,300.6701854318111
7,-4,284.46787017928256
7,-4,621.7378416873163
7,-3,261.6936113356828
7,-3,373.3305889263042
7,-2,329.4547742673443
7,-2,200.0
7,-1,442.91946050082856
7,-1,426.7164033469415
6,-1,345.6714561740914
6,-1,226.8708152835241
6,0,339.78670421357504
6,0,200.0
7,0,549.8648314576799
7,0,200.0
8,0,200.0
8,0,200.0
8,1,435.31644651150964
8,1,306.8393126696788
9,1,238.30743860394023
9,1,200.0
10,1,510.7917698887377
10,1,369.8597762225264
11,1,272.3032567785793
11,1,200.0
10,1,386.6980401855146
10,1,337.54472221466915
10,2,200.0
10,2,200.0
10,3,200.0
10,3,254.10028716818078
11,3,249.21185847788195
11,3,200.0
10,3,377.81756783350016
10,3,269.2960749764456
11,3,200.0
11,3,292.0778654254052
11,4,200.0
11,4,200.0
11,5,200.0
11,5,228.93723848380677
11,6,200.0
11,6,200.0
12,6,489.781156226196
12,6,200.0
13,6,356.44150618541835
13,6,200.0
14,6,200.0
14,6,200.0
15,6,484.94511091992524
15,6,294.33279000378343
15,7,287.4954036742057
15,7,200.0
14,7,248.5866601132381
14,7,200.0
15,7,200.0
15,7,200.0
16,7,426.8497647379445
16,7,200.0
16,6,361.4405660755927
16,6,200.0
16,5,200.0
16,5,200.0
16,6,200.0
16,6,203.3193244615694
16,7,200.0
16,7,200.0
16,6,200.0
16,6,200.0
16,5,230.186535647727
16,5,200.0
16,6,200.0
16,6,200.0
16,7,355.445406632339
16,7,200.0
16,8,200.0
16,8,208.43444822457974
16,7,200.0
16,7,200.0
15,7,296.83925725106496
15,7,200.0
14,7,200.0
14,7,200.0
14,8,200.0
14,8,246.5277092172759
13,8,200.0
13,8,200.0
13,7,200.0
13,7,200.0
14,7,301.912217952402
14,7,251.90330492366115
13,7,326.12929971570685
13,7,213.29376458393
13,8,200.0
13,8,200.0
12,8,200.0
12,8,200.0
11,8,200.0
11,8,200.0
10,8,226.22914185061876
10,8,200.0
10,7,317.2066335084105
10,7,200.0
10,6,231.81098599343485
10,6,351.2678150952611
9,6,210.43372711226849
9,6,377.91643448153485
9,5,251.19575988789873
9,5,238.61846912614828
9,4,318.05935480601
9,4,200.0
9,3,200.0
9,3,421.6188335670902
8,3,376.8556494843524
8,3,200.0
8,2,548.2381112078119
8,2,200.0
9,2,314.26923557554613
9,2,310.35674427097376
8,2,200.0
8,2,289.0448693739491
7,2,341.6687337887299
7,2,212.15773156302208
6,2,260.05914567010836
6,2,200.0
6,1,441.8806883780329
6,1,440.28472185600265
6,0,341.08367755343124
6,0,324.59970636746374
5,0,200.0
5,0,200.0
5,-1,318.8344633239744
5,-1,310.12873583987385
5,-2,528.215400273671
5,-2,387.11283162355545
5,-3,469.3183084723936
5,-3,583.9250914954782
5,-4,235.26972944636074
5,-4,303.435012666587
4,-4,499.8714551086832
