-12,15,100.0
-12,15,100.0
-11,15,222.91012099049135
-11,15,100.0
-11,15,100.0
-11,16,100.0
-11,16,267.76015628761354
-11,16,100.0
-11,15,100.0
-11,15,108.04002197841831
-11,15,100.0
-11,16,100.0
-11,16,100.0
-11,16,152.03873796483816
-10,16,100.0
-10,16,100.0
-10,16,100.0
-9,16,100.0
-9,16,100.0
-9,16,100.0
-9,17,100.0
-9,17,271.71067371542114
-9,17,100.0
-8,17,100.0
-8,17,100.0
-8,17,111.49847573906362
-8,16,176.85609289753745
-8,16,100.0
-8,16,100.0
-8,17,100.0
-8,17,100.0
-8,17,100.0
-7,17,193.2593526352543
-7,17,100.0
-7,17,407.27335949648284
-7,16,100.0
-7,16,110.92489301545243
-7,16,100.0
-7,15,136.74987191935415
-7,15,100.0
-7,15,267.1943066292956
-6,15,100.0
-6,15,284.90431233750223
-6,15,124.96463629710613
-6,16,100.49658811822901
-6,16,100.0
-6,16,100.0
-6,15,100.0
-6,15,100.0
-6,15,100.0
-5,15,100.0
-5,15,100.0
-5,15,100.0
-6,15,100.0
-6,15,178.00233078464157
-6,15,100.0
-5,15,102.5872158421167
-5,15,100.0
-5,15,140.31114204248405
-5,14,100.0
-5,14,214.38914870254288
-5,14,104.53271702172506
-4,14,100.0
-4,14,100.0
-4,14,100.0
-4,13,100.0
-4,13,122.53054828337686
-4,13,100.0
-4,12,151.80027176071644
-4,12,100.0
-4,12,264.5320703236288
-3,12,127.07102206644242
-3,12,100.0
-3,12,100.0
-3,11,138.49255583902587
-3,11,312.5157227592554
-3,11,218.33601514292
-2,11,105.62220439083248
-2,11,100.0
-2,11,100.0
-2,10,136.85773738007657
-2,10,234.3042252323116
-2,10,100.0
-1,10,136.03593299403974
-1,10,114.90194052163058
-1,10,100.0
-1,11,100.0
-1,11,189.56246168491828
-1,11,100.0
-1,10,100.0
-1,10,195.28532894923532
-1,10,166.08191875750077
-1,9,121.16933153845484
-1,9,171.93324241145848
-1,9,100.0
-1,8,165.73479999814668
-1,8,128.94574571138833
-1,8,187.52861289537947
0,8,100.0
0,8,100.0
0,8,157.2653675621824
0,7,212.5385118400869
0,7,100.0
0,7,416.92239197738184
0,6,137.97204431404063
0,6,119.92647673546527
0,6,556.6238145694118
0,5,277.68494826106127
0,5,270.14944919863524
0,5,288.23419327422243
1,5,133.7847597297481
1,5,417.6878434760705
1,5,222.43366113721194
1,4,258.22350697416033
1,4,155.54898822820584
1,4,172.3566296092026
1,3,237.53261389269713
1,3,212.2936940354676
1,3,127.8170037723873
2,3,137.33629207706645
2,3,105.3358694292582
2,3,100.0
2,4,297.25500155230634
2,4,100.0
2,4,220.55222263413043
3,4,138.39837041727205
3,4,121.88754814156553
3,4,262.6135094722144
3,3,283.0499626628187
3,3,245.94100577884078
3,3,482.6279331645094
3,2,297.37641167825524
3,2,111.41496523531956
3,2,155.04391463688034
3,1,244.61789644464562
3,1,202.26396667424322
3,1,149.4461131964119
3,0,100.0
3,0,212.69863635484617
3,0,513.4129706770701
3,1,256.65214073051243
3,1,298.95161744720457
3,1,244.07971631975778
3,0,332.29919970514425
3,0,323.16430167061
3,0,151.35877111297998
4,0,159.51051588506775
4,0,155.81066229879139
4,0,224.21433732143873
4,-1,378.45922618935145
4,-1,162.45670447963823
4,-1,120.33541837552912
4,-2,289.93732729538783
4,-2,100.0
4,-2,168.97092881480376
4,-3,131.6020102960251
4,-3,173.28155933621167
4,-3,100.0
4,-4,356.6183657926067
4,-4,255.2946613786461
4,-4,462.38853862247134
5,-4,204.4065203200717
5,-4,248.06760941531533
5,-4,317.85151810825937
6,-4,100.0
6,-4,100.0
6,-4,182.21049615853238
7,-4,100.0
7,-4,149.43760599970918
7,-4,100.0
7,-3,173.69403477164687
7,-3,177.04111060996476
7,-3,142.68417996563457
7,-2,100.0
7,-2,159.55684251290972
7,-2,100.0
7,-1,100.0
7,-1,184.60417710355185
7,-1,207.58066640043936
6,-1,162.1983016221851
6,-1,149.18309091571484
6,-1,580.9929080062949
6,0,202.224838901539
6,0,157.16922782318923
6,0,169.64316290285333
7,0,100.0
7,0,217.39647538634807
7,0,100.0
8,0,122.47037774440112
8,0,539.0190617587602
8,0,162.67678155085974
8,1,100.0
8,1,100.0
8,1,214.92017816379337
9,1,149.9019774007327
9,1,115.9770676360286
9,1,100.0
10,1,100.0
10,1,127.58655546307452
10,1,100.05724401568321
11,1,100.0
11,1,234.0065141648169
11,1,114.15316034168033
10,1,128.65844616435925
10,1,100.0
10,1,177.94440573293178
10,2,306.92136889548306
10,2,100.0
10,2,187.45673308680446
10,3,100.0
10,3,157.656357861387
10,3,109.72735905993693
11,3,149.14086944133237
11,3,104.16329434788526
11,3,120.44629429346233
10,3,104.20881361850275
10,3,135.22219582718395
10,3,100.0
11,3,187.8442961615953
11,3,100.0
11,3,100.0
11,4,100.0
11,4,439.00402932588537
11,4,138.99159511811638
11,5,169.58520558231106
11,5,100.0
11,5,135.21194237846834
11,6,108.30291821063955
11,6,100.0
11,6,117.98933321126873
12,6,217.1966134399918
12,6,116.76415591343304
12,6,162.88317762005306
13,6,172.11159896446745
13,6,112.92298387694258
13,6,129.1551143407549
14,6,205.68553919000263
14,6,228.9427995454601
14,6,100.0
15,6,136.94910061668176
15,6,100.0
15,6,100.0
15,7,100.0
15,7,100.0
15,7,100.0
14,7,157.41828273339212
14,7,286.817980630021
14,7,301.6064263181232
15,7,100.0
15,7,104.62173921969168
15,7,100.0
16,7,100.0
16,7,277.7123243761114
16,7,100.0
16,6,132.8936283519427
16,6,100.0
16,6,100.0
16,5,258.78442764376564
16,5,145.70926937392392
16,5,100.0
16,6,115.73013027221478
16,6,151.32830214431672
16,6,100.0
16,7,139.6136640407487
16,7,100.0
16,7,100.0
16,6,100.0
16,6,100.0
16,6,100.0
16,5,100.0
16,5,157.20558968143123
16,5,100.0
16,6,100.0
16,6,100.0
16,6,100.0
16,7,100.0
16,7,100.0
16,7,100.0
16,8,100.0
16,8,100.0
16,8,100.0
16,7,128.25341176360877
16,7,167.31822440874276
16,7,165.30736655154806
15,7,114.28581827990718
15,7,100.0
15,7,114.01593885737637
14,7,100.0
14,7,100.0
14,7,100.0
14,8,100.0
14,8,100.0
14,8,192.3786476891283
13,8,101.91120050870367
13,8,101.41697180191011
13,8,117.48654945403636
13,7,100.0
13,7,100.0
13,7,232.17980524876748
14,7,127.90501296009359
14,7,100.0
14,7,100.0
13,7,100.0
13,7,100.0
13,7,100.0
13,8,128.96097994083613
13,8,100.0
13,8,102.33328518485321
12,8,100.0
12,8,173.07312144560518
12,8,203.01285399747198
11,8,100.0
11,8,114.7010233011511
11,8,105.68757768625184
10,8,100.0
10,8,100.0
10,8,264.09369713467515
10,7,100.0
10,7,120.857784167934
10,7,100.0
10,6,273.7006296284901
10,6,109.38684891583658
10,6,128.19781115937406
9,6,165.97313152758338
9,6,100.0
9,6,370.9563317038412
9,5,100.0
9,5,129.09887954396842
9,5,100.0
9,4,296.1529969703935
9,4,161.15321839049724
9,4,100.0
9,3,131.77392642779813
9,3,216.0748794690476
9,3,154.25957627011962
8,3,139.20348881965188
8,3,100.0
8,3,148.3346530657829
8,2,162.8929254073327
8,2,100.0
8,2,100.0
9,2,100.0
9,2,100.0
9,2,128.55109325404803
8,2,136.05251912010658
8,2,135.84983520284035
8,2,123.16178641803721
7,2,100.0
7,2,100.0
7,2,202.39756061671773
6,2,208.948720239964
6,2,191.496430675499
6,2,100.0
6,1,177.50962900741064
6,1,100.0
6,1,180.75549921724573
6,0,413.7418654084113
6,0,205.31126232086208
6,0,254.23019061051113
5,0,478.0209719055782
5,0,223.43472519557517
5,0,137.38796730556714
5,-1,220.62386711409104
5,-1,196.40505382191287
5,-1,326.36878310519
5,-2,101.79743471893528
5,-2,118.82419145591473
5,-2,147.99121770810473
5,-3,212.08972908916593
5,-3,171.3352726195325
5,-3,151.79949160712823
5,-4,219.24770709982258
5,-4,176.09893891430417
5,-4,324.331594759712
4,-4,196.56862541498506
4,-4,298.4931287389892
4,-4,164.79074691807062
3,-4,327.0612943809444
3,-4,157.0848737666846
3,-4,551.4022163679297
4,-4,122.6019931808066
4,-4,140.57044073663715
4,-4,133.49437251145753
4,-5,122.97814833128977
4,-5,227.55109721457373
4,-5,123.80119281971932
3,-5,161.5263854411133
3,-5,100.0
3,-5,310.55745149601296
2,-5,283.1496651807559
2,-5,100.0
2,-5,181.06975834139323
2,-6,243.85528099041284
2,-6,220.63781536912904
2,-6,165.32775518886746
1,-6,136.95407552021618
1,-6,229.4567660915813
1,-6,100.0
1,-7,210.22110232949896
1,-7,100.0
1,-7,186.95118508918105
0,-7,159.6036794276221
0,-7,279.60060529133966
0,-7,100.0
-1,-7,113.73154681382115
-1,-7,100.0
-1,-7,133.53954799901416
-2,-7,159.96756896196976
-2,-7,151.31298404716503
-2,-7,100.0
-2,-8,100.0
-2,-8,100.0
-2,-8,100.0
-3,-8,206.50917813888378
-3,-8,100.96154441000996
-3,-8,150.34036612841217
-4,-8,322.6508271954895
-4,-8,554.0230147507434
-4,-8,100.0
-5,-8,176.56409201688345
-5,-8,100.0
-5,-8,104.90143391928046
-6,-8,207.73559065577393
-6,-8,183.96367644065634
-6,-8,254.49699156912408
-7,-8,349.67077818366204
-7,-8,100.0
-7,-8,100.0
-6,-8,103.18160675738545
-6,-8,130.8014272159686
-6,-8,100.0
-6,-7,155.15139929862357
-6,-7,100.0
-6,-7,264.1655463811458
-7,-7,102.0587005525993
-7,-7,134.12596432885942
-7,-7,100.0
-8,-7,151.86898203176108
-8,-7,574.0626726779791
-8,-7,116.08779774048763
-9,-7,100.0
-9,-7,100.0
-9,-7,354.4764380456932
-9,-8,302.5375486621752
-9,-8,110.10442549504776
-9,-8,100.0
-10,-8,190.84104011289273
-10,-8,100.0
-10,-8,155.05638620167295
-10,-9,100.0
-10,-9,100.0
-10,-9,100.0
-11,-9,190.64354564332803
-11,-9,156.4230089831974
-11,-9,193.8221368079268
-11,-10,136.61640192327772
-11,-10,100.0
-11,-10,113.76257896057814
-11,-11,100.0
-11,-11,100.02936915628061
-11,-11,107.13638434059419
-11,-12,100.0
-11,-12,100.0
-11,-12,100.0
-12,-12,100.0
-12,-12,167.3213829984645
-12,-12,100.0
-11,-12,100.0
-11,-12,100.0
-11,-12,100.0
-11,-13,100.0
-11,-13,100.0
-11,-13,208.6756268443031
-11,-12,100.0
-11,-12,100.0
-11,-12,100.0
-11,-11,140.5003096269516
-11,-11,125.66858060437221
-11,-11,199.64715317334387
-12,-11,100.0
-12,-11,100.0
-12,-11,100.0
-13,-11,100.0
-13,-11,100.0
-13,-11,100.0
-12,-11,100.0
-12,-11,100.0
-12,-11,100.0
-13,-11,244.1260676902043
-13,-11,100.0
-13,-11,100.0
-12,-11,277.7820264973824
-12,-11,165.74536941222192
-12,-11,305.79120962088996
-12,-10,100.0
-12,-10,100.0
-12,-10,100.0
-12,-9,153.04045120529128
-12,-9,100.0
-12,-9,100.0
