-12,15,100.0
-12,15,100.0
-11,15,100.0
-11,15,100.0
-11,15,145.37610468569773
-11,16,100.0
-11,16,100.0
-11,16,100.0
-11,15,116.36045371407886
-11,15,100.0
-11,15,100.0
-11,16,188.2009679608234
-11,16,100.0
-11,16,257.77728964948267
-10,16,100.0
-10,16,159.6786570839447
-10,16,100.0
-9,16,100.0
-9,16,100.0
-9,16,100.0
-9,17,148.16739940235883
-9,17,100.0
-9,17,100.0
-8,17,125.1151684956931
-8,17,100.0
-8,17,100.0
-8,16,100.0
-8,16,100.0
-8,16,176.22039850433399
-8,17,100.0
-8,17,100.0
-8,17,100.0
-7,17,100.0
-7,17,106.28792532849315
-7,17,100.0
-7,16,100.0
-7,16,100.0
-7,16,100.0
-7,15,314.01362722035805
-7,15,100.0
-7,15,150.50660677844203
-6,15,120.2608656006843
-6,15,109.83236350820411
-6,15,100.0
-6,16,100.0
-6,16,100.0
-6,16,227.6210396164884
-6,15,103.01070003282508
-6,15,218.71336342321933
-6,15,100.0
-5,15,100.0
-5,15,100.0
-5,15,100.0
-6,15,100.0
-6,15,350.0489203555594
-6,15,100.0
-5,15,100.0
-5,15,100.0
-5,15,100.0
-5,14,100.0
-5,14,111.35722321552126
-5,14,234.23029335746241
-4,14,126.87793061567697
-4,14,100.0
-4,14,100.0
-4,13,100.0
-4,13,157.31293269454818
-4,13,100.0
-4,12,459.4528507648474
-4,12,100.0
-4,12,167.58667769353633
-3,12,100.0
-3,12,100.0
-3,12,225.169533464644
-3,11,100.0
-3,11,100.0
-3,11,100.0
-2,11,104.8384239823658
-2,11,100.0
-2,11,122.52613023046263
-2,10,100.0
-2,10,183.35133911652042
-2,10,157.0711813421986
-1,10,245.42022167753026
-1,10,201.42580220300545
-1,10,407.56224140824287
-1,11,191.38991423324026
-1,11,305.451750117263
-1,11,327.77828994244715
-1,10,100.0
-1,10,100.0
-1,10,100.0
-1,9,100.0
-1,9,100.0
-1,9,117.01872810338105
-1,8,169.9133073815275
-1,8,131.49447625891298
-1,8,198.06870293881298
0,8,490.710403765004
0,8,100.0
0,8,130.23242907204164
0,7,253.59965038921388
0,7,373.9327864350398
0,7,207.48606177562726
0,6,185.27061854940922
0,6,166.69096851319287
0,6,204.24194354226273
0,5,108.00708600912202
0,5,141.7129652181519
0,5,170.41914346850137
1,5,140.5511805900943
1,5,182.1548127528876
1,5,100.0
1,4,128.4105343051075
1,4,155.31901862738508
1,4,100.0
1,3,100.0
1,3,216.42070734506453
1,3,211.30323440694278
2,3,305.59820981223146
2,3,143.73884411235207
2,3,320.11821272527754
2,4,100.0
2,4,184.62386299267789
2,4,298.23673559354563
3,4,100.0
3,4,116.2666859534295
3,4,484.91289654531727
3,3,170.68779124825616
3,3,415.5432716693643
3,3,399.38069135497216
3,2,364.229863440731
3,2,264.27488471902507
3,2,213.4671834001442
3,1,343.4604527602028
3,1,144.5497982871155
3,1,100.0
3,0,166.11866372455447
3,0,100.0
3,0,159.4733618678921
3,1,272.51152163718007
3,1,224.56850835677952
3,1,258.46604334979554
3,0,462.98446029856257
3,0,470.9007001659862
3,0,182.58066812678697
4,0,266.31039304899457
4,0,104.5358640866441
4,0,271.3705405051231
4,-1,128.0454498888833
4,-1,175.99521187915258
4,-1,246.61968530920782
4,-2,151.9265825951531
4,-2,232.49495615597075
4,-2,286.60817269389855
4,-3,188.7620031128049
4,-3,310.92784220497083
4,-3,220.35498534445398
4,-4,252.06938536077706
4,-4,100.0
4,-4,237.21843085438243
5,-4,108.52508474157784
5,-4,144.18110375839584
5,-4,260.7679275101018
6,-4,199.72918119938464
6,-4,213.7532535274126
6,-4,113.52977318061232
7,-4,169.16699628972847
7,-4,234.95005569244734
7,-4,193.76084773927047
7,-3,109.95372584400322
7,-3,325.03842114870747
7,-3,178.6098307531903
7,-2,170.94884618070637
7,-2,237.93140636077658
7,-2,214.67138085699133
7,-1,203.83106875096877
7,-1,177.77002242539626
7,-1,185.8127708843745
6,-1,100.0
6,-1,302.9091071687465
6,-1,100.0
6,0,103.58027452230156
6,0,162.01414265613576
6,0,100.0
7,0,100.0
7,0,100.0
7,0,156.63255812967122
8,0,236.09697836008937
8,0,121.0466673332324
8,0,107.4832231836274
8,1,154.45361564445395
8,1,100.0
8,1,130.89289805902177
9,1,100.0
9,1,243.63663388437882
9,1,160.13108759410608
10,1,100.0
10,1,190.02755413008094
10,1,211.67137154905436
11,1,237.03244327276832
11,1,137.58579061443817
11,1,100.0
10,1,279.29506349452885
10,1,100.0
10,1,173.3848422578533
10,2,100.0
10,2,100.0
10,2,157.3286473943974
10,3,181.4710079268423
10,3,100.0
10,3,114.41133116386256
11,3,100.0
11,3,100.0
11,3,100.0
10,3,136.79157231820952
10,3,100.0
10,3,202.019692254583
11,3,137.5223608730138
11,3,249.84091189792468
11,3,100.0
11,4,113.58767407812513
11,4,100.0
11,4,102.0564238231125
11,5,204.60262593885957
11,5,100.0
11,5,102.6557492377207
11,6,147.29126179529501
11,6,124.19156362997045
11,6,122.01335044057409
12,6,100.0
12,6,136.53334911577224
12,6,102.78456212178443
13,6,100.0
13,6,100.0
13,6,100.0
14,6,100.0
14,6,100.0
14,6,100.0
15,6,363.38828953192115
15,6,100.0
15,6,100.0
15,7,100.0
15,7,102.90598579204737
15,7,100.0
14,7,100.0
14,7,100.0
14,7,167.9323059738651
15,7,100.0
15,7,100.0
15,7,100.0
16,7,100.0
16,7,228.57261896340776
16,7,100.0
16,6,100.0
16,6,100.0
16,6,100.0
16,5,100.0
16,5,100.0
16,5,100.0
16,6,100.0
16,6,100.0
16,6,100.0
16,7,100.0
16,7,100.0
16,7,100.0
16,6,100.0
16,6,100.0
16,6,100.0
16,5,100.0
16,5,210.0056798911985
16,5,190.37180712963107
16,6,100.80590418240047
16,6,252.82016582781685
16,6,207.8377554388985
16,7,100.0
16,7,100.0
16,7,100.0
16,8,100.0
16,8,100.0
16,8,100.0
16,7,278.3118996546598
16,7,100.0
16,7,100.0
15,7,125.34679068734343
15,7,146.8703876361444
15,7,167.9986217173245
14,7,100.0
14,7,100.0
14,7,100.0
14,8,100.0
14,8,155.5741199963258
14,8,145.78919639851972
13,8,100.0
13,8,100.0
13,8,100.0
13,7,100.0
13,7,118.75798090040163
13,7,100.0
14,7,100.0
14,7,122.2147980804706
14,7,100.0
13,7,100.0
13,7,100.0
13,7,100.0
13,8,114.7193775929222
13,8,100.0
13,8,110.3450467099359
12,8,100.0
12,8,153.6234210178594
12,8,100.0
11,8,111.51508528091932
11,8,100.0
11,8,234.70736730990893
10,8,150.63631087434322
10,8,100.0
10,8,100.0
10,7,100.0
10,7,100.0
10,7,180.56786855765307
10,6,168.40302090917976
10,6,215.87255434645485
10,6,148.89092997392643
9,6,397.0395668537982
9,6,100.0
9,6,117.51007198570089
9,5,192.59972699242076
9,5,555.8482592090412
9,5,214.12897987298615
9,4,129.24409605759274
9,4,100.0
9,4,108.19966521983031
9,3,356.867961294884
9,3,100.0
9,3,100.0
8,3,100.0
8,3,159.6728863181387
8,3,350.1941917366364
8,2,160.9461469694085
8,2,179.31444372916275
8,2,190.8089507910013
9,2,216.8581158424381
9,2,159.2824696434722
9,2,100.0
8,2,245.29667939629087
8,2,295.4022236489118
8,2,100.0
7,2,255.0721402858926
7,2,100.0
7,2,258.186218586179
6,2,232.6999954925846
6,2,201.498537273381
6,2,182.19097653985523
6,1,100.0
6,1,201.48396464301106
6,1,216.31280775974415
6,0,313.5399258186528
6,0,147.85213214001146
6,0,425.71465273083186
5,0,264.38909279316334
5,0,100.0
5,0,100.0
5,-1,105.6794981722615
5,-1,264.8939261969524
5,-1,202.4491114906948
5,-2,180.842673857039
5,-2,177.84733728960268
5,-2,156.02078058043577
5,-3,121.59573442865538
5,-3,214.35437692254675
5,-3,100.0
5,-4,199.59138289236307
5,-4,100.0
5,-4,214.1740928938508
4,-4,100.0
4,-4,121.42159854532962
4,-4,201.87172969926252
3,-4,211.48765719466374
3,-4,100.0
3,-4,231.50251884553768
4,-4,309.1376785655139
4,-4,148.456894421699
4,-4,175.8162938666688
4,-5,371.7389313388376
4,-5,190.20316513657065
4,-5,116.50305701022316
3,-5,136.34331016336787
3,-5,157.3729695787874
3,-5,209.53420507782732
2,-5,155.16577013321992
2,-5,136.2448881704496
2,-5,287.2189449459458
2,-6,210.2297825411666
2,-6,100.0
2,-6,449.6908666004026
1,-6,173.85998632122127
1,-6,285.7151923323906
1,-6,188.48697237134684
1,-7,273.0470359817085
1,-7,144.54003622387535
1,-7,181.66916889759352
0,-7,123.97778621893164
0,-7,175.61480890721822
0,-7,484.8944428416571
-1,-7,144.42019690685396
-1,-7,112.2620635043952
-1,-7,110.82540342079325
-2,-7,112.601601967426
-2,-7,190.40152090436644
-2,-7,153.70369804880212
-2,-8,100.0
-2,-8,117.97748702141428
-2,-8,155.7832678921798
-3,-8,413.03674629498664
-3,-8,128.67048517209807
-3,-8,276.74045479763777
-4,-8,149.68873150111736
-4,-8,127.86221673029571
-4,-8,210.83693147312465
-5,-8,113.16334880528669
-5,-8,100.0
-5,-8,253.59459595096888
-6,-8,159.45589074065305
-6,-8,100.0
-6,-8,100.0
-7,-8,241.75717844817615
-7,-8,279.41803716346305
-7,-8,100.0
-6,-8,133.1886903125646
-6,-8,100.0
-6,-8,266.8519767858844
-6,-7,262.7881764843201
-6,-7,130.75999964251014
-6,-7,100.0
-7,-7,123.29252664131057
-7,-7,496.50589796756435
-7,-7,124.27775080112313
-8,-7,100.0
-8,-7,100.0
-8,-7,122.37784040432908
-9,-7,129.7877757663462
-9,-7,136.4907389604926
-9,-7,100.0
-9,-8,222.51584482706465
-9,-8,100.0
-9,-8,100.0
-10,-8,324.1373734850545
-10,-8,134.04679547169076
-10,-8,401.52954339067355
-10,-9,100.0
-10,-9,150.24814934051435
-10,-9,150.9610884798542
-11,-9,302.0001983235102
-11,-9,166.79625061120393
-11,-9,100.0
-11,-10,100.0
-11,-10,100.0
-11,-10,125.64520290413151
-11,-11,118.90105753159516
-11,-11,100.0
-11,-11,132.52426910290927
-11,-12,100.0
-11,-12,100.0
-11,-12,100.0
-12,-12,100.0
-12,-12,194.45547646880217
-12,-12,100.0
-11,-12,100.0
-11,-12,274.46727043512203
-11,-12,144.93024172574331
-11,-13,100.0
-11,-13,106.47324969144749
-11,-13,401.0233288993621
-11,-12,100.0
-11,-12,177.03877611605282
-11,-12,100.0
-11,-11,100.0
-11,-11,328.98239443334666
-11,-11,100.0
-12,-11,365.8927219864591
-12,-11,100.0
-12,-11,100.0
-13,-11,100.0
-13,-11,100.0
-13,-11,100.0
-12,-11,228.09210179182202
-12,-11,100.0
-12,-11,114.35069376963368
-13,-11,222.37929117503217
-13,-11,194.20523409869168
-13,-11,140.8936872676437
-12,-11,100.0
-12,-11,100.0
-12,-11,160.12516731321006
-12,-10,238.4932350661011
-12,-10,133.01781192899966
-12,-10,100.0
-12,-9,103.43882468742059
-12,-9,100.0
-12,-9,100.0
