-12,15,100.0
-12,15,175.75400679136598
-11,15,133.40819303945153
-11,15,100.0
-11,15,100.0
-11,16,100.0
-11,16,100.0
-11,16,100.0
-11,15,100.0
-11,15,100.0
-11,15,100.0
-11,16,100.0
-11,16,100.0
-11,16,100.0
-10,16,204.63284815364213
-10,16,100.0
-10,16,100.0
-9,16,100.0
-9,16,100.0
-9,16,100.0
-9,17,100.0
-9,17,100.0
-9,17,318.03324362755615
-8,17,100.0
-8,17,100.0
-8,17,100.0
-8,16,100.0
-8,16,122.57204781268584
-8,16,100.0
-8,17,100.0
-8,17,100.0
-8,17,100.0
-7,17,100.0
-7,17,135.9118952587668
-7,17,100.0
-7,16,100.0
-7,16,100.0
-7,16,100.0
-7,15,100.0
-7,15,100.0
-7,15,100.0
-6,15,112.7954389226669
-6,15,143.56072493115073
-6,15,165.22891159300403
-6,16,140.88694358734875
-6,16,100.0
-6,16,100.0
-6,15,100.0
-6,15,100.0
-6,15,113.86449398334749
-5,15,115.89302741759505
-5,15,131.43601302923122
-5,15,125.06377716243378
-6,15,100.0
-6,15,117.43172532336672
-6,15,100.0
-5,15,102.212128087834
-5,15,100.0
-5,15,100.0
-5,14,100.0
-5,14,100.0
-5,14,100.0
-4,14,100.0
-4,14,111.86077905339042
-4,14,191.4810856315456
-4,13,246.3678150075699
-4,13,100.0
-4,13,100.0
-4,12,100.0
-4,12,100.0
-4,12,119.81618206468424
-3,12,184.31575942316454
-3,12,100.0
-3,12,100.0
-3,11,139.88966998858854
-3,11,100.0
-3,11,367.2619007842744
-2,11,100.0
-2,11,114.36344484230493
-2,11,157.47249252113335
-2,10,133.40301858883507
-2,10,126.01908162767984
-2,10,100.0
-1,10,100.0
-1,10,100.0
-1,10,114.20557699100243
-1,11,191.36490298471765
-1,11,110.56953414938502
-1,11,122.33554774900615
-1,10,123.76419088174482
-1,10,100.0
-1,10,236.41732928235342
-1,9,100.0
-1,9,242.96928019642306
-1,9,100.0
-1,8,403.2384615631195
-1,8,161.98087263389888
-1,8,180.01463414425444
0,8,239.8621358958485
0,8,209.30097732757076
0,8,144.53436250567077
0,7,141.02164810238781
0,7,242.8191085233066
0,7,109.47713467686853
0,6,151.88268464146952
0,6,145.20355290307754
0,6,100.0
0,5,195.1291455519671
0,5,186.52753047040812
0,5,148.12936980800953
1,5,217.499483175691
1,5,100.0
1,5,220.78123658886847
1,4,167.07910148980363
1,4,235.67707936480895
1,4,100.0
1,3,228.76963591809357
1,3,171.22742124915612
1,3,136.9944688755582
2,3,108.43226056991962
2,3,155.29713874188744
2,3,153.59102075590496
2,4,233.75992712575584
2,4,279.84116746794564
2,4,407.2370975040938
3,4,303.9300424253291
3,4,253.1263171933058
3,4,127.54438592659787
3,3,263.6046335236144
3,3,172.08686168367902
3,3,137.65473272425956
3,2,138.64825909917892
3,2,139.3103124340107
3,2,288.9250231718132
3,1,311.72688824913587
3,1,312.64913795733264
3,1,158.84923890456076
3,0,133.68377751545182
3,0,234.0202140549618
3,0,186.2315709452139
3,1,239.759254459102
3,1,176.61880957106703
3,1,422.8373347013999
3,0,253.13849062893493
3,0,134.05499808186624
3,0,221.10382769625642
4,0,194.53835119437844
4,0,237.1285879279024
4,0,213.25814614455794
4,-1,100.0
4,-1,205.59230040782006
4,-1,100.0
4,-2,176.8696215293087
4,-2,151.26562044574354
4,-2,114.1699979084532
4,-3,425.53054203663396
4,-3,201.58329409615956
4,-3,274.9875037915689
4,-4,100.0
4,-4,113.67727029691383
4,-4,100.0
5,-4,128.0245263443411
5,-4,100.0
5,-4,100.0
6,-4,171.92519445112907
6,-4,100.0
6,-4,182.00769707041044
7,-4,100.0
7,-4,100.0
7,-4,221.13645877739594
7,-3,194.86991313143562
7,-3,328.0956092195632
7,-3,200.85316916789782
7,-2,184.1460439790885
7,-2,207.1948893500547
7,-2,136.19906320555208
7,-1,140.66007557756626
7,-1,100.0
7,-1,151.5287091013835
6,-1,143.31419015538015
6,-1,145.68169088180136
6,-1,268.15151939883634
6,0,229.46122572341775
6,0,100.0
6,0,265.8898289405295
7,0,326.1819073142786
7,0,206.1700399726464
7,0,183.1047914348277
8,0,100.0
8,0,100.0
8,0,132.51517303631599
8,1,100.0
8,1,115.23841098997713
8,1,179.13055767048908
9,1,100.0
9,1,364.6114327707776
9,1,310.4105846200354
10,1,137.9473159832937
10,1,100.0
10,1,171.56886336818752
11,1,108.75614914286925
11,1,119.73390232560223
11,1,465.99824584050566
10,1,101.63290500872216
10,1,100.0
10,1,201.25678807405916
10,2,100.0
10,2,100.0
10,2,321.9771168259599
10,3,177.82913941681647
10,3,100.0
10,3,100.0
11,3,393.3993949543027
11,3,163.74412863456575
11,3,237.2317022443864
10,3,100.0
10,3,156.22549831767992
10,3,118.8899016885572
11,3,147.08850600033108
11,3,315.48450391736475
11,3,220.54594106804353
11,4,142.37011910375037
11,4,302.8608941615517
11,4,180.5128457486091
11,5,168.03187797234528
11,5,100.0
11,5,100.0
11,6,100.0
11,6,109.55220728627111
11,6,377.73791460503764
12,6,173.52778268860976
12,6,100.0
12,6,158.61089886441454
13,6,100.0
13,6,100.0
13,6,100.0
14,6,173.0085061744415
14,6,100.0
14,6,100.0
15,6,100.0
15,6,193.67325212567818
15,6,100.0
15,7,100.0
15,7,100.0
15,7,206.40786278563536
14,7,100.0
14,7,105.05382039758489
14,7,100.0
15,7,100.0
15,7,180.79276018991965
15,7,100.0
16,7,113.33494697846872
16,7,100.0
16,7,100.0
16,6,100.0
16,6,100.0
16,6,100.0
16,5,100.0
16,5,100.0
16,5,100.0
16,6,100.0
16,6,100.0
16,6,100.0
16,7,100.0
16,7,100.0
16,7,100.0
16,6,110.1398915725231
16,6,100.0
16,6,100.0
16,5,102.45487174729259
16,5,100.0
16,5,100.0
16,6,151.40391493069276
16,6,100.0
16,6,100.0
16,7,100.0
16,7,148.68484591731035
16,7,100.0
16,8,100.0
16,8,100.0
16,8,199.8529637424748
16,7,167.10720865610546
16,7,100.0
16,7,100.0
15,7,100.0
15,7,100.0
15,7,100.0
14,7,100.0
14,7,100.0
14,7,145.94570314883782
14,8,119.30706249977425
14,8,130.69615527574433
14,8,100.0
13,8,125.6175481379502
13,8,100.0
13,8,109.92940339952915
13,7,132.51887918291987
13,7,109.62495265379306
13,7,100.0
14,7,100.0
14,7,288.6121666349066
14,7,100.0
13,7,284.49196766353634
13,7,100.0
13,7,110.05679939143462
13,8,100.0
13,8,100.0
13,8,100.0
12,8,100.0
12,8,143.93490990798665
12,8,127.39393599261594
11,8,100.0
11,8,100.0
11,8,100.0
10,8,100.0
10,8,173.51455870099616
10,8,110.79291271946387
10,7,138.29060170681757
10,7,100.0
10,7,100.0
10,6,100.0
10,6,100.0
10,6,147.63941111888275
9,6,100.0
9,6,197.47701106241453
9,6,100.0
9,5,188.95296648034156
9,5,100.0
9,5,214.43557688237914
9,4,160.15777689173927
9,4,100.0
9,4,130.37496630018697
9,3,120.37549718050875
9,3,122.08427960209573
9,3,100.0
8,3,100.0
8,3,100.0
8,3,320.9801399429554
8,2,135.93199161441916
8,2,305.2166176619019
8,2,100.0
9,2,150.187241713572
9,2,289.84579585488075
9,2,115.71950160652788
8,2,186.45562657336646
8,2,166.24349663028408
8,2,161.3080983945245
7,2,100.0
7,2,100.0
7,2,151.03441065273165
6,2,121.95812928223987
6,2,169.58662191547134
6,2,133.1367666722405
6,1,142.84041000543903
6,1,112.05806314692403
6,1,356.2273256969829
6,0,100.0
6,0,250.84500198546576
6,0,150.57198239479555
5,0,165.94760211237622
5,0,100.0
5,0,189.7404144522207
5,-1,197.30304892268873
5,-1,117.4357622931873
5,-1,537.3793841383385
5,-2,129.51705779676934
5,-2,275.07027652479087
5,-2,552.585172216675
5,-3,417.6431585841623
5,-3,129.63216468551465
5,-3,188.0682356528485
5,-4,142.63543096086283
5,-4,302.44270336878463
5,-4,387.11808089381464
4,-4,258.0408203241296
4,-4,100.0
4,-4,191.67200411715152
3,-4,197.16394037008428
3,-4,279.6837581233116
3,-4,352.47339868937564
4,-4,162.2662102462795
4,-4,233.26322557293895
4,-4,156.6380189526881
4,-5,100.0
4,-5,151.55947607794042
4,-5,243.59362835476
3,-5,329.83605665436687
3,-5,138.15220029735283
3,-5,146.5743101832351
2,-5,346.46597941072963
2,-5,111.10808872675543
2,-5,228.89266727955433
2,-6,208.8995680893829
2,-6,100.0
2,-6,256.7640478294059
1,-6,123.54375722123584
1,-6,222.49581795081477
1,-6,180.20390697331246
1,-7,424.2845633091348
1,-7,153.8044767596921
1,-7,185.90531992850953
0,-7,122.15382157261914
0,-7,130.8654560583597
0,-7,169.4932947097736
-1,-7,100.0
-1,-7,100.0
-1,-7,223.58947874505395
-2,-7,256.76967785057025
-2,-7,100.0
-2,-7,199.51992647043016
-2,-8,204.0876259730017
-2,-8,174.9993879592933
-2,-8,177.91291472413997
-3,-8,183.15928491123316
-3,-8,133.6870146031164
-3,-8,100.0
-4,-8,197.10114085173566
-4,-8,145.28722939996146
-4,-8,154.49538358431704
-5,-8,281.0157728601921
-5,-8,168.9407249347828
-5,-8,413.84961300853195
-6,-8,247.34366346389527
-6,-8,183.118096382622
-6,-8,164.44048067292994
-7,-8,100.0
-7,-8,150.0685547625671
-7,-8,100.0
-6,-8,279.5440666189528
-6,-8,100.0
-6,-8,234.99415863764165
-6,-7,115.25123670904924
-6,-7,250.87524686559033
-6,-7,233.52301454510365
-7,-7,100.0
-7,-7,100.0
-7,-7,217.6487186894257
-8,-7,235.0934269763369
-8,-7,103.72482981433566
-8,-7,181.6331335509467
-9,-7,143.671680494966
-9,-7,177.78813987998114
-9,-7,100.0
-9,-8,265.1939318152354
-9,-8,100.0
-9,-8,100.0
-10,-8,164.49351758769075
-10,-8,100.0
-10,-8,100.0
-10,-9,137.89591464475205
-10,-9,156.92038029823246
-10,-9,175.89088691991842
-11,-9,100.0
-11,-9,100.0
-11,-9,185.68188118237683
-11,-10,100.0
-11,-10,100.0
-11,-10,100.0
-11,-11,104.85329057497303
-11,-11,144.16511482207187
-11,-11,100.0
-11,-12,168.26588122375867
-11,-12,345.22842603160495
-11,-12,100.0
-12,-12,100.0
-12,-12,183.23116329082492
-12,-12,120.5981932160554
-11,-12,100.0
-11,-12,122.85003810813616
-11,-12,197.425124621185
-11,-13,308.28498864303015
-11,-13,100.0
-11,-13,100.0
-11,-12,100.0
-11,-12,100.0
-11,-12,111.8532298274805
-11,-11,114.39745516036211
-11,-11,100.0
-11,-11,100.0
-12,-11,100.0
-12,-11,100.0
-12,-11,100.0
-13,-11,100.0
-13,-11,170.71542373406368
-13,-11,130.90200993473294
-12,-11,100.0
-12,-11,100.0
-12,-11,100.0
-13,-11,185.75632460634802
-13,-11,100.0
-13,-11,100.0
-12,-11,100.0
-12,-11,100.0
-12,-11,100.0
-12,-10,100.0
-12,-10,100.0
-12,-10,107.02390016077047
-12,-9,121.60339205319627
-12,-9,101.99473544461186
-12,-9,100.0
