-12,15,202.73732334709166
-11,15,246.6964922673227
-11,15,266.16015678317024
-11,16,200.0
-11,16,200.0
-11,15,200.0
-11,15,200.0
-11,16,200.0
-11,16,200.0
-10,16,200.0
-10,16,200.0
-9,16,200.0
-9,16,200.0
-9,17,200.0
-9,17,200.0
-8,17,200.0
-8,17,200.0
-8,16,200.0
-8,16,200.0
-8,17,200.0
-8,17,200.0
-7,17,345.71588360831595
-7,17,200.0
-7,16,200.0
-7,16,200.0
-7,15,332.4492838718636
-7,15,200.0
-6,15,200.0
-6,15,200.0
-6,16,200.0
-6,16,200.0
-6,15,200.0
-6,15,200.0
-5,15,206.73366497355073
-5,15,232.3891386097538
-6,15,384.00691360825874
-6,15,250.33035749152035
-5,15,200.0
-5,15,200.0
-5,14,264.1662880888824
-5,14,200.0
-4,14,382.41433442557434
-4,14,200.0
-4,13,200.0
-4,13,302.8864231491218
-4,12,358.54310242876943
-4,12,231.15359036834502
-3,12,215.24459564215746
-3,12,224.98882222307324
-3,11,233.51380803550853
-3,11,200.0
-2,11,200.0
-2,11,212.0543697089314
-2,10,279.6058379391358
-2,10,200.0
-1,10,613.9989401343142
-1,10,465.2002169331446
-1,11,200.0
-1,11,200.0
-1,10,209.6653254013729
-1,10,200.0
-1,9,200.0
-1,9,292.45076433870435
-1,8,415.08040647077667
-1,8,200.0
0,8,200.0
0,8,260.92496068511406
0,7,274.29306470146895
0,7,245.44546780668097
0,6,497.19585248100645
0,6,253.4142578697513
0,5,200.0
0,5,293.110486586571
1,5,226.90667582464664
1,5,534.1985770659537
1,4,515.9302468580265
1,4,317.0886699764227
1,3,605.6599519171247
1,3,416.2537234228911
2,3,200.0
2,3,262.00251125587386
2,4,302.66802050813203
2,4,241.44517716072667
3,4,269.294804751176
3,4,366.34134629453536
3,3,200.0
3,3,573.1348294619783
3,2,200.0
3,2,463.3131897628711
3,1,322.5424262199056
3,1,363.8676613876401
3,0,397.405128753307
3,0,421.7108557752688
3,1,495.2593679203477
3,1,397.76913284348467
3,0,564.5207890910735
3,0,526.4918633627249
4,0,228.81878815665146
4,0,336.7866365905896
4,-1,342.15314834848556
4,-1,367.51425322147804
4,-2,200.0
4,-2,200.0
4,-3,200.36134695630471
4,-3,323.05298725080075
4,-4,391.9410025508085
4,-4,390.5844914188226
5,-4,302.2907047146596
5,-4,223.27807095076955
6,-4,282.49932859369613
6,-4,357.4516020429203
7,-4,200.0
7,-4,452.27250444879553
7,-3,200.0
7,-3,497.76443307152465
7,-2,200.0
7,-2,469.0755217738509
7,-1,358.3955961771569
7,-1,481.8378059999444
6,-1,200.0
6,-1,459.9386070890843
6,0,463.98549810872305
6,0,397.2149135660686
7,0,200.0
7,0,200.0
8,0,305.0552895947453
8,0,394.5729926207039
8,1,338.3465876204501
8,1,370.0005200022441
9,1,513.0619798749154
9,1,200.0
10,1,200.0
10,1,379.4993998642924
11,1,200.0
11,1,348.9768108723865
10,1,415.2907351246631
10,1,397.207699962098
10,2,201.74888612138034
10,2,248.4270848741596
10,3,332.4847020157456
10,3,354.77325936673026
11,3,294.3446795778858
11,3,200.0
10,3,200.0
10,3,281.1055958835911
11,3,200.0
11,3,209.63580314820518
11,4,200.0
11,4,325.0121647351029
11,5,258.7232728001188
11,5,257.3676335991979
11,6,200.0
11,6,200.0
12,6,200.0
12,6,309.2718485948815
13,6,200.0
13,6,200.0
14,6,200.0
14,6,200.0
15,6,305.44252452356875
15,6,200.0
15,7,338.45625462267947
15,7,200.0
14,7,200.0
14,7,389.13557001186575
15,7,200.0
15,7,200.0
16,7,200.0
16,7,200.0
16,6,200.0
16,6,200.0
16,5,200.0
16,5,200.0
16,6,200.0
16,6,274.18354327935555
16,7,200.0
16,7,200.0
16,6,200.0
16,6,200.0
16,5,200.0
16,5,200.0
16,6,200.0
16,6,200.0
16,7,200.0
16,7,200.0
16,8,297.03986919644694
16,8,200.0
16,7,200.0
16,7,200.0
15,7,285.123493788466
15,7,200.0
14,7,200.0
14,7,200.0
14,8,278.02772237753175
14,8,200.0
13,8,200.0
13,8,200.0
13,7,200.0
13,7,200.0
14,7,200.0
14,7,200.0
13,7,294.43565413038675
13,7,201.54542507194526
13,8,200.0
13,8,247.62634035759373
12,8,200.0
12,8,313.0849219345132
11,8,200.0
11,8,247.16477298657094
10,8,200.0
10,8,200.0
10,7,578.5589608731747
10,7,200.0
10,6,377.8813331439486
10,6,200.0
9,6,201.4761344906012
9,6,200.0
9,5,200.0
9,5,219.4132917598393
9,4,200.0
9,4,200.0
9,3,200.0
9,3,200.0
8,3,589.5799123629826
8,3,319.65798744242625
8,2,352.66866108214856
8,2,250.32915822244553
9,2,200.0
9,2,296.017809184816
8,2,200.0
8,2,341.68041857113406
7,2,234.79022333956993
7,2,200.0
6,2,200.0
6,2,362.89606033440265
6,1,538.8750519150595
6,1,200.0
6,0,200.0
6,0,393.5197093097272
5,0,378.11744502377235
5,0,741.5067718763851
5,-1,200.0
5,-1,369.8509686990255
5,-2,263.56404916746305
5,-2,416.9355500947434
5,-3,406.9891532832698
5,-3,463.8027072786356
5,-4,200.0
5,-4,374.73870359153705
4,-4,232.19897414836922
