-12,15,200.0
-11,15,201.46643255854428
-11,15,267.94445390901984
-11,16,200.0
-11,16,200.0
-11,15,200.0
-11,15,284.3937158313869
-11,16,201.10822451763295
-11,16,200.0
-10,16,203.40465320999218
-10,16,200.0
-9,16,313.1215850292539
-9,16,200.0
-9,17,200.0
-9,17,200.0
-8,17,200.0
-8,17,200.0
-8,16,200.0
-8,16,200.0
-8,17,200.0
-8,17,200.0
-7,17,200.0
-7,17,200.0
-7,16,217.16719953602768
-7,16,200.0
-7,15,200.0
-7,15,200.0
-6,15,205.06778758975315
-6,15,200.0
-6,16,200.0
-6,16,200.0
-6,15,356.29193134364715
-6,15,215.03309287944413
-5,15,325.70136884266685
-5,15,200.0
-6,15,250.97558588306302
-6,15,200.0
-5,15,421.00024957914644
-5,15,200.0
-5,14,200.0
-5,14,200.0
-4,14,200.0
-4,14,200.0
-4,13,200.0
-4,13,200.0
-4,12,200.0
-4,12,200.0
-3,12,200.0
-3,12,254.12848971622523
-3,11,323.20695105290423
-3,11,319.10790177882507
-2,11,308.9571374654365
-2,11,265.3338379619505
-2,10,200.0
-2,10,260.9690879932533
-1,10,200.0
-1,10,200.0
-1,11,613.365468783499
-1,11,200.0
-1,10,200.0
-1,10,200.0
-1,9,357.28192625704907
-1,9,453.9523635790507
-1,8,466.2419919641077
-1,8,461.1824575781894
0,8,556.3848849645912
0,8,244.04352747636162
0,7,256.71451402229644
0,7,200.0
0,6,507.52031297486394
0,6,200.0
0,5,381.2893888225058
0,5,401.50303172366193
1,5,325.3349772870816
1,5,200.0
1,4,475.22309127583316
1,4,200.0
1,3,476.8316174488439
1,3,555.7927852038105
2,3,536.689630808593
2,3,543.3447764683117
2,4,637.7694283320918
2,4,300.05507638064364
3,4,482.27487388892916
3,4,438.9726559612244
3,3,203.73562958144305
3,3,431.90889899538854
3,2,405.82722317411236
3,2,398.86248661681446
3,1,363.9688303421942
3,1,350.2793332550199
3,0,246.84085291384457
3,0,396.8581896751421
3,1,540.6389194686454
3,1,203.8601218568036
3,0,430.3704042334919
3,0,393.69718427429655
4,0,200.0
4,0,321.94859431516693
4,-1,644.3358369749512
4,-1,538.8377457184771
4,-2,420.4858329373037
4,-2,200.0
4,-3,260.721570419986
4,-3,355.26238018756294
4,-4,308.9101919229323
4,-4,260.4432934515504
5,-4,288.75016761217177
5,-4,414.07547845430616
6,-4,564.7967907182419
6,-4,233.8663959028744
7,-4,250.98444473588896
7,-4,278.15136959378077
7,-3,200.0
7,-3,200.0
7,-2,200.0
7,-2,261.1331223955875
7,-1,487.58637929067936
7,-1,200.0
6,-1,235.8714786748299
6,-1,294.25317788182025
6,0,369.5883978485328
6,0,204.932667757479
7,0,200.0
7,0,437.57366525953535
8,0,430.9921791654634
8,0,430.2299964100687
8,1,220.45645527233725
8,1,200.0
9,1,639.0525472700724
9,1,200.0
10,1,200.0
10,1,250.89484288260604
11,1,252.82583133642441
11,1,200.0
10,1,246.06861730660458
10,1,200.0
10,2,200.0
10,2,268.63195274642237
10,3,466.7738262468338
10,3,200.0
11,3,423.8945846492788
11,3,438.8879070551585
10,3,611.1687750753665
10,3,200.0
11,3,299.872001467677
11,3,252.73113835226246
11,4,229.6196477170243
11,4,363.0469831091963
11,5,223.18934720383788
11,5,252.24017604842726
11,6,303.02738006337245
11,6,200.0
12,6,200.0
12,6,278.52756249354707
13,6,297.6271889644695
13,6,200.0
14,6,200.0
14,6,200.0
15,6,200.0
15,6,200.0
15,7,200.0
15,7,200.0
14,7,200.0
14,7,200.0
15,7,200.0
15,7,367.72775557429264
16,7,200.0
16,7,213.05707409551587
16,6,200.0
16,6,200.0
16,5,309.4630559072913
16,5,200.0
16,6,200.0
16,6,200.0
16,7,329.15526170257226
16,7,200.0
16,6,200.0
16,6,200.0
16,5,316.60644533562214
16,5,236.0171364073746
16,6,232.18867861129067
16,6,200.0
16,7,293.3828400273701
16,7,218.31052896527254
16,8,200.0
16,8,200.0
16,7,200.0
16,7,279.9579328708805
15,7,200.0
15,7,200.0
14,7,212.2389214693271
14,7,200.0
14,8,200.0
14,8,400.2662987885408
13,8,270.48873262833496
13,8,200.0
13,7,200.0
13,7,200.0
14,7,200.0
14,7,200.0
13,7,200.0
13,7,200.0
13,8,200.0
13,8,200.0
12,8,200.0
12,8,200.0
11,8,258.88360027366684
11,8,200.0
10,8,406.42008291770554
10,8,200.0
10,7,433.1634585900207
10,7,314.7287093791546
10,6,226.15027165995252
10,6,200.0
9,6,200.0
9,6,200.0
9,5,410.3915461381032
9,5,200.0
9,4,227.54043405207938
9,4,280.53136090959345
9,3,200.0
9,3,431.7312715645945
8,3,325.6124934406155
8,3,204.45698054394816
8,2,222.07716070548435
8,2,381.28269561444756
9,2,286.0647105596427
9,2,421.0950383285561
8,2,261.9219984825142
8,2,200.0
7,2,484.03524269112154
7,2,356.91582506151116
6,2,200.0
6,2,200.0
6,1,452.92524768659325
6,1,252.07339206125476
6,0,237.96121077775445
6,0,396.49302449620495
5,0,200.0
5,0,304.34408040523874
5,-1,484.5176727748653
5,-1,495.21906517453056
5,-2,545.8945489596648
5,-2,361.9128438746154
5,-3,200.0
5,-3,282.3009866963407
5,-4,377.0023137359095
5,-4,419.8103183133635
4,-4,408.3632483350408
