-12,15,100.0
-12,15,151.80316933558666
-11,15,100.0
-11,15,103.95834166608452
-11,15,100.0
-11,16,100.0
-11,16,100.0
-11,16,100.0
-11,15,100.0
-11,15,100.0
-11,15,100.0
-11,16,106.32170787568836
-11,16,100.0
-11,16,100.0
-10,16,100.0
-10,16,100.0
-10,16,100.0
-9,16,100.0
-9,16,151.41454736813319
-9,16,100.0
-9,17,100.0
-9,17,100.0
-9,17,100.0
-8,17,118.36672756837386
-8,17,100.0
-8,17,100.0
-8,16,100.0
-8,16,100.0
-8,16,100.0
-8,17,140.77674124310647
-8,17,100.0
-8,17,156.45522390420112
-7,17,100.0
-7,17,100.0
-7,17,100.0
-7,16,100.0
-7,16,162.48302737908517
-7,16,109.29642012504235
-7,15,100.0
-7,15,100.0
-7,15,272.7290117327649
-6,15,100.0
-6,15,100.0
-6,15,100.0
-6,16,100.0
-6,16,100.0
-6,16,142.3804112257682
-6,15,100.0
-6,15,100.0
-6,15,100.0
-5,15,100.0
-5,15,100.0
-5,15,100.0
-6,15,100.0
-6,15,100.0
-6,15,224.08319219698654
-5,15,100.0
-5,15,100.0
-5,15,100.0
-5,14,100.0
-5,14,100.0
-5,14,100.0
-4,14,113.52657908378802
-4,14,100.0
-4,14,147.58516668029765
-4,13,100.0
-4,13,327.74055824656335
-4,13,100.0
-4,12,135.7945969605462
-4,12,100.0
-4,12,100.0
-3,12,212.79303165107288
-3,12,300.71886484200274
-3,12,138.5456980143486
-3,11,271.7011015615989
-3,11,100.0
-3,11,100.0
-2,11,100.0
-2,11,100.0
-2,11,151.2819410911776
-2,10,100.0
-2,10,100.0
-2,10,100.0
-1,10,256.91629238244434
-1,10,169.09288701499042
-1,10,215.7420592867984
-1,11,286.0612693314962
-1,11,121.4171345938704
-1,11,310.01453897113146
-1,10,206.12118937350874
-1,10,224.549102221944
-1,10,100.0
-1,9,200.72557343882374
-1,9,100.0
-1,9,239.2427542841273
-1,8,100.0
-1,8,129.52432217426704
-1,8,147.22807516564797
0,8,100.0
0,8,100.0
0,8,100.0
0,7,140.79862836931903
0,7,403.93633192493894
0,7,100.0
0,6,195.14213216389317
0,6,250.19408669029076
0,6,140.50222776980496
0,5,379.9717056761814
0,5,100.0
0,5,487.71807955671744
1,5,283.4094009957928
1,5,234.06381133438018
1,5,208.20062364999865
1,4,141.51581799310134
1,4,226.73233428054664
1,4,200.5618469393682
1,3,197.51022441632796
1,3,193.38532937623336
1,3,237.14227396549686
2,3,276.7706932177949
2,3,144.26819788503462
2,3,125.16934461429614
2,4,105.44362451686756
2,4,233.07443126303272
2,4,199.8788525396378
3,4,253.61888739238503
3,4,186.92348451326203
3,4,143.1939163998227
3,3,161.96597381670702
3,3,250.99652691852268
3,3,100.0
3,2,189.9873047806894
3,2,193.2949826758918
3,2,262.3213086664299
3,1,163.8808264766961
3,1,125.56014628025682
3,1,286.17863967245995
3,0,194.6810782201471
3,0,407.4025109940949
3,0,355.5186379824978
3,1,102.56006579232051
3,1,291.15658913032166
3,1,135.9258997506635
3,0,196.10197960579572
3,0,309.7069557554691
3,0,150.18974926621704
4,0,102.30117637719675
4,0,396.1741913704724
4,0,190.5697130931433
4,-1,231.85441778713965
4,-1,305.7059691213895
4,-1,100.0
4,-2,245.47904021412234
4,-2,100.0
4,-2,214.95460237725666
4,-3,317.94045493351115
4,-3,193.5710580623562
4,-3,100.0
4,-4,383.80626710992817
4,-4,206.08017811691647
4,-4,270.42995727009776
5,-4,322.5033044171157
5,-4,178.00541709483593
5,-4,309.597951908178
6,-4,164.36824036797145
6,-4,112.21959930540831
6,-4,179.53020137206212
7,-4,207.17636604474575
7,-4,127.78653526628854
7,-4,100.0
7,-3,158.65515054876582
7,-3,283.0184873792882
7,-3,170.64801786761677
7,-2,100.0
7,-2,147.26158206587442
7,-2,133.65973977363123
7,-1,142.01857511516528
7,-1,108.67693513901672
7,-1,192.0121078763946
6,-1,346.8928012600278
6,-1,100.0
6,-1,217.55528444837276
6,0,258.8888614938244
6,0,169.1857242068107
6,0,162.57631043137536
7,0,110.49296058686863
7,0,100.0
7,0,100.0
8,0,163.04971572790552
8,0,236.79264849885067
8,0,121.21733196290094
8,1,311.43516162126866
8,1,100.0
8,1,126.83569549027183
9,1,189.6407254749212
9,1,100.0
9,1,100.0
10,1,118.13582820618214
10,1,135.6125045710476
10,1,100.0
11,1,362.5008524430285
11,1,144.27425377620483
11,1,120.8404681191152
10,1,118.69203331016305
10,1,127.48155906753179
10,1,147.8751969095503
10,2,232.29043366806948
10,2,155.2640566910374
10,2,171.45303276129624
10,3,329.3763190679857
10,3,122.84133699014923
10,3,100.63474231575329
11,3,100.0
11,3,149.43378291979855
11,3,100.0
10,3,121.98002494525056
10,3,172.28106128507957
10,3,269.4074421980961
11,3,100.0
11,3,152.23322784808812
11,3,100.0
11,4,152.62305225416398
11,4,100.0
11,4,100.0
11,5,100.0
11,5,100.0
11,5,575.0896112324538
11,6,100.0
11,6,227.51530095620978
11,6,100.0
12,6,158.062548329523
12,6,236.116904748137
12,6,100.0
13,6,126.01687327576612
13,6,100.0
13,6,100.0
14,6,172.92937510066153
14,6,100.0
14,6,100.0
15,6,390.6139773040256
15,6,330.17039121314536
15,6,100.0
15,7,122.96667518934177
15,7,100.0
15,7,100.0
14,7,137.0979118074693
14,7,100.0
14,7,100.0
15,7,100.0
15,7,101.13508286864148
15,7,126.55423567743517
16,7,100.0
16,7,100.0
16,7,240.96044723657414
16,6,160.61987170954285
16,6,117.09445716651607
16,6,100.0
16,5,100.0
16,5,100.0
16,5,100.0
16,6,139.11604745573834
16,6,100.0
16,6,100.0
16,7,208.5679397787361
16,7,100.0
16,7,100.0
16,6,100.0
16,6,100.0
16,6,100.0
16,5,100.0
16,5,100.0
16,5,100.0
16,6,121.61969648359295
16,6,100.0
16,6,100.0
16,7,100.0
16,7,100.0
16,7,302.82231244885213
16,8,166.55472178431884
16,8,100.0
16,8,109.94240695140225
16,7,191.01429986822683
16,7,100.0
16,7,100.0
15,7,315.0262294265881
15,7,128.38132797250086
15,7,100.0
14,7,137.24331187777398
14,7,100.0
14,7,184.19032369868876
14,8,199.15675949167348
14,8,136.61998318358349
14,8,100.0
13,8,157.02207965481108
13,8,100.0
13,8,100.0
13,7,133.37180340224742
13,7,100.0
13,7,133.2097741128455
14,7,100.0
14,7,100.0
14,7,142.01154600121734
13,7,367.78037754694196
13,7,178.03573344231452
13,7,100.0
13,8,100.0
13,8,114.93066124524569
13,8,100.0
12,8,117.75689296266239
12,8,100.0
12,8,100.0
11,8,100.0
11,8,100.0
11,8,393.3004018023104
10,8,100.0
10,8,100.0
10,8,157.15311996747928
10,7,100.0
10,7,239.57460266346808
10,7,125.93132808258912
10,6,122.44480663459578
10,6,100.0
10,6,100.0
9,6,100.0
9,6,148.66558076937818
9,6,183.9238460999511
9,5,100.0
9,5,100.0
9,5,409.07270233897555
9,4,338.76273541842824
9,4,199.87806893581575
9,4,100.0
9,3,181.72530010536957
9,3,117.94945612144014
9,3,100.0
8,3,115.68736949584094
8,3,137.6933294438197
8,3,284.78021478962944
8,2,100.0
8,2,302.32946418588824
8,2,271.2728724752207
9,2,100.0
9,2,117.98856820201432
9,2,108.84091326132543
8,2,233.36500315462644
8,2,230.16258208008907
8,2,128.95465168894302
7,2,239.95022637606627
7,2,151.476146023225
7,2,368.33293812844374
6,2,133.48284275273647
6,2,208.39847164459434
6,2,154.31090497812895
6,1,178.8470565142499
6,1,110.21020580517305
6,1,178.03701971543148
6,0,280.20596900935834
6,0,198.91239116210897
6,0,156.57028720357584
5,0,157.1908570609457
5,0,198.76306609338883
5,0,100.0
5,-1,290.39775919064766
5,-1,110.44447092090226
5,-1,430.98090558756485
5,-2,104.71450456689857
5,-2,174.46268893355165
5,-2,115.1137819565717
5,-3,391.5498178711924
5,-3,112.6977553988662
5,-3,260.2116014278797
5,-4,342.7134565629834
5,-4,171.3491644764562
5,-4,199.88004020657326
4,-4,229.7666322480825
4,-4,220.37680721528324
4,-4,274.52050814222775
3,-4,109.59143700995796
3,-4,101.49091748747793
3,-4,251.48117826824617
4,-4,140.45993126495068
4,-4,377.1310949936644
4,-4,151.39654154580046
4,-5,100.0
4,-5,100.0
4,-5,100.0
3,-5,119.166269700751
3,-5,267.74721236796984
3,-5,330.4262909566826
2,-5,183.22196831986548
2,-5,223.10165337993132
2,-5,160.97837728095757
2,-6,359.05623718930906
2,-6,262.20269583277013
2,-6,154.70832042806708
1,-6,154.24161700167951
1,-6,176.7576291894862
1,-6,174.6194934870964
1,-7,135.6175993940768
1,-7,381.6746393189503
1,-7,135.11798130727374
0,-7,189.0830600798097
0,-7,100.05822235361589
0,-7,100.0
-1,-7,183.05204169673698
-1,-7,192.22921229742556
-1,-7,140.17555180867112
-2,-7,349.2361067075906
-2,-7,167.79466179052835
-2,-7,291.88152757026944
-2,-8,174.26720480385313
-2,-8,100.0
-2,-8,127.97421696759136
-3,-8,100.0
-3,-8,201.03739309711602
-3,-8,100.0
-4,-8,194.25872378847856
-4,-8,364.5731022160001
-4,-8,391.5291160827388
-5,-8,161.65671237763775
-5,-8,100.0
-5,-8,110.77429615130062
-6,-8,178.80528313118845
-6,-8,206.459482839992
-6,-8,100.0
-7,-8,199.5759757836364
-7,-8,205.13216886735236
-7,-8,100.0
-6,-8,131.66245415422637
-6,-8,100.0
-6,-8,288.6190766823029
-6,-7,216.03323738260644
-6,-7,133.20838642183477
-6,-7,100.0
-7,-7,136.19990143740077
-7,-7,318.2938047530479
-7,-7,110.67663298227653
-8,-7,363.61485543572593
-8,-7,167.30388146206244
-8,-7,100.0
-9,-7,323.23833023386453
-9,-7,100.0
-9,-7,116.74550364897178
-9,-8,201.82584316158056
-9,-8,187.29699027424462
-9,-8,100.0
-10,-8,100.0
-10,-8,261.1235760080617
-10,-8,100.0
-10,-9,142.81871911626655
-10,-9,212.48746685099402
-10,-9,100.0
-11,-9,138.3057308483613
-11,-9,100.0
-11,-9,153.2351337080122
-11,-10,141.3868556584984
-11,-10,356.38362922559065
-11,-10,100.0
-11,-11,114.77246468698306
-11,-11,205.95277915417222
-11,-11,100.0
-11,-12,100.0
-11,-12,175.04107844477966
-11,-12,100.0
-12,-12,100.0
-12,-12,100.0
-12,-12,100.0
-11,-12,146.62668968887266
-11,-12,100.0
-11,-12,100.0
-11,-13,100.0
-11,-13,133.3410691920596
-11,-13,103.99149355510153
-11,-12,114.18249527420616
-11,-12,100.0
-11,-12,100.0
-11,-11,160.16221604047067
-11,-11,100.0
-11,-11,100.0
-12,-11,269.86402558228997
-12,-11,100.0
-12,-11,100.0
-13,-11,100.0
-13,-11,100.0
-13,-11,132.7409954399172
-12,-11,100.0
-12,-11,174.8122079175331
-12,-11,100.0
-13,-11,100.0
-13,-11,100.0
-13,-11,105.3656010964071
-12,-11,191.08662517078773
-12,-11,100.0
-12,-11,157.63541551689502
-12,-10,100.0
-12,-10,133.11873832339586
-12,-10,100.0
-12,-9,100.0
-12,-9,100.0
-12,-9,100.0
