-12,15,100.0
-12,15,262.6453724609812
-11,15,100.0
-11,15,104.99081895133705
-11,15,100.0
-11,16,100.0
-11,16,100.0
-11,16,100.0
-11,15,204.51753581960804
-11,15,100.0
-11,15,100.0
-11,16,100.0
-11,16,100.0
-11,16,100.0
-10,16,100.0
-10,16,139.94166243706715
-10,16,100.0
-9,16,100.0
-9,16,100.0
-9,16,100.0
-9,17,140.46471043865202
-9,17,100.0
-9,17,100.0
-8,17,100.0
-8,17,100.0
-8,17,100.0
-8,16,100.0
-8,16,168.45906528234667
-8,16,100.0
-8,17,100.0
-8,17,100.0
-8,17,100.0
-7,17,100.0
-7,17,100.0
-7,17,100.0
-7,16,100.0
-7,16,221.59583062468778
-7,16,100.0
-7,15,100.0
-7,15,100.0
-7,15,100.0
-6,15,100.0
-6,15,100.0
-6,15,100.0
-6,16,100.0
-6,16,100.0
-6,16,100.0
-6,15,100.0
-6,15,100.0
-6,15,100.0
-5,15,134.5062214856721
-5,15,105.07268311697871
-5,15,100.0
-6,15,183.29699645706302
-6,15,100.0
-6,15,100.0
-5,15,100.0
-5,15,112.34723724996226
-5,15,124.62967753177386
-5,14,100.0
-5,14,100.0
-5,14,100.0
-4,14,189.3679809419054
-4,14,100.0
-4,14,131.03464369359847
-4,13,100.0
-4,13,100.0
-4,13,100.0
-4,12,106.78989047480985
-4,12,100.0
-4,12,100.0
-3,12,100.0
-3,12,100.0
-3,12,161.63947796530536
-3,11,134.0913464313507
-3,11,240.4275751724855
-3,11,100.0
-2,11,160.525624412413
-2,11,102.35361625412261
-2,11,100.0
-2,10,203.5009840076002
-2,10,100.0
-2,10,135.91541158945986
-1,10,100.0
-1,10,100.0
-1,10,100.0
-1,11,100.0
-1,11,100.0
-1,11,120.3844503888517
-1,10,100.0
-1,10,222.0213199977203
-1,10,151.12539976905015
-1,9,229.0583360867813
-1,9,261.74847939248525
-1,9,100.0
-1,8,170.71057524750663
-1,8,102.97297082009453
-1,8,100.0
0,8,110.30209621001654
0,8,100.0
0,8,322.56324044918983
0,7,158.4949113426926
0,7,279.1538198767291
0,7,442.1964511680939
0,6,147.33535083984603
0,6,164.8867065667752
0,6,138.75028429559805
0,5,209.2008223074366
0,5,189.2419802475862
0,5,316.0501168065997
1,5,100.0
1,5,242.24935364481559
1,5,115.73191147037834
1,4,361.918458518364
1,4,106.76105462305821
1,4,209.158615161561
1,3,167.78423749144352
1,3,215.39409185173474
1,3,100.0
2,3,255.18232776365525
2,3,195.20754242864288
2,3,264.75608753676465
2,4,164.7161336535149
2,4,279.1500565695846
2,4,254.04577279003948
3,4,200.09003164882785
3,4,186.24723491735688
3,4,183.1325922362284
3,3,100.0
3,3,153.9408025479728
3,3,178.18708021235975
3,2,158.7182242150595
3,2,293.15446668149656
3,2,331.1587451531818
3,1,126.41378195159075
3,1,323.6341836866334
3,1,584.9973831454665
3,0,237.35144823608817
3,0,359.17773203632345
3,0,288.21839851002466
3,1,229.36714956341615
3,1,183.925341423429
3,1,264.0684126236021
3,0,285.1866018605734
3,0,289.96639044786156
3,0,247.6380823108285
4,0,208.10348694746926
4,0,134.7930945223431
4,0,146.65627353227472
4,-1,119.94871870582082
4,-1,106.63761587039724
4,-1,148.9126061313968
4,-2,100.0
4,-2,207.66173367623963
4,-2,263.12931428837913
4,-3,100.0
4,-3,230.80029542380322
4,-3,207.74372478339748
4,-4,196.63151193817475
4,-4,239.79557744779913
4,-4,427.88134441888485
5,-4,214.79267700601517
5,-4,315.38577557663814
5,-4,160.96171007416507
6,-4,137.27096651553305
6,-4,100.0
6,-4,270.3033425390055
7,-4,156.51803739492345
7,-4,100.0
7,-4,100.0
7,-3,103.21137676357958
7,-3,215.96862309704716
7,-3,215.3025689359612
7,-2,125.33932672029314
7,-2,100.0
7,-2,144.23803564737923
7,-1,190.96688175783663
7,-1,159.3600500854186
7,-1,206.3137370735899
6,-1,205.2400534998296
6,-1,127.81220752801963
6,-1,199.38780876239738
6,0,204.81467014701454
6,0,253.74423353376244
6,0,170.53821373731742
7,0,100.0
7,0,100.0
7,0,227.51441485596723
8,0,139.04034443640762
8,0,163.83539896100896
8,0,109.3653733916627
8,1,213.23109197030502
8,1,100.0
8,1,100.0
9,1,314.9058312313564
9,1,137.77094078709928
9,1,100.0
10,1,100.0
10,1,109.25771019343793
10,1,234.52688275127582
11,1,100.0
11,1,100.0
11,1,100.0
10,1,100.0
10,1,100.0
10,1,100.0
10,2,120.08267506224685
10,2,138.43764366904745
10,2,100.0
10,3,100.0
10,3,145.4902727802539
10,3,180.05801672765944
11,3,100.0
11,3,244.81833705074663
11,3,100.99771034820692
10,3,100.0
10,3,100.0
10,3,160.36010628267806
11,3,174.95534135189607
11,3,115.79712597274855
11,3,100.0
11,4,100.0
11,4,229.2202665277333
11,4,100.0
11,5,100.0
11,5,100.0
11,5,100.0
11,6,100.0
11,6,100.0
11,6,154.80500386542252
12,6,100.0
12,6,100.0
12,6,100.0
13,6,100.0
13,6,100.0
13,6,113.02498513732422
14,6,100.0
14,6,100.0
14,6,183.26268945509455
15,6,339.37140873624946
15,6,180.24160941158516
15,6,100.0
15,7,100.0
15,7,238.4667535470185
15,7,100.0
14,7,140.18560710817707
14,7,100.0
14,7,100.0
15,7,188.53897823748252
15,7,100.0
15,7,180.50861803436464
16,7,100.0
16,7,128.89921776381686
16,7,100.0
16,6,100.0
16,6,113.64208879894383
16,6,105.8128194125148
16,5,100.0
16,5,107.1971806936397
16,5,104.30940235604082
16,6,100.0
16,6,153.81160817017187
16,6,100.0
16,7,100.0
16,7,100.0
16,7,104.81366611050838
16,6,116.9139693805724
16,6,100.0
16,6,100.0
16,5,100.0
16,5,160.448657844487
16,5,100.0
16,6,100.0
16,6,100.0
16,6,131.4219417384292
16,7,100.0
16,7,100.0
16,7,100.0
16,8,100.0
16,8,100.0
16,8,100.0
16,7,100.0
16,7,100.0
16,7,175.28128070330945
15,7,100.0
15,7,100.0
15,7,100.0
14,7,100.0
14,7,100.0
14,7,100.0
14,8,100.0
14,8,151.74560203438932
14,8,153.32768746934636
13,8,100.0
13,8,158.47910996754132
13,8,100.0
13,7,100.0
13,7,100.0
13,7,151.36063990379134
14,7,100.0
14,7,100.0
14,7,100.0
13,7,100.0
13,7,100.0
13,7,100.0
13,8,100.0
13,8,308.7640777647883
13,8,102.47918288851355
12,8,142.3397086938839
12,8,100.0
12,8,109.53946644904492
11,8,161.8794234175432
11,8,115.14582756208065
11,8,100.0
10,8,100.0
10,8,134.66672830673355
10,8,123.1068748647655
10,7,100.0
10,7,126.05592956272415
10,7,100.0
10,6,114.50023784300578
10,6,177.08313223207654
10,6,384.1767716266735
9,6,131.19381436943254
9,6,100.0
9,6,100.0
9,5,144.6040908861653
9,5,100.0
9,5,236.16719469244606
9,4,100.0
9,4,133.01109507516702
9,4,100.0
9,3,124.73088898380097
9,3,100.0
9,3,142.15785226465235
8,3,100.0
8,3,206.79491184857983
8,3,100.0
8,2,154.0386782310084
8,2,125.16136341849136
8,2,143.74525622532266
9,2,276.24035265517614
9,2,242.90112496369235
9,2,100.0
8,2,331.33715436889497
8,2,145.7501329216107
8,2,100.0
7,2,268.0248652142516
7,2,323.4520795487906
7,2,555.4851697611863
6,2,100.0
6,2,137.58391335190467
6,2,100.0
6,1,102.66923483064784
6,1,169.33793125676002
6,1,298.49318516807244
6,0,166.77704310562834
6,0,183.75675463374844
6,0,152.15616988838798
5,0,321.68445245089964
5,0,243.28049940919993
5,0,155.90524528729514
5,-1,233.32972473884925
5,-1,246.3373527186289
5,-1,153.200580090108
5,-2,100.0
5,-2,160.83740511452618
5,-2,139.7739462079404
5,-3,222.78278266155968
5,-3,100.0
5,-3,149.07734341306823
5,-4,340.7214744795591
5,-4,310.0716346803328
5,-4,151.1274239672878
4,-4,180.65902249204353
4,-4,100.0
4,-4,120.05106590817614
3,-4,128.24128838318097
3,-4,131.51093443699088
3,-4,253.8966481185326
4,-4,278.977907822283
4,-4,117.2328986289723
4,-4,170.58629630047167
4,-5,176.1878843035342
4,-5,202.8601210560621
4,-5,128.45528691891454
3,-5,162.9218251162238
3,-5,496.3138593581091
3,-5,107.68013207117264
2,-5,182.75999853490046
2,-5,207.40216778900907
2,-5,304.38108824760695
2,-6,162.6157348440436
2,-6,209.6059448554022
2,-6,100.0
1,-6,100.0
1,-6,100.0
1,-6,159.54021874688328
1,-7,145.2359961447769
1,-7,175.6868720813849
1,-7,185.91598632950524
0,-7,102.85782086034602
0,-7,137.2160846492215
0,-7,194.93488568024367
-1,-7,155.74812657574492
-1,-7,193.20897237302972
-1,-7,193.07598929244574
-2,-7,153.4132279833674
-2,-7,462.19584725931065
-2,-7,149.56743663168882
-2,-8,435.3218596661278
-2,-8,276.47449851531167
-2,-8,198.71868270303892
-3,-8,100.44018379703073
-3,-8,107.38003756762886
-3,-8,100.0
-4,-8,110.59976808071104
-4,-8,100.0
-4,-8,127.57550371230275
-5,-8,124.60332256879828
-5,-8,147.27135122562598
-5,-8,144.12288717257968
-6,-8,177.71376864333743
-6,-8,143.03616441468768
-6,-8,134.9045645239971
-7,-8,152.84001352931057
-7,-8,100.0
-7,-8,100.0
-6,-8,189.0820195979627
-6,-8,100.0
-6,-8,133.2030060784749
-6,-7,100.0
-6,-7,150.48492266854592
-6,-7,104.2190168400769
-7,-7,307.9808586309126
-7,-7,100.09502316075321
-7,-7,215.2203808894222
-8,-7,100.0
-8,-7,105.12257027635421
-8,-7,138.96964341413423
-9,-7,100.0
-9,-7,292.50241513637576
-9,-7,211.62014440039562
-9,-8,100.0
-9,-8,102.5858249091807
-9,-8,151.06947967418103
-10,-8,136.47297154031244
-10,-8,251.49393085210664
-10,-8,120.98596187478763
-10,-9,314.49790545815404
-10,-9,287.2306219074293
-10,-9,100.0
-11,-9,100.0
-11,-9,100.0
-11,-9,100.0
-11,-10,100.0
-11,-10,185.98055715777758
-11,-10,100.0
-11,-11,100.0
-11,-11,100.0
-11,-11,100.0
-11,-12,100.0
-11,-12,247.57251408286675
-11,-12,130.22495156249803
-12,-12,100.0
-12,-12,100.0
-12,-12,100.0
-11,-12,180.4846097628768
-11,-12,100.0
-11,-12,100.0
-11,-13,115.51860598924782
-11,-13,100.0
-11,-13,100.0
-11,-12,176.61456503275218
-11,-12,100.0
-11,-12,100.0
-11,-11,100.0
-11,-11,150.93621588070187
-11,-11,100.0
-12,-11,149.11777759587423
-12,-11,100.0
-12,-11,100.0
-13,-11,129.3523668045407
-13,-11,100.0
-13,-11,100.0
-12,-11,100.0
-12,-11,133.42222995352355
-12,-11,102.15721556571484
-13,-11,100.0
-13,-11,100.0
-13,-11,100.0
-12,-11,100.0
-12,-11,100.0
-12,-11,278.0679824283591
-12,-10,183.27869401998487
-12,-10,185.76549061340316
-12,-10,126.04248993859808
-12,-9,100.81476014107534
-12,-9,100.0
-12,-9,232.4107890172114
