-12,15,200.0
-11,15,200.0
-11,15,200.0
-11,16,200.0
-11,16,200.0
-11,15,200.0
-11,15,200.0
-11,16,200.0
-11,16,200.0
-10,16,200.0
-10,16,210.40024768037358
-9,16,200.0
-9,16,200.0
-9,17,200.0
-9,17,200.0
-8,17,269.66642132952467
-8,17,200.0
-8,16,289.3915161550038
-8,16,200.0
-8,17,200.0
-8,17,200.0
-7,17,200.0
-7,17,297.53944444090564
-7,16,200.0
-7,16,200.0
-7,15,200.0
-7,15,200.0
-6,15,200.0
-6,15,200.0
-6,16,200.0
-6,16,200.0
-6,15,200.0
-6,15,234.72470283576757
-5,15,200.0
-5,15,311.0083716552807
-6,15,200.0
-6,15,321.34636414070724
-5,15,200.0
-5,15,200.0
-5,14,200.0
-5,14,200.0
-4,14,231.27880711553553
-4,14,200.0
-4,13,381.02789258522887
-4,13,580.3718122882449
-4,12,200.0
-4,12,258.88468037596215
-3,12,231.84965506091552
-3,12,217.87229838216223
-3,11,200.0
-3,11,366.1588291522081
-2,11,200.0
-2,11,200.0
-2,10,351.1650307872702
-2,10,256.3690985210394
-1,10,200.0
-1,10,560.7994153606105
-1,11,229.9287737154763
-1,11,448.0266980040635
-1,10,201.89837324216796
-1,10,200.0
-1,9,234.12368681904724
-1,9,200.0
-1,8,286.3903650533614
-1,8,506.39008961038166
0,8,394.21971538214245
0,8,216.12417530298382
0,7,210.96762004727563
0,7,234.28507090272026
0,6,200.0
0,6,314.8380326291594
0,5,200.0
0,5,200.0
1,5,312.3769726122055
1,5,424.6307051348143
1,4,200.0
1,4,366.02853627642736
1,3,597.078565522692
1,3,669.8746767483228
2,3,631.6218700830257
2,3,312.9524328155389
2,4,497.19585889053474
2,4,218.83723518527236
3,4,303.6832003857015
3,4,466.2513971122825
3,3,208.6085175801921
3,3,340.11717432908296
3,2,281.2181579575447
3,2,276.4955950859287
3,1,618.8236075368516
3,1,282.6171412355719
3,0,571.2878748184266
3,0,379.4041673589064
3,1,200.0
3,1,361.25869721006023
3,0,544.8738929075951
3,0,256.67541229965025
4,0,410.67313939516373
4,0,531.6132381876581
4,-1,291.9830883190292
4,-1,467.98563268539795
4,-2,452.03699270056836
4,-2,489.38662554985035
4,-3,217.0711179150766
4,-3,200.0
4,-4,537.0543699183252
4,-4,200.0
5,-4,492.0490377268705
5,-4,289.9692558305783
6,-4,254.25192061322585
6,-4,403.6239323562881
7,-4,250.65304885268816
7,-4,372.2723019957613
7,-3,355.3735873625014
7,-3,410.3064200575334
7,-2,217.26139843124002
7,-2,272.5226545687371
7,-1,286.69319766051103
7,-1,200.0
6,-1,504.63892441626865
6,-1,212.64766047827976
6,0,333.71816720901205
6,0,232.24197343210244
7,0,200.0
7,0,224.9143802774903
8,0,200.0
8,0,300.9586664492125
8,1,312.1800581392176
8,1,511.61760697987495
9,1,337.20781573996925
9,1,359.2527672484347
10,1,256.3984985724505
10,1,200.0
11,1,200.0
11,1,200.0
10,1,576.5721157179017
10,1,200.0
10,2,200.0
10,2,383.9592413886891
10,3,240.3963181596972
10,3,254.471298248356
11,3,232.4565775450648
11,3,200.0
10,3,277.42724048440056
10,3,200.0
11,3,318.1247918713785
11,3,200.0
11,4,200.0
11,4,200.0
11,5,200.0
11,5,200.0
11,6,255.3329453761451
11,6,200.0
12,6,349.11534241387926
12,6,200.0
13,6,200.0
13,6,371.89455497303345
14,6,200.0
14,6,247.04634364672478
15,6,200.0
15,6,200.0
15,7,217.8451024156421
15,7,200.0
14,7,200.0
14,7,200.0
15,7,200.0
15,7,200.0
16,7,210.86161371813864
16,7,200.0
16,6,200.0
16,6,200.0
16,5,343.93484963705885
16,5,413.57014122776025
16,6,448.4146725337732
16,6,254.05678736642366
16,7,200.0
16,7,200.0
16,6,200.0
16,6,200.0
16,5,200.0
16,5,200.0
16,6,200.0
16,6,200.0
16,7,200.0
16,7,200.0
16,8,200.0
16,8,200.0
16,7,200.0
16,7,254.12974712832664
15,7,200.0
15,7,200.0
14,7,200.0
14,7,200.0
14,8,241.78639567663623
14,8,200.0
13,8,200.0
13,8,200.0
13,7,234.7757921530851
13,7,200.0
14,7,200.0
14,7,200.0
13,7,200.0
13,7,200.0
13,8,343.61722670949143
13,8,200.0
12,8,200.0
12,8,200.0
11,8,200.0
11,8,200.0
10,8,321.52496680600757
10,8,200.0
10,7,200.0
10,7,410.26635456261226
10,6,268.7710499689014
10,6,253.79623839433563
9,6,343.47021040994343
9,6,324.59600029317204
9,5,200.0
9,5,200.0
9,4,307.1586170930209
9,4,480.00495877696443
9,3,289.441474213231
9,3,293.05549422715995
8,3,392.2014121352032
8,3,200.0
8,2,349.4954646347293
8,2,200.0
9,2,200.0
9,2,200.0
8,2,235.45127291906687
8,2,468.6042114015703
7,2,396.9571573475862
7,2,254.76847499230297
6,2,389.3487911260726
6,2,200.0
6,1,513.0471074358844
6,1,229.97877816430642
6,0,253.4567815668412
6,0,339.5322952806717
5,0,291.7156588016752
5,0,443.1510738477238
5,-1,297.4218089996013
5,-1,397.8208733268744
5,-2,320.4908346025273
5,-2,478.81707989458175
5,-3,428.6821752135031
5,-3,480.2937288262573
5,-4,570.8327498860502
5,-4,214.25333042288742
4,-4,363.4776925730538
