-12,15,100.0
-12,15,100.0
-11,15,115.11504367241787
-11,15,100.0
-11,15,100.0
-11,16,143.67147445494942
-11,16,100.0
-11,16,100.0
-11,15,100.0
-11,15,153.38090824482464
-11,15,100.0
-11,16,152.22149050957654
-11,16,100.0
-11,16,100.0
-10,16,100.0
-10,16,106.58601439301755
-10,16,217.06858262066916
-9,16,100.0
-9,16,100.0
-9,16,215.35457184702926
-9,17,100.0
-9,17,100.0
-9,17,100.0
-8,17,100.0
-8,17,100.0
-8,17,124.42348287628094
-8,16,100.0
-8,16,100.0
-8,16,100.0
-8,17,100.0
-8,17,100.0
-8,17,139.47688601496935
-7,17,100.0
-7,17,100.0
-7,17,220.87672575548504
-7,16,100.0
-7,16,209.7676150771792
-7,16,100.0
-7,15,100.0
-7,15,137.12404068257666
-7,15,100.0
-6,15,197.63666238441553
-6,15,100.0
-6,15,100.0
-6,16,100.0
-6,16,100.0
-6,16,100.0
-6,15,100.0
-6,15,178.066944285146
-6,15,100.0
-5,15,100.0
-5,15,100.0
-5,15,243.40412593820668
-6,15,100.0
-6,15,118.92811643787194
-6,15,100.0
-5,15,100.0
-5,15,180.26855790723744
-5,15,110.7563009453412
-5,14,134.9025367354159
-5,14,106.04337433506417
-5,14,100.0
-4,14,218.5974639495138
-4,14,401.1018443736857
-4,14,100.0
-4,13,100.0
-4,13,117.21861878285392
-4,13,100.0
-4,12,100.0
-4,12,100.0
-4,12,146.51288390528862
-3,12,376.1480300010008
-3,12,160.62962466011456
-3,12,100.0
-3,11,112.10053095394964
-3,11,100.0
-3,11,153.6403480851119
-2,11,151.72661829431567
-2,11,326.1221826860254
-2,11,100.0
-2,10,278.2984386120215
-2,10,100.0
-2,10,100.0
-1,10,103.16656379301313
-1,10,257.4654159433067
-1,10,130.7742206474586
-1,11,101.43257526620872
-1,11,100.0
-1,11,100.0
-1,10,100.0
-1,10,143.46061405271553
-1,10,100.0
-1,9,128.82979697718378
-1,9,119.59820360266362
-1,9,287.4414079408567
-1,8,176.98997049956603
-1,8,275.99447127153184
-1,8,248.16935056987475
0,8,100.0
0,8,102.46985417474333
0,8,148.26263602620062
0,7,236.78976260608854
0,7,100.0
0,7,236.89635533594526
0,6,114.04906327788376
0,6,163.39230283655814
0,6,123.75493985258674
0,5,302.2153984065111
0,5,136.03691440964184
0,5,100.0
1,5,138.05876139163772
1,5,147.6640027575493
1,5,145.26422827521964
1,4,208.87682680549372
1,4,204.83933973174746
1,4,135.40529071215582
1,3,297.2486561773328
1,3,202.8636093382858
1,3,305.72178330150143
2,3,238.74869869239802
2,3,222.35426941258345
2,3,463.1948195489294
2,4,290.73636019177405
2,4,178.61048736675724
2,4,224.7066962359742
3,4,100.0
3,4,100.0
3,4,100.0
3,3,212.83123961268745
3,3,170.78139398428607
3,3,100.0
3,2,166.47982673282254
3,2,181.1839327100592
3,2,493.0963483386955
3,1,213.81355429391851
3,1,243.57447704139602
3,1,206.196996007803
3,0,369.50054274186897
3,0,506.0301788700407
3,0,201.59250764644074
3,1,139.1607007700506
3,1,277.6494154666062
3,1,100.0
3,0,214.4473414550295
3,0,277.9045725236592
3,0,151.39220545680453
4,0,284.62585295005107
4,0,100.0
4,0,175.53659671728838
4,-1,244.84083866736518
4,-1,268.896535430279
4,-1,366.33625053628293
4,-2,168.45867721785424
4,-2,512.6786753210773
4,-2,270.39149726506696
4,-3,345.3259640428316
4,-3,128.91669196365453
4,-3,181.00756803525007
4,-4,163.43038463807915
4,-4,324.0612079051231
4,-4,281.0277512301046
5,-4,100.0
5,-4,259.74885841887436
5,-4,232.59842410026587
6,-4,100.0
6,-4,213.41854811289417
6,-4,134.99946529020394
7,-4,100.0
7,-4,314.9387983282867
7,-4,106.5383817870711
7,-3,268.22344350955245
7,-3,100.0
7,-3,111.76870959635517
7,-2,153.3433835694743
7,-2,100.0
7,-2,327.5215104671108
7,-1,257.9043023007314
7,-1,247.23483512585295
7,-1,100.0
6,-1,192.40093620470157
6,-1,152.59473382421925
6,-1,191.94379977909642
6,0,158.6109333565228
6,0,158.85990570081103
6,0,111.78250429331004
7,0,262.61447948695775
7,0,398.4700260218302
7,0,151.61422034824614
8,0,263.5797696204531
8,0,110.09643918717349
8,0,100.0
8,1,100.0
8,1,100.0
8,1,161.33186952165926
9,1,100.0
9,1,230.71980007283094
9,1,107.77754975558253
10,1,222.0322011041227
10,1,100.0
10,1,191.0909474890855
11,1,100.0
11,1,100.0
11,1,100.0
10,1,381.58241693454363
10,1,184.84291166044625
10,1,107.34528076709358
10,2,100.0
10,2,100.0
10,2,100.0
10,3,396.60092807633947
10,3,155.0483198960014
10,3,149.40163716906739
11,3,273.30938955359466
11,3,100.0
11,3,287.0638155802178
10,3,186.30554396391062
10,3,125.99998490599947
10,3,154.97401070535005
11,3,154.82468273028186
11,3,100.0
11,3,100.0
11,4,100.0
11,4,127.23740124364637
11,4,166.1249228186444
11,5,112.19882904573932
11,5,130.14676191749794
11,5,100.0
11,6,114.53204475582415
11,6,100.0
11,6,100.0
12,6,100.0
12,6,100.0
12,6,106.87031835748432
13,6,100.0
13,6,100.0
13,6,336.8578923908332
14,6,191.56841308751166
14,6,100.0
14,6,100.0
15,6,100.0
15,6,103.94252084275749
15,6,235.93297042735935
15,7,100.0
15,7,100.0
15,7,134.55585698305032
14,7,109.72781663568941
14,7,165.80047117911795
14,7,100.0
15,7,100.0
15,7,100.0
15,7,100.0
16,7,193.52478108954247
16,7,100.0
16,7,100.0
16,6,100.0
16,6,100.0
16,6,100.0
16,5,100.0
16,5,129.4132917935477
16,5,100.0
16,6,100.0
16,6,100.0
16,6,184.50015009172762
16,7,121.58886114689835
16,7,138.22381107891087
16,7,100.0
16,6,100.0
16,6,100.0
16,6,100.0
16,5,100.0
16,5,100.0
16,5,100.0
16,6,109.95264839718585
16,6,100.0
16,6,100.0
16,7,100.0
16,7,100.0
16,7,240.02701358082544
16,8,115.06413462806117
16,8,100.0
16,8,100.0
16,7,100.0
16,7,100.0
16,7,130.63482439078334
15,7,285.24640727415124
15,7,127.63387494997538
15,7,100.0
14,7,100.0
14,7,100.0
14,7,100.0
14,8,100.0
14,8,100.0
14,8,118.33281415212035
13,8,319.1349436529239
13,8,100.0
13,8,135.10800599004745
13,7,100.0
13,7,108.69549607368947
13,7,116.19969935065456
14,7,100.0
14,7,100.0
14,7,100.0
13,7,147.92956306297845
13,7,100.0
13,7,100.0
13,8,100.0
13,8,122.76652069575616
13,8,222.91633597738414
12,8,200.46062384104948
12,8,100.0
12,8,100.0
11,8,140.9528831317931
11,8,100.0
11,8,100.0
10,8,100.9912509196458
10,8,100.0
10,8,100.0
10,7,134.23313250866627
10,7,226.07337408904007
10,7,100.0
10,6,454.1562229616161
10,6,182.80772486700653
10,6,100.0
9,6,100.0
9,6,132.31128282653603
9,6,162.8242999507582
9,5,124.41656458107984
9,5,100.0
9,5,100.0
9,4,155.60537736302655
9,4,122.57783129609629
9,4,251.54714780361348
9,3,100.0
9,3,100.0
9,3,100.0
8,3,109.91635563914356
8,3,100.0
8,3,147.28567139409216
8,2,216.1294170772191
8,2,100.0
8,2,124.17091011633993
9,2,100.0
9,2,100.0
9,2,135.62332541341232
8,2,218.89420597310928
8,2,212.31861127800536
8,2,189.46640667907457
7,2,100.0
7,2,154.8382400017174
7,2,100.0
6,2,100.0
6,2,193.83213520766688
6,2,100.0
6,1,142.39079536094667
6,1,190.75056876553566
6,1,116.78046343994514
6,0,224.96214580768213
6,0,177.36215497161845
6,0,299.6769730384019
5,0,124.34342628505559
5,0,342.71820699149055
5,0,138.30924354025592
5,-1,256.9458475393096
5,-1,129.08927139392844
5,-1,196.91593051722302
5,-2,228.47784649925217
5,-2,139.76406359425457
5,-2,145.60977065861712
5,-3,115.27687292552437
5,-3,296.2370656189696
5,-3,219.08246730377527
5,-4,148.83841654845423
5,-4,178.01768649363964
5,-4,118.50657230880947
4,-4,311.036609679412
4,-4,273.3304671167736
4,-4,100.0
3,-4,136.31084193230174
3,-4,104.36198585454045
3,-4,199.64884742642744
4,-4,203.52893964103134
4,-4,100.0
4,-4,283.4554406185426
4,-5,194.35339652296355
4,-5,109.19757209483157
4,-5,193.58332265655986
3,-5,234.0141369891085
3,-5,100.0
3,-5,121.39178505261333
2,-5,199.1481522891233
2,-5,460.11773775811855
2,-5,159.54531931736543
2,-6,214.5160354915282
2,-6,260.47722469410365
2,-6,199.3885011155561
1,-6,253.8690352909627
1,-6,217.46830729837055
1,-6,121.32808197784091
1,-7,191.8493130135724
1,-7,100.0
1,-7,144.15559681516774
0,-7,255.6872350349081
0,-7,100.0
0,-7,210.32550083833627
-1,-7,141.33335497856464
-1,-7,100.0
-1,-7,231.31998623582257
-2,-7,151.36238223989108
-2,-7,109.38517749121746
-2,-7,100.71119842547883
-2,-8,220.30402892874642
-2,-8,492.15383568212815
-2,-8,199.2424024556438
-3,-8,162.81127072275282
-3,-8,126.62377701701898
-3,-8,115.92739466486336
-4,-8,152.04086305641877
-4,-8,166.90140219998352
-4,-8,157.19269105507078
-5,-8,171.757052574066
-5,-8,100.0
-5,-8,197.79856550330862
-6,-8,134.56909955613168
-6,-8,225.79839013950016
-6,-8,100.0
-7,-8,128.82588681824058
-7,-8,100.0
-7,-8,116.96289999381725
-6,-8,138.77796088571156
-6,-8,154.6721422897686
-6,-8,100.0
-6,-7,135.60017271439648
-6,-7,100.0
-6,-7,242.49394161097786
-7,-7,100.0
-7,-7,100.0
-7,-7,211.4148109644081
-8,-7,177.41129367313889
-8,-7,187.30425526650873
-8,-7,100.0
-9,-7,100.0
-9,-7,100.0
-9,-7,100.0
-9,-8,100.0
-9,-8,100.0
-9,-8,100.0
-10,-8,100.0
-10,-8,142.2374778484123
-10,-8,197.46464170759555
-10,-9,100.0
-10,-9,336.27089278882136
-10,-9,100.0
-11,-9,109.07324759661496
-11,-9,128.05116517487542
-11,-9,156.4177324780335
-11,-10,100.0
-11,-10,100.0
-11,-10,100.0
-11,-11,100.0
-11,-11,100.0
-11,-11,100.0
-11,-12,100.0
-11,-12,100.0
-11,-12,100.0
-12,-12,100.0
-12,-12,112.77124651995294
-12,-12,100.0
-11,-12,100.0
-11,-12,100.0
-11,-12,106.66778300874876
-11,-13,100.0
-11,-13,100.0
-11,-13,100.0
-11,-12,100.0
-11,-12,100.0
-11,-12,100.0
-11,-11,270.9426407243434
-11,-11,100.0
-11,-11,179.7665453463154
-12,-11,100.0
-12,-11,106.47183243939544
-12,-11,100.0
-13,-11,100.0
-13,-11,100.0
-13,-11,100.0
-12,-11,100.0
-12,-11,145.1953961539452
-12,-11,100.0
-13,-11,100.0
-13,-11,100.0
-13,-11,124.44581372172169
-12,-11,100.0
-12,-11,127.50862802162658
-12,-11,100.0
-12,-10,100.0
-12,-10,100.0
-12,-10,100.0
-12,-9,116.28679805394928
-12,-9,100.0
-12,-9,207.14996374459156
