-12,15,200.0
-11,15,200.0
-11,15,414.08785050036545
-11,16,200.0
-11,16,200.0
-11,15,200.0
-11,15,200.0
-11,16,200.0
-11,16,200.0
-10,16,242.59853166352747
-10,16,200.0
-9,16,212.39650134566708
-9,16,200.0
-9,17,200.0
-9,17,200.0
-8,17,200.0
-8,17,200.0
-8,16,200.0
-8,16,200.0
-8,17,200.0
-8,17,200.0
-7,17,200.0
-7,17,200.0
-7,16,254.71575985505999
-7,16,200.0
-7,15,200.0
-7,15,200.0
-6,15,200.0
-6,15,200.0
-6,16,253.13518247811007
-6,16,200.0
-6,15,200.0
-6,15,200.0
-5,15,200.0
-5,15,214.4680846551551
-6,15,200.0
-6,15,283.64077263921297
-5,15,200.0
-5,15,200.0
-5,14,200.0
-5,14,291.2564568329716
-4,14,200.0
-4,14,260.0198149280052
-4,13,200.0
-4,13,407.02997869343363
-4,12,441.43483878190204
-4,12,217.78121930951647
-3,12,215.00797487234226
-3,12,240.1240631446235
-3,11,224.72835956149174
-3,11,454.5262979373147
-2,11,248.1737755366551
-2,11,294.18478341715877
-2,10,465.4081254847671
-2,10,200.0
-1,10,552.4472664939387
-1,10,385.5822952452588
-1,11,200.0
-1,11,200.0
-1,10,200.0
-1,10,306.6327831376909
-1,9,234.26848042104604
-1,9,332.77711314256015
-1,8,299.1519649143668
-1,8,365.83106031490047
0,8,448.46404181521325
0,8,200.0
0,7,238.76145141711376
0,7,289.92659645523145
0,6,547.0828100304483
0,6,426.12465622222214
0,5,408.824039708069
0,5,497.2790049908082
1,5,389.2671448319503
1,5,448.4806089608487
1,4,450.4305811962794
1,4,200.0
1,3,297.61617764039306
1,3,428.10784571262917
2,3,232.6135177184517
2,3,244.84151312159725
2,4,445.71850666282177
2,4,200.0
3,4,265.25988417208566
3,4,375.29084482466305
3,3,397.1769392092814
3,3,424.80076644403294
3,2,200.0
3,2,651.8732682629361
3,1,268.93706729764074
3,1,200.0
3,0,358.1768155105789
3,0,205.62550193377257
3,1,303.1772872101178
3,1,415.633178255298
3,0,300.8330836555548
3,0,397.9731489257686
4,0,223.9007781520254
4,0,574.5059805387248
4,-1,593.0885465179664
4,-1,525.3583159200671
4,-2,442.8788803673204
4,-2,327.8924148140465
4,-3,386.04737367428766
4,-3,515.3957773617477
4,-4,200.0
4,-4,467.12757381509164
5,-4,579.6488262544018
5,-4,200.0
6,-4,200.0
6,-4,360.34454169482547
7,-4,372.81310565027167
7,-4,242.6984944121775
7,-3,402.82967402358827
7,-3,426.7467334221611
7,-2,201.90186827591106
7,-2,424.5330686265544
7,-1,309.643646292735
7,-1,200.0
6,-1,267.5829043699881
6,-1,304.73414382427507
6,0,319.8920200156074
6,0,200.0
7,0,200.0
7,0,200.0
8,0,414.86422757466926
8,0,200.0
8,1,314.89103429282005
8,1,200.0
9,1,200.0
9,1,302.82681243460775
10,1,200.0
10,1,200.0
11,1,200.0
11,1,294.13798374869566
10,1,200.0
10,1,231.08077569330652
10,2,356.8670212090412
10,2,200.0
10,3,210.4554020083346
10,3,615.5517969979235
11,3,382.4215191568153
11,3,320.6924810592397
10,3,200.0
10,3,240.1784392829511
11,3,373.2404165402364
11,3,200.0
11,4,248.52056992424332
11,4,219.3106630886267
11,5,392.591983551058
11,5,200.0
11,6,217.19461088341265
11,6,272.34678188471355
12,6,200.0
12,6,200.0
13,6,271.25011512773244
13,6,200.0
14,6,280.4635391772004
14,6,268.5383422314994
15,6,200.0
15,6,200.0
15,7,200.0
15,7,200.0
14,7,257.77832612553055
14,7,200.0
15,7,200.0
15,7,330.8800352857139
16,7,295.89363942227936
16,7,200.0
16,6,200.0
16,6,200.0
16,5,200.0
16,5,200.0
16,6,200.0
16,6,200.0
16,7,200.0
16,7,200.0
16,6,200.0
16,6,200.0
16,5,200.0
16,5,200.0
16,6,200.0
16,6,392.42061083269925
16,7,200.0
16,7,200.0
16,8,201.8686922007784
16,8,200.0
16,7,200.0
16,7,200.0
15,7,200.0
15,7,200.0
14,7,200.0
14,7,268.7289448295977
14,8,201.91811534146888
14,8,200.0
13,8,200.0
13,8,310.4456110778059
13,7,200.0
13,7,200.0
14,7,200.0
14,7,200.0
13,7,200.0
13,7,200.0
13,8,200.0
13,8,216.6784725141365
12,8,200.0
12,8,251.05232562595438
11,8,200.0
11,8,200.0
10,8,200.0
10,8,200.0
10,7,237.39283730380083
10,7,287.54356584494565
10,6,692.9091664886603
10,6,200.0
9,6,235.90562356971012
9,6,305.6934228329232
9,5,200.0
9,5,287.5423405910748
9,4,261.224504856113
9,4,200.0
9,3,254.81308716048216
9,3,375.5916095670379
8,3,289.3243489277251
8,3,200.0
8,2,381.7947074523833
8,2,200.0
9,2,491.88727091724724
9,2,400.7007954247024
8,2,661.2191683018725
8,2,409.379261258242
7,2,269.6093457100853
7,2,267.9993227049784
6,2,290.24816393274284
6,2,200.0
6,1,416.44682803574517
6,1,288.05538074242713
6,0,200.0
6,0,524.5326682162403
5,0,271.3661513519382
5,0,489.4591685778686
5,-1,356.5972571958727
5,-1,200.0
5,-2,521.0494037557773
5,-2,369.2385065792456
5,-3,293.3618247410891
5,-3,279.8997603682137
5,-4,289.70627248482424
5,-4,395.66471064669594
4,-4,343.0606562443435
