-12,15,100.0
-12,15,100.0
-11,15,100.0
-11,15,100.0
-11,15,100.0
-11,16,427.30580105892767
-11,16,100.0
-11,16,100.0
-11,15,100.0
-11,15,100.0
-11,15,100.0
-11,16,100.0
-11,16,145.22885705691823
-11,16,100.0
-10,16,100.0
-10,16,309.94801804652775
-10,16,100.0
-9,16,100.52886853513947
-9,16,109.97425890107803
-9,16,100.0
-9,17,100.0
-9,17,100.0
-9,17,192.04814750960435
-8,17,101.69732757964607
-8,17,100.0
-8,17,100.0
-8,16,100.0
-8,16,100.0
-8,16,157.05745683433034
-8,17,100.0
-8,17,100.0
-8,17,100.0
-7,17,100.0
-7,17,107.52669306699326
-7,17,100.0
-7,16,100.0
-7,16,100.0
-7,16,100.0
-7,15,100.0
-7,15,100.0
-7,15,100.0
-6,15,188.42999580358435
-6,15,100.0
-6,15,183.40050434537451
-6,16,108.79958093089138
-6,16,100.0
-6,16,100.0
-6,15,100.0
-6,15,100.0
-6,15,100.0
-5,15,129.5536483461418
-5,15,122.69524413849516
-5,15,100.0
-6,15,100.0
-6,15,277.8560481053963
-6,15,100.0
-5,15,100.0
-5,15,100.0
-5,15,100.0
-5,14,157.01014868306166
-5,14,100.0
-5,14,169.84559286128058
-4,14,100.0
-4,14,100.0
-4,14,100.0
-4,13,100.0
-4,13,189.85883806742558
-4,13,100.0
-4,12,398.70846262293753
-4,12,100.0
-4,12,100.0
-3,12,100.0
-3,12,100.0
-3,12,100.0
-3,11,100.0
-3,11,100.0
-3,11,173.80290701931983
-2,11,181.0390006879381
-2,11,176.53749838073776
-2,11,282.9813546238627
-2,10,100.0
-2,10,212.25044861122032
-2,10,135.3201967068674
-1,10,206.94048129687394
-1,10,142.52996125134635
-1,10,162.34524934171125
-1,11,100.0
-1,11,163.97479161212624
-1,11,110.90298048559265
-1,10,100.0
-1,10,260.15027146702687
-1,10,128.67496924793488
-1,9,465.91057561368245
-1,9,100.0
-1,9,282.8748125259612
-1,8,175.18586586497173
-1,8,162.92980225599413
-1,8,157.9917568767961
0,8,100.0
0,8,117.31238284271936
0,8,258.2055615876296
0,7,204.7570103462486
0,7,162.30039528052714
0,7,248.4194958895846
0,6,100.0
0,6,100.0
0,6,100.0
0,5,426.2605771729369
0,5,369.57405040976187
0,5,100.0
1,5,403.51411850318243
1,5,278.0590213263741
1,5,334.3367661849372
1,4,108.69868818461836
1,4,123.64758887237677
1,4,157.39679373245826
1,3,226.85152963636486
1,3,193.5775326343389
1,3,159.36008439778888
2,3,228.2073423094109
2,3,248.1222244282318
2,3,256.7654077108348
2,4,188.30351613315625
2,4,136.8450907722414
2,4,100.36321068987554
3,4,204.4174477631458
3,4,115.07554647179015
3,4,100.0
3,3,100.7356817679715
3,3,100.0
3,3,143.08033529442147
3,2,318.8845619708468
3,2,214.71519258462766
3,2,142.05195057068886
3,1,182.0241665042594
3,1,249.32601837990603
3,1,181.51071793900343
3,0,274.92402070058137
3,0,148.60212693414806
3,0,154.77855679415273
3,1,100.0
3,1,260.2878181210177
3,1,112.24518423681802
3,0,113.35354978701436
3,0,218.00153658944248
3,0,461.90454936089793
4,0,153.8990928325421
4,0,381.6903740140409
4,0,146.7354382280349
4,-1,236.76164831356886
4,-1,257.5875895999582
4,-1,100.0
4,-2,266.784018028422
4,-2,195.54273876308665
4,-2,321.73453433353234
4,-3,148.7904011392336
4,-3,206.9989432336056
4,-3,389.44297048984305
4,-4,268.36339284673136
4,-4,177.6839465250838
4,-4,157.2502594685212
5,-4,100.0
5,-4,183.91878660782982
5,-4,137.7858724994756
6,-4,186.70240575372787
6,-4,141.0993142880681
6,-4,423.7834447188475
7,-4,415.21811709517317
7,-4,123.46328787318829
7,-4,166.1718794988917
7,-3,157.5759738064891
7,-3,254.44724536059886
7,-3,146.8335925777421
7,-2,103.30295656672712
7,-2,162.44234692694187
7,-2,246.8989948047536
7,-1,218.4164776681262
7,-1,181.2409767384434
7,-1,160.18732187560315
6,-1,198.0457219612013
6,-1,268.5380311841162
6,-1,165.04970729215967
6,0,100.0
6,0,169.14112814943377
6,0,197.54723289772167
7,0,122.02166781439917
7,0,100.0
7,0,201.50696545497672
8,0,253.00826830398626
8,0,131.9948668245032
8,0,100.0
8,1,100.0
8,1,149.52103601428055
8,1,100.0
9,1,295.3546370175031
9,1,191.01253498543497
9,1,174.84087507572985
10,1,318.4239251598415
10,1,176.99439870214613
10,1,339.7645305495284
11,1,147.9420196942973
11,1,100.0
11,1,342.09697504951237
10,1,298.70425905187363
10,1,100.0
10,1,167.28704872615577
10,2,178.8784408330148
10,2,100.0
10,2,206.46847058086234
10,3,163.86435003565964
10,3,100.0
10,3,100.0
11,3,133.03251130418357
11,3,100.0
11,3,250.43119321108043
10,3,173.46380394422067
10,3,100.0
10,3,154.55219734763884
11,3,299.0066659705242
11,3,100.0
11,3,100.91397681202984
11,4,100.0
11,4,193.2601267318575
11,4,169.1186360956575
11,5,150.75974233967258
11,5,100.0
11,5,100.0
11,6,100.0
11,6,100.0
11,6,100.0
12,6,100.0
12,6,103.99995374075588
12,6,171.00752299716942
13,6,100.0
13,6,226.25695747541647
13,6,100.0
14,6,100.0
14,6,100.0
14,6,100.0
15,6,165.55569565061032
15,6,100.0
15,6,100.0
15,7,100.0
15,7,100.0
15,7,100.0
14,7,100.0
14,7,242.75578506623748
14,7,100.0
15,7,201.6668980943272
15,7,100.0
15,7,263.5875437407601
16,7,163.06771855792908
16,7,100.0
16,7,114.84230759952486
16,6,100.0
16,6,122.8065478862012
16,6,124.55566583631182
16,5,100.0
16,5,223.08539230150427
16,5,100.0
16,6,207.63019320176494
16,6,100.0
16,6,100.0
16,7,100.0
16,7,123.90788897395217
16,7,100.0
16,6,100.0
16,6,246.71823932712343
16,6,100.0
16,5,130.01653647396628
16,5,262.5082322637201
16,5,100.0
16,6,100.0
16,6,100.0
16,6,100.0
16,7,100.0
16,7,142.5399432309259
16,7,428.97046354918314
16,8,100.0
16,8,100.0
16,8,100.0
16,7,100.0
16,7,100.0
16,7,218.25865029302975
15,7,100.0
15,7,100.0
15,7,100.0
14,7,100.0
14,7,100.0
14,7,100.0
14,8,192.6409812274302
14,8,391.24852843171107
14,8,100.0
13,8,100.0
13,8,100.0
13,8,155.42912549647642
13,7,287.56710461535
13,7,118.26445647698668
13,7,100.0
14,7,241.703886635446
14,7,200.26964892477937
14,7,180.0750863612758
13,7,432.14702611025564
13,7,100.0
13,7,120.34655969936543
13,8,198.15325110696102
13,8,353.827845641203
13,8,100.0
12,8,259.4244199900019
12,8,100.0
12,8,120.83569869304091
11,8,100.0
11,8,100.0
11,8,100.0
10,8,236.05707621975984
10,8,315.57462684650955
10,8,113.16741445259134
10,7,202.1678639131336
10,7,379.65224547224204
10,7,100.0
10,6,100.0
10,6,119.32795556617091
10,6,100.0
9,6,216.01109734395158
9,6,156.8917899500146
9,6,100.0
9,5,134.59268481892383
9,5,100.0
9,5,100.0
9,4,135.14831014316707
9,4,149.9378531709251
9,4,158.93722713790055
9,3,207.27856738147963
9,3,176.57349903730963
9,3,123.68318442206478
8,3,120.50047152576401
8,3,145.91110127366522
8,3,100.0
8,2,240.47718307838775
8,2,100.0
8,2,178.1029880367375
9,2,124.18034175203466
9,2,116.36063255411563
9,2,139.21382396971023
8,2,222.12126993470253
8,2,175.93748771736108
8,2,150.76376443124977
7,2,100.0
7,2,129.76555104733936
7,2,159.05031862169068
6,2,270.90963496436405
6,2,194.76734428145164
6,2,125.90522443893575
6,1,100.0
6,1,100.0
6,1,172.85072813701356
6,0,283.56768585052
6,0,131.02033482416377
6,0,221.56248604387116
5,0,176.60312611046396
5,0,100.0
5,0,469.5857815252424
5,-1,234.28191051531948
5,-1,159.42682383526017
5,-1,289.4045613017577
5,-2,191.0177841892808
5,-2,138.69110289133326
5,-2,100.0
5,-3,174.43605859055455
5,-3,175.5259423015006
5,-3,100.0
5,-4,106.29387405463018
5,-4,178.97237065569402
5,-4,100.0
4,-4,127.77230291139165
4,-4,329.5226531304821
4,-4,112.14642228846597
3,-4,186.45784256687892
3,-4,237.5483822871065
3,-4,147.0091707902772
4,-4,159.75411751660283
4,-4,260.6490840827633
4,-4,100.0
4,-5,267.781491485684
4,-5,100.0
4,-5,115.69087382612722
3,-5,150.52865604324708
3,-5,134.14122131633187
3,-5,146.14966802784306
2,-5,161.50742179258106
2,-5,224.88399838402967
2,-5,207.4373516141549
2,-6,172.93877775659965
2,-6,135.8780148651465
2,-6,169.9812938633441
1,-6,216.0443985441684
1,-6,139.89728312315273
1,-6,199.25487918245247
1,-7,100.0
1,-7,211.76842005181322
1,-7,100.0
0,-7,123.19456135631499
0,-7,100.0
0,-7,153.92084475687193
-1,-7,178.24044321258583
-1,-7,169.55004197625487
-1,-7,266.8318924781016
-2,-7,190.5493713870721
-2,-7,235.619125077147
-2,-7,146.54874938593136
-2,-8,226.1938655217228
-2,-8,195.00592323439201
-2,-8,107.55350059837045
-3,-8,132.09609513310414
-3,-8,216.26953562035598
-3,-8,146.37568525237793
-4,-8,100.0
-4,-8,100.0
-4,-8,133.84949214511633
-5,-8,100.0
-5,-8,217.85774005153613
-5,-8,271.745078956873
-6,-8,219.8675065181347
-6,-8,234.94389889954198
-6,-8,244.04717033339972
-7,-8,100.0
-7,-8,100.0
-7,-8,100.0
-6,-8,408.7316306383731
-6,-8,100.0
-6,-8,100.0
-6,-7,121.08317138521937
-6,-7,104.4220642456408
-6,-7,140.62227361139531
-7,-7,128.2114120266413
-7,-7,188.51253746073135
-7,-7,170.73650867406667
-8,-7,431.06773698657605
-8,-7,142.25404290867314
-8,-7,303.74674984492856
-9,-7,100.0
-9,-7,100.0
-9,-7,107.23640369625866
-9,-8,124.61376580576986
-9,-8,100.0
-9,-8,100.84149046459918
-10,-8,100.0
-10,-8,101.4066850028576
-10,-8,258.97265953507736
-10,-9,128.34079152764318
-10,-9,251.88234330686794
-10,-9,203.0356565585405
-11,-9,100.0
-11,-9,267.13026499755733
-11,-9,100.0
-11,-10,100.0
-11,-10,100.0
-11,-10,100.0
-11,-11,100.0
-11,-11,105.25276798684621
-11,-11,100.0
-11,-12,123.61792001795885
-11,-12,141.3203851527851
-11,-12,100.0
-12,-12,100.0
-12,-12,100.0
-12,-12,100.0
-11,-12,100.0
-11,-12,100.0
-11,-12,115.88777847886534
-11,-13,153.45297011972187
-11,-13,100.0
-11,-13,237.038278323722
-11,-12,120.13882660985155
-11,-12,100.0
-11,-12,100.0
-11,-11,100.0
-11,-11,100.0
-11,-11,100.0
-12,-11,184.49253095931277
-12,-11,277.6159486101718
-12,-11,100.0
-13,-11,100.0
-13,-11,132.02004761479006
-13,-11,100.0
-12,-11,113.92098326250414
-12,-11,100.0
-12,-11,100.0
-13,-11,100.0
-13,-11,100.0
-13,-11,100.0
-12,-11,100.0
-12,-11,100.0
-12,-11,100.0
-12,-10,100.0
-12,-10,156.02147680011092
-12,-10,100.0
-12,-9,100.0
-12,-9,100.0
-12,-9,100.0
