-12,15,100.0
-12,15,100.0
-11,15,121.27309801813814
-11,15,100.0
-11,15,100.0
-11,16,100.0
-11,16,100.0
-11,16,100.0
-11,15,188.1133947915051
-11,15,100.0
-11,15,100.0
-11,16,100.0
-11,16,100.0
-11,16,100.0
-10,16,100.0
-10,16,100.0
-10,16,223.57338785561558
-9,16,100.0
-9,16,100.0
-9,16,129.67179712673277
-9,17,100.0
-9,17,129.37447574958304
-9,17,100.0
-8,17,119.69148951851346
-8,17,100.0
-8,17,100.0
-8,16,116.3523848344079
-8,16,100.0
-8,16,118.93976292239982
-8,17,100.0
-8,17,100.0
-8,17,118.49307848081213
-7,17,100.0
-7,17,100.0
-7,17,100.0
-7,16,100.0
-7,16,167.59848859399597
-7,16,100.0
-7,15,100.0
-7,15,100.0
-7,15,100.0
-6,15,100.0
-6,15,106.90515231305363
-6,15,123.17929421408374
-6,16,100.0
-6,16,100.0
-6,16,137.44955461256563
-6,15,100.0
-6,15,131.29131084107382
-6,15,100.0
-5,15,274.8004854416434
-5,15,157.75982864952923
-5,15,100.0
-6,15,124.32506388556995
-6,15,100.0
-6,15,100.0
-5,15,100.0
-5,15,100.0
-5,15,100.0
-5,14,104.52602855424577
-5,14,100.0
-5,14,100.0
-4,14,217.8822198769235
-4,14,149.23037372521253
-4,14,246.3485174438464
-4,13,100.0
-4,13,100.0
-4,13,210.45039714746895
-4,12,125.33955698878313
-4,12,100.0
-4,12,132.14084695861874
-3,12,161.60288605726026
-3,12,100.0
-3,12,100.0
-3,11,100.0
-3,11,100.0
-3,11,188.78668761709042
-2,11,100.0
-2,11,148.1008855206265
-2,11,100.0
-2,10,187.76973552960848
-2,10,100.0
-2,10,169.03708349287322
-1,10,101.26193633633831
-1,10,137.19681776795014
-1,10,152.73945220011234
-1,11,100.0
-1,11,263.7283303339702
-1,11,100.0
-1,10,100.0
-1,10,100.0
-1,10,100.0
-1,9,100.0
-1,9,100.0
-1,9,149.80919804822324
-1,8,103.99639132400475
-1,8,241.50526832520373
-1,8,100.0
0,8,102.3656669878918
0,8,100.0
0,8,100.0
0,7,327.22634472645154
0,7,100.0
0,7,229.3426404887597
0,6,332.35871541209553
0,6,100.0
0,6,197.43424703801062
0,5,400.9841134030521
0,5,362.80010043132836
0,5,505.1738646282065
1,5,211.4272703097273
1,5,100.0
1,5,100.0
1,4,133.07619765314587
1,4,100.0
1,4,227.472493137149
1,3,267.6048260221544
1,3,368.45363885094866
1,3,249.1762470819054
2,3,100.0
2,3,184.1960418597805
2,3,140.76442769509066
2,4,148.3319146764959
2,4,100.0
2,4,367.9286827141653
3,4,222.24489563717492
3,4,223.44469951692952
3,4,122.2423749342224
3,3,100.0
3,3,207.59928521919878
3,3,143.4292913884459
3,2,150.96714391772707
3,2,151.17940549000843
3,2,100.0
3,1,113.45774493707222
3,1,143.36481461098097
3,1,229.22091936269652
3,0,246.0054223163224
3,0,303.28045580738967
3,0,235.52279145149657
3,1,352.49574822993566
3,1,182.20566032379168
3,1,241.45561964944477
3,0,131.03319178592713
3,0,373.5525336941572
3,0,210.17623220592225
4,0,143.49952806621917
4,0,107.17872440624042
4,0,177.25951094361903
4,-1,300.02205319934717
4,-1,601.3248413030065
4,-1,168.92770649963308
4,-2,159.8861679444217
4,-2,137.89511210404663
4,-2,173.7055663952374
4,-3,201.15284539034528
4,-3,164.07663887682156
4,-3,242.2217719645509
4,-4,245.9994547442057
4,-4,197.41883366314673
4,-4,351.34814141135496
5,-4,167.19360424424252
5,-4,162.94940836139963
5,-4,202.1015778515193
6,-4,100.0
6,-4,100.0
6,-4,210.9782696093185
7,-4,154.97891888468146
7,-4,167.11812949839938
7,-4,309.6679208850187
7,-3,100.0
7,-3,243.71397812138306
7,-3,100.0
7,-2,104.60714744231328
7,-2,173.05355873926362
7,-2,193.43724725651367
7,-1,100.0
7,-1,102.93273490241677
7,-1,100.0
6,-1,115.48044063242888
6,-1,275.4576346107783
6,-1,170.38247926026148
6,0,237.96693273367643
6,0,152.74838843094338
6,0,229.53797657778296
7,0,114.4729977325679
7,0,333.5785631958468
7,0,209.76484180864003
8,0,217.25466826064846
8,0,140.72236704389195
8,0,115.58923324614776
8,1,167.00095457769842
8,1,100.0
8,1,100.0
9,1,184.04694620746272
9,1,174.99581444550873
9,1,100.0
10,1,101.1959070371112
10,1,101.54073998015198
10,1,171.33287774372533
11,1,111.40721326098826
11,1,100.0
11,1,100.0
10,1,268.7000691464484
10,1,290.8103218200142
10,1,200.66619978193046
10,2,100.0
10,2,117.87030808016421
10,2,106.36127221098398
10,3,100.0
10,3,160.01349718782308
10,3,451.40994001430016
11,3,136.24887694522255
11,3,162.12775906268578
11,3,100.0
10,3,228.28401362547646
10,3,128.28817855032753
10,3,115.00179134036671
11,3,100.0
11,3,257.98743113202977
11,3,172.97468175098203
11,4,208.26010325847307
11,4,384.51848077574306
11,4,100.0
11,5,155.83691915702224
11,5,187.88115666893773
11,5,206.92161991220303
11,6,100.0
11,6,100.0
11,6,112.52342764016056
12,6,100.0
12,6,159.23308934642228
12,6,100.0
13,6,136.41571080167728
13,6,100.0
13,6,100.0
14,6,100.0
14,6,226.67977904117998
14,6,100.0
15,6,100.0
15,6,106.83620728651948
15,6,100.0
15,7,100.0
15,7,100.0
15,7,100.0
14,7,108.95997503088216
14,7,100.0
14,7,106.83032988096154
15,7,100.0
15,7,100.0
15,7,100.0
16,7,295.1141088186456
16,7,100.0
16,7,100.0
16,6,100.0
16,6,100.0
16,6,100.0
16,5,100.0
16,5,304.96402779213906
16,5,100.0
16,6,100.0
16,6,203.13053474091535
16,6,100.0
16,7,100.0
16,7,180.27234516630347
16,7,189.1630499658955
16,6,100.0
16,6,175.38786233064465
16,6,100.0
16,5,279.6070943828704
16,5,106.54692682064447
16,5,202.51419908183976
16,6,100.0
16,6,100.0
16,6,107.74089067645477
16,7,100.0
16,7,100.0
16,7,100.0
16,8,100.0
16,8,209.49409604118256
16,8,100.0
16,7,100.0
16,7,100.0
16,7,100.0
15,7,100.0
15,7,100.0
15,7,155.21986089710802
14,7,167.22234722061089
14,7,100.0
14,7,100.0
14,8,100.0
14,8,420.71985900025084
14,8,100.0
13,8,190.84245261543947
13,8,179.4067264607747
13,8,100.0
13,7,196.12744846415777
13,7,100.0
13,7,120.39713018048391
14,7,100.0
14,7,135.50886034027639
14,7,100.0
13,7,100.0
13,7,131.70319876606843
13,7,244.3570441911679
13,8,100.0
13,8,100.0
13,8,131.60047151568205
12,8,100.0
12,8,100.0
12,8,100.0
11,8,134.9240004033819
11,8,124.6702959613479
11,8,100.0
10,8,321.31709263080603
10,8,100.0
10,8,138.40371080494066
10,7,249.6482837218328
10,7,343.07792850546247
10,7,160.31906575023984
10,6,140.15644756342851
10,6,100.0
10,6,220.2589673193509
9,6,100.0
9,6,100.0
9,6,129.31771953243125
9,5,182.28941043175712
9,5,122.47853328643622
9,5,107.7042046818883
9,4,304.92926620095386
9,4,100.0
9,4,100.0
9,3,168.9490848589058
9,3,135.26156163958706
9,3,100.0
8,3,230.9187234156489
8,3,138.59989689418245
8,3,272.0205619183141
8,2,100.0
8,2,100.0
8,2,100.0
9,2,182.20115118642275
9,2,133.1007914882038
9,2,362.46885463402947
8,2,132.55623178796898
8,2,247.58044984914284
8,2,391.85923383501137
7,2,109.8909513501247
7,2,194.81467042150467
7,2,235.44749269878895
6,2,168.66950408189587
6,2,202.14695353416866
6,2,128.80973390340628
6,1,401.74923323357046
6,1,154.45160961331234
6,1,219.5603212216303
6,0,112.15060402121944
6,0,189.4119604500181
6,0,206.57194564054163
5,0,192.70231148843217
5,0,100.0
5,0,124.21780240194454
5,-1,159.3750133887661
5,-1,185.00599668166376
5,-1,185.5486943686397
5,-2,100.0
5,-2,134.35811070657263
5,-2,246.98224116904788
5,-3,258.7967798021453
5,-3,461.4468937418105
5,-3,100.0
5,-4,264.32327413386685
5,-4,155.87894567108083
5,-4,141.40626245830632
4,-4,224.53061752124415
4,-4,186.6584416641231
4,-4,452.8514654495833
3,-4,103.87439458498278
3,-4,295.45207774678244
3,-4,143.91969447824727
4,-4,258.5194139805129
4,-4,338.8863907332207
4,-4,268.9363929923663
4,-5,101.85799332873304
4,-5,141.69062063441888
4,-5,104.18630761840757
3,-5,100.0
3,-5,100.0
3,-5,215.40775118312945
2,-5,288.83966188857147
2,-5,255.19916458053856
2,-5,155.68872241755287
2,-6,193.9528373798148
2,-6,271.0746574748472
2,-6,157.51404424362818
1,-6,267.43340339011377
1,-6,270.7820050369715
1,-6,293.06027367687113
1,-7,218.74160345430684
1,-7,126.71774307744164
1,-7,100.0
0,-7,100.0
0,-7,178.5452112896951
0,-7,173.1313558010172
-1,-7,377.2754880722906
-1,-7,162.4791023873286
-1,-7,190.8850363105774
-2,-7,157.40197918221833
-2,-7,214.19538793656392
-2,-7,100.0
-2,-8,105.04037297161082
-2,-8,118.33603672604522
-2,-8,253.03422404955094
-3,-8,162.1636601894039
-3,-8,100.0
-3,-8,234.4577551115073
-4,-8,191.28760650555006
-4,-8,160.50463370107647
-4,-8,181.8915205086822
-5,-8,100.0
-5,-8,100.0
-5,-8,243.7837763737974
-6,-8,483.4235378322877
-6,-8,121.00958307256147
-6,-8,129.3805152345753
-7,-8,100.0
-7,-8,100.0
-7,-8,204.18740256828832
-6,-8,100.0
-6,-8,200.63014798784354
-6,-8,236.8918990854555
-6,-7,154.74987182044939
-6,-7,107.90856552133624
-6,-7,103.73880545281344
-7,-7,151.297939392647
-7,-7,100.0
-7,-7,102.99004586900458
-8,-7,100.0
-8,-7,176.58065162223744
-8,-7,100.0
-9,-7,100.0
-9,-7,100.0
-9,-7,100.0
-9,-8,135.82319802858805
-9,-8,212.9826910112597
-9,-8,305.9488624521444
-10,-8,153.83665890671597
-10,-8,183.0734964293411
-10,-8,100.0
-10,-9,100.0
-10,-9,101.223631357827
-10,-9,100.0
-11,-9,100.0
-11,-9,100.0
-11,-9,100.0
-11,-10,226.09366116531524
-11,-10,100.0
-11,-10,100.0
-11,-11,100.0
-11,-11,136.497351084629
-11,-11,100.0
-11,-12,100.0
-11,-12,100.0
-11,-12,100.0
-12,-12,100.0
-12,-12,300.9749113815776
-12,-12,100.0
-11,-12,100.0
-11,-12,100.0
-11,-12,186.52594459658343
-11,-13,259.39800737744235
-11,-13,122.33609947266565
-11,-13,100.0
-11,-12,100.0
-11,-12,100.0
-11,-12,100.0
-11,-11,100.0
-11,-11,255.84712674335245
-11,-11,124.5634467335943
-12,-11,143.3314298440763
-12,-11,100.0
-12,-11,105.8105600806883
-13,-11,107.8896932497533
-13,-11,112.0036180172659
-13,-11,100.0
-12,-11,100.0
-12,-11,137.340251832016
-12,-11,100.0
-13,-11,100.0
-13,-11,114.77332494897328
-13,-11,100.0
-12,-11,100.0
-12,-11,100.0
-12,-11,100.0
-12,-10,100.0
-12,-10,100.0
-12,-10,100.761727622517
-12,-9,135.87780396970328
-12,-9,177.94227231540472
-12,-9,100.09409180834199
