-12,15,200.0
-11,15,203.93437175232387
-11,15,200.0
-11,16,221.11648138495252
-11,16,200.0
-11,15,200.0
-11,15,200.0
-11,16,200.0
-11,16,200.0
-10,16,209.7774425852362
-10,16,200.0
-9,16,200.0
-9,16,200.0
-9,17,200.0
-9,17,200.0
-8,17,200.0
-8,17,200.0
-8,16,200.0
-8,16,200.0
-8,17,265.5396076413288
-8,17,200.0
-7,17,310.1545792133583
-7,17,200.0
-7,16,200.0
-7,16,200.0
-7,15,276.5899330914769
-7,15,200.0
-6,15,200.0
-6,15,333.3245715584558
-6,16,200.0
-6,16,266.52723135778626
-6,15,200.0
-6,15,207.6968907957321
-5,15,327.23981888458206
-5,15,241.121903295883
-6,15,200.0
-6,15,200.0
-5,15,200.0
-5,15,200.0
-5,14,200.0
-5,14,200.0
-4,14,200.0
-4,14,217.01905068063505
-4,13,200.0
-4,13,200.0
-4,12,200.0
-4,12,201.6494761353952
-3,12,317.59109337753694
-3,12,200.0
-3,11,200.0
-3,11,248.1818186473139
-2,11,200.0
-2,11,200.0
-2,10,200.0
-2,10,200.0
-1,10,200.0
-1,10,200.0
-1,11,202.360070267581
-1,11,200.0
-1,10,466.9338637101422
-1,10,331.6626255146226
-1,9,421.1342278359275
-1,9,488.67072729068315
-1,8,296.6084370562648
-1,8,381.05621634299064
0,8,200.0
0,8,243.07758161630107
0,7,343.68257954592383
0,7,383.29603780844553
0,6,547.0453502429301
0,6,330.20767603368466
0,5,200.0
0,5,200.0
1,5,201.3039434257386
1,5,200.0
1,4,258.3484138784672
1,4,300.48615551817534
1,3,221.76260151828
1,3,391.46485361079044
2,3,510.394615383253
2,3,294.71634287916106
2,4,219.87632398823138
2,4,424.78927848120526
3,4,220.49516416791988
3,4,200.0
3,3,291.77300486393125
3,3,353.3361047177164
3,2,657.050843004725
3,2,294.41783114948373
3,1,573.055736915011
3,1,517.6024899697157
3,0,229.20790839458317
3,0,200.0
3,1,203.73655972946912
3,1,428.4593256304068
3,0,249.55496588912797
3,0,285.912133290023
4,0,419.73209618579784
4,0,278.3573614885916
4,-1,479.5375726456758
4,-1,401.47055627163724
4,-2,638.0631778201719
4,-2,200.0
4,-3,202.9340671518824
4,-3,221.29928068065635
4,-4,381.9572325412708
4,-4,440.2985188139227
5,-4,347.10673123214013
5,-4,200.0
6,-4,200.0
6,-4,347.92020321360224
7,-4,349.2169560575874
7,-4,491.2669795429571
7,-3,200.0
7,-3,200.0
7,-2,200.0
7,-2,200.0
7,-1,274.04015888384515
7,-1,250.23108950123674
6,-1,200.0
6,-1,394.5847011007984
6,0,255.30820237238498
6,0,420.9288324286623
7,0,506.42833302370343
7,0,709.0955067646129
8,0,403.1627951267558
8,0,217.73253039905896
8,1,303.7954080074803
8,1,200.0
9,1,306.3193465566792
9,1,246.60121827441452
10,1,200.0
10,1,200.0
11,1,272.54841071769664
11,1,392.89975144752395
10,1,440.44659857748354
10,1,297.8295323260207
10,2,200.0
10,2,369.70240743199594
10,3,200.0
10,3,467.8855031822196
11,3,355.8546176918329
11,3,480.63918104213815
10,3,236.09653201752786
10,3,348.78310901312886
11,3,313.15070909221595
11,3,206.30971634236772
11,4,313.29863721967405
11,4,200.0
11,5,200.0
11,5,283.22290021484406
11,6,200.0
11,6,200.0
12,6,200.0
12,6,200.0
13,6,243.7152571144049
13,6,200.0
14,6,231.79629213387292
14,6,200.0
15,6,200.0
15,6,240.43253545081512
15,7,200.0
15,7,200.0
14,7,257.3926925360219
14,7,200.0
15,7,200.0
15,7,200.0
16,7,200.0
16,7,200.0
16,6,200.0
16,6,202.33139743764616
16,5,200.0
16,5,200.0
16,6,200.0
16,6,200.0
16,7,200.0
16,7,200.0
16,6,200.0
16,6,200.0
16,5,200.0
16,5,200.0
16,6,262.19589374704935
16,6,200.0
16,7,200.0
16,7,200.0
16,8,200.0
16,8,200.0
16,7,200.0
16,7,326.8208210062379
15,7,200.0
15,7,200.0
14,7,200.0
14,7,200.0
14,8,200.0
14,8,200.0
13,8,200.0
13,8,256.9610342807513
13,7,200.0
13,7,200.0
14,7,200.0
14,7,200.0
13,7,200.0
13,7,200.0
13,8,200.0
13,8,200.0
12,8,200.0
12,8,200.0
11,8,200.0
11,8,238.47652650837017
10,8,330.00805697249257
10,8,200.0
10,7,373.2145783253024
10,7,200.0
10,6,280.7833789275735
10,6,200.0
9,6,327.59519217251443
9,6,200.0
9,5,219.7900282616487
9,5,259.49015213759105
9,4,235.25710539161858
9,4,200.0
9,3,265.65420115607276
9,3,200.0
8,3,250.62671604014275
8,3,239.57117486707006
8,2,245.03383030529216
8,2,387.22760541144953
9,2,200.0
9,2,214.93399548992588
8,2,200.0
8,2,416.12046384416846
7,2,200.0
7,2,305.958845641876
6,2,707.439629027124
6,2,243.9282560143951
6,1,442.9167146695032
6,1,239.71391705357922
6,0,290.3220027465513
6,0,245.33579101478819
5,0,200.0
5,0,276.9140105522127
5,-1,485.8341317415024
5,-1,311.085358352589
5,-2,200.0
5,-2,348.1428630042799
5,-3,200.76108301683567
5,-3,296.27917478670713
5,-4,218.00858636312202
5,-4,200.0
4,-4,326.27829756565313
