-12,15,244.61711170636542
-11,15,200.0
-11,15,200.0
-11,16,200.0
-11,16,200.0
-11,15,200.0
-11,15,200.0
-11,16,200.0
-11,16,200.0
-10,16,200.0
-10,16,200.0
-9,16,231.55793369691483
-9,16,226.77308077975482
-9,17,381.8349037836884
-9,17,200.0
-8,17,200.0
-8,17,261.3930430878719
-8,16,200.0
-8,16,200.0
-8,17,200.0
-8,17,200.0
-7,17,200.0
-7,17,200.0
-7,16,200.0
-7,16,200.0
-7,15,200.0
-7,15,200.0
-6,15,200.0
-6,15,415.7217494264356
-6,16,200.0
-6,16,200.0
-6,15,200.0
-6,15,247.8399095464547
-5,15,200.0
-5,15,200.0
-6,15,232.23834252248824
-6,15,261.12220200912077
-5,15,200.0
-5,15,200.0
-5,14,388.2583692351931
-5,14,323.88580521957886
-4,14,200.0
-4,14,337.8616116417913
-4,13,252.41823195675417
-4,13,290.0664959072955
-4,12,200.0
-4,12,200.0
-3,12,200.0
-3,12,200.0
-3,11,223.8176901725069
-3,11,274.4616039366397
-2,11,200.0
-2,11,206.82187365003472
-2,10,200.0
-2,10,493.3155234973872
-1,10,238.8488865062888
-1,10,200.0
-1,11,280.47522362930346
-1,11,235.3679377423832
-1,10,248.0211045943358
-1,10,511.8239442075294
-1,9,200.0
-1,9,200.0
-1,8,247.79190036827265
-1,8,200.0
0,8,200.0
0,8,496.5678685092907
0,7,365.85357154202893
0,7,390.0078310395617
0,6,391.11569409291945
0,6,200.0
0,5,396.3690783060275
0,5,334.9304787746022
1,5,708.4806955035998
1,5,248.02329965178666
1,4,417.236638331062
1,4,318.6140238860648
1,3,276.51760994951593
1,3,360.6892988666122
2,3,739.5615279787821
2,3,763.1042134773938
2,4,200.0
2,4,441.2413944385935
3,4,323.29531331340235
3,4,326.8495987205149
3,3,426.8964677041065
3,3,383.4380120807263
3,2,478.6129389270216
3,2,325.37106620577435
3,1,293.96611259485996
3,1,200.0
3,0,333.3639696399285
3,0,235.4953591041784
3,1,463.6759606216429
3,1,316.5244553522777
3,0,556.3894490330453
3,0,653.6265232233843
4,0,494.8574112730903
4,0,467.8008155309683
4,-1,219.90371065138157
4,-1,515.5856069476424
4,-2,390.29721493180887
4,-2,633.3511247485126
4,-3,279.46823375844644
4,-3,487.6125609367009
4,-4,367.65520149529965
4,-4,593.9886510965246
5,-4,360.34227994516704
5,-4,410.4997424470091
6,-4,299.35223832736375
6,-4,200.0
7,-4,200.0
7,-4,304.9674480077541
7,-3,369.52645998178684
7,-3,415.5146403857128
7,-2,744.2895813050036
7,-2,775.251503162091
7,-1,200.0
7,-1,460.19123846751745
6,-1,352.19555217865866
6,-1,456.5625771812844
6,0,462.50236161715833
6,0,370.96524649987026
7,0,275.82756412014993
7,0,231.28466378703754
8,0,200.0
8,0,612.4353531416638
8,1,248.10704114663392
8,1,489.26595717855
9,1,220.11730274127157
9,1,215.57968660947108
10,1,365.52957926006457
10,1,200.0
11,1,200.0
11,1,365.55749074371283
10,1,200.0
10,1,200.0
10,2,315.34155129702305
10,2,325.4674094685732
10,3,200.0
10,3,200.0
11,3,200.0
11,3,200.0
10,3,607.9117385354506
10,3,200.0
11,3,200.0
11,3,308.1610502930422
11,4,225.59901063033863
11,4,467.2128558593555
11,5,439.5026078665304
11,5,200.0
11,6,200.0
11,6,237.55411994997348
12,6,303.0662357340186
12,6,251.5412402988385
13,6,200.0
13,6,200.0
14,6,200.0
14,6,289.716932743131
15,6,200.0
15,6,350.2628865466022
15,7,296.1870630766549
15,7,200.0
14,7,200.0
14,7,200.0
15,7,200.0
15,7,213.03363646274278
16,7,200.0
16,7,241.8574475692445
16,6,200.0
16,6,218.08747989565126
16,5,200.0
16,5,231.50486795348567
16,6,516.820376657812
16,6,279.38193630705865
16,7,200.0
16,7,200.0
16,6,302.4749073663389
16,6,200.0
16,5,200.0
16,5,200.0
16,6,200.0
16,6,200.0
16,7,200.0
16,7,200.0
16,8,200.0
16,8,200.0
16,7,200.0
16,7,200.0
15,7,258.2964701159795
15,7,200.0
14,7,200.0
14,7,259.0522989859556
14,8,200.0
14,8,252.3032802153369
13,8,200.0
13,8,309.1867984973105
13,7,351.2404736994691
13,7,200.0
14,7,300.2096734992193
14,7,200.0
13,7,200.0
13,7,200.0
13,8,200.0
13,8,200.0
12,8,200.0
12,8,290.8012936073215
11,8,200.0
11,8,200.0
10,8,200.0
10,8,200.0
10,7,366.2957305517219
10,7,200.0
10,6,406.515441511444
10,6,384.57628099293095
9,6,463.1976667830595
9,6,202.17471085902287
9,5,484.3563570052068
9,5,223.56849143355052
9,4,278.6617894575543
9,4,207.63264401554704
9,3,238.5518773752981
9,3,200.0
8,3,200.0
8,3,321.2802055078344
8,2,305.041437134917
8,2,306.6535157400928
9,2,207.17250599022756
9,2,200.0
8,2,337.4887199748712
8,2,200.0
7,2,367.4351463132944
7,2,247.396186404685
6,2,316.2246311231337
6,2,211.20923738922536
6,1,320.95353369617993
6,1,300.8420549726774
6,0,400.98273075915324
6,0,429.43571723971985
5,0,341.39742353088695
5,0,362.2911376467256
5,-1,272.2641744573471
5,-1,442.73346559337017
5,-2,505.6995430509162
5,-2,345.96523288572484
5,-3,412.9810216549959
5,-3,316.480217224701
5,-4,248.5397696116331
5,-4,445.78087119469683
4,-4,200.0
