33.999999999991815
9.000000000014552
36.00000000005821
10.999999999967258
5.999999999971806
9.999999999990905
33.999999999991815
68.99999999995998
9.999999999990905
34.99999999996817
42.00000000003001
66.00000000003092
35.99999999994452
63.00000000010186
36.00000000005821
62.00000000001182
36.999999999920874
35.99999999994452
60.00000000005912
61.00000000003547
35.99999999994452
5.999999999971806
35.99999999994452
43.00000000000637
35.99999999994452
34.99999999996817
9.999999999990905
38.99999999998727
35.000000000081855
37.00000000003456
36.00000000005821
9.000000000014552
9.999999999990905
11.000000000080945
38.000000000010914
37.00000000003456
36.00000000005821
9.999999999990905
9.999999999990905
37.00000000003456
36.00000000005821
9.999999999990905
34.99999999996817
9.000000000014552
38.000000000010914
33.00000000001546
35.99999999994452
34.99999999996817
33.999999999991815
28.999999999996362
32.00000000003911
29.999999999972715
31.99999999992542
10.999999999967258
38.99999999998727
33.999999999991815
9.000000000014552
8.000000000038199
9.000000000014552
34.99999999996817
34.99999999996817
7.999999999924512
43.00000000000637
8.000000000038199
7.000000000061846
33.999999999991815
9.999999999990905
8.000000000038199
9.000000000014552
11.000000000080945
6.999999999948159
33.999999999991815
7.000000000061846
7.999999999924512
11.000000000080945
6.999999999948159
33.999999999991815
7.999999999924512
7.000000000061846
33.999999999991815
33.00000000001546
33.00000000001546
34.99999999996817
36.00000000005821
33.999999999991815
57.999999999992724
35.000000000081855
34.99999999996817
7.999999999924512
4.9999999999954525
6.999999999948159
36.00000000005821
33.999999999991815
7.999999999924512
34.99999999996817
7.999999999924512
9.000000000014552
33.999999999991815
8.000000000038199
9.000000000014552
