3.5
3.5
3.5
3.5
3.5
3.5
3.5
3.58333
3.66667
3.58333
3.58333
3.5
3.5
3.58333
3.66667
3.41667
3.41667
3.53325
3.58333
3.5
3.5
3.5
3.5
3.5
3.5
3.58333
3.58333
3.58333
3.66667
3.66667
3.66667
3.66667
3.58333
3.58333
3.5
3.5
3.5
3.5
3.5
3.5
3.5
3.5
3.5
3.5
3.5
3.5
3.5
3.5
3.5
3.5
3.5
3.5
3.5
3.5
3.5
3.5
3.5
3.5
3.5
3.5
3.5
3.5
3.5
3.5
3.5
3.5
3.58333
3.58333
3.5
3.5
3.5
3.5
3.5
3.5
3.5
3.5
3.5
3.5
3.5
3.5
3.5
3.5
3.58333
3.66667
3.63615
3.58333
3.58333
3.66667
3.66667
3.66667
3.66667
3.66667
3.65109
3.58333
3.58333
3.5
3.5
3.5
3.5
