-17,16,144.93155908411106
-16,16,226.64343228720105
-16,16,165.65228833572263
-16,15,100.0
-16,15,197.84792529085775
-15,15,100.0
-15,15,100.0
-16,15,162.97142792881073
-16,15,191.52617282867953
-15,15,100.0
-15,15,100.0
-14,15,100.0
-14,15,161.43962374043412
-15,15,115.12871159222232
-15,15,226.64669081917287
-14,15,396.1016991342233
-14,15,100.0
-13,15,340.8272927541087
-13,15,205.80010639490575
-14,15,216.40964542408625
-14,15,210.06485050714122
-14,14,169.01051101684823
-14,14,631.9874796576299
-13,14,100.0
-13,14,100.0
-13,13,196.69056492343583
-13,13,498.85710017736363
-13,14,262.6776323347271
-13,14,136.69430414995534
-12,14,100.0
-12,14,229.9034311587423
-12,13,100.0
-12,13,100.0
-11,13,228.39787765856306
-11,13,248.6037111202873
-10,13,217.74515201617555
-10,13,130.620897955791
-9,13,176.70482446186998
-9,13,314.6962253716547
-9,12,229.9149192146804
-9,12,315.0304801584206
-9,11,596.2801150904412
-9,11,146.5528166591578
-8,11,282.43511296106954
-8,11,298.2870435463739
-7,11,104.8820409286574
-7,11,331.46626283791215
-7,10,496.9355321781376
-7,10,330.2485555468863
-7,9,267.50491720699046
-7,9,156.69265491375916
-6,9,121.47520482882274
-6,9,451.0395274259016
-5,9,326.028565996751
-5,9,269.4096484349237
-4,9,381.2644871491835
-4,9,341.3674276989001
-4,8,336.69107985596963
-4,8,467.38455178572707
-3,8,250.4309451125585
-3,8,504.0775990312887
-3,7,404.76747825236396
-3,7,310.4081690792956
-2,7,289.3120223269501
-2,7,721.5217053895921
-2,6,555.57081479149
-2,6,563.1043393220613
-2,5,876.7917362941154
-2,5,527.9790809480704
-1,5,693.4608246595914
-1,5,316.76101794215805
0,5,476.6011707981428
0,5,477.5961944305698
0,4,381.17617292877634
0,4,320.3221193565486
0,3,943.1670539127599
0,3,778.7056439861053
1,3,422.209327735595
1,3,362.47520196512585
2,3,491.27906128739386
2,3,179.70701889684716
2,2,421.61764267732826
2,2,417.490018947578
2,1,964.0849585608985
2,1,315.31906961276286
3,1,1200.9243557393268
3,1,484.7632880561407
4,1,395.8166463793467
4,1,811.1518862748969
4,2,472.1351001273959
4,2,339.28318693378975
4,1,339.74656461516025
4,1,415.8046649804859
4,0,397.4814820708509
4,0,349.10088835387285
5,0,828.4055306552907
5,0,643.5347560859075
4,0,561.1228651854492
4,0,246.0848362935876
4,-1,617.5065635212557
4,-1,848.3703616741604
5,-1,350.4687515818247
5,-1,509.1051373411741
6,-1,382.96703948495355
6,-1,290.08875684491534
6,0,359.6528407057298
6,0,298.6978268844579
7,0,537.4359233569276
7,0,663.3679574890477
7,1,461.692424693648
7,1,440.8812582741562
8,1,628.9014323553984
8,1,200.72505140810995
9,1,478.03050368693073
9,1,353.46870005542775
10,1,294.376687965701
10,1,288.08711682891
11,1,387.0758148385248
11,1,105.62817419395103
11,0,278.12646707681364
11,0,353.89268560846216
11,-1,189.0370127386851
11,-1,209.73484023828388
11,0,264.6262242789809
11,0,182.09852669373905
12,0,351.71463110172147
12,0,418.1384985554456
13,0,366.89960804110723
13,0,122.84366061539379
13,1,231.75978604190544
13,1,135.51309713059342
13,2,168.93960011338618
13,2,172.1362426917402
13,1,283.21783057245204
13,1,543.6035570970196
13,2,426.8608742074236
13,2,250.60253834405506
14,2,290.21027840022447
14,2,245.39581947271608
15,2,483.42914032337256
15,2,144.38081163783477
15,3,156.21385562515422
15,3,182.43642505590472
15,4,192.1534370994325
15,4,214.77747739946426
15,5,203.44972175272085
15,5,209.53171317629793
16,5,294.20844333240666
16,5,197.77474518331329
16,4,389.95800911747267
16,4,192.35968905702387
16,5,100.0
16,5,101.31386334056921
16,6,211.72810779591273
16,6,460.41245206408234
16,7,338.5731688253285
16,7,230.26935997632813
16,8,163.04644967411085
16,8,251.0210652333585
17,8,100.0
17,8,240.37466133977804
16,8,469.85252214704497
16,8,102.11934127236722
16,9,180.43092046363876
16,9,100.0
15,9,100.0
15,9,288.1161569205152
14,9,100.0
14,9,162.88199838193043
15,9,212.95759121690492
15,9,100.0
15,10,334.3751917428124
15,10,816.5334645594295
14,10,291.84178209398897
14,10,100.0
13,10,250.32141853588524
13,10,102.27689885374608
12,10,282.9929977954982
12,10,338.7861791426823
12,11,281.54615836257915
12,11,207.61894801222985
11,11,137.17410713990222
11,11,111.18351846344171
11,12,100.0
11,12,199.7948782830697
12,12,100.0
12,12,134.15635525182532
12,13,130.47777410880207
12,13,100.0
12,14,100.0
12,14,127.87330205622833
11,14,116.88464989871328
11,14,107.94786424354596
11,15,274.92797389188166
11,15,108.85514217675455
12,15,175.70476003434987
12,15,180.69332971279727
11,15,100.0
11,15,100.0
10,15,100.0
10,15,100.0
9,15,126.73964443813753
9,15,393.68823760557393
8,15,241.6066059319514
8,15,413.8247242260953
7,15,613.138917822185
7,15,298.7632758272322
7,14,318.4518042514468
7,14,411.4459005888036
8,14,170.97504717975096
8,14,272.51874713632805
8,15,100.0
8,15,615.9907188372301
7,15,281.70255255079184
7,15,271.1551284907454
6,15,100.0
6,15,404.44134683833585
5,15,151.18074919140264
5,15,196.9272557772434
6,15,330.4802864301813
6,15,185.90303215077972
7,15,265.4614888801225
7,15,100.0
6,15,203.49113284884146
6,15,493.73891577166313
5,15,121.34271892187323
5,15,257.61654611063324
5,16,294.70177302911605
5,16,369.54176284975625
4,16,100.0
4,16,222.47592328747447
3,16,308.8451246100763
3,16,253.22873870197563
2,16,412.1840563935169
2,16,150.80120199673613
3,16,100.0
3,16,307.66976772507263
2,16,528.7808452830459
2,16,328.0798216900513
1,16,113.60719838166376
1,16,100.0
1,17,260.0958559289913
1,17,316.1140745823264
0,17,154.88908678841173
0,17,307.6515425072947
-1,17,328.5190320472991
-1,17,100.0
-1,18,100.0
-1,18,227.81434962049838
-2,18,242.93341296566683
-2,18,100.0
-3,18,199.34934262249004
-3,18,131.8370710344717
-3,19,100.0
-3,19,230.4640244406474
-4,19,100.0
-4,19,168.75686281724552
-4,20,253.55059794486115
-4,20,100.0
-5,20,141.88157104899176
-5,20,131.4745831322738
-6,20,100.0
-6,20,180.63324873814537
-7,20,126.6428470985559
-7,20,100.0
-8,20,280.33498827834615
-8,20,100.0
-9,20,100.0
-9,20,209.92033895446372
-10,20,100.0
-10,20,180.0518648133762
-11,20,240.1412139226896
-11,20,100.0
-10,20,100.0
-10,20,100.0
-11,20,211.88971913790502
-11,20,100.0
-12,20,100.0
-12,20,156.96221663099013
-13,20,121.36223075813163
-13,20,168.76644530225633
-13,19,182.84191326724073
-13,19,152.2339246008019
-14,19,341.89359466675194
-14,19,146.43824054815255
-14,18,100.0
-14,18,100.0
-15,18,100.0
-15,18,100.0
-16,18,125.08265596039266
-16,18,120.18270896118057
-17,18,100.0
-17,18,100.0
-18,18,100.0
-18,18,100.0
-18,17,100.0
-18,17,100.0
-19,17,105.68353720849672
-19,17,133.7528564741278
-20,17,188.17660957886812
-20,17,100.0
-20,18,100.0
-20,18,139.39466407319657
-20,19,120.24459067058649
-20,19,100.0
-20,18,100.0
-20,18,100.0
-20,17,100.0
-20,17,100.0
-20,16,100.0
-20,16,100.0
-20,15,100.0
-20,15,103.38871041863806
-20,14,125.73869165208941
-20,14,136.41734524736722
-19,14,101.56575382491093
-19,14,257.3573158187262
-18,14,141.31782156229212
-18,14,454.28429288286765
-17,14,100.0
-17,14,100.0
-17,13,280.8592931889457
-17,13,198.10483858427415
-18,13,100.0
-18,13,124.03906343786014
-17,13,117.0758923735853
-17,13,313.3286598241125
-16,13,319.5653795739132
-16,13,342.40657806689455
-16,14,284.23780504470903
-16,14,201.87877790213327
-16,15,307.4221342175746
-16,15,226.32040054581472
-16,14,100.0
-16,14,253.5798507598637
-15,14,219.95458539080317
-15,14,100.0
-14,14,364.99900780874066
-14,14,100.0
-13,14,100.0
-13,14,131.58127275225556
-12,14,207.0889774327716
-12,14,100.0
-12,13,212.2450410877518
-12,13,300.05353764989667
-12,14,269.9912805998621
-12,14,100.0
-12,13,100.0
-12,13,350.1419362518802
-12,14,198.79042306562647
-12,14,407.58800060708165
-11,14,139.3545042715627
-11,14,148.1143566850376
-11,15,100.0
-11,15,101.75557998776233
-11,14,246.88084041768263
-11,14,100.0
-12,14,286.3428619071391
-12,14,479.62355865871325
-12,13,102.3763225595752
-12,13,565.4830487128686
-11,13,264.7677307458737
-11,13,201.95713749212604
-11,12,326.9694013050775
-11,12,119.87628262715809
-11,11,391.48014013006053
-11,11,266.4631412220414
-11,10,343.1042127984023
-11,10,524.3219216122874
-11,11,179.54246426421685
-11,11,305.04206355725853
-11,10,336.97440456438864
-11,10,100.0
-11,11,143.4214074156925
-11,11,379.44774364995476
-11,12,418.31689195374247
-11,12,181.15417881953462
-11,11,123.72755734207064
-11,11,336.70986027050566
-10,11,100.0
-10,11,100.0
-11,11,279.15840891011356
-11,11,309.8988199466699
-12,11,191.27870794595714
-12,11,166.5428783960799
-11,11,253.70526580572414
-11,11,277.6620070572859
-11,10,126.05018000825005
-11,10,280.8544520319398
-10,10,232.53035607492362
-10,10,487.58055540285
-10,9,220.21731139130793
-10,9,332.2900612087384
-10,8,288.10701039309134
-10,8,126.94835329201959
-9,8,240.23688628626837
-9,8,319.76262651814005
-8,8,187.1227882811063
-8,8,346.88791492298003
-8,9,272.1588621557098
-8,9,195.410193872853
-8,8,346.053512683539
-8,8,409.1896799532193
-7,8,356.1406744778403
-7,8,357.9668205665459
-7,7,383.211827024395
-7,7,100.0
-7,6,424.3558609486705
-7,6,598.9652058288546
-6,6,427.4198871079896
-6,6,195.76177589244801
-6,7,408.1091301085712
-6,7,168.4723095623997
-6,6,367.511451554013
-6,6,268.55633218356724
-6,5,586.5444856929178
-6,5,177.479091243051
-6,4,489.2524431124584
-6,4,423.6359831823304
-6,3,654.6857901465362
-6,3,219.3335157858583
-6,4,243.32074117979016
-6,4,578.8015829927604
-5,4,253.73367239624633
-5,4,416.3284011856631
-5,3,236.12954225421473
-5,3,385.59636975052683
-5,2,347.59198479451834
-5,2,602.205169545467
-5,1,702.4931722218624
-5,1,262.0136286167565
-5,0,274.53903413829676
-5,0,402.29798730118364
-5,-1,472.2176200473227
-5,-1,326.7270337805277
-6,-1,618.656061890494
-6,-1,172.66739059258845
-6,-2,568.8934627882538
-6,-2,375.2788207501772
-6,-3,171.11832717883
-6,-3,607.2710461305387
-6,-4,327.77887348588376
-6,-4,640.2328539890557
-5,-4,377.2098184516788
-5,-4,247.84715590863573
-4,-4,205.61690584974696
-4,-4,100.0
-4,-5,490.84716858961855
-4,-5,316.5815492262289
-3,-5,393.3030332096132
-3,-5,152.23306308826108
-2,-5,306.2560616963325
-2,-5,375.16042232904636
-1,-5,759.785017431976
-1,-5,481.20921301888677
-1,-6,707.9845539421776
-1,-6,382.0827166655386
0,-6,436.8083823333343
0,-6,415.2158663315255
0,-7,386.61423667284953
0,-7,446.46594501974084
1,-7,396.3696703062586
1,-7,180.16237002220194
2,-7,583.7227065126842
2,-7,100.0
2,-8,268.18444376656
2,-8,318.8480223857686
3,-8,309.75999470824786
3,-8,319.98537041907207
4,-8,214.16034658072962
4,-8,214.89780890039245
4,-9,347.81688870260615
4,-9,345.0735032785541
5,-9,653.4635268094652
5,-9,264.7378425260339
5,-10,385.0900089635462
5,-10,552.2755224749907
6,-10,777.1158336876426
6,-10,636.4280174012936
5,-10,514.0826122508684
5,-10,235.46250736832607
5,-11,100.0
5,-11,551.9430971354166
6,-11,261.2293728014563
6,-11,162.53801107412252
6,-12,402.81239555040395
6,-12,349.5328729058559
7,-12,223.2056808780306
7,-12,601.3291791685588
8,-12,377.05503848506595
8,-12,109.56295898994611
9,-12,183.59980411190378
9,-12,344.43204172670573
8,-12,449.21265500819527
8,-12,150.00643795694825
9,-12,208.2504395495633
9,-12,294.570477271292
10,-12,161.85147839533073
10,-12,245.63951360096826
11,-12,126.84351377184396
