-17,16,61.02395818445058
-17,16,61.02395818445058
-16,16,147.53309759390424
-16,16,96.91527023172796
-16,16,102.19887530214928
-16,15,55.44661712879076
-16,15,61.02395818445058
-16,15,202.33302164706657
-15,15,134.93958171361953
-15,15,96.8988028203273
-15,15,173.62258524165827
-16,15,231.34739174468422
-16,15,126.93514423262
-16,15,61.02395818445058
-15,15,55.44661712879076
-15,15,58.45296070695173
-15,15,50.0
-14,15,115.7666778045457
-14,15,102.28519508876931
-14,15,50.0
-15,15,50.0
-15,15,96.07998664312525
-15,15,288.7050138853157
-14,15,82.56890120809311
-14,15,73.23832249526018
-14,15,507.9962483150865
-13,15,61.02395818445058
-13,15,153.82891958583804
-13,15,50.0
-14,15,50.0
-14,15,154.2300901497108
-14,15,50.0
-14,14,50.0
-14,14,127.45811188886651
-14,14,393.4424242652259
-13,14,61.02395818445058
-13,14,104.30392610226993
-13,14,50.0
-13,13,61.02395818445058
-13,13,55.44661712879076
-13,13,55.44661712879076
-13,14,55.44661712879076
-13,14,123.42552376288793
-13,14,50.0
-12,14,106.79991396181285
-12,14,50.0
-12,14,357.1955119908836
-12,13,76.83150234919205
-12,13,154.08526922568632
-12,13,226.73454949368417
-11,13,176.32013710381784
-11,13,61.02395818445058
-11,13,159.37961069904165
-10,13,149.7907801657908
-10,13,202.33049448358386
-10,13,95.66782859326506
-9,13,55.44661712879076
-9,13,74.39818153035813
-9,13,147.13362229501035
-9,12,279.3177770990319
-9,12,214.63626078353343
-9,12,144.6805762112538
-9,11,165.14785932356182
-9,11,95.45811584861474
-9,11,140.67033080382038
-8,11,231.72933553181798
-8,11,174.18439947733887
-8,11,195.2408590322908
-7,11,270.79723601114785
-7,11,61.02395818445058
-7,11,50.0
-7,10,156.35728485079153
-7,10,132.0831120293388
-7,10,106.68666538251343
-7,9,201.58869685357166
-7,9,179.82293614380293
-7,9,160.16934200702434
-6,9,118.06379860442561
-6,9,361.9645998509473
-6,9,270.6110713406018
-5,9,113.52039863920126
-5,9,176.60984968414786
-5,9,192.43469442511176
-4,9,90.38908020954767
-4,9,308.5482072803847
-4,9,509.5240836384447
-4,8,169.51605836210425
-4,8,270.5376792824622
-4,8,97.55290238656347
-3,8,343.236486990402
-3,8,138.1332872669434
-3,8,238.62945109789496
-3,7,474.3087680515342
-3,7,196.06693795660658
-3,7,249.42368231291556
-2,7,190.241527147607
-2,7,201.74407022284126
-2,7,190.34097572505672
-2,6,158.14167386278808
-2,6,240.23639578701008
-2,6,302.16790051643306
-2,5,503.09084406060583
-2,5,274.5347204706513
-2,5,195.04223845379266
-1,5,243.91552971252034
-1,5,257.799192060539
-1,5,256.89144295961347
0,5,489.92498756487885
0,5,253.64793832589703
0,5,354.8031581734238
0,4,476.31141680393284
0,4,218.1390036998852
0,4,449.5381507267201
0,3,188.4985031449423
0,3,387.7744363638582
0,3,299.47112138748616
1,3,317.20543535513235
1,3,247.40539019101197
1,3,267.39803102057243
2,3,349.79467355938465
2,3,314.1190394928161
2,3,196.8250807163176
2,2,286.78173301898795
2,2,301.46312150157996
2,2,248.37639555884493
2,1,362.518638990175
2,1,199.2603885619102
2,1,273.4726140668842
3,1,154.56325331728004
3,1,162.66736708308602
3,1,716.1248241716536
4,1,169.14562331865264
4,1,274.81694384806195
4,1,126.2859626405166
4,2,261.79763991866037
4,2,332.1430709960037
4,2,687.0480415515393
4,1,261.41122118014704
4,1,187.28342841191267
4,1,707.0167011714746
4,0,150.9600266076062
4,0,280.235428086667
4,0,311.4994460425518
5,0,127.10976330861232
5,0,154.09530304054994
5,0,321.9826347722976
4,0,488.730884053026
4,0,345.57666546735743
4,0,521.8399258127135
4,-1,243.04677503194767
4,-1,322.18119705673917
4,-1,236.3495377206016
5,-1,704.5772572987846
5,-1,248.21781855399962
5,-1,196.91097469607922
6,-1,304.04308060494503
6,-1,550.4459926117948
6,-1,204.13230837617402
6,0,313.3805631385101
6,0,182.36864024890164
6,0,522.6046506685827
7,0,305.7943636496034
7,0,234.37113059898527
7,0,227.07325863380785
7,1,408.90066458614274
7,1,321.2445695933745
7,1,259.60370164156285
8,1,236.08962835340003
8,1,297.433724453468
8,1,103.46142880423835
9,1,288.77177247391035
9,1,213.2580785957822
9,1,140.5006047626787
10,1,74.6094750843979
10,1,331.5604729691428
10,1,182.78720219850192
11,1,184.30912453693534
11,1,204.2113088827702
11,1,186.71160871434552
11,0,206.37812710386376
11,0,568.384140436913
11,0,346.26769846389766
11,-1,105.34039572283746
11,-1,84.87511324066242
11,-1,91.35556091577243
11,0,53.85821842852101
11,0,284.84440516294075
11,0,280.2723652451749
12,0,129.92512131968175
12,0,281.08222196596694
12,0,177.13528829795987
13,0,342.7665384329271
13,0,257.34651244931115
13,0,225.58921005798715
13,1,231.5952761195013
13,1,156.1463364436296
13,1,490.20285090468593
13,2,154.6664697907989
13,2,172.3627204178997
13,2,102.92764424368991
13,1,463.10719790152984
13,1,189.78677647760236
13,1,61.02395818445058
13,2,106.46869102955449
13,2,237.289978097629
13,2,130.48617896913765
14,2,390.67430584317657
14,2,125.14664545578937
14,2,110.73006324386216
15,2,115.56011454079676
15,2,145.2823089947963
15,2,174.55192146379488
15,3,123.00770943827484
15,3,145.8784902694768
15,3,70.26513312354636
15,4,105.55498058155351
15,4,144.22445955509644
15,4,105.31505475793628
15,5,213.2108604557314
15,5,61.02395818445058
15,5,121.49950187090012
16,5,105.35004673219738
16,5,244.65565779860862
16,5,168.01727334107377
16,4,130.5379902884507
16,4,171.78406647587167
16,4,50.0
16,5,55.44661712879076
16,5,294.15031995377507
16,5,132.0973302098843
16,6,153.77631379220264
16,6,258.70496879760697
16,6,405.69225517307376
16,7,140.85392800029493
16,7,50.0
16,7,191.97616469363754
16,8,159.36956444375238
16,8,107.69886413577932
16,8,179.9896042697747
17,8,61.02395818445058
17,8,50.0
17,8,74.07775077624976
16,8,141.8755500375064
16,8,114.30433320056389
16,8,167.403849511343
16,9,156.83992399570158
16,9,50.0
16,9,398.3894611408482
15,9,144.58486561949397
15,9,161.27044839151824
15,9,166.3810021934911
14,9,193.14425716556963
14,9,198.82138261986498
14,9,128.82542165850998
15,9,268.35311122734424
15,9,172.33669147479935
15,9,122.41410422682836
15,10,149.5550109675968
15,10,119.95104052243617
15,10,50.0
14,10,185.09481119934696
14,10,143.06234310838724
14,10,61.02395818445058
13,10,169.9851677560342
13,10,165.5185584157214
13,10,197.5235090245508
12,10,340.42804237596516
12,10,136.6157206969625
12,10,355.9238248697501
12,11,119.09213362263063
12,11,255.56087437006408
12,11,206.76227863840145
11,11,206.90901732150527
11,11,101.9744416399845
11,11,61.02395818445058
11,12,131.70186657811217
11,12,89.87912849368607
11,12,141.58379765965879
12,12,164.074809678136
12,12,132.81644234939392
12,12,303.71673840217727
12,13,55.44661712879076
12,13,85.8883808854861
12,13,140.50321107520168
12,14,61.02395818445058
12,14,309.31218620353565
12,14,172.75536467336985
11,14,123.32172396140622
11,14,163.91037783185985
11,14,61.02395818445058
11,15,174.5191226508709
11,15,103.04403109815175
11,15,518.3737094964833
12,15,109.06202099532703
12,15,283.4928672817839
12,15,209.45525302152095
11,15,152.6589409583429
11,15,81.73491484555787
11,15,167.20193775303915
10,15,230.15733765781277
10,15,83.12078215619857
10,15,164.97788915745505
9,15,96.05725913025562
9,15,106.15399345689823
9,15,256.31035638026697
8,15,108.18823476687432
8,15,92.48739945781867
8,15,138.01441883533482
7,15,98.49177691268932
7,15,104.13205173256615
7,15,100.71256585860017
7,14,360.44850752790546
7,14,265.7159339761681
7,14,298.5585722577149
8,14,112.91540736937543
8,14,50.0
8,14,61.02395818445058
8,15,224.84629994220649
8,15,483.0620713882255
8,15,116.45831492200634
7,15,250.07589217632454
7,15,418.5175462043198
7,15,549.3713785533372
6,15,50.0
6,15,401.0737017603807
6,15,150.8052743614283
5,15,151.98911512973717
5,15,155.26142416526267
5,15,55.44661712879076
6,15,135.08625063373609
6,15,137.98076461751123
6,15,119.51796911901664
7,15,119.01924047192753
7,15,171.21484304757436
7,15,77.99953772555426
6,15,208.9764942774994
6,15,89.71375106626161
6,15,61.02395818445058
5,15,126.30832298878511
5,15,141.0217930838241
5,15,104.33260537544773
5,16,50.0
5,16,50.0
5,16,264.9930013888062
4,16,100.11759200477229
4,16,96.98315349902097
4,16,100.67395392508374
3,16,284.5898612373851
3,16,52.89408282513601
3,16,50.0
2,16,122.64413107820825
2,16,92.79075071026878
2,16,54.70272868875713
3,16,192.0851288589285
3,16,173.56439157531392
3,16,62.34272228156599
2,16,134.61902654176177
2,16,424.48731622775506
2,16,288.97907388295334
1,16,101.38711079890976
1,16,75.7111151789322
1,16,160.52522082171478
1,17,50.0
1,17,147.68958820055843
1,17,203.52749200016615
0,17,150.22101428620965
0,17,201.5915742081482
0,17,59.50805398907356
-1,17,130.0104994527165
-1,17,101.73867806688858
-1,17,469.2765227124555
-1,18,54.433016658873804
-1,18,369.9927988678843
-1,18,124.8972972186769
-2,18,137.2756269147195
-2,18,55.44661712879076
-2,18,143.57068674515693
-3,18,132.88812119720222
-3,18,161.05818353393818
-3,18,135.84745793537417
-3,19,180.654416056553
-3,19,133.16708516758172
-3,19,303.6858003208438
-4,19,153.3178591270826
-4,19,50.0
-4,19,61.02395818445058
-4,20,189.8282084556489
-4,20,56.09890100647704
-4,20,126.86395383472257
-5,20,55.44661712879076
-5,20,449.176426233479
-5,20,50.0
-6,20,61.02395818445058
-6,20,121.93567682471631
-6,20,61.02395818445058
-7,20,127.23710848747795
-7,20,94.27125009617689
-7,20,83.35400008538807
-8,20,197.03895999435036
-8,20,55.44661712879076
-8,20,98.90397791002445
-9,20,286.7507450800664
-9,20,89.70210447337175
-9,20,50.0
-10,20,58.23067211539693
-10,20,162.37985525762966
-10,20,67.0180894756175
-11,20,85.41262864337548
-11,20,50.0
-11,20,50.0
-10,20,50.0
-10,20,167.00201719862756
-10,20,50.0
-11,20,50.0
-11,20,231.78686091659307
-11,20,50.0
-12,20,50.0
-12,20,107.19393371999337
-12,20,110.27257964704235
-13,20,50.0
-13,20,141.53931050243006
-13,20,55.08258506233767
-13,19,61.02395818445058
-13,19,169.39976320666966
-13,19,61.02395818445058
-14,19,69.82628339289553
-14,19,144.19209063919573
-14,19,57.85855710096711
-14,18,55.44661712879076
-14,18,70.68648309643604
-14,18,250.82997833000653
-15,18,367.3928308168159
-15,18,55.44661712879076
-15,18,50.0
-16,18,55.44661712879076
-16,18,55.44661712879076
-16,18,79.55402232452646
-17,18,79.92292493200341
-17,18,56.048926438112716
-17,18,55.44661712879076
-18,18,50.0
-18,18,50.0
-18,18,55.44661712879076
-18,17,53.71291550237407
-18,17,55.44661712879076
-18,17,50.0
-19,17,55.44661712879076
-19,17,61.02395818445058
-19,17,50.0
-20,17,61.02395818445058
-20,17,50.0
-20,17,96.23390547538382
-20,18,50.0
-20,18,50.0
-20,18,66.10950169229794
-20,19,212.17896092761336
-20,19,55.44661712879076
-20,19,199.15044897973297
-20,18,65.34028058635442
-20,18,55.44661712879076
-20,18,50.0
-20,17,55.44661712879076
-20,17,55.44661712879076
-20,17,55.44661712879076
-20,16,50.0
-20,16,50.0
-20,16,50.0
-20,15,61.02395818445058
-20,15,61.02395818445058
-20,15,50.0
-20,14,89.36989138948263
-20,14,55.44661712879076
-20,14,55.44661712879076
-19,14,50.0
-19,14,104.9339929938755
-19,14,102.62589361234724
-18,14,50.0
-18,14,61.02395818445058
-18,14,50.0
-17,14,108.18738396888446
-17,14,50.0
-17,14,50.0
-17,13,119.37785240146317
-17,13,63.10191684116772
-17,13,50.0
-18,13,85.75360608975875
-18,13,99.24362899600376
-18,13,50.0
-17,13,61.02395818445058
-17,13,93.72994625204207
-17,13,55.44661712879076
-16,13,55.44661712879076
-16,13,140.22775787409614
-16,13,130.50789679189626
-16,14,174.80677412942535
-16,14,81.52649489858196
-16,14,50.0
-16,15,82.01580466757706
-16,15,50.0
-16,15,55.44661712879076
-16,14,55.44661712879076
-16,14,389.45182985976305
-16,14,64.53659528555403
-15,14,55.44661712879076
-15,14,61.02395818445058
-15,14,50.0
-14,14,162.7733081190103
-14,14,58.78743913734759
-14,14,102.4718366263734
-13,14,50.0
-13,14,50.0
-13,14,74.99357546798606
-12,14,50.0
-12,14,73.95111394494867
-12,14,220.79653306760093
-12,13,154.6059978054815
-12,13,91.94295971554877
-12,13,177.56681426717253
-12,14,178.41609929661564
-12,14,116.74644092627868
-12,14,58.276948910603096
-12,13,93.50259989877478
-12,13,445.3087478426392
-12,13,388.48840271742824
-12,14,168.01042811888402
-12,14,50.0
-12,14,103.14810738861082
-11,14,105.62523927993857
-11,14,106.84493474143405
-11,14,129.35146029186072
-11,15,118.2553085854475
-11,15,279.8624472361875
-11,15,119.85508863839297
-11,14,171.83475440746756
-11,14,58.52256204774958
-11,14,89.2380888342388
-12,14,121.54630119359929
-12,14,61.02395818445058
-12,14,165.16531549004014
-12,13,50.0
-12,13,55.44661712879076
-12,13,133.2572318958222
-11,13,64.8246193135283
-11,13,186.7813936533118
-11,13,137.98613205997694
-11,12,183.7300138850133
-11,12,50.0
-11,12,50.0
-11,11,233.31962895250996
-11,11,50.0
-11,11,151.42219003900587
-11,10,120.59670079653363
-11,10,182.35324371430738
-11,10,194.98509982314368
-11,11,453.681304738314
-11,11,131.581326479366
-11,11,125.11585094706211
-11,10,173.567330178384
-11,10,142.81402130655906
-11,10,183.7264183746588
-11,11,80.04078022257713
-11,11,61.02395818445058
-11,11,145.12225107808294
-11,12,55.44661712879076
-11,12,50.0
-11,12,62.8644215758411
-11,11,99.28522380996054
-11,11,180.47861883759157
-11,11,221.81049747803849
-10,11,70.48586247301526
-10,11,108.67642981025348
-10,11,136.4051626040429
-11,11,161.7350174319668
-11,11,166.56834925997398
-11,11,247.34871564672306
-12,11,50.0
-12,11,131.71085468654596
-12,11,67.06988788717922
-11,11,180.41001852182887
-11,11,187.24304111268444
-11,11,176.76098340844305
-11,10,50.0
-11,10,211.5834492109503
-11,10,50.0
-10,10,186.54608343017344
-10,10,55.44661712879076
-10,10,141.32974299650965
-10,9,314.8272104505067
-10,9,186.9573399730487
-10,9,215.6875712909431
-10,8,371.7196641163929
-10,8,330.24428406682654
-10,8,492.63292463189947
-9,8,480.4582313950205
-9,8,286.09491184995363
-9,8,172.499632720848
-8,8,140.8693517534159
-8,8,232.12799376405212
-8,8,383.71477033813267
-8,9,270.81927979339247
-8,9,50.0
-8,9,259.115241078108
-8,8,60.64591213291898
-8,8,386.7910519749878
-8,8,304.23732897340057
-7,8,224.50654348430476
-7,8,183.4939921451464
-7,8,605.7538467805763
-7,7,88.54432765439768
-7,7,202.424951827061
-7,7,193.71220023266483
-7,6,245.38234216319677
-7,6,505.07079920684794
-7,6,167.87950239305468
-6,6,209.80399011523062
-6,6,226.60855596197683
-6,6,495.0936270785352
-6,7,330.6443381688953
-6,7,127.0133074197752
-6,7,292.44225830570554
-6,6,219.9074420461546
-6,6,334.60168457227684
-6,6,641.6871694747206
-6,5,166.67675315091768
-6,5,275.7192991064324
-6,5,181.07104076989128
-6,4,247.9195192894003
-6,4,645.0984505962872
-6,4,320.66392863879605
-6,3,214.62567833877648
-6,3,260.7981252920376
-6,3,271.83323303498855
-6,4,144.41068631495648
-6,4,202.7198935894812
-6,4,212.6207375622075
-5,4,142.05924947994993
-5,4,174.48944311617123
-5,4,502.5466377888872
-5,3,181.3642649212313
-5,3,240.25078227717415
-5,3,334.3058957354547
-5,2,320.8335439375021
-5,2,334.4915272041922
-5,2,167.50409143429744
-5,1,532.2946783583907
-5,1,203.79316999783828
-5,1,431.88887308399535
-5,0,390.81632708957716
-5,0,302.31822078391
-5,0,263.7671586658251
-5,-1,282.6031862912763
-5,-1,198.35800801714012
-5,-1,275.3220983305811
-6,-1,211.52427281311873
-6,-1,444.9326543512791
-6,-1,240.5517327382277
-6,-2,212.22588039277477
-6,-2,61.02395818445058
-6,-2,750.0572098158262
-6,-3,721.3349471319958
-6,-3,305.50581608933237
-6,-3,150.27422545512428
-6,-4,159.04359127423376
-6,-4,154.29539856303575
-6,-4,84.34863170502186
-5,-4,201.71668180039813
-5,-4,213.68389248129594
-5,-4,190.34466794627406
-4,-4,173.86635153584004
-4,-4,124.56276898934988
-4,-4,117.64341497417892
-4,-5,113.52622888557428
-4,-5,166.57468222364062
-4,-5,233.07914817222792
-3,-5,245.17090853745225
-3,-5,179.03761812088203
-3,-5,296.748521935872
-2,-5,514.7585592196241
-2,-5,285.1842571598072
-2,-5,50.0
-1,-5,226.12985569077574
-1,-5,292.3708471375172
-1,-5,366.2233036453192
-1,-6,184.25274181666902
-1,-6,223.65070682228918
-1,-6,296.85345139999185
0,-6,270.532060635229
0,-6,310.17396453125525
0,-6,272.26852541015813
0,-7,194.7542535507069
0,-7,284.1021135807284
0,-7,101.66937130902187
1,-7,260.10170431660356
1,-7,218.46171396232185
1,-7,386.6806955949516
2,-7,114.42810550082521
2,-7,111.64345986945855
2,-7,258.604601211826
2,-8,320.23068879545315
2,-8,221.65539060735196
2,-8,226.61855046595852
3,-8,162.84202201346795
3,-8,307.0170533989347
3,-8,230.39255116331984
4,-8,282.8603437176658
4,-8,151.9813957651202
4,-8,202.4198306884251
4,-9,175.6663436567015
4,-9,205.05673747444143
4,-9,143.45949350792432
5,-9,224.16153069195602
5,-9,235.9279547211708
5,-9,273.29751328738223
5,-10,257.32111695729367
5,-10,176.90117955275338
5,-10,115.56215803665944
6,-10,141.09894064500492
6,-10,520.330392547733
6,-10,175.30668321558346
5,-10,190.17082349350815
5,-10,303.96409794619706
5,-10,194.983103065831
5,-11,61.02395818445058
5,-11,210.55346815065883
5,-11,309.04002583529154
6,-11,136.00773374919189
6,-11,208.5285518874786
6,-11,193.54073949059062
6,-12,88.97731016846765
6,-12,127.30175601701117
6,-12,266.2551415836092
7,-12,79.21197027675785
7,-12,184.2639253175911
7,-12,141.65290889916616
8,-12,61.63662524136903
8,-12,146.12582714974607
8,-12,82.93065401602583
9,-12,137.329344166903
9,-12,85.10791279751174
9,-12,130.98360063163742
8,-12,171.9335313857183
8,-12,213.72619713987112
8,-12,98.49098123368321
9,-12,112.9121865867981
9,-12,158.00424442602815
9,-12,61.02395818445058
10,-12,55.44661712879076
10,-12,61.02395818445058
10,-12,50.0
11,-12,241.91472220349468
11,-12,50.0
11,-12,55.44661712879076
11,-13,143.2719398799582
11,-13,50.0
11,-13,50.0
12,-13,98.55521995043223
12,-13,92.9938955145982
12,-13,50.0
13,-13,55.44661712879076
13,-13,50.0
13,-13,50.0
12,-13,50.0
12,-13,162.4516688879114
12,-13,96.25689239241844
13,-13,61.02395818445058
13,-13,457.1294532966078
13,-13,129.09442636522067
13,-14,143.4287805067404
13,-14,146.54115035701187
13,-14,55.44661712879076
14,-14,104.14544546362276
14,-14,74.11875054272397
14,-14,61.02395818445058
14,-15,61.22136858748851
14,-15,50.0
14,-15,61.02395818445058
13,-15,50.0
13,-15,55.44661712879076
13,-15,125.3733027916904
14,-15,331.4528396213262
14,-15,50.0
14,-15,119.51074717011655
15,-15,89.56345341647811
15,-15,86.56747128923185
15,-15,121.17395192190493
14,-15,50.0
14,-15,75.88143603440076
14,-15,108.46820140352403
13,-15,93.94013320265907
13,-15,56.17657058771103
13,-15,61.02395818445058
14,-15,55.44661712879076
14,-15,50.0
14,-15,61.02395818445058
15,-15,84.06037260123321
15,-15,50.0
15,-15,61.02395818445058
15,-16,50.0
15,-16,55.44661712879076
15,-16,61.02395818445058
16,-16,111.22496282379474
16,-16,50.0
16,-16,50.0
17,-16,55.44661712879076
17,-16,62.30811721933182
17,-16,170.89365570615044
16,-16,232.11413232526385
16,-16,60.66295121087746
16,-16,61.02395818445058
17,-16,54.808794610186204
17,-16,50.0
17,-16,118.36014997645974
18,-16,50.0
18,-16,61.02395818445058
18,-16,50.0
17,-16,61.02395818445058
17,-16,146.9930340235028
17,-16,69.64492384169245
18,-16,194.09978737736245
18,-16,50.0
18,-16,61.02395818445058
19,-16,61.02395818445058
19,-16,61.02395818445058
19,-16,61.02395818445058
20,-16,61.02395818445058
20,-16,55.44661712879076
20,-16,50.0
20,-15,50.0
20,-15,55.44661712879076
20,-15,50.0
20,-14,50.0
20,-14,61.02395818445058
20,-14,61.02395818445058
20,-13,50.0
20,-13,61.02395818445058
20,-13,50.0
20,-12,61.02395818445058
20,-12,107.98431289935813
20,-12,91.38513147063153
20,-11,255.34914015553974
20,-11,55.44661712879076
20,-11,136.6860546923121
20,-10,50.0
20,-10,117.19234016616835
20,-10,120.08471343990627
20,-9,95.69419811096539
20,-9,246.79644860582275
20,-9,153.37187880861146
20,-10,55.44661712879076
20,-10,168.89874753957258
20,-10,61.02395818445058
20,-9,270.35014516847485
20,-9,79.11520821949921
20,-9,55.44661712879076
20,-8,50.0
20,-8,76.7231841418328
20,-8,146.19112110571416
20,-7,50.0
20,-7,55.44661712879076
20,-7,92.49563643965311
20,-6,55.44661712879076
20,-6,61.02395818445058
20,-6,102.3812825575376
20,-5,70.030170542226
20,-5,80.26694497914889
20,-5,50.0
20,-6,81.50018497612034
20,-6,244.0887179173973
20,-6,61.02395818445058
20,-5,50.0
20,-5,55.44661712879076
20,-5,50.0
20,-4,102.66878185425108
20,-4,50.0
20,-4,50.0
20,-3,77.39563702672795
20,-3,50.0
20,-3,61.02395818445058
20,-2,63.661048642349115
20,-2,50.0
20,-2,55.44661712879076
20,-1,50.0
20,-1,324.0162689298242
20,-1,55.44661712879076
20,0,91.05778141810593
20,0,155.53442561900113
20,0,61.02395818445058
20,-1,61.02395818445058
20,-1,166.50118255759932
20,-1,73.52677701155984
20,0,108.11161640480705
20,0,50.0
20,0,92.69411909439293
20,1,159.02326221854966
20,1,55.44661712879076
20,1,88.47763479143129
20,0,65.79134198650807
20,0,146.00446256450977
20,0,387.68712394439035
20,1,50.0
20,1,203.1633762421245
20,1,68.18332937496913
20,2,77.16364219955906
20,2,120.70035069814129
20,2,80.01323545607079
20,3,75.69305299532886
20,3,112.46103583214273
20,3,170.4399483619531
20,4,50.0
20,4,73.62229684303026
20,4,150.80265405255233
20,5,373.4757033079212
20,5,55.44661712879076
20,5,153.73397853215263
20,6,94.8354638304521
20,6,84.64459412620572
20,6,115.80422459152967
20,7,50.0
20,7,61.02395818445058
20,7,50.0
20,8,90.36563727133716
20,8,50.0
20,8,88.29536413939348
20,7,61.02395818445058
20,7,166.3680641446119
20,7,66.74924731673534
20,6,50.0
20,6,73.25098537779586
20,6,53.94270033076309
19,6,137.78603438183694
19,6,162.44340337727584
19,6,120.96292817322082
18,6,77.69108869786928
18,6,78.78498545601613
18,6,61.02395818445058
17,6,140.99951415390996
17,6,206.2952240486876
17,6,71.26112232525541
16,6,131.08996106447762
16,6,139.99925944248494
16,6,138.9448535805197
16,5,120.15662151448706
16,5,368.90311251915216
16,5,268.56885374742626
16,4,171.9064348134628
16,4,159.3182257065437
16,4,128.34678705913717
16,3,118.33303005463746
16,3,77.26724236671481
16,3,61.02395818445058
16,2,367.90288076977066
16,2,196.85788079839233
16,2,531.9951651099977
16,3,61.02395818445058
16,3,50.0
16,3,524.6823546230994
15,3,180.41821796877824
15,3,135.8232248153678
15,3,210.3139682868413
14,3,100.3812785544516
14,3,119.98312671673375
14,3,384.01633487426216
14,2,339.50252844582917
14,2,156.75439914382176
14,2,102.17813197987505
13,2,179.19287341970394
13,2,90.75844584840893
13,2,171.82785605591943
13,3,471.21101891006265
13,3,196.74033942786838
13,3,156.72033781070795
13,2,230.54314212865663
13,2,111.10520947233346
13,2,237.85768980327055
12,2,199.86642590859705
12,2,170.91421665518843
12,2,184.54175158134984
12,3,134.65161249040665
12,3,179.9075139441086
12,3,117.7983217272783
12,2,204.4253954533732
12,2,133.5477149115342
12,2,151.5795399407397
12,3,50.67155754869026
12,3,225.3864470129178
12,3,269.701936396013
11,3,236.8046704089232
11,3,119.31824609127858
11,3,280.4818392858996
11,2,323.5324778120969
11,2,282.05219201577546
11,2,221.53387745588046
11,1,167.04772462239572
11,1,137.6666999093405
11,1,282.13009996560663
11,0,117.51877333080537
11,0,199.48774248866195
11,0,208.82971080343864
10,0,115.2611996712592
10,0,174.48027274494785
