-17,16,50.0
-17,16,61.02395818445058
-16,16,61.02395818445058
-16,16,86.51398315745863
-16,16,50.0
-16,15,61.02395818445058
-16,15,50.0
-16,15,55.44661712879076
-15,15,50.0
-15,15,71.85785608764012
-15,15,61.02395818445058
-16,15,472.21187362451167
-16,15,335.8263020580086
-16,15,103.84612846321085
-15,15,80.57866119155686
-15,15,179.81645640216118
-15,15,168.8744936322746
-14,15,55.44661712879076
-14,15,118.36507326525401
-14,15,74.30961253482577
-15,15,50.0
-15,15,92.87931315833129
-15,15,50.0
-14,15,132.75866101567732
-14,15,78.94692218363265
-14,15,61.02395818445058
-13,15,86.58968219723633
-13,15,384.18583129438144
-13,15,96.91868634782976
-14,15,207.94778208764103
-14,15,50.43558200279732
-14,15,57.282832930144146
-14,14,96.06527749885662
-14,14,55.44661712879076
-14,14,60.8670557277277
-13,14,50.0
-13,14,73.02074070732677
-13,14,50.0
-13,13,139.0801544638814
-13,13,64.82170914449601
-13,13,67.39235855090698
-13,14,586.4470847254386
-13,14,135.88723885162676
-13,14,50.0
-12,14,90.91518913629545
-12,14,154.2690473567788
-12,14,55.44661712879076
-12,13,127.6458062773023
-12,13,413.90987902151795
-12,13,117.35817507076136
-11,13,223.25933438327667
-11,13,222.57007796969575
-11,13,134.78577964043217
-10,13,164.23619794551232
-10,13,89.71179516973292
-10,13,137.5226376841553
-9,13,194.14188905500913
-9,13,330.7983966061303
-9,13,146.54392335854484
-9,12,147.38465738175339
-9,12,186.6304173931291
-9,12,212.7537932589829
-9,11,434.22213563723903
-9,11,127.70841547795439
-9,11,379.57792178890907
-8,11,210.38609066262342
-8,11,173.23104953825134
-8,11,115.19233083701849
-7,11,241.58313939238525
-7,11,138.61526044313013
-7,11,206.68903467092838
-7,10,142.86449450075412
-7,10,144.5700252567799
-7,10,187.28429665367406
-7,9,89.9059769269258
-7,9,286.4964680067031
-7,9,103.38756224401783
-6,9,161.64092270642004
-6,9,160.57782847608675
-6,9,233.65824108558462
-5,9,234.46108806780987
-5,9,248.62686811890538
-5,9,150.95444267802048
-4,9,285.1174937967497
-4,9,114.14779018847705
-4,9,258.8321860572503
-4,8,257.20245609706853
-4,8,234.19003440294233
-4,8,146.83268058023185
-3,8,314.86105849321206
-3,8,187.43266751123554
-3,8,92.23849635229557
-3,7,364.51232915821106
-3,7,268.2369341330172
-3,7,239.1182437454201
-2,7,467.27749665788485
-2,7,292.59503612254514
-2,7,301.70092258131774
-2,6,180.44355036156415
-2,6,318.64041879193985
-2,6,255.24885032491144
-2,5,274.878667446619
-2,5,143.9158335344128
-2,5,599.8480518336906
-1,5,269.1236906307844
-1,5,298.8495199402363
-1,5,112.29417076522088
0,5,435.2227872465903
0,5,496.1113716719097
0,5,274.8393242265264
0,4,205.01768905543105
0,4,327.8445124945226
0,4,294.89187757891364
0,3,281.9402933925359
0,3,302.02864415587175
0,3,331.9285993720527
1,3,193.60942633676063
1,3,208.9281005500847
1,3,293.2641118274897
2,3,225.07727997102396
2,3,297.01887345337076
2,3,212.49105020603247
2,2,223.29079453184212
2,2,336.38328905248096
2,2,586.0545488541519
2,1,251.5306744666097
2,1,576.3288697732107
2,1,240.14239579536775
3,1,351.7431996099678
3,1,556.7645671574709
3,1,479.3565395569557
4,1,418.30491343280505
4,1,161.87829165879245
4,1,295.8770830938537
4,2,214.88081048154973
4,2,346.34543325129073
4,2,245.86457867656478
4,1,400.6920984876296
4,1,350.21746741883896
4,1,456.42636596006247
4,0,366.94782830337886
4,0,413.151087085458
4,0,197.0509864974261
5,0,264.05700356427667
5,0,218.92514272536135
5,0,218.5677124868325
4,0,225.24172508878317
4,0,233.5193986674702
4,0,291.5868055581446
4,-1,199.97942393222027
4,-1,241.01344561904025
4,-1,514.4726553247729
5,-1,262.20386608261396
5,-1,752.9212101323951
5,-1,274.221060486867
6,-1,438.6932710576652
6,-1,231.25029729822694
6,-1,194.90967207301884
6,0,526.838390181497
6,0,196.9443552198968
6,0,361.4891199531864
7,0,247.89057164590994
7,0,66.1676421642751
7,0,231.4459979453764
7,1,817.5858001125114
7,1,197.23305697078715
7,1,581.2748942329074
8,1,275.6854528052365
8,1,278.99793473132974
8,1,77.19081730937859
9,1,268.60430236512053
9,1,228.70975086501943
9,1,228.65915275975087
10,1,130.92541495981789
10,1,213.0037347542616
10,1,281.67083731783964
11,1,170.7535288893745
11,1,159.54574518467496
11,1,321.5523446980916
11,0,211.07951502426994
11,0,379.25675459928755
11,0,181.29163607136286
11,-1,269.60938938391877
11,-1,154.15503574018172
11,-1,165.82929332714332
11,0,149.7021858645492
11,0,366.06514567126
11,0,527.7812126842283
12,0,512.2278929080245
12,0,122.66683861823398
12,0,195.49407404935783
13,0,62.64647275642159
13,0,102.80697212576115
13,0,153.77426726269334
13,1,223.887541306745
13,1,447.4197598672172
13,1,162.16316639596582
13,2,414.62979691898613
13,2,58.417551461031664
13,2,168.10867187471402
13,1,71.04650440364621
13,1,142.9681835665927
13,1,82.06966405657266
13,2,50.0
13,2,182.49313505832046
13,2,172.62700627124482
14,2,150.7550520347618
14,2,178.4931986971548
14,2,99.66967966254977
15,2,314.05440814078247
15,2,134.2508484979066
15,2,50.0
15,3,200.08487001147455
15,3,621.8125659876048
15,3,191.3599695987178
15,4,90.02487997615589
15,4,105.98857984777516
15,4,93.95289575546578
15,5,158.47678766316537
15,5,210.24808531489418
15,5,194.14601066777362
16,5,111.45674664277382
16,5,157.83106369436948
16,5,188.16191053683661
16,4,293.5819983645936
16,4,87.25943378807938
16,4,50.0
16,5,102.05893121307636
16,5,190.82618232926427
16,5,394.6330859695779
16,6,157.3549534907695
16,6,55.44661712879076
16,6,61.02395818445058
16,7,61.02395818445058
16,7,106.93584922379034
16,7,132.72010829297878
16,8,110.11171559166112
16,8,132.9419983996946
16,8,98.90166942473175
17,8,140.61935730549672
17,8,236.40201961766724
17,8,114.79837257945022
16,8,55.44661712879076
16,8,77.98999907928398
16,8,177.27147408213102
16,9,361.70619549370764
16,9,130.85575068025705
16,9,191.24796454029425
15,9,80.34805325541342
15,9,529.0827651758077
15,9,278.2411657550232
14,9,173.7963265437449
14,9,135.1535662256884
14,9,183.6965985863731
15,9,206.65880023566226
15,9,150.98538351249243
15,9,125.79010925362834
15,10,217.42650598722628
15,10,50.0
15,10,162.36042588232795
14,10,276.1220999257147
14,10,315.0763208316483
14,10,173.7948775002461
13,10,392.5052893249227
13,10,264.5586365475783
13,10,175.5995797836214
12,10,99.76454346058154
12,10,451.8398751922524
12,10,84.57189566024618
12,11,141.59197954600205
12,11,333.33000176903306
12,11,146.69569588469741
11,11,76.38535124384049
11,11,348.9973483559447
11,11,95.6149409933636
11,12,50.0
11,12,150.95410823591277
11,12,252.23783982513805
12,12,55.44661712879076
12,12,223.51745997012517
12,12,87.08017183340799
12,13,91.46703622448534
12,13,61.02395818445058
12,13,216.04412459405214
12,14,52.205657854727335
12,14,50.0
12,14,80.81136479859195
11,14,124.4909731180273
11,14,146.49935172898688
11,14,201.5607995018516
11,15,57.018811348334694
11,15,113.96332401403765
11,15,178.06146673567918
12,15,83.97215348834058
12,15,196.27895472647958
12,15,105.07816367821825
11,15,93.49058038373319
11,15,166.73741695870876
11,15,133.5765184764772
10,15,50.0
10,15,211.89898221151634
10,15,68.10142183048544
9,15,61.02395818445058
9,15,435.7071888389788
9,15,85.71214972432875
8,15,142.17095817677006
8,15,50.0
8,15,499.09133121722374
7,15,538.2440117883287
7,15,81.12120477953968
7,15,50.0
7,14,113.4078084977989
7,14,214.40814067158635
7,14,180.2992142337829
8,14,138.84458254664207
8,14,103.43743773144618
8,14,155.27265113367258
8,15,175.35606477773814
8,15,289.0322377676297
8,15,362.63559400258066
7,15,242.43143324228026
7,15,187.7775892963253
7,15,175.96447682234805
6,15,168.19435056290672
6,15,167.0607360636298
6,15,137.40854686045967
5,15,362.141974751711
5,15,106.41513935748165
5,15,183.37792665276243
6,15,149.2520102329049
6,15,107.14284636002014
6,15,130.76863143150695
7,15,150.26813805613722
7,15,149.8659107204111
7,15,156.04574166916194
6,15,145.73997717957621
6,15,174.79875394418787
6,15,225.7794774795649
5,15,178.895611030138
5,15,169.62996899509835
5,15,100.66064623919931
5,16,50.0
5,16,115.44083992879817
5,16,55.44661712879076
4,16,71.58229018560522
4,16,50.0
4,16,197.75401444597344
3,16,62.53928747547684
3,16,154.91980821620592
3,16,233.13570025175488
2,16,198.5552750723948
2,16,102.5821703390171
2,16,61.37650658201898
3,16,123.7019007556525
3,16,90.53869385391643
3,16,117.17905609285012
2,16,366.49682677401796
2,16,311.6617621677634
2,16,199.1085894126031
1,16,135.32750582208
1,16,94.48355607971058
1,16,86.14768445809196
1,17,152.3294230927529
1,17,98.31054002125595
1,17,261.251538406048
0,17,96.96132672785635
0,17,301.1244801395298
0,17,61.02395818445058
-1,17,55.44661712879076
-1,17,50.0
-1,17,243.35649780892277
-1,18,183.8609713896926
-1,18,137.32005693013278
-1,18,133.9094131448823
-2,18,89.93489568890024
-2,18,112.52412767733462
-2,18,147.60936901872373
-3,18,475.59075764849194
-3,18,74.78444554239766
-3,18,50.0
-3,19,151.7885217951125
-3,19,50.0
-3,19,50.0
-4,19,50.0
-4,19,50.0
-4,19,181.41856724443537
-4,20,208.5389347028686
-4,20,205.73476720436213
-4,20,95.82450074918904
-5,20,61.02395818445058
-5,20,63.14344410160093
-5,20,74.227466550788
-6,20,61.02395818445058
-6,20,61.02395818445058
-6,20,70.28478410718462
-7,20,50.0
-7,20,50.0
-7,20,50.0
-8,20,98.39453190107629
-8,20,80.44185216394149
-8,20,58.750009494580475
-9,20,192.83378078044424
-9,20,50.0
-9,20,80.43505610431603
-10,20,423.5749163468141
-10,20,58.380646841582085
-10,20,77.9191629939142
-11,20,86.55454540965198
-11,20,50.0
-11,20,63.04809300958394
-10,20,118.18561089481156
-10,20,61.02395818445058
-10,20,62.460066219313
-11,20,61.02395818445058
-11,20,72.52859167717139
-11,20,156.36030529522617
-12,20,300.13634550012256
-12,20,89.78800280212499
-12,20,124.13375818274498
-13,20,61.69480703250602
-13,20,55.44661712879076
-13,20,160.1282786738604
-13,19,61.02395818445058
-13,19,98.62932835946884
-13,19,70.36681092941929
-14,19,61.02395818445058
-14,19,315.00615352233467
-14,19,69.59498208707097
-14,18,50.0
-14,18,69.748746482744
-14,18,114.382492944414
-15,18,50.0
-15,18,74.43391817298992
-15,18,50.0
-16,18,78.86022026011615
-16,18,94.98808536312094
-16,18,50.0
-17,18,50.0
-17,18,50.0
-17,18,55.44661712879076
-18,18,55.44661712879076
-18,18,129.87364632839763
-18,18,50.0
-18,17,129.33660861549905
-18,17,150.30761298206886
-18,17,77.81438104982985
-19,17,61.02395818445058
-19,17,92.75353301670091
-19,17,50.0
-20,17,75.00706485568973
-20,17,61.02395818445058
-20,17,233.46560926511097
-20,18,99.91280796273631
-20,18,50.0
-20,18,50.0
-20,19,50.0
-20,19,61.02395818445058
-20,19,61.02395818445058
-20,18,50.0
-20,18,132.1916403246407
-20,18,61.02395818445058
-20,17,55.44661712879076
-20,17,61.02395818445058
-20,17,55.44661712879076
-20,16,101.9820368517916
-20,16,61.02395818445058
-20,16,106.0173926624523
-20,15,61.02395818445058
-20,15,61.02395818445058
-20,15,50.0
-20,14,55.44661712879076
-20,14,55.44661712879076
-20,14,50.0
-19,14,72.293520334173
-19,14,61.02395818445058
-19,14,125.53156254694802
-18,14,61.02395818445058
-18,14,50.0
-18,14,55.44661712879076
-17,14,61.02395818445058
-17,14,50.0
-17,14,64.67770692664939
-17,13,198.15734127821136
-17,13,139.9202229754962
-17,13,61.02395818445058
-18,13,50.0
-18,13,106.1856937001211
-18,13,55.44661712879076
-17,13,83.21359149953861
-17,13,108.0512520761092
-17,13,108.49726438752619
-16,13,113.09787364525326
-16,13,55.44661712879076
-16,13,72.03688668897158
-16,14,61.02395818445058
-16,14,55.44661712879076
-16,14,71.98016686543122
-16,15,69.22553985228176
-16,15,50.0
-16,15,50.0
-16,14,143.74455242056564
-16,14,55.44661712879076
-16,14,61.02395818445058
-15,14,50.0
-15,14,50.0
-15,14,100.30841154063975
-14,14,99.06954242175937
-14,14,91.02576273383787
-14,14,61.02395818445058
-13,14,80.53472026902072
-13,14,50.0
-13,14,61.02395818445058
-12,14,615.1267005580177
-12,14,76.10857334945409
-12,14,134.47676222979695
-12,13,168.6043473223004
-12,13,141.8835789795485
-12,13,61.02395818445058
-12,14,50.0
-12,14,140.07231221674738
-12,14,135.61664104822782
-12,13,390.72126233403964
-12,13,50.0
-12,13,150.25373434188418
-12,14,139.1915077465402
-12,14,164.82802986774618
-12,14,60.0183315055882
-11,14,458.45489124087317
-11,14,50.0
-11,14,138.52816595781178
-11,15,131.72171769609656
-11,15,191.69039016925367
-11,15,107.94002555288911
-11,14,154.95130655302862
-11,14,239.80062426177213
-11,14,61.02395818445058
-12,14,65.75704100289599
-12,14,204.7615019273646
-12,14,50.0
-12,13,105.70217411143679
-12,13,50.0
-12,13,443.96025167131097
-11,13,78.28724174151279
-11,13,244.93761298469136
-11,13,152.04274165941627
-11,12,185.37774870394264
-11,12,199.97611790510229
-11,12,292.6864789745591
-11,11,232.44317720062995
-11,11,91.14052173836134
-11,11,155.85983979166906
-11,10,220.77428842904882
-11,10,151.84102568844585
-11,10,200.55448352418938
-11,11,548.5738374335881
-11,11,179.74574795287435
-11,11,126.66622644888463
-11,10,139.40390277209144
-11,10,197.4883142817745
-11,10,61.02395818445058
-11,11,233.92886120025355
-11,11,178.78642516169572
-11,11,99.6956417875239
-11,12,248.57828754109394
-11,12,82.59266658034846
-11,12,340.9009449259772
-11,11,145.2550599071148
-11,11,50.0
-11,11,340.3225116623827
-10,11,136.09040846114954
-10,11,129.91211745493658
-10,11,150.5214429484849
-11,11,157.5483812537093
-11,11,143.66766053994695
-11,11,74.59753501782232
-12,11,144.05300083703878
-12,11,215.9544326513917
-12,11,170.55614504068976
-11,11,99.21584611068411
-11,11,167.2315100845954
-11,11,186.6794678470971
-11,10,213.95251890237066
-11,10,221.32307523378643
-11,10,268.276512745632
-10,10,126.61626885315901
-10,10,205.58513583313965
-10,10,518.926513591088
-10,9,179.68778509682807
-10,9,126.01181249420344
-10,9,64.11477731202996
-10,8,174.2266598841602
-10,8,174.1136252138977
-10,8,138.53405344632293
-9,8,182.36778291527432
-9,8,448.5773788447642
-9,8,128.63538134744948
-8,8,146.19488888518282
-8,8,141.87076002469
-8,8,410.8019593930534
-8,9,142.64936543771302
-8,9,325.95510577649156
-8,9,139.74330710770343
-8,8,394.14637145356505
-8,8,175.9451509725062
-8,8,228.1168278172069
-7,8,122.61623858174833
-7,8,416.3626677036368
-7,8,118.37556335226093
-7,7,170.8415274926957
-7,7,116.6832056113154
-7,7,194.46680004382182
-7,6,230.22191023140883
-7,6,178.66831252021106
-7,6,108.01785818337781
-6,6,194.65071722598313
-6,6,143.15248908308783
-6,6,171.5859321091816
-6,7,247.37994310925117
-6,7,143.50618733702595
-6,7,247.6678491594811
-6,6,239.62611916530935
-6,6,520.6998056858392
-6,6,420.64580274469273
-6,5,332.17830043029034
-6,5,265.54188584745964
-6,5,288.6142324489638
-6,4,145.7956254403016
-6,4,187.1994615328151
-6,4,259.90318929892237
-6,3,214.23706120873976
-6,3,404.7003709425041
-6,3,144.7452192688216
-6,4,193.95709995473607
-6,4,217.07976746237378
-6,4,247.79165327107998
-5,4,122.31303060061204
-5,4,215.48464051542825
-5,4,722.6768516335949
-5,3,258.546174141118
-5,3,344.4897092936348
-5,3,219.22164058707983
-5,2,140.0281170702995
-5,2,110.23609041355559
-5,2,195.7465093283826
-5,1,112.47260542426366
-5,1,291.77437681249046
-5,1,236.310863049651
-5,0,318.80205903085715
-5,0,234.94395161031474
-5,0,147.56149950279445
-5,-1,476.5335255059983
-5,-1,203.91023118194917
-5,-1,322.6853763872472
-6,-1,225.75223372609898
-6,-1,238.32533828396532
-6,-1,206.31308020440204
-6,-2,248.61626009819747
-6,-2,256.63750585124757
-6,-2,350.50700334631614
-6,-3,407.69927382774495
-6,-3,429.7021602659118
-6,-3,243.13470690141602
-6,-4,157.00195719367454
-6,-4,282.3331567960589
-6,-4,265.8360253671325
-5,-4,195.43522227192537
-5,-4,424.46131090913536
-5,-4,135.03794598767533
-4,-4,267.42095461177007
-4,-4,193.8475489264601
-4,-4,158.94968925288404
-4,-5,188.02259655703944
-4,-5,517.0178910013287
-4,-5,281.5702413281931
-3,-5,295.02224345884844
-3,-5,723.8072706192659
-3,-5,54.114795190077984
-2,-5,181.95588003438274
-2,-5,207.99760197255827
-2,-5,579.6853978374919
-1,-5,299.31040768131686
-1,-5,258.3095024662657
-1,-5,469.13793086711286
-1,-6,279.8103452281282
-1,-6,123.60313971848464
-1,-6,527.9415745994347
0,-6,128.25281229411064
0,-6,230.61609576880252
0,-6,285.3660755720125
0,-7,198.47227496199773
0,-7,156.996636236962
0,-7,280.7764285477179
1,-7,304.9570704355916
1,-7,154.9256835816749
1,-7,657.4386524762689
2,-7,173.80648019521428
2,-7,193.98205987220462
2,-7,138.5977385773278
2,-8,50.0
2,-8,120.39342862916357
2,-8,236.9128368363804
3,-8,122.35928574531492
3,-8,219.74525441322646
3,-8,245.82914460917158
4,-8,214.30138069445303
4,-8,403.92936943720713
4,-8,294.4191479108665
4,-9,182.15086875758783
4,-9,802.9235781885668
4,-9,207.17906064816856
5,-9,71.95307307810175
5,-9,223.46243035179404
5,-9,164.55054404327421
5,-10,117.71224595710797
5,-10,83.8872047360494
5,-10,280.6001688630413
6,-10,78.89868579400577
6,-10,134.3447792369131
6,-10,108.75214704351671
5,-10,149.3733321036402
5,-10,154.37099318853913
5,-10,116.56518846014156
5,-11,225.51038321932208
5,-11,206.8598152299784
5,-11,257.7035112845882
6,-11,177.31362089307925
6,-11,180.75126381841523
6,-11,138.74509668527384
6,-12,126.16478016823586
6,-12,118.6079713774428
6,-12,99.14966401926321
7,-12,101.25239941787191
7,-12,144.90764205897733
7,-12,261.43768710129876
8,-12,264.09720440247423
8,-12,246.78900946783546
8,-12,154.67116935808
9,-12,50.0
9,-12,119.45383852035684
9,-12,151.2211459628238
8,-12,135.30474408893565
8,-12,439.15652920664843
8,-12,291.6275497446901
9,-12,61.02395818445058
9,-12,223.31940975593756
9,-12,157.6911468728691
10,-12,138.57887834560955
10,-12,158.04026323484467
10,-12,55.44661712879076
11,-12,132.1732594025781
11,-12,391.4499008425702
11,-12,401.2874471654052
11,-13,55.44661712879076
11,-13,83.13996833166442
11,-13,71.41078150618767
12,-13,79.76900449294962
12,-13,61.02395818445058
12,-13,188.32512301795526
13,-13,55.44661712879076
13,-13,75.7324854896591
13,-13,55.44661712879076
12,-13,50.0
12,-13,50.0
12,-13,148.72943085912814
13,-13,190.3904132178739
13,-13,50.0
13,-13,54.13641146787321
13,-14,50.0
13,-14,55.44661712879076
13,-14,105.62159286953914
14,-14,108.83519726417893
14,-14,161.05029986033986
14,-14,85.31078911337092
14,-15,55.44661712879076
14,-15,61.02395818445058
14,-15,55.44661712879076
13,-15,156.99900989312272
13,-15,262.2875346073807
13,-15,142.5557546849958
14,-15,55.44661712879076
14,-15,50.0
14,-15,61.02395818445058
15,-15,67.27038694255549
15,-15,87.7746882979552
15,-15,55.44661712879076
14,-15,340.724262773854
14,-15,119.21930453579213
14,-15,123.67916633343867
13,-15,50.0
13,-15,72.97598204053224
13,-15,80.58322624790767
14,-15,61.02395818445058
14,-15,50.0
14,-15,55.44661712879076
15,-15,50.0
15,-15,55.44661712879076
15,-15,78.60225163687275
15,-16,61.02395818445058
15,-16,62.19983525887625
15,-16,50.0
16,-16,50.0
16,-16,61.02395818445058
16,-16,74.3985650027269
17,-16,50.0
17,-16,112.41299508782565
17,-16,50.0
16,-16,50.0
16,-16,50.0
16,-16,50.0
17,-16,122.24981012060381
17,-16,50.0
17,-16,78.52697137317222
18,-16,61.02395818445058
18,-16,50.0
18,-16,64.78291397907574
17,-16,65.10945542128083
17,-16,88.32893957057642
17,-16,50.0
18,-16,61.02395818445058
18,-16,55.44661712879076
18,-16,61.02395818445058
19,-16,50.0
19,-16,97.5034919547853
19,-16,50.0
20,-16,55.44661712879076
20,-16,214.96995752846067
20,-16,151.87187697163563
20,-15,61.02395818445058
20,-15,140.76675756668064
20,-15,50.0
20,-14,50.0
20,-14,65.54604048005498
20,-14,50.0
20,-13,183.00392644133095
20,-13,50.0
20,-13,55.44661712879076
20,-12,50.0
20,-12,88.21731326553487
20,-12,55.44661712879076
20,-11,171.15048205502092
20,-11,50.0
20,-11,50.0
20,-10,310.8384652420106
20,-10,55.44661712879076
20,-10,50.0
20,-9,79.60901555445686
20,-9,77.25700862013304
20,-9,50.0
20,-10,106.79915945358107
20,-10,55.44661712879076
20,-10,55.44661712879076
20,-9,55.44661712879076
20,-9,119.40447500503728
20,-9,114.7067573159525
20,-8,50.0
20,-8,55.44661712879076
20,-8,55.44661712879076
20,-7,60.74868454538931
20,-7,61.02395818445058
20,-7,56.42511309805389
20,-6,55.44661712879076
20,-6,86.52087764447145
20,-6,50.0
20,-5,55.44661712879076
20,-5,162.5538496855748
20,-5,50.0
20,-6,50.0
20,-6,114.3960065520206
20,-6,317.34419443173897
20,-5,50.0
20,-5,54.85553174994485
20,-5,85.88903938209131
20,-4,55.44661712879076
20,-4,68.40079961360324
20,-4,50.0
20,-3,96.1502309210089
20,-3,61.02395818445058
20,-3,170.72936154693653
20,-2,114.23096513118786
20,-2,69.76502181092224
20,-2,50.0
20,-1,50.0
20,-1,346.3971316132938
20,-1,55.44661712879076
20,0,106.1276962915456
20,0,170.6448465969352
20,0,91.86991766973664
20,-1,61.02395818445058
20,-1,280.4149091639403
20,-1,140.52876067192994
20,0,149.61028908770186
20,0,360.89020718464985
20,0,70.65736963652033
20,1,108.58799343429794
20,1,191.96816139513953
20,1,119.07546994170232
20,0,61.13167444519484
20,0,232.31898122498254
20,0,226.83971914017533
20,1,183.55726731989523
20,1,90.59447379278333
20,1,62.212835075143154
20,2,152.3270083839986
20,2,126.97986292104724
20,2,61.02395818445058
20,3,50.0
20,3,336.79597133118796
20,3,152.82735582525888
20,4,111.87311220064332
20,4,339.92454291865533
20,4,61.02395818445058
20,5,50.0
20,5,120.87015174320854
20,5,193.74913635155536
20,6,61.02395818445058
20,6,61.02395818445058
20,6,50.0
20,7,127.30681389994788
20,7,84.9545907754829
20,7,50.0
20,8,143.9791741603377
20,8,61.02395818445058
20,8,79.50491432569746
20,7,112.54344442811066
20,7,61.02395818445058
20,7,71.17085216793775
20,6,131.6703957112747
20,6,50.0
20,6,108.89406264852944
19,6,123.28409163776655
19,6,61.02395818445058
19,6,157.662114743856
18,6,103.84457949438375
18,6,138.59492936225078
18,6,55.44661712879076
17,6,84.26533434004234
17,6,223.4396279901886
17,6,105.97729702174927
16,6,110.8743388992713
16,6,65.37504502517405
16,6,50.0
16,5,118.89910042547724
16,5,442.33147028132464
16,5,157.90191253319387
16,4,165.754058569242
16,4,59.12986723826003
16,4,50.0
16,3,193.16201191224604
16,3,188.64043879862066
16,3,157.2599900584835
16,2,135.40334689591214
16,2,75.06692064708442
16,2,110.5211581703218
16,3,111.242767348548
16,3,195.2090757191375
16,3,50.0
15,3,229.99225823170087
15,3,302.84253968674744
15,3,97.27676500958256
14,3,77.81773699313109
14,3,168.9514172960605
14,3,139.30553646114575
14,2,206.68016727740496
14,2,50.0
14,2,152.27127858822848
13,2,155.16700658490907
13,2,176.98553127799696
13,2,134.7967268205943
13,3,111.83690768318253
13,3,150.1920767321692
13,3,50.0
13,2,341.7291207610934
13,2,85.84086065683937
13,2,67.07429572295877
12,2,215.8087896906801
12,2,159.34286123171597
12,2,182.55481191425764
12,3,249.32077600042496
12,3,276.34293596266434
12,3,348.71002151962756
12,2,345.2985593996217
12,2,187.46313542771603
12,2,234.7423884710368
12,3,176.3348426486677
12,3,202.2701415935756
12,3,58.8361925545956
11,3,385.0314650080458
11,3,122.73981736623489
11,3,322.79735952090977
11,2,271.95151100712235
11,2,138.64012022298567
11,2,395.1724271830214
11,1,227.02954876538445
11,1,50.0
11,1,161.7291852055096
11,0,213.15975530277115
11,0,234.4990887363542
11,0,723.5750891432656
10,0,453.2420758089619
10,0,225.7011996327472
