-17,16,88.19251108123143
-17,16,69.47284297788347
-16,16,61.02395818445058
-16,16,55.44661712879076
-16,16,103.91835784133954
-16,15,94.02667309320032
-16,15,78.45704669405681
-16,15,102.163097429499
-15,15,215.83954702946238
-15,15,263.8937632724585
-15,15,80.14481844370258
-16,15,50.0
-16,15,50.0
-16,15,79.14498852167026
-15,15,103.82888192190134
-15,15,61.02395818445058
-15,15,50.0
-14,15,121.18320906945313
-14,15,61.02395818445058
-14,15,61.02395818445058
-15,15,112.69682519541485
-15,15,145.16433431426702
-15,15,127.70306819298368
-14,15,313.4669085337408
-14,15,67.64923698596564
-14,15,50.13870881537219
-13,15,97.93236276911011
-13,15,92.09714795524971
-13,15,141.41425522563162
-14,15,116.3057055220543
-14,15,61.02395818445058
-14,15,55.44661712879076
-14,14,50.0
-14,14,215.4515462192141
-14,14,203.93223804273975
-13,14,230.177929595438
-13,14,100.46517388441185
-13,14,119.70390143031787
-13,13,83.96481333024212
-13,13,170.1472457036014
-13,13,408.37672100715844
-13,14,152.31237125086892
-13,14,83.2853893649486
-13,14,153.8634100434615
-12,14,67.66517182240767
-12,14,61.02395818445058
-12,14,50.0
-12,13,186.78392571785514
-12,13,55.44661712879076
-12,13,50.0
-11,13,172.66868317930414
-11,13,112.24126159880413
-11,13,372.0029052290928
-10,13,50.0
-10,13,470.9842119844432
-10,13,144.35196437880015
-9,13,166.55652485218272
-9,13,251.45416363558763
-9,13,777.9224089279838
-9,12,471.4373762720149
-9,12,148.75513470932955
-9,12,245.23082027520547
-9,11,81.1367205568223
-9,11,162.62561846728175
-9,11,201.4034580986676
-8,11,248.92823454152068
-8,11,183.54598943874086
-8,11,257.6486043479601
-7,11,119.05478339756866
-7,11,112.29841380441847
-7,11,569.7692119368949
-7,10,126.56741875077763
-7,10,472.2424087569315
-7,10,170.1066435590734
-7,9,270.64225843637706
-7,9,173.56193492986196
-7,9,394.108832232919
-6,9,54.239231849337315
-6,9,213.5772464407997
-6,9,50.0
-5,9,189.76463461430365
-5,9,231.50304225014705
-5,9,137.2333574313825
-4,9,50.0
-4,9,440.47459062083385
-4,9,405.4742686296604
-4,8,232.51432235150432
-4,8,178.95899482611608
-4,8,326.529228532333
-3,8,193.79749616055372
-3,8,170.01754329005888
-3,8,490.9276959931429
-3,7,500.7874676698938
-3,7,397.85789196808076
-3,7,334.889361449608
-2,7,714.5711826558261
-2,7,257.4519332657832
-2,7,143.62399888019104
-2,6,141.09327124026464
-2,6,229.8541063854569
-2,6,279.748231314535
-2,5,298.8704364370655
-2,5,208.54374112386014
-2,5,270.251152572156
-1,5,807.0972265709217
-1,5,359.4291992640331
-1,5,225.4179622646356
0,5,276.04756700747623
0,5,869.9132250979205
0,5,101.6473604011241
0,4,195.40184600093073
0,4,377.9985306526286
0,4,236.95401459398457
0,3,377.666089496577
0,3,170.53086557074135
0,3,316.03286027750414
1,3,199.1633692792385
1,3,283.37972903305405
1,3,309.8769807303973
2,3,307.61752593998955
2,3,169.51003937431022
2,3,336.44763342413677
2,2,218.81933413543095
2,2,292.2586093314153
2,2,249.2877427883312
2,1,269.1822126502669
2,1,438.7697589529263
2,1,406.60592406660083
3,1,500.64943819961104
3,1,298.36664925322145
3,1,278.85703096041635
4,1,842.5436320957501
4,1,498.75413880626814
4,1,314.0375420300355
4,2,270.69329999591145
4,2,206.641212448977
4,2,266.0274935122808
4,1,650.0080569715084
4,1,335.7770008876846
4,1,312.18260497253823
4,0,194.47171157262267
4,0,234.07493904779741
4,0,194.55413240421245
5,0,246.02109556120664
5,0,217.629149332674
5,0,200.08028015474542
4,0,422.2743596552573
4,0,630.1782890567829
4,0,229.18787287039694
4,-1,218.69505084559654
4,-1,193.06578407259826
4,-1,91.3282783716835
5,-1,185.86046430050743
5,-1,170.45936826595585
5,-1,134.1386643068022
6,-1,244.2755100399418
6,-1,354.04260911381965
6,-1,254.47177104638016
6,0,280.18436348943874
6,0,278.2337378646639
6,0,300.6601202145033
7,0,200.6039623839004
7,0,321.6847166858529
7,0,289.3554614999463
7,1,230.32900228710105
7,1,202.33400278661105
7,1,214.72755587941913
8,1,464.9266045713181
8,1,305.31182428123054
8,1,240.59977111414108
9,1,265.2171867845401
9,1,212.87479867427996
9,1,286.2321560329529
10,1,248.7361481694893
10,1,498.6478197946112
10,1,230.05609162900643
11,1,298.20573340454496
11,1,356.5605244330391
11,1,174.57035168497956
11,0,255.58649851073298
11,0,242.62873239212388
11,0,185.4751151819356
11,-1,170.30471648641853
11,-1,166.40927603231333
11,-1,50.0
11,0,204.74973166109797
11,0,232.35971761627215
11,0,191.54988549138028
12,0,177.46484983396812
12,0,186.83521025306501
12,0,139.58579106781147
13,0,102.68882105531586
13,0,219.4806920802614
13,0,93.38154641791223
13,1,296.19249426100896
13,1,318.8920488694522
13,1,96.4292892465966
13,2,211.32525660355472
13,2,222.08830081924387
13,2,165.08084095388668
13,1,181.4416761263671
13,1,433.38910053870177
13,1,245.17123331692224
13,2,113.54775032629064
13,2,265.15112486213036
13,2,125.71502985241037
14,2,428.6011530636856
14,2,104.87609347396446
14,2,215.078378614891
15,2,126.90092924799579
15,2,55.44661712879076
15,2,121.09653967500313
15,3,133.612415448525
15,3,61.02395818445058
15,3,61.02395818445058
15,4,371.99001842467635
15,4,161.34222376316387
15,4,271.8177622237173
15,5,214.933489345049
15,5,116.15744256971476
15,5,61.02395818445058
16,5,152.73425106014645
16,5,153.5013744621716
16,5,183.42983547298024
16,4,145.40980533491015
16,4,173.48721867915842
16,4,50.0
16,5,121.38808807541506
16,5,125.96089642107745
16,5,133.5685878255444
16,6,194.49367609937872
16,6,50.0
16,6,136.15551203400776
16,7,247.32878549907366
16,7,72.6103541888499
16,7,424.30481268206415
16,8,89.87186312576208
16,8,155.71930000388522
16,8,76.8612496263691
17,8,259.4277009608138
17,8,62.032399594589236
17,8,91.16686993276996
16,8,295.8972099151448
16,8,126.70934008124998
16,8,106.80366515519022
16,9,157.98219119047738
16,9,98.03975256641499
16,9,190.7801475279494
15,9,395.8738677366259
15,9,166.77288449438913
15,9,78.2440601909301
14,9,198.68011471532785
14,9,162.20341671522488
14,9,97.05224137471997
15,9,61.02395818445058
15,9,121.0219610164219
15,9,50.0
15,10,66.36468017166003
15,10,177.96819850258163
15,10,254.2431566140154
14,10,95.30390458913463
14,10,82.24028065309483
14,10,308.62649878315
13,10,99.47889075017625
13,10,234.7467593389162
13,10,140.88478526919653
12,10,217.2241961988932
12,10,259.2658874477751
12,10,123.74995246872668
12,11,103.4747413307416
12,11,133.10691229865182
12,11,141.33781518064353
11,11,119.48503854877748
11,11,87.52544533260478
11,11,208.59866656826065
11,12,63.172125457643006
11,12,164.38507908084352
11,12,201.23970500577246
12,12,185.06831614465523
12,12,252.21740650791278
12,12,120.43844727797772
12,13,131.6416643346009
12,13,192.73490087527244
12,13,87.58641697408689
12,14,99.50798696600557
12,14,50.0
12,14,60.88894689292883
11,14,93.30046284672838
11,14,234.87513816411044
11,14,70.78247717006653
11,15,81.72094799769674
11,15,73.57874385889056
11,15,115.40229431970101
12,15,103.21171314164089
12,15,61.02395818445058
12,15,55.44661712879076
11,15,144.1090336060767
11,15,90.53731725997845
11,15,77.43698309560317
10,15,131.82150023370008
10,15,178.36229054001092
10,15,202.46547985339777
9,15,111.92189814071563
9,15,78.4317723970135
9,15,169.85079848828963
8,15,121.34955138072023
8,15,254.36775074444475
8,15,258.3264455313569
7,15,142.28810634228205
7,15,164.65247212676002
7,15,111.95637962016224
7,14,196.6436313609051
7,14,121.35123955041745
7,14,245.23772247874248
8,14,237.5414972031316
8,14,114.18746471992289
8,14,161.7596961430704
8,15,65.41538296698346
8,15,637.5673161467585
8,15,71.73274437733447
7,15,149.1096112206367
7,15,50.0
7,15,142.2931646677541
6,15,131.56760966797998
6,15,107.36087678959439
6,15,198.59358856911467
5,15,53.785773968078495
5,15,50.0
5,15,154.06553281876026
6,15,169.9064459529167
6,15,205.53608102721887
6,15,103.14854410831623
7,15,152.1380376060843
7,15,185.03947495140667
7,15,250.0656068623419
6,15,154.6126179630723
6,15,352.91900784838475
6,15,257.7677001318371
5,15,251.42421761649138
5,15,61.02395818445058
5,15,57.48705594153809
5,16,95.3620495884765
5,16,61.02395818445058
5,16,50.0
4,16,146.65804451253672
4,16,146.76706739515143
4,16,76.10065563484807
3,16,161.08678895320077
3,16,61.02395818445058
3,16,209.79360375909803
2,16,61.02395818445058
2,16,262.73115927269555
2,16,61.1105250707524
3,16,57.01978374387249
3,16,106.18979978183921
3,16,116.10253315914939
2,16,230.89617463597597
2,16,186.062422846524
2,16,117.8496500734651
1,16,136.75915678104775
1,16,128.92967398787655
1,16,127.3929587242008
1,17,128.51066682424994
1,17,394.9544235108664
1,17,163.02540243613802
0,17,71.08956683746149
0,17,74.03315112490392
0,17,183.1564886609835
-1,17,131.22107220977622
-1,17,132.49680475865708
-1,17,183.28168509487676
-1,18,50.0
-1,18,61.02395818445058
-1,18,82.32075979162005
-2,18,55.44661712879076
-2,18,114.3904831067155
-2,18,205.39868680356727
-3,18,121.4688830427118
-3,18,101.00532078219901
-3,18,156.5359371479466
-3,19,61.02395818445058
-3,19,50.0
-3,19,92.11599399126365
-4,19,119.01891953592889
-4,19,115.91708653887994
-4,19,275.5262388563705
-4,20,62.792244814709946
-4,20,61.02395818445058
-4,20,163.13089483611236
-5,20,158.7464381656447
-5,20,253.38281738646634
-5,20,209.39484421833194
-6,20,55.44661712879076
-6,20,162.67410438873583
-6,20,91.34704144445789
-7,20,81.20262801581296
-7,20,50.0
-7,20,50.0
-8,20,341.135309074208
-8,20,52.77506455360327
-8,20,50.0
-9,20,145.5650020930995
-9,20,61.02395818445058
-9,20,74.7258271536673
-10,20,55.44661712879076
-10,20,137.63132351061182
-10,20,74.91214632288518
-11,20,50.0
-11,20,50.0
-11,20,61.02395818445058
-10,20,50.0
-10,20,50.0
-10,20,52.286343916741835
-11,20,55.44661712879076
-11,20,130.334700830428
-11,20,66.79709444242722
-12,20,89.0848979500092
-12,20,55.44661712879076
-12,20,50.0
-13,20,50.0
-13,20,140.39391515875218
-13,20,106.50551466941391
-13,19,221.28955968702567
-13,19,293.30928158374223
-13,19,72.00719144688563
-14,19,80.27155727181827
-14,19,61.02395818445058
-14,19,321.7699056278408
-14,18,366.14666631671236
-14,18,86.0530026037225
-14,18,55.44661712879076
-15,18,61.02395818445058
-15,18,98.69633866751508
-15,18,361.93214192038795
-16,18,64.4017306656705
-16,18,83.88942007117274
-16,18,50.0
-17,18,60.373561219972665
-17,18,82.67333995843971
-17,18,50.0
-18,18,128.2901158057108
-18,18,50.0
-18,18,50.0
-18,17,85.87026388716065
-18,17,62.88653628323178
-18,17,237.28820263967773
-19,17,55.44661712879076
-19,17,82.27129026625083
-19,17,50.0
-20,17,61.02395818445058
-20,17,50.0
-20,17,66.57769974418267
-20,18,61.02395818445058
-20,18,50.0
-20,18,61.02395818445058
-20,19,55.44661712879076
-20,19,70.27888315406787
-20,19,61.02395818445058
-20,18,61.29924495096504
-20,18,55.44661712879076
-20,18,50.0
-20,17,61.02395818445058
-20,17,50.0
-20,17,50.0
-20,16,55.44661712879076
-20,16,50.0
-20,16,50.0
-20,15,57.68674162566028
-20,15,61.02395818445058
-20,15,61.02395818445058
-20,14,80.74857330151016
-20,14,95.90970782726839
-20,14,50.0
-19,14,433.55113229059225
-19,14,61.02395818445058
-19,14,61.02395818445058
-18,14,77.9362355223231
-18,14,108.08104945208271
-18,14,260.86091581395476
-17,14,50.0
-17,14,114.50431468306921
-17,14,52.697081074716664
-17,13,80.8269658482032
-17,13,61.02395818445058
-17,13,61.02395818445058
-18,13,61.02395818445058
-18,13,316.49049294299675
-18,13,55.44661712879076
-17,13,50.0
-17,13,82.4138457151167
-17,13,61.02395818445058
-16,13,61.02395818445058
-16,13,50.0
-16,13,359.316740155723
-16,14,122.04818627037722
-16,14,110.14287960358284
-16,14,140.50444601229202
-16,15,88.6106608957283
-16,15,72.36113307227248
-16,15,408.31139314165654
-16,14,50.0
-16,14,101.28223698125642
-16,14,111.3238648117532
-15,14,160.8760919778096
-15,14,204.50721921140538
-15,14,57.60176884524624
-14,14,215.37820552196982
-14,14,212.57561262683615
-14,14,89.5141589484077
-13,14,55.44661712879076
-13,14,50.0
-13,14,100.68789615606688
-12,14,172.17578563055912
-12,14,156.7446320480408
-12,14,136.77492904330975
-12,13,110.29139557863265
-12,13,219.74892576147204
-12,13,153.1405127426993
-12,14,82.09204577266017
-12,14,268.85531539658047
-12,14,61.02395818445058
-12,13,61.02395818445058
-12,13,50.0
-12,13,373.59527649669803
-12,14,207.22397992545538
-12,14,217.71312741144797
-12,14,86.93981883910965
-11,14,201.042530279832
-11,14,75.5991999032372
-11,14,314.7468371260984
-11,15,300.18028233353704
-11,15,55.44661712879076
-11,15,225.84895508315498
-11,14,127.222977460425
-11,14,141.54349807821774
-11,14,55.44661712879076
-12,14,50.0
-12,14,101.0797822464314
-12,14,52.76300704840804
-12,13,89.22743349178636
-12,13,76.20243755978399
-12,13,50.0
-11,13,55.44661712879076
-11,13,105.61323877722148
-11,13,159.22383898912608
-11,12,104.11527352318893
-11,12,65.28810296808035
-11,12,177.80597194845276
-11,11,141.41454234312403
-11,11,179.07800244340757
-11,11,200.83810892482285
-11,10,212.6141039472701
-11,10,111.00956609368947
-11,10,149.2388382306464
-11,11,86.29661851442013
-11,11,162.40938975418084
-11,11,346.7533069035254
-11,10,357.28445995947413
-11,10,281.1804282804332
-11,10,142.07070652160212
-11,11,172.87880632573376
-11,11,345.6582832451478
-11,11,151.42978169155853
-11,12,170.4509129983277
-11,12,185.2826270648683
-11,12,194.977990583203
-11,11,50.0
-11,11,122.74511294158167
-11,11,202.1720273079364
-10,11,73.4591270908083
-10,11,385.95856396034117
-10,11,266.64250853742493
-11,11,61.02395818445058
-11,11,220.28722459277793
-11,11,132.7323263169552
-12,11,143.14546846215106
-12,11,55.44661712879076
-12,11,136.24457346994686
-11,11,256.778159344436
-11,11,278.81724518849535
-11,11,50.0
-11,10,170.72733565980565
-11,10,109.16112610966763
-11,10,96.03348406518214
-10,10,146.80628583996747
-10,10,126.94926539906248
-10,10,115.02238164231696
-10,9,129.53141215499258
-10,9,50.0
-10,9,530.8233074560112
-10,8,151.4404804924626
-10,8,179.40698778751766
-10,8,179.27030014862325
-9,8,123.32048128770435
-9,8,172.34609664716257
-9,8,120.34662218157146
-8,8,375.36139398747633
-8,8,161.44801186758485
-8,8,142.70983228170172
-8,9,189.32100335892028
-8,9,122.8164640456458
-8,9,134.76597187724775
-8,8,285.503628198722
-8,8,248.4768677618332
-8,8,234.7189651232557
-7,8,279.83110296366146
-7,8,220.78906947931299
-7,8,199.9577499271074
-7,7,226.42450863922517
-7,7,238.69890420653346
-7,7,172.0273526489867
-7,6,420.4883658039034
-7,6,165.48367538384107
-7,6,147.78403729000135
-6,6,170.70573700898515
-6,6,388.03625954785434
-6,6,228.77703072217847
-6,7,246.47464385167643
-6,7,259.634685549202
-6,7,228.37495934963096
-6,6,116.52650102923424
-6,6,105.02960864639267
-6,6,291.05022991409203
-6,5,320.7843255783295
-6,5,135.78226081597938
-6,5,430.490823025488
-6,4,213.3109079456824
-6,4,136.29576903653896
-6,4,169.40120678082522
-6,3,402.1105709551634
-6,3,180.7030937840264
-6,3,115.39820468463819
-6,4,163.56209640954447
-6,4,171.9186190134718
-6,4,208.9166176424964
-5,4,361.96679260571943
-5,4,193.13870801260617
-5,4,435.4032590779459
-5,3,369.67121774423765
-5,3,606.7237207418805
-5,3,374.96656795441237
-5,2,330.0150088402727
-5,2,199.86191368575308
-5,2,674.4279594884258
-5,1,215.4921350355111
-5,1,118.71853607809626
-5,1,233.26127030979697
-5,0,219.32832642071324
-5,0,464.63750061126586
-5,0,219.1974019386064
-5,-1,190.57321225038274
-5,-1,186.19992927772773
-5,-1,226.3376075000896
-6,-1,369.95833206760074
-6,-1,463.2221475258284
-6,-1,290.45573262402155
-6,-2,183.3417817643607
-6,-2,456.06692956394653
-6,-2,172.95006273206812
-6,-3,159.54251625081898
-6,-3,365.23521819200215
-6,-3,334.6342874904302
-6,-4,253.10674461447496
-6,-4,190.72510841800255
-6,-4,216.62309880594327
-5,-4,269.81331487713373
-5,-4,305.81044190303373
-5,-4,246.29505146805016
-4,-4,165.72193269524706
-4,-4,122.24628662623313
-4,-4,211.28852352041582
-4,-5,160.30893856386226
-4,-5,258.5670833222657
-4,-5,270.36499064225563
-3,-5,239.11993842835682
-3,-5,195.79736098832927
-3,-5,283.4572781728558
-2,-5,298.7688189711896
-2,-5,233.40094749728985
-2,-5,147.89840922988927
-1,-5,255.28377653491322
-1,-5,230.79953621547563
-1,-5,250.80650979118062
-1,-6,254.89923561961655
-1,-6,252.41435948689093
-1,-6,159.13956627396863
0,-6,141.65746165880802
0,-6,286.9328860267533
0,-6,237.6826973981042
0,-7,127.57168434349703
0,-7,320.1724685877525
0,-7,185.54753729306492
1,-7,260.56775653999233
1,-7,135.7054735559508
1,-7,246.63302072405088
2,-7,175.5780490734176
2,-7,132.2226129797835
2,-7,50.0
2,-8,256.08955864360297
2,-8,161.11478165040117
2,-8,182.2295724740367
3,-8,50.0
3,-8,478.849260426798
3,-8,139.02053337964435
4,-8,181.5958559192118
4,-8,226.31381691475605
4,-8,197.56665098315966
4,-9,519.897240221428
4,-9,339.6632008414422
4,-9,325.2491281417396
5,-9,174.67511441649185
5,-9,131.51005323931753
5,-9,276.1169193778691
5,-10,206.26753950909267
5,-10,137.69703086919617
5,-10,88.34749410767856
6,-10,368.462533445729
6,-10,145.4094912052034
6,-10,109.27935481898598
5,-10,107.55253994881241
5,-10,177.9713476671621
5,-10,50.0
5,-11,167.5031059366953
5,-11,176.11153938833965
5,-11,185.63937708799176
6,-11,162.12389921859744
6,-11,145.15499212003724
6,-11,130.9717728959546
6,-12,132.88054863420115
6,-12,50.0
6,-12,232.63137866742156
7,-12,90.15444815854718
7,-12,77.23217277247113
7,-12,226.83018657250832
8,-12,145.15975821328263
8,-12,310.5502244533884
8,-12,425.75969351960475
9,-12,202.94643420188078
9,-12,167.4163887933123
9,-12,56.41347841867494
8,-12,233.61682960687264
8,-12,50.0
8,-12,140.01862775801132
9,-12,100.1782303622219
9,-12,163.06784128958697
9,-12,109.73544821175852
10,-12,276.1292246364342
10,-12,143.8826932475425
10,-12,144.54313864772146
11,-12,76.66745851638993
11,-12,82.60877936970117
11,-12,212.85680957495703
11,-13,139.0536635271804
11,-13,50.0
11,-13,50.0
12,-13,50.0
12,-13,50.0
12,-13,55.44661712879076
13,-13,50.0
13,-13,50.0
13,-13,173.35276308046093
12,-13,50.0
12,-13,50.0
12,-13,118.81778160977501
13,-13,80.41048815792645
13,-13,61.02395818445058
13,-13,123.71650965476323
13,-14,165.59050703161768
13,-14,85.56639395439045
13,-14,389.0282027499771
14,-14,61.02395818445058
14,-14,55.44661712879076
14,-14,55.74601960774725
14,-15,61.02395818445058
14,-15,62.84091432027215
14,-15,55.44661712879076
13,-15,61.02395818445058
13,-15,137.31518448267332
13,-15,63.85444624478437
14,-15,61.02395818445058
14,-15,78.92461988099342
14,-15,67.70998562540457
15,-15,69.42658732020092
15,-15,50.0
15,-15,55.44661712879076
14,-15,104.27114622443216
14,-15,50.0
14,-15,50.0
13,-15,50.0
13,-15,50.0
13,-15,78.74663615549697
14,-15,442.29874475583415
14,-15,55.44661712879076
14,-15,352.35924910749105
15,-15,55.44661712879076
15,-15,50.0
15,-15,175.4395118713671
15,-16,61.02395818445058
15,-16,55.44661712879076
15,-16,73.86764522927339
16,-16,61.02395818445058
16,-16,87.09200647869457
16,-16,55.44661712879076
17,-16,170.99950946763315
17,-16,61.02395818445058
17,-16,61.02395818445058
16,-16,61.02395818445058
16,-16,55.44661712879076
16,-16,50.0
17,-16,61.02395818445058
17,-16,258.6631533129239
17,-16,50.0
18,-16,50.0
18,-16,64.79952272979766
18,-16,269.79410953141394
17,-16,63.06010641777952
17,-16,67.2507591940022
17,-16,66.08871417912385
18,-16,64.94986164905089
18,-16,359.51850665860286
18,-16,61.02395818445058
19,-16,61.02395818445058
19,-16,61.02395818445058
19,-16,61.02395818445058
20,-16,61.02395818445058
20,-16,96.62594667678398
20,-16,50.0
20,-15,61.02395818445058
20,-15,55.44661712879076
20,-15,65.45222565773577
20,-14,55.44661712879076
20,-14,255.76597352364274
20,-14,50.0
20,-13,55.44661712879076
20,-13,127.67070067625696
20,-13,83.73718660324661
20,-12,50.0
20,-12,61.02395818445058
20,-12,65.97095195058415
20,-11,128.83976890898873
20,-11,63.170641958637574
20,-11,59.9634807389283
20,-10,50.0
20,-10,50.0
20,-10,61.02395818445058
20,-9,59.41787186322201
20,-9,203.45307778005164
20,-9,61.02395818445058
20,-10,55.44661712879076
20,-10,106.9523084111798
20,-10,80.54544274200373
20,-9,61.02395818445058
20,-9,50.0
20,-9,61.02395818445058
20,-8,171.20081381435853
20,-8,50.0
20,-8,61.02395818445058
20,-7,50.0
20,-7,55.44661712879076
20,-7,137.77976708931425
20,-6,55.44661712879076
20,-6,103.37898795149718
20,-6,102.49450456730958
20,-5,50.0
20,-5,50.0
20,-5,55.44661712879076
20,-6,50.0
20,-6,101.44882379984239
20,-6,55.44661712879076
20,-5,64.13958363783726
20,-5,151.01428922768145
20,-5,108.26946544842285
20,-4,132.57815217352353
20,-4,129.49353614518344
20,-4,61.02395818445058
20,-3,50.0
20,-3,86.95319777163274
20,-3,50.0
20,-2,50.0
20,-2,64.06000771026987
20,-2,172.2062652418354
20,-1,187.233371581906
20,-1,134.4311336152573
20,-1,61.02395818445058
20,0,468.2192122937831
20,0,115.4762120712042
20,0,166.72928205342552
20,-1,68.29631381421328
20,-1,257.7358915639358
20,-1,162.78350377939944
20,0,116.19171426081472
20,0,115.29672648726145
20,0,50.0
20,1,225.82313074492612
20,1,213.43741843522383
20,1,203.88333404335157
20,0,110.5986463548584
20,0,91.18875188840144
20,0,101.42392782459474
20,1,50.0
20,1,229.15603862014487
20,1,141.12582111179185
20,2,158.9472738740603
20,2,142.85724712362705
20,2,321.40555520227133
20,3,50.0
20,3,89.77260978838584
20,3,50.0
20,4,50.0
20,4,50.0
20,4,50.0
20,5,190.13276481064057
20,5,148.54169096884607
20,5,94.9814040030988
20,6,133.7419621878593
20,6,61.02395818445058
20,6,50.0
20,7,74.97441307655731
20,7,200.3512845023588
20,7,50.0
20,8,540.366293308669
20,8,345.79903729241005
20,8,115.21377038996161
20,7,61.02395818445058
20,7,409.5740198181242
20,7,126.36407089981932
20,6,157.81487163382008
20,6,59.772413814112525
20,6,95.54279216661843
19,6,112.18288791963894
19,6,153.86103999488836
19,6,217.0043568767027
18,6,120.824340307476
18,6,116.85529426693952
18,6,331.7914697204
17,6,172.39642023159445
17,6,104.14753542287717
17,6,121.1529867745173
16,6,68.10591511862012
16,6,162.79729061360354
16,6,155.45254490059403
16,5,63.569524358835366
16,5,50.0
16,5,244.87233414257832
16,4,310.4247812065288
16,4,125.41521897463923
16,4,50.0
16,3,94.46749033424334
16,3,504.58510848645926
16,3,89.05993629605658
16,2,175.27747948640194
16,2,180.34799172790326
16,2,429.9865819381213
16,3,256.629181680805
16,3,124.89269089913148
16,3,155.32720095252702
15,3,424.3574778276168
15,3,177.99329497638206
15,3,153.12811316961896
14,3,81.66580412225252
14,3,599.2223806324407
14,3,471.63105817237533
14,2,142.47611355191367
14,2,209.14375316957003
14,2,171.96196132894525
13,2,202.69789016701068
13,2,73.36027512800554
13,2,50.0
13,3,149.1977934918491
13,3,174.9488156762539
13,3,126.0920103947683
13,2,145.39492925327002
13,2,167.11253948849347
13,2,186.16984937744206
12,2,50.0
12,2,161.3386535853623
12,2,153.93247975580454
12,3,211.1871287720573
12,3,123.34681871181586
12,3,219.05944463407147
12,2,168.80888373310253
12,2,253.59704621488322
12,2,110.4918197118528
12,3,186.69571121449349
12,3,168.8632120483669
12,3,217.91850781211895
11,3,149.04876194814898
11,3,197.09569262761738
11,3,131.0065811203217
11,2,264.35708723385187
11,2,209.10767361338387
11,2,186.67634435393694
11,1,255.1169698701184
11,1,91.05184185143199
11,1,329.610442182456
11,0,234.6439336097361
11,0,129.0847458567658
11,0,158.23123064508565
10,0,189.1202549033169
10,0,225.57356778762048
