-17,16,142.94991221216105
-17,16,55.44661712879076
-16,16,260.2954603981078
-16,16,128.7649663366305
-16,16,182.4761270560693
-16,15,117.10349545967328
-16,15,50.0
-16,15,133.16606967674275
-15,15,50.0
-15,15,61.02395818445058
-15,15,78.07713105602355
-16,15,179.5533520422712
-16,15,62.99402087504953
-16,15,61.02395818445058
-15,15,120.52615743582231
-15,15,124.46690927830143
-15,15,83.45877163332352
-14,15,127.59347665198798
-14,15,313.80157565247686
-14,15,50.0
-15,15,62.88135686336859
-15,15,104.98028725794167
-15,15,114.76124168837461
-14,15,72.10474267811833
-14,15,261.74288799021474
-14,15,370.84961175272014
-13,15,143.45054541778524
-13,15,55.44661712879076
-13,15,50.0
-14,15,288.22647773870995
-14,15,50.0
-14,15,61.02395818445058
-14,14,265.8318638070418
-14,14,50.0
-14,14,329.1344876741688
-13,14,55.44661712879076
-13,14,126.10031810608982
-13,14,73.59914452692139
-13,13,138.0633195214674
-13,13,116.12572822530535
-13,13,99.76296554901344
-13,14,61.02395818445058
-13,14,81.5354210943845
-13,14,110.57286183175168
-12,14,50.0
-12,14,112.44428432081587
-12,14,50.0
-12,13,89.66463410398538
-12,13,196.28255721012522
-12,13,89.51402244234114
-11,13,97.9456358954146
-11,13,73.49157219202348
-11,13,161.37961762219982
-10,13,121.53164715489105
-10,13,248.3042276094751
-10,13,141.69317347523543
-9,13,69.98302340464667
-9,13,202.56258670473972
-9,13,110.23892561859854
-9,12,216.7407396606224
-9,12,191.48580273319465
-9,12,170.52306340666806
-9,11,271.4030952638738
-9,11,163.69079845645408
-9,11,278.71880931998066
-8,11,103.95316529902121
-8,11,250.1651127170923
-8,11,50.0
-7,11,139.33248911064402
-7,11,96.76536394233939
-7,11,170.43132241820916
-7,10,164.9570145143138
-7,10,216.83056251784396
-7,10,353.3831480943708
-7,9,50.0
-7,9,91.05793191972823
-7,9,121.8534410780944
-6,9,239.09945527633204
-6,9,183.65906141107126
-6,9,134.07989701261207
-5,9,206.32168204541767
-5,9,229.7174170413836
-5,9,162.8295614218384
-4,9,427.8570041145254
-4,9,161.10103193983554
-4,9,203.31403064924052
-4,8,180.16972852105755
-4,8,241.27586388036232
-4,8,409.19608751451403
-3,8,208.01546948807803
-3,8,190.11522207606342
-3,8,157.68959839061588
-3,7,128.17331690488015
-3,7,414.06804060326346
-3,7,214.03318751169127
-2,7,186.62818790281798
-2,7,275.5157120912726
-2,7,194.859542742486
-2,6,488.94174608687945
-2,6,204.6088245822149
-2,6,138.6175559673288
-2,5,275.5106356836068
-2,5,346.45070867411863
-2,5,209.54838824192956
-1,5,456.7938992258629
-1,5,186.36934796107087
-1,5,341.7877609506078
0,5,281.9001533133646
0,5,343.893439999048
0,5,332.53909609216055
0,4,312.1698580230871
0,4,760.2083395848324
0,4,296.56072963154463
0,3,359.08443262702616
0,3,275.19773097044765
0,3,501.2169378795664
1,3,349.5684713672921
1,3,314.74240433651755
1,3,260.38857595669066
2,3,146.40890387725568
2,3,228.59169430373828
2,3,230.27889176377033
2,2,173.27224942436058
2,2,286.5753066889786
2,2,266.97593426604584
2,1,224.68224641021624
2,1,249.188951551636
2,1,392.27602758189676
3,1,270.0754159299034
3,1,334.8610078793753
3,1,381.5557140090667
4,1,198.8600226006917
4,1,258.0539603484316
4,1,552.8840278024219
4,2,197.47828567619825
4,2,252.9644288085135
4,2,656.786722686119
4,1,330.8971738526009
4,1,158.47138390424394
4,1,289.5766915921276
4,0,238.70512815547391
4,0,307.7034003256316
4,0,396.42895693178315
5,0,480.2435251672991
5,0,638.2708086507996
5,0,274.80761763902944
4,0,144.2113304677499
4,0,296.0215900656099
4,0,207.10481455253154
4,-1,244.61818193085048
4,-1,267.37118145316055
4,-1,463.1864117558519
5,-1,126.39769288507995
5,-1,138.98988978153403
5,-1,238.76746889566303
6,-1,245.47921938852915
6,-1,139.02812237843352
6,-1,236.25264244631757
6,0,235.7642823904562
6,0,231.14982393769137
6,0,377.7412101951413
7,0,181.34107642395
7,0,294.7344661997965
7,0,259.1359760238214
7,1,262.67978357998487
7,1,557.0420664120418
7,1,299.10046828780844
8,1,633.6508059811166
8,1,313.2901278621034
8,1,263.77483113080706
9,1,179.34456665081277
9,1,160.4135107747095
9,1,177.02550444874845
10,1,149.52678792774012
10,1,213.15480470984681
10,1,198.22694816917
11,1,164.15855797020626
11,1,170.22328069355774
11,1,412.2888101333361
11,0,162.41775889996944
11,0,405.2156194009423
11,0,151.69273844251416
11,-1,209.1288779609026
11,-1,119.53252842190753
11,-1,109.16155615593394
11,0,186.39374520946546
11,0,161.0866540097466
11,0,50.0
12,0,236.947551105002
12,0,128.18608118723003
12,0,219.7313218961034
13,0,511.7880708347669
13,0,204.88644729709182
13,0,94.75395075091352
13,1,165.43687780606908
13,1,140.45406299283766
13,1,113.40369360702528
13,2,153.18082532768614
13,2,222.84269581164475
13,2,182.1378279251135
13,1,255.91309113753698
13,1,357.8231554598958
13,1,162.26734269147127
13,2,174.00158171333248
13,2,220.59226280966533
13,2,98.71541461034155
14,2,122.56474521445575
14,2,159.75812231570382
14,2,260.67998645952946
15,2,178.4502100122653
15,2,122.46766031943378
15,2,170.22368775725275
15,3,112.93868741071559
15,3,50.0
15,3,150.73073475130812
15,4,135.2291235804603
15,4,101.54021133037693
15,4,61.02395818445058
15,5,181.38814347882112
15,5,87.42448792058786
15,5,155.20859878950284
16,5,50.0
16,5,102.57041589858521
16,5,152.92643417785771
16,4,298.39031287542093
16,4,135.07283706823384
16,4,89.40436091332094
16,5,112.77537842977719
16,5,199.12549988958784
16,5,108.61126971543403
16,6,311.37169913159744
16,6,113.99150436162182
16,6,147.08984902705757
16,7,131.55774398671554
16,7,67.52393666081687
16,7,133.15933749965976
16,8,65.00792936235618
16,8,87.770534186276
16,8,356.1184462625147
17,8,110.06846627842182
17,8,132.3002065149671
17,8,50.0
16,8,75.22610753313825
16,8,193.6346145862118
16,8,127.67368972809345
16,9,61.02395818445058
16,9,66.48261773658422
16,9,86.93100179856937
15,9,153.9875663091826
15,9,210.0232592558736
15,9,203.15389997184903
14,9,182.35991918172024
14,9,148.7368730486806
14,9,184.26681226352684
15,9,160.89222529375513
15,9,71.97378772046338
15,9,50.0
15,10,283.16455084990076
15,10,208.164137370808
15,10,50.0
14,10,163.86218129559157
14,10,50.0
14,10,301.6908671154996
13,10,164.32503548714703
13,10,50.0
13,10,50.0
12,10,111.95682394746231
12,10,145.090747373411
12,10,159.89777001370803
12,11,87.10091172052864
12,11,167.63892211343642
12,11,199.19554922530844
11,11,197.54433808535686
11,11,185.89948772807043
11,11,174.1710860507259
11,12,243.51941644851962
11,12,50.0
11,12,165.48051877423018
12,12,139.53033236046122
12,12,126.74535859489215
12,12,374.7022740410147
12,13,50.0
12,13,50.0
12,13,156.81789920703497
12,14,502.16297588509883
12,14,77.65834489673381
12,14,108.13782777242234
11,14,90.46365845675855
11,14,93.2102327078774
11,14,122.43631364178722
11,15,62.69260705691626
11,15,121.33376241595968
11,15,143.34617738322484
12,15,55.44661712879076
12,15,121.69256460087502
12,15,128.31313112722992
11,15,86.23718831124164
11,15,55.44661712879076
11,15,50.0
10,15,78.8685765771072
10,15,129.40457840739637
10,15,84.59343199933966
9,15,112.62552483802754
9,15,139.2528552785003
9,15,50.0
8,15,88.83015145086122
8,15,139.7175713342207
8,15,102.24172218901138
7,15,221.22897158622933
7,15,51.26346445035375
7,15,63.58783025521062
7,14,152.35928681607965
7,14,240.5453315649062
7,14,50.0
8,14,61.02395818445058
8,14,116.32277302578257
8,14,173.1881426259397
8,15,225.7359536227523
8,15,91.41136771230312
8,15,109.09325570496065
7,15,160.9710194711136
7,15,81.8329549918703
7,15,80.20691837914673
6,15,50.0
6,15,170.1491106408174
6,15,128.5063550318337
5,15,199.9720507492732
5,15,174.81353016663695
5,15,189.56308552524484
6,15,137.84299387807343
6,15,70.13539667130703
6,15,61.02395818445058
7,15,101.5188198874084
7,15,93.7012885286155
7,15,68.23293569402675
6,15,212.24389961063832
6,15,223.76534138708843
6,15,169.46740421521355
5,15,334.2613069214166
5,15,219.30718049010684
5,15,86.69441969390837
5,16,67.54827018912025
5,16,159.15406809080918
5,16,137.45418446532528
4,16,74.9066752858298
4,16,163.1720138258246
4,16,175.25450588149363
3,16,105.627938652726
3,16,50.0
3,16,50.0
2,16,310.0599023951655
2,16,94.29569596201269
2,16,136.46887212020346
3,16,115.5108063536265
3,16,50.0
3,16,160.70152097951322
2,16,327.42011542908085
2,16,273.4866825674524
2,16,429.77574784103786
1,16,82.25224509723944
1,16,160.018533138293
1,16,468.18315134292897
1,17,392.71580219978273
1,17,156.0807169893268
1,17,498.20299878531506
0,17,141.9405189409531
0,17,351.56954484959
0,17,50.0
-1,17,234.5541107508598
-1,17,146.44681834226537
-1,17,245.39982114661723
-1,18,253.56616526447326
-1,18,355.87239813070414
-1,18,61.02395818445058
-2,18,260.39669396602017
-2,18,180.8508101236809
-2,18,410.6010554605914
-3,18,61.02395818445058
-3,18,150.62949233243825
-3,18,156.2130074130219
-3,19,102.26422326279369
-3,19,271.3431155892604
-3,19,204.69103814665235
-4,19,124.3899096516175
-4,19,183.24899289814948
-4,19,88.10498010412321
-4,20,89.61490334308644
-4,20,253.13792056725762
-4,20,55.44661712879076
-5,20,57.10321956693449
-5,20,61.02395818445058
-5,20,81.312572139371
-6,20,123.34678244701617
-6,20,50.0
-6,20,60.24433865052018
-7,20,63.72645979390728
-7,20,103.7410488789086
-7,20,132.56347915002854
-8,20,156.8496862731932
-8,20,220.5082964563415
-8,20,61.02395818445058
-9,20,78.49243637149402
-9,20,117.94364729833158
-9,20,155.0122631618762
-10,20,50.0
-10,20,154.87833520774785
-10,20,73.6230735326722
-11,20,73.88676057537023
-11,20,50.0
-11,20,92.78205319058976
-10,20,50.0
-10,20,79.66123457870565
-10,20,50.0
-11,20,61.02395818445058
-11,20,50.0
-11,20,100.85845683132507
-12,20,55.44661712879076
-12,20,55.44661712879076
-12,20,78.2296878531968
-13,20,96.55872666646334
-13,20,50.0
-13,20,61.02395818445058
-13,19,55.44661712879076
-13,19,55.44661712879076
-13,19,50.0
-14,19,50.0
-14,19,55.44661712879076
-14,19,61.02395818445058
-14,18,66.64437856370618
-14,18,55.44661712879076
-14,18,50.0
-15,18,90.98717397396928
-15,18,50.0
-15,18,61.02395818445058
-16,18,55.44661712879076
-16,18,56.16430389777264
-16,18,61.02395818445058
-17,18,104.98944102379917
-17,18,50.0
-17,18,50.0
-18,18,61.02395818445058
-18,18,50.0
-18,18,72.15210523300186
-18,17,56.839477774713565
-18,17,61.02395818445058
-18,17,61.02395818445058
-19,17,50.0
-19,17,50.0
-19,17,61.02395818445058
-20,17,85.18008032537719
-20,17,55.44661712879076
-20,17,266.2980264017624
-20,18,156.6338459628723
-20,18,55.44661712879076
-20,18,50.0
-20,19,61.02395818445058
-20,19,50.0
-20,19,55.44661712879076
-20,18,50.0
-20,18,78.8130486306731
-20,18,50.0
-20,17,83.05834239952782
-20,17,61.02395818445058
-20,17,61.02395818445058
-20,16,134.9899477243291
-20,16,61.02395818445058
-20,16,61.02395818445058
-20,15,61.02395818445058
-20,15,60.66068032300281
-20,15,67.24191323725702
-20,14,151.77825118426003
-20,14,62.46917356505286
-20,14,74.22582896626975
-19,14,50.0
-19,14,55.44661712879076
-19,14,56.8515136919109
-18,14,134.65443634575928
-18,14,149.15771661474065
-18,14,50.0
-17,14,168.70236488372
-17,14,118.57132615918397
-17,14,236.37015235701696
-17,13,50.0
-17,13,50.0
-17,13,50.0
-18,13,91.01576577456908
-18,13,50.0
-18,13,50.0
-17,13,50.0
-17,13,86.73694288144927
-17,13,120.84779747885992
-16,13,97.73167889875248
-16,13,96.69181483864726
-16,13,261.3769349467776
-16,14,70.57446611500109
-16,14,54.72737325881683
-16,14,365.05684311852826
-16,15,122.03684053511535
-16,15,130.39594276843872
-16,15,119.31535689893133
-16,14,372.9426409227898
-16,14,50.0
-16,14,126.98863486473267
-15,14,50.0
-15,14,82.27201940154072
-15,14,50.0
-14,14,186.76996234708224
-14,14,124.06103667574922
-14,14,50.0
-13,14,156.52660154938172
-13,14,50.0
-13,14,251.79909795715088
-12,14,226.83289030806196
-12,14,61.45137139028
-12,14,275.77482046152846
-12,13,119.76436052913272
-12,13,99.76088093167286
-12,13,122.17555290700506
-12,14,99.99369590896465
-12,14,61.02395818445058
-12,14,50.0
-12,13,120.57811697890517
-12,13,50.0
-12,13,171.64952917934662
-12,14,50.0
-12,14,70.60857600802053
-12,14,264.0949282410826
-11,14,55.44661712879076
-11,14,50.0
-11,14,116.54599638920058
-11,15,136.35734346973146
-11,15,50.0
-11,15,50.0
-11,14,141.88047176084672
-11,14,102.12398165308822
-11,14,143.2642925732283
-12,14,50.0
-12,14,61.02395818445058
-12,14,256.2816483598199
-12,13,194.5845588316998
-12,13,210.76897820684576
-12,13,55.44661712879076
-11,13,350.55165555299936
-11,13,212.49525544620377
-11,13,405.9116536990672
-11,12,110.65383103926034
-11,12,95.96113372440603
-11,12,50.0
-11,11,88.53278032485503
-11,11,50.0
-11,11,450.6209662961386
-11,10,101.96811009792745
-11,10,180.9883963255384
-11,10,178.8913815777621
-11,11,115.11055466577008
-11,11,170.80572005988162
-11,11,117.41666239319596
-11,10,71.40851169060238
-11,10,161.17881045438025
-11,10,63.29949903048413
-11,11,126.14853533589398
-11,11,105.16615183260645
-11,11,441.0376597232456
-11,12,189.24290257292483
-11,12,191.14923869654316
-11,12,55.44661712879076
-11,11,80.37130046513855
-11,11,201.25222911016394
-11,11,172.08603148731248
-10,11,101.54778392817138
-10,11,165.92567670700248
-10,11,150.92184806984983
-11,11,165.8842369167782
-11,11,76.58684487111034
-11,11,66.70444834837225
-12,11,249.17903573530273
-12,11,92.80655138852401
-12,11,202.57033196158787
-11,11,179.0737030574309
-11,11,120.86046381617557
-11,11,128.18891017552122
-11,10,104.98947861964672
-11,10,185.57344365731532
-11,10,126.70608791236002
-10,10,129.85444880710048
-10,10,170.95773280473662
-10,10,184.4596112287609
-10,9,203.84366734552884
-10,9,171.32128656225765
-10,9,433.5785338886353
-10,8,125.45377488796221
-10,8,93.1439298700463
-10,8,272.39350140306504
-9,8,246.65530214629115
-9,8,243.97224871752266
-9,8,281.28258952946743
-8,8,105.16384690556448
-8,8,113.3665362596194
-8,8,396.0572847587441
-8,9,104.04845488704484
-8,9,233.33091954648424
-8,9,144.54470380935763
-8,8,76.96198419843256
-8,8,189.13612213216945
-8,8,150.24450832340932
-7,8,251.34936802167633
-7,8,611.2009083159077
-7,8,215.83987062885632
-7,7,129.03878175432646
-7,7,189.85295452764035
-7,7,259.215973093299
-7,6,120.09592748573672
-7,6,225.63237519350187
-7,6,50.0
-6,6,50.0
-6,6,159.8046923734958
-6,6,418.16110709571564
-6,7,538.18317148309
-6,7,253.69251020394876
-6,7,199.81226437289365
-6,6,240.64195389812866
-6,6,245.49459103895748
-6,6,332.80944230998637
-6,5,250.35509136864766
-6,5,282.8269730765281
-6,5,173.8793372389006
-6,4,197.01337792348988
-6,4,340.445356849983
-6,4,173.70157014196258
-6,3,203.65721015383136
-6,3,226.19942149430318
-6,3,430.2083562792807
-6,4,519.3794014827056
-6,4,272.54782501012517
-6,4,115.69705583246534
-5,4,125.34720328944756
-5,4,218.08200414123837
-5,4,338.0220943398234
-5,3,164.99338074596136
-5,3,631.811222782607
-5,3,233.08619629465605
-5,2,590.8813317323887
-5,2,670.9086541418825
-5,2,491.185708402478
-5,1,303.1949096415275
-5,1,153.54740046540942
-5,1,347.800941799819
-5,0,213.19425358585622
-5,0,260.7672803605138
-5,0,488.11766020535043
-5,-1,397.42518406453274
-5,-1,115.0118464261952
-5,-1,311.8011315633034
-6,-1,132.42642179635595
-6,-1,379.0327395332433
-6,-1,285.4484867306145
-6,-2,653.2882336006694
-6,-2,214.33430326038373
-6,-2,163.79087359833358
-6,-3,607.4431565265913
-6,-3,322.93754233749
-6,-3,187.81122123965469
-6,-4,335.9504698177827
-6,-4,330.9872472845851
-6,-4,211.6088270971118
-5,-4,654.7337499281894
-5,-4,284.3368829266509
-5,-4,452.86033046116285
-4,-4,200.1113373482229
-4,-4,280.2535277153035
-4,-4,225.810894049617
-4,-5,278.1495435301256
-4,-5,266.57812425771453
-4,-5,211.6935861154589
-3,-5,234.98443006842
-3,-5,236.557659730108
-3,-5,264.1219561205103
-2,-5,283.01946305396183
-2,-5,176.32750276301127
-2,-5,230.61357453083338
-1,-5,169.91516437926254
-1,-5,183.8262616161744
-1,-5,169.74907369308943
-1,-6,111.12351382323622
-1,-6,213.52809854340737
-1,-6,192.8278812119336
0,-6,597.5272495270294
0,-6,199.7682363647456
0,-6,271.1146677326178
0,-7,251.77402079018935
0,-7,435.7187121275058
0,-7,288.53542879530715
1,-7,132.43023755571335
1,-7,188.66053045723493
1,-7,388.0561465872775
2,-7,166.8179931638589
2,-7,138.25557419881648
2,-7,203.26397297967978
2,-8,264.57759248686045
2,-8,212.64398166058822
2,-8,389.3151701448995
3,-8,117.48132077389378
3,-8,203.74327830627746
3,-8,70.92322289987358
4,-8,397.6132754443285
4,-8,341.6674260064937
4,-8,215.01225500065382
4,-9,456.011252056598
4,-9,227.82758648809073
4,-9,132.57456949944827
5,-9,272.7832263902426
5,-9,249.02245991849904
5,-9,424.8814284578631
5,-10,204.05312300840976
5,-10,143.89299692948825
5,-10,150.8802362621152
6,-10,73.26142374448153
6,-10,401.68498946250725
6,-10,281.3348445995935
5,-10,184.31203987799748
5,-10,245.43157777891733
5,-10,233.16807749606315
5,-11,185.43176823534503
5,-11,142.80510643436526
5,-11,61.02395818445058
6,-11,61.83756928207896
6,-11,83.117980290201
6,-11,296.28847448711224
6,-12,141.5626242819795
6,-12,112.21179865416127
6,-12,173.75795756542607
7,-12,242.46058771231822
7,-12,422.53268945048876
7,-12,167.90150823922016
8,-12,217.57366593487865
8,-12,220.7768790708794
8,-12,74.54143557397249
9,-12,148.69850627954966
9,-12,164.4116519354778
9,-12,115.59686270211046
8,-12,63.09744195576383
8,-12,565.2847216316808
8,-12,232.26051864308863
9,-12,53.21970582683209
9,-12,295.85153309158903
9,-12,50.0
10,-12,61.02395818445058
10,-12,203.16754587404978
10,-12,123.34059019175074
11,-12,155.44705381924425
11,-12,116.6929271138392
11,-12,105.04252955681278
11,-13,55.44661712879076
11,-13,50.0
11,-13,50.0
12,-13,124.56427678274008
12,-13,83.5178456232872
12,-13,428.41607458151327
13,-13,55.44661712879076
13,-13,117.50482950213633
13,-13,107.8934173199396
12,-13,76.9255991903062
12,-13,55.44661712879076
12,-13,204.70149363925893
13,-13,160.75500081280015
13,-13,122.49396196938879
13,-13,391.9482655768429
13,-14,122.97269490084597
13,-14,144.1376590797799
13,-14,61.02395818445058
14,-14,61.02395818445058
14,-14,50.0
14,-14,132.6138617599042
14,-15,127.17878966869759
14,-15,50.0
14,-15,95.28452665971658
13,-15,50.0
13,-15,75.66281167840255
13,-15,61.02395818445058
14,-15,106.82410404423351
14,-15,61.02395818445058
14,-15,50.0
15,-15,50.0
15,-15,61.02395818445058
15,-15,55.44661712879076
14,-15,50.0
14,-15,150.13922049447734
14,-15,115.52251470298476
13,-15,70.3236799615372
13,-15,151.3352574901655
13,-15,120.42741776509743
14,-15,123.4885420805751
14,-15,101.74479440965527
14,-15,50.0
15,-15,158.0142075419111
15,-15,55.44661712879076
15,-15,61.02395818445058
15,-16,61.02395818445058
15,-16,87.79703787714581
15,-16,61.02395818445058
16,-16,50.0
16,-16,61.02395818445058
16,-16,91.82026609106481
17,-16,50.0
17,-16,61.02395818445058
17,-16,55.44661712879076
16,-16,50.0
16,-16,55.44661712879076
16,-16,50.0
17,-16,50.0
17,-16,61.02395818445058
17,-16,55.44661712879076
18,-16,76.10705558033797
18,-16,61.02395818445058
18,-16,55.44661712879076
17,-16,55.44661712879076
17,-16,87.33638201473767
17,-16,55.44661712879076
18,-16,101.16280769101603
18,-16,50.0
18,-16,50.0
19,-16,96.01745105885368
19,-16,50.0
19,-16,64.20609293887266
20,-16,55.44661712879076
20,-16,55.44661712879076
20,-16,50.0
20,-15,61.02395818445058
20,-15,50.0
20,-15,61.02395818445058
20,-14,50.0
20,-14,113.96478769343962
20,-14,55.44661712879076
20,-13,98.88298646747745
20,-13,194.97372041289975
20,-13,132.13843791854669
20,-12,55.44661712879076
20,-12,50.0
20,-12,116.74136829291619
20,-11,50.0
20,-11,93.0281849403541
20,-11,90.08602897030885
20,-10,55.44661712879076
20,-10,61.504503712929726
20,-10,50.0
20,-9,67.81308272024667
20,-9,203.22743879290863
20,-9,61.02395818445058
20,-10,156.27823038649512
20,-10,62.845174839208525
20,-10,50.0
20,-9,246.46107926518772
20,-9,61.02395818445058
20,-9,50.0
20,-8,55.44661712879076
20,-8,161.1545569092973
20,-8,50.0
20,-7,61.02395818445058
20,-7,468.4180377063923
20,-7,55.44661712879076
20,-6,61.02395818445058
20,-6,81.53648089848895
20,-6,139.7471128333716
20,-5,96.30561201262161
20,-5,55.44661712879076
20,-5,105.6249751122478
20,-6,61.02395818445058
20,-6,83.8072697014004
20,-6,68.97025389313728
20,-5,55.44661712879076
20,-5,50.0
20,-5,55.44661712879076
20,-4,55.44661712879076
20,-4,50.0
20,-4,50.0
20,-3,61.02395818445058
20,-3,55.44661712879076
20,-3,50.0
20,-2,55.44661712879076
20,-2,66.03591911791332
20,-2,53.266231842772356
20,-1,184.3067026003581
20,-1,61.02395818445058
20,-1,61.02395818445058
20,0,55.44661712879076
20,0,50.0
20,0,50.0
20,-1,119.89909166125035
20,-1,50.0
20,-1,290.3189094844287
20,0,107.75618674000785
20,0,61.678156439480915
20,0,50.0
20,1,55.44661712879076
20,1,65.42159507602652
20,1,112.59471194447195
20,0,78.70790317578982
20,0,104.19175770885089
20,0,50.0
20,1,140.76385864039065
20,1,79.59004309288892
20,1,118.47200539446422
20,2,205.00950571713116
20,2,321.4846259186726
20,2,161.11039423840975
20,3,61.02395818445058
20,3,146.56887903635248
20,3,142.3466133676498
20,4,133.18037929564645
20,4,50.0
20,4,65.49322553212295
20,5,65.09759438637444
20,5,50.0
20,5,55.44661712879076
20,6,101.70426623581328
20,6,61.02395818445058
20,6,50.0
20,7,95.07822693255561
20,7,50.0
20,7,61.02395818445058
20,8,167.57086242221826
20,8,50.0
20,8,124.85742622901395
20,7,61.02395818445058
20,7,147.96660668796548
20,7,50.0
20,6,92.45956507382714
20,6,114.20631487237043
20,6,122.26097542529456
19,6,217.16044104031204
19,6,150.72165655940478
19,6,268.8211168259225
18,6,208.18255996907
18,6,179.33509402729254
18,6,109.36985982752248
17,6,153.30746227821086
17,6,81.35953058010209
17,6,406.38131409227134
16,6,61.02395818445058
16,6,113.55767080180904
16,6,218.01176101848756
16,5,140.12809476902942
16,5,386.24270838688017
16,5,50.0
16,4,222.80685627324922
16,4,215.97936835361367
16,4,148.29295384416864
16,3,213.33499727381334
16,3,86.56033848075803
16,3,182.24261569768785
16,2,128.0084642082693
16,2,79.57146269292129
16,2,111.37178534533778
16,3,99.49734939067687
16,3,61.02395818445058
16,3,208.938325165834
15,3,164.86636292482137
15,3,101.58058489097797
15,3,571.4020407412416
14,3,105.71135443890819
14,3,134.02614323391862
14,3,270.385915996294
14,2,144.2850476263327
14,2,530.8280257613658
14,2,74.31158005382198
13,2,50.0
13,2,294.2775745997835
13,2,107.67973195798504
13,3,442.8371421966808
13,3,200.33083342880957
13,3,102.12305244217663
13,2,102.45142614682607
13,2,526.6110751774304
13,2,189.23612496448703
12,2,60.8938192016235
12,2,290.53235018263723
12,2,219.98084389047102
12,3,180.64087856563287
12,3,123.21261153544627
12,3,131.35977457949286
12,2,180.94737460032195
12,2,146.31221742024061
12,2,280.87039247959433
12,3,194.90061931785831
12,3,182.18138760033713
12,3,168.95220141695836
11,3,298.999289279438
11,3,166.62487670934027
11,3,108.64890576575199
11,2,203.54210502321868
11,2,256.094873619177
11,2,209.69511300050556
11,1,213.4152890743899
11,1,250.22088359301884
11,1,244.4800530208272
11,0,204.13135703194547
11,0,214.75430783493547
11,0,345.96643937594183
10,0,412.74779891480625
10,0,281.3642836103282
