3.69104
2.92974
3.59882
3.39489
3.31536
2.82381
2.80615
2.78374
2.83261
2.68684
2.62163
2.5322
2.57599
2.4172
2.83542
2.65511
2.52939
3.04917
3.11721
3.13072
3.08053
3.159
2.78451
3.04433
3.27514
3.19462
2.86657
2.83196
2.83132
2.93281
2.92605
2.94415
2.94665
3.40831
3.5274
2.751
3.07343
3.12878
3.3792
3.37911
3.28381
2.89988
2.86576
2.89551
2.90503
2.87929
2.90575
2.95895
2.8783
2.89875
3.34818
2.85473
3.58783
3.62068
2.92863
2.93593
2.92643
2.88018
2.82986
2.83204
2.8295
2.81779
2.81688
3.10307
3.01478
2.65077
2.70792
2.8901
2.69971
2.76358
2.77776
2.73882
3.1898
2.72857
2.73698
2.81477
3.01919
3.03268
3.0692
2.78824
