3.86033
2.84812
3.49756
3.42444
3.23312
2.79675
2.68904
2.82263
2.69607
2.55169
2.59821
2.70659
2.43349
2.69389
2.65309
2.70305
2.51562
2.90947
2.95952
2.99852
3.10564
2.79084
3.1355
3.3227
2.99609
3.26666
2.6982
2.80355
2.96568
2.86782
2.87709
2.80944
2.86519
3.43885
3.65191
2.86271
3.19016
2.77745
3.32805
3.34049
3.20815
2.83541
2.88368
2.89917
2.89103
2.85381
2.81406
2.96282
2.87003
2.98841
3.37988
2.94166
3.51576
3.61282
2.87178
2.95676
2.8672
3.11135
2.84003
2.80853
2.82803
2.9082
2.854
3.12509
3.2073
3.1061
2.75102
2.67831
2.6776
3.05536
2.60444
2.81477
2.73115
2.81041
2.76037
2.80401
2.98677
2.83706
3.05248
2.89551
