3.81863
2.95153
3.47098
3.37832
2.89729
2.65024
2.81167
2.7163
2.88044
2.58473
2.48186
2.5681
2.60755
2.45865
2.60448
2.62874
2.59445
2.8716
3.02392
3.07111
2.99695
3.20413
2.82934
3.15798
3.22237
3.36221
2.80213
2.81423
2.85349
2.90881
2.9493
2.93441
3.0753
3.26956
3.46175
2.86172
3.36658
3.30502
3.39663
3.27647
3.24911
2.88724
2.75501
2.89551
2.83067
2.93411
2.93275
2.81167
2.87074
3.28049
2.95413
2.86867
3.52136
3.53651
2.94078
2.81036
2.84493
2.92135
2.90403
2.90735
2.81559
2.86207
2.78949
3.21872
2.72671
3.04436
2.77379
2.74785
2.75644
2.80373
2.65713
2.82477
2.90774
2.77673
2.85743
2.86505
2.8809
3.09889
3.073
2.75885
