3.69026
3.06245
3.40609
3.28422
2.99301
2.88129
2.80856
2.79776
2.68815
2.7196
2.55939
2.55939
2.6118
2.35645
2.7917
2.51852
2.803
2.6427
2.69907
2.98321
2.67444
3.14503
2.7149
3.15598
3.29731
2.81388
2.74254
2.79131
2.88417
2.83574
3.01177
2.8965
2.78769
3.48556
3.49998
2.80122
3.42693
3.20685
3.28562
2.91843
2.93631
2.88815
2.89103
2.88
2.99513
2.87702
3.07993
2.88949
2.8686
2.92929
3.34519
2.85443
3.51388
3.59506
2.98264
2.84826
3.05317
2.90126
2.90128
2.76644
2.79674
2.83206
2.72096
3.33552
2.76502
2.90148
2.86551
2.75928
2.72972
2.77883
2.76392
2.68098
2.76108
2.85493
2.91223
2.90139
3.08888
3.02284
3.10717
2.78784
