3.66522
2.94093
3.57261
3.44793
2.85544
2.84234
2.72431
2.75179
2.96683
2.61531
2.71371
2.56081
2.55108
2.46444
2.82615
2.55605
2.9295
2.49052
2.7054
2.5828
2.85488
2.66754
3.0236
3.24498
3.25036
3.13926
2.8075
2.86555
3.04952
2.91257
2.87113
2.82733
2.92807
3.4223
3.36361
2.81468
3.38057
3.39011
3.41256
3.36941
2.89316
2.83541
2.89285
2.87546
2.9292
2.90503
2.88
2.82477
3.06749
3.30741
3.41376
2.91296
3.49038
3.60529
2.97916
2.9479
2.87114
2.86138
2.92057
2.7781
2.91516
2.76527
2.7119
3.10898
3.21583
3.02149
2.74669
2.74674
2.72972
2.75348
2.82143
2.91443
2.80305
2.82687
2.77565
2.79462
2.88826
2.86251
3.11207
2.84407
