3.65655
2.93713
3.32836
3.44767
3.30649
2.80273
2.75069
2.75359
2.89833
2.5518
2.67208
2.53211
2.52087
2.73492
2.62267
2.53593
2.64723
2.46798
3.04818
2.98174
2.91967
2.97507
2.6849
3.2183
3.14168
3.09059
2.96267
2.79997
2.89308
2.87324
3.06697
2.94589
2.99926
3.449
3.56989
2.77947
3.28792
2.85724
3.32029
3.38547
2.90128
2.91466
2.9021
2.85369
2.88665
2.86576
2.8553
2.85388
3.16194
3.29667
3.3787
2.89147
3.60878
3.50998
3.01425
2.86691
2.90779
2.84061
2.93071
2.86051
2.84605
2.80619
2.83112
3.057
3.16155
2.71798
2.70592
2.72102
2.71986
2.8162
2.71466
2.81549
2.7956
2.7227
2.8006
2.84011
2.80267
2.81061
3.07939
2.85761
