11,4,100.0
10,4,104.00035337309956
10,4,100.0
9,4,294.97228172195
9,4,274.3836174594764
9,5,406.14025803527954
9,5,100.0
9,6,502.0211011329942
9,6,474.0774072707753
9,7,100.0
9,7,144.4288307319073
8,7,254.45640654772754
8,7,269.9681721484187
8,8,100.0
8,8,985.3332615801098
7,8,113.69777371494445
7,8,491.94551764313405
8,8,405.8407849739098
8,8,100.0
8,7,100.0
8,7,214.59460847452496
8,6,100.0
8,6,100.0
8,5,274.55855001365103
8,5,461.9124754769373
9,5,201.52226710419222
9,5,389.0522716620681
9,4,266.3523135175785
9,4,100.0
10,4,100.0
10,4,100.0
11,4,271.30566636066385
11,4,261.817189323595
10,4,100.0
10,4,297.97572891704016
9,4,100.0
9,4,399.03510502297877
8,4,365.28745015079835
8,4,261.1337295149559
8,3,100.0
8,3,412.229267764525
8,2,100.0
8,2,590.065979488177
7,2,101.28919979374129
7,2,408.71859648847243
7,1,441.6434780162341
7,1,187.43356332080816
6,1,353.25602552321146
6,1,803.2184845004456
6,0,296.0520689435683
6,0,510.3130236506176
6,-1,368.9548147272478
6,-1,100.0
7,-1,100.0
7,-1,438.22851847756266
7,0,333.79848152907607
7,0,100.0
6,0,491.9293512591614
6,0,175.5930655160596
5,0,455.2049603475268
5,0,306.81619968574194
5,-1,514.3921370275207
5,-1,389.62247638602923
6,-1,230.1423625289707
6,-1,248.68152525450824
6,-2,100.0
6,-2,589.6374374528483
6,-1,114.85213480619609
6,-1,782.5169534395598
5,-1,465.6831681934476
5,-1,429.86780738715663
5,-2,256.4432001362059
5,-2,352.01909375933826
4,-2,780.2265237704962
4,-2,440.58192836100227
4,-3,521.4888480589851
4,-3,537.1585066287951
4,-4,694.3623476255245
4,-4,313.73155506765147
4,-3,473.5107467225155
4,-3,389.5694204441364
4,-4,1055.0259128336015
4,-4,292.7138996606942
3,-4,429.77161971903826
3,-4,800.143762850996
2,-4,420.59052057995484
2,-4,877.653193619027
2,-3,207.9941514757203
2,-3,257.4556927778057
1,-3,708.8432813466211
1,-3,518.872408472366
1,-4,138.07497241572602
1,-4,436.61423452344945
1,-5,562.0766496686155
1,-5,460.76511242505876
1,-6,100.0
1,-6,446.61751724283994
2,-6,483.57998547920255
2,-6,393.7212200277958
2,-5,495.69179826538743
2,-5,661.509560164511
3,-5,438.7865718593408
3,-5,462.31687899442875
3,-6,408.86614757086534
3,-6,775.3339291921725
3,-7,303.210915158612
3,-7,918.2417039644035
3,-6,245.04120003266235
3,-6,530.4194988820338
3,-7,347.28343729610424
3,-7,595.8546688989053
3,-6,696.7511080655232
3,-6,135.4691406320766
2,-6,675.8555084807726
2,-6,171.75210339736566
1,-6,435.59126673044005
1,-6,264.70510094069004
0,-6,678.8721666091137
0,-6,299.86411556277903
-1,-6,409.91825791488645
-1,-6,268.3882937391632
-2,-6,423.16663263896294
-2,-6,672.3164463820947
-2,-5,196.5891702961797
-2,-5,125.27581692376472
-2,-4,154.06889507032284
-2,-4,536.0909106126855
-2,-5,479.66171802565526
-2,-5,435.25191409751517
-3,-5,100.0
-3,-5,216.48433534895315
-3,-6,115.69073710695312
-3,-6,229.65275599752312
-4,-6,164.3021234081548
-4,-6,542.5448932670168
-4,-5,267.11591426272184
-4,-5,612.424647158082
-4,-6,100.0
-4,-6,252.9739214967923
-4,-7,336.07072935824397
-4,-7,149.44736512786966
-4,-8,100.0
-4,-8,234.73446921679698
-4,-7,383.7610585046918
-4,-7,100.0
-4,-8,349.87184376115215
-4,-8,100.0
-4,-9,407.2388540471371
-4,-9,296.36266060711085
-4,-10,362.08109521917726
-4,-10,100.0
-4,-11,160.12846164790025
-4,-11,100.0
-4,-12,100.0
-4,-12,100.0
-5,-12,150.14418063004192
-5,-12,198.06456668484554
-4,-12,160.21843662158471
-4,-12,548.7159393406678
-3,-12,100.0
-3,-12,182.16446172207372
-4,-12,323.07113053821433
-4,-12,319.80248845948404
-5,-12,100.0
-5,-12,149.86000542700603
-6,-12,546.6830793975877
-6,-12,100.0
-7,-12,100.0
-7,-12,100.0
-8,-12,210.8765164752627
-8,-12,100.0
-8,-11,100.0
-8,-11,100.0
-8,-12,233.13319552152387
-8,-12,462.3460426436409
-8,-11,254.97510741753518
-8,-11,300.1435412570619
-8,-10,100.0
-8,-10,100.0
-9,-10,100.0
-9,-10,350.5961071120702
-9,-9,916.7774691609635
-9,-9,100.0
-10,-9,100.0
-10,-9,100.0
-10,-8,100.0
-10,-8,703.1315339348199
-11,-8,100.0
-11,-8,291.6076432478045
-12,-8,100.0
-12,-8,447.1318359586666
-12,-7,100.0
-12,-7,382.73045184518423
-13,-7,100.0
-13,-7,327.77534294063844
-12,-7,353.6868429633247
-12,-7,352.0137631083485
-12,-8,339.15625897386
-12,-8,100.0
-12,-9,100.0
-12,-9,116.0086080356561
-11,-9,100.0
-11,-9,100.0
-11,-8,100.0
-11,-8,629.2024928946239
-10,-8,100.0
-10,-8,264.0189174607647
-10,-7,299.8381471267108
-10,-7,100.0
-9,-7,285.5719371591533
-9,-7,227.06994322799395
-9,-6,100.0
-9,-6,189.34786037577132
-9,-5,825.7608852945067
-9,-5,100.0
-9,-4,297.0526780711016
-9,-4,340.96491058562367
-8,-4,100.0
-8,-4,213.0851328235766
-8,-5,178.60439836123155
-8,-5,100.0
-8,-6,480.2818335650244
-8,-6,590.9371429119324
-8,-7,100.0
-8,-7,100.0
-8,-6,516.8394781571433
-8,-6,373.4481211182848
-8,-5,657.4994494586698
-8,-5,316.79491091074095
-8,-4,143.52048552239722
-8,-4,100.0
-8,-3,180.89481923049325
-8,-3,100.0
-8,-2,242.80640212024923
-8,-2,195.1394706605323
-8,-1,226.74482359780583
-8,-1,341.11594550396103
-8,0,214.5438008243487
-8,0,100.0
-7,0,278.6600670167229
-7,0,515.5523022968615
-6,0,172.12326753104372
-6,0,220.7734325682468
-5,0,327.7074174251032
-5,0,456.52605909379525
-4,0,240.91415426809158
-4,0,765.4768296665959
-3,0,201.41971844189086
-3,0,216.94034385103637
-2,0,471.0306150227725
-2,0,478.2447116454025
-2,-1,597.3084505031472
-2,-1,283.0061860688935
-2,-2,470.53864796134457
-2,-2,506.5521864437037
-1,-2,531.7232989634203
-1,-2,546.5511010180895
0,-2,762.8119925198498
0,-2,588.2960585132043
1,-2,485.65230925621046
1,-2,1062.1173319141596
2,-2,801.8905358535562
2,-2,386.8604161582617
2,-3,558.7110606626799
2,-3,990.3189427765981
3,-3,389.9735250586145
3,-3,538.7647910350668
4,-3,413.2217251829121
4,-3,376.0260628503875
5,-3,203.3004406554701
5,-3,401.9665112832114
6,-3,340.36487553159367
6,-3,435.87184175296903
7,-3,442.0214857939586
7,-3,542.1155344824888
6,-3,322.85514257771615
6,-3,139.1424339005297
6,-4,172.23379828971144
6,-4,309.5307115260506
6,-5,100.0
6,-5,100.0
5,-5,183.36252176010703
5,-5,242.59259681663843
6,-5,513.9324762716358
6,-5,100.0
5,-5,376.401327327012
5,-5,231.2293919466748
5,-4,350.70194107775234
5,-4,217.42015950745107
5,-5,100.0
5,-5,418.38087195818514
5,-6,104.823539916714
5,-6,212.30785620980737
6,-6,100.0
6,-6,280.0269393304885
6,-7,165.96156121419793
6,-7,100.0
6,-6,261.14826599922
6,-6,100.0
7,-6,147.13460308880022
7,-6,100.0
7,-7,443.53752307776216
7,-7,362.2972287420538
7,-8,100.0
7,-8,268.3056703029705
6,-8,171.21194252094855
6,-8,276.0334197319966
7,-8,176.99527739157074
7,-8,100.0
7,-9,100.0
7,-9,100.0
8,-9,166.3738877328226
8,-9,231.20072524142506
9,-9,282.04254508807946
9,-9,100.0
10,-9,100.0
10,-9,243.91259136863238
9,-9,555.5277102860448
9,-9,164.1009911827558
9,-10,100.0
9,-10,100.0
10,-10,100.0
10,-10,100.0
11,-10,281.4962744132686
11,-10,100.0
12,-10,314.40390942220705
12,-10,777.8172838768729
12,-11,300.9757794677088
12,-11,100.0
13,-11,267.1891254080445
13,-11,100.0
13,-12,136.9537471547542
13,-12,100.0
14,-12,103.42800138954655
14,-12,100.0
15,-12,100.0
15,-12,558.737242369847
16,-12,100.0
16,-12,401.1435184722434
17,-12,100.0
17,-12,100.0
18,-12,100.0
18,-12,100.0
19,-12,100.0
19,-12,100.0262720324929
20,-12,100.0
20,-12,213.09562396378254
20,-11,100.0
20,-11,100.0
20,-10,100.0
20,-10,100.0
20,-9,100.0
20,-9,164.02764505139461
20,-8,100.0
20,-8,131.28457336077219
20,-9,100.0
20,-9,100.0
20,-8,100.0
20,-8,100.0
20,-7,100.0
20,-7,156.4549893047741
20,-6,100.0
20,-6,100.0
20,-5,100.0
20,-5,100.0
20,-4,100.0
20,-4,100.0
20,-3,100.0
20,-3,100.0
20,-4,100.0
20,-4,100.0
19,-4,289.9266990067585
19,-4,100.0
18,-4,100.0
18,-4,100.0
17,-4,100.0
17,-4,100.0
17,-3,100.0
17,-3,609.2710278859455
17,-4,100.0
17,-4,387.68798167486796
17,-3,100.0
17,-3,127.20676808401231
17,-2,100.0
17,-2,160.76968440300925
17,-3,103.44334891650715
17,-3,100.0
16,-3,119.84573929475215
16,-3,100.0
16,-4,202.45703464888572
16,-4,279.36949935268103
16,-3,268.66226722386637
16,-3,100.0
16,-4,100.0
16,-4,543.6714411663283
16,-3,100.0
16,-3,255.0349930552925
16,-2,100.0
16,-2,349.6689560068105
16,-1,100.0
16,-1,100.0
16,-2,100.0
16,-2,100.0
16,-1,173.20455898508186
16,-1,100.0
15,-1,100.0
15,-1,100.0
15,0,328.496839878306
15,0,150.90522290316392
15,1,100.0
15,1,100.0
15,2,514.7643922652062
15,2,262.5367551790281
15,3,100.0
15,3,100.0
15,4,232.12171244031867
15,4,121.5909796587949
15,3,100.0
15,3,100.0
14,3,100.0
14,3,213.1365819130088
14,2,100.0
14,2,649.0723721231618
13,2,100.0
13,2,590.9853830340603
13,3,100.0
13,3,100.0
14,3,100.0
14,3,100.0
14,4,100.0
14,4,171.06903309939605
14,5,100.0
14,5,628.0953850731421
14,6,787.47633676392
14,6,100.0
13,6,201.7543425607086
13,6,135.83545557708663
13,7,208.50949792508953
13,7,100.0
12,7,164.29375387053636
12,7,228.0227738496043
12,6,170.41227464754584
12,6,100.0
12,7,100.0
12,7,172.99428395839212
12,8,363.71340586761625
12,8,100.0
12,9,401.8082260571697
12,9,100.0
11,9,545.2152747118511
11,9,115.40373498975255
11,10,100.0
11,10,100.0
11,11,100.0
11,11,450.1524368772154
11,12,100.0
11,12,330.6689295531475
11,13,100.0
11,13,100.0
10,13,130.29474104271372
10,13,100.0
10,14,100.0
10,14,100.0
10,15,100.0
10,15,100.0
9,15,351.0384028009798
9,15,100.0
8,15,426.8418528706626
8,15,100.0
8,16,100.0
8,16,100.0
7,16,100.0
7,16,100.0
6,16,100.0
6,16,100.0
5,16,100.0
5,16,100.0
4,16,194.95389760747156
4,16,100.0
3,16,100.0
3,16,100.0
2,16,100.0
2,16,301.79514526268474
1,16,100.0
1,16,258.4427355811506
0,16,198.08651181405955
0,16,302.2489550404413
0,15,100.0
0,15,335.47012418041174
-1,15,100.0
-1,15,100.0
-1,14,100.0
-1,14,121.87231644492245
-1,13,218.32440942592152
-1,13,100.0
-2,13,100.0
-2,13,560.8668481337893
-3,13,100.0
-3,13,336.5577690801019
-3,12,511.501131428406
