11,4,274.4779952387987
11,4,50.0
10,4,297.9576680144357
10,4,354.19087706161883
10,4,151.24212191797704
9,4,88.40086974211292
9,4,403.1263884942166
9,4,143.9932577909948
9,5,306.71621530237127
9,5,200.41140102965102
9,5,322.4584041272669
9,6,147.43134618477612
9,6,128.3591989354863
9,6,469.37570222270654
9,7,76.85515808046657
9,7,157.4313487116278
9,7,297.6957785009166
8,7,245.45977405192744
8,7,178.0503175945959
8,7,271.86418665828586
8,8,200.1283749791696
8,8,84.56537338515308
8,8,322.59517013368986
7,8,50.0
7,8,77.63303109822465
7,8,361.28291981037444
8,8,210.08330131475364
8,8,205.06361305978822
8,8,311.38457850408
8,7,283.9837377085256
8,7,159.16887434221962
8,7,257.9729594593276
8,6,406.324186111975
8,6,282.31348963704016
8,6,50.0
8,5,385.6411832667429
8,5,214.24592187088908
8,5,281.5658263977741
9,5,103.91901161285044
9,5,129.03457041580162
9,5,338.6721323925824
9,4,274.4415651273349
9,4,254.73887912493765
9,4,61.651960888239614
10,4,240.99193960495782
10,4,349.7145744667863
10,4,149.8060203742537
11,4,267.7580543723907
11,4,194.0930404510161
11,4,50.0
10,4,244.92370189906063
10,4,122.19830328889023
10,4,391.63806877619743
9,4,296.65384731348263
9,4,303.0186113908962
9,4,384.4878475607786
8,4,340.5203875878711
8,4,300.10804723519817
8,4,182.3735282845626
8,3,297.0081749032903
8,3,315.1101026031915
8,3,170.220106666597
8,2,205.74369513369
8,2,131.1101884995124
8,2,298.43818404779944
7,2,386.6266009476095
7,2,387.49139245364546
7,2,221.48073938759774
7,1,113.90485390312625
7,1,277.51302168913014
7,1,221.57113335432533
6,1,212.78916585118134
6,1,119.36513292378146
6,1,281.40230990911107
6,0,538.9813804064783
6,0,243.41591363536386
6,0,84.9581737291478
6,-1,213.68222525119123
6,-1,216.26524978223145
6,-1,472.59038366690913
7,-1,323.24698121123595
7,-1,50.0
7,-1,258.439637697537
7,0,609.1905755825971
7,0,277.31213187767236
7,0,71.13251873579603
6,0,50.0
6,0,174.35825687223198
6,0,265.97096849000036
5,0,326.2982851266146
5,0,281.19422045663634
5,0,215.58718461739807
5,-1,226.88394978825494
5,-1,246.81415540562844
5,-1,310.82754245798736
6,-1,409.7391916215518
6,-1,231.35052542956458
6,-1,122.32343798357246
6,-2,395.8626081304739
6,-2,93.21895247111377
6,-2,317.6011248213206
6,-1,194.94613486616112
6,-1,405.84342135516647
6,-1,126.06716278402966
5,-1,284.2900389431392
5,-1,425.5820866308857
5,-1,467.39672419036515
5,-2,382.36027170457413
5,-2,293.47752327084385
5,-2,356.2011101373132
4,-2,278.89091421856176
4,-2,325.32754900152867
4,-2,325.2140314601893
4,-3,285.6427129230505
4,-3,452.72123093573026
4,-3,50.0
4,-4,198.9359677057051
4,-4,320.3521793300729
4,-4,265.1491820403959
4,-3,331.3828504271229
4,-3,192.61969419920752
4,-3,105.31509564563947
4,-4,114.64820388114701
4,-4,442.4648119696527
4,-4,308.76735756475375
3,-4,170.98375537302093
3,-4,160.48162020865908
3,-4,399.5432573871532
2,-4,400.3612909790949
2,-4,315.1916945565017
2,-4,310.09316189617937
2,-3,480.2194054055168
2,-3,351.90664299782134
2,-3,234.13152611938938
1,-3,295.2771286753639
1,-3,261.5645880476089
1,-3,315.64721596501283
1,-4,373.5955176812685
1,-4,305.64283467972325
1,-4,457.2883252114739
1,-5,420.1913602399867
1,-5,327.93032020660496
1,-5,356.8920999954569
1,-6,188.29456052061465
1,-6,95.07766724327126
1,-6,326.3718564393132
2,-6,264.87007945468747
2,-6,152.19171647026684
2,-6,316.8841839879225
2,-5,133.52400624217844
2,-5,115.83772629909447
2,-5,313.3459967357634
3,-5,209.82126113654306
3,-5,334.45815239849077
3,-5,143.49397648722277
3,-6,184.14734583552269
3,-6,203.57470701839867
3,-6,161.83380659351138
3,-7,260.73055340696266
3,-7,443.8497986983791
3,-7,178.72071919177142
3,-6,285.0529754134949
3,-6,189.80346242077195
3,-6,414.3490639494194
3,-7,344.6126506745755
3,-7,337.4588909292721
3,-7,262.29833165503214
3,-6,165.23951545643342
3,-6,344.5959261037692
3,-6,248.83363713111387
2,-6,211.29292924213917
2,-6,341.43151915171876
2,-6,285.7980528487365
1,-6,338.4067349330778
1,-6,144.4970398994798
1,-6,204.00977995319303
0,-6,157.9798394538901
0,-6,300.7882746838598
0,-6,309.0125747048323
-1,-6,404.52689879007164
-1,-6,259.3669990853025
-1,-6,344.2074565263222
-2,-6,326.8766977524706
-2,-6,237.1133966574492
-2,-6,322.5322445284341
-2,-5,50.0
-2,-5,333.0300629873335
-2,-5,162.42584195501772
-2,-4,305.8935507448539
-2,-4,50.0
-2,-4,113.02521201676868
-2,-5,262.0892797136713
-2,-5,260.7568406119315
-2,-5,342.1604880308198
-3,-5,273.3006537454885
-3,-5,140.44241877108112
-3,-5,517.2409725410641
-3,-6,307.0069352446764
-3,-6,322.14413820113487
-3,-6,364.79461483223434
-4,-6,261.5445167219981
-4,-6,50.0
-4,-6,254.37482428780328
-4,-5,400.7770928091606
-4,-5,274.2890518999453
-4,-5,209.9714339373594
-4,-6,50.0
-4,-6,82.68682540232234
-4,-6,327.30036067185694
-4,-7,114.31208129763837
-4,-7,86.0680350890763
-4,-7,473.0156449439452
-4,-8,218.43053152487062
-4,-8,166.67702846119568
-4,-8,207.32331421151
-4,-7,327.43335453438135
-4,-7,302.1173018855957
-4,-7,212.52595298431413
-4,-8,498.080470792305
-4,-8,230.0448424781595
-4,-8,70.2920264625962
-4,-9,300.6873968681694
-4,-9,372.0624826864755
-4,-9,290.27217874506715
-4,-10,321.1105465007272
-4,-10,353.20870883083285
-4,-10,162.92116508687275
-4,-11,103.46918988219207
-4,-11,94.0050719052864
-4,-11,266.6433470523756
-4,-12,69.56484152387218
-4,-12,80.1121217614887
-4,-12,222.78756943121556
-5,-12,279.86482030054606
-5,-12,237.44371108797492
-5,-12,201.7793465207697
-4,-12,50.0
-4,-12,235.55482783355328
-4,-12,107.52111158215152
-3,-12,113.57578982915177
-3,-12,362.53968563542674
-3,-12,75.01708514004677
-4,-12,157.24993262109646
-4,-12,282.5247949489549
-4,-12,207.50722308039062
-5,-12,81.6108489723829
-5,-12,310.06825854081234
-5,-12,229.12133924294324
-6,-12,217.11016741788922
-6,-12,354.8378162935737
-6,-12,56.229296029879094
-7,-12,203.99983007831926
-7,-12,65.94914890716059
-7,-12,87.74239297926036
-8,-12,259.41311790785306
-8,-12,96.60296491144203
-8,-12,73.81834773632906
-8,-11,151.0683476960873
-8,-11,50.0
-8,-11,169.59689098235214
-8,-12,266.7280777599159
-8,-12,197.9283179287846
-8,-12,146.5524220267604
-8,-11,85.66460177266426
-8,-11,172.80961350200954
-8,-11,50.0
-8,-10,173.9989078408776
-8,-10,349.85951312836494
-8,-10,115.44622982675587
-9,-10,378.04703351484443
-9,-10,50.0
-9,-10,50.0
-9,-9,254.83090278723049
-9,-9,72.74687212052092
-9,-9,50.0
-10,-9,50.0
-10,-9,97.95245282873034
-10,-9,259.07076356350433
-10,-8,172.15655153609586
-10,-8,188.6842538719667
-10,-8,203.73342458547592
-11,-8,282.4401710450468
-11,-8,225.47741048554076
-11,-8,173.9903505947402
-12,-8,179.71746990995115
-12,-8,267.99249399452106
-12,-8,148.62894005934288
-12,-7,104.45036781198402
-12,-7,117.78935032001186
-12,-7,339.4810590376094
-13,-7,281.7727254380172
-13,-7,237.97895074996745
-13,-7,90.04192191112173
-12,-7,50.0
-12,-7,189.8460627806872
-12,-7,267.23724109619275
-12,-8,50.0
-12,-8,232.67758564203876
-12,-8,51.709980306866655
-12,-9,111.79131364672693
-12,-9,314.03304111896387
-12,-9,50.0
-11,-9,54.27221985622434
-11,-9,393.8471360665086
-11,-9,63.25145002707652
-11,-8,68.55101290674386
-11,-8,250.4025165356682
-11,-8,179.100496314873
-10,-8,50.0
-10,-8,50.0
-10,-8,50.0
-10,-7,109.35725386615661
-10,-7,384.186986399931
-10,-7,182.06742536274243
-9,-7,175.01150059687677
-9,-7,200.40434836726715
-9,-7,64.47226286489978
-9,-6,425.18241080969517
-9,-6,372.10102566903856
-9,-6,50.0
-9,-5,125.73653558871571
-9,-5,403.51045810263565
-9,-5,193.34471603901764
-9,-4,254.38056966438958
-9,-4,280.1911719012939
-9,-4,174.7656403194615
-8,-4,99.86901447812335
-8,-4,283.23250022260737
-8,-4,161.90552333129835
-8,-5,83.94366702519598
-8,-5,233.483799933698
-8,-5,355.498830835008
-8,-6,229.59725830767678
-8,-6,148.1658352424277
-8,-6,166.144097422672
-8,-7,50.0
-8,-7,50.0
-8,-7,453.15891235921987
-8,-6,157.95314746111288
-8,-6,107.33909430377508
-8,-6,120.26405651286218
-8,-5,70.58047542687908
-8,-5,95.95557788575594
-8,-5,57.24314555886093
-8,-4,208.13683572390323
-8,-4,356.58329232376775
-8,-4,195.79125604612187
-8,-3,401.4603871329208
-8,-3,315.00640107836455
-8,-3,365.72853611744665
-8,-2,72.42177622852998
-8,-2,138.22823774802055
-8,-2,50.0
-8,-1,170.4468773331227
-8,-1,257.01239455250203
-8,-1,95.36756785194211
-8,0,323.70650047001925
-8,0,261.84486710389865
-8,0,197.65366981890554
-7,0,260.490403654319
-7,0,156.765421861832
-7,0,443.7840695369929
-6,0,218.07738542853932
-6,0,182.69496478465783
-6,0,263.9978513057293
-5,0,396.25115623259217
-5,0,381.8284660348771
-5,0,63.658138594817274
-4,0,84.80407340842768
-4,0,576.2078132147815
-4,0,319.1456531501886
-3,0,452.92118669015645
-3,0,117.49520623786805
-3,0,453.0112057353864
-2,0,243.82613187350196
-2,0,480.3991473487574
-2,0,418.8622549419145
-2,-1,462.590905650267
-2,-1,364.61134352250036
-2,-1,420.8621531927997
-2,-2,315.1721665228653
-2,-2,482.70011024015196
-2,-2,97.86710012366271
-1,-2,404.34200131870733
-1,-2,411.4450329052849
-1,-2,341.6564751659756
0,-2,431.0762345255583
0,-2,182.00515068998726
0,-2,488.356159992033
1,-2,261.2220649704681
1,-2,264.83146137924103
1,-2,504.68251291096317
2,-2,514.0805020307363
2,-2,416.7896912095299
2,-2,228.90870808605194
2,-3,117.35898023148579
2,-3,181.20680231387996
2,-3,277.011872196423
3,-3,155.11514308133235
3,-3,347.05351658626444
3,-3,357.1843755960923
4,-3,118.09905783347281
4,-3,252.98315609094607
4,-3,178.03670837524385
5,-3,373.86493001045744
5,-3,189.79720239706376
5,-3,406.01243890895773
6,-3,383.3280198292819
6,-3,290.4501293210976
6,-3,312.16092449990776
7,-3,173.62487659170404
7,-3,224.45065857905678
7,-3,128.55249410906117
6,-3,200.04913576062873
6,-3,191.0346512557207
6,-3,337.7424399674585
6,-4,104.51903418910345
6,-4,170.03331223301856
6,-4,217.76176766814697
6,-5,223.33602621798136
6,-5,50.0
6,-5,258.50519180025907
5,-5,76.73829712872151
5,-5,398.09878716974004
5,-5,216.06655896571755
6,-5,264.48948617501395
6,-5,289.5432501764336
6,-5,194.26856204220806
5,-5,233.1043699354818
5,-5,199.9905931071044
5,-5,336.79244838596827
5,-4,244.51287898327064
5,-4,230.78644961121003
5,-4,50.0
5,-5,123.80403889725324
5,-5,132.7168397593167
5,-5,386.6947598115347
5,-6,322.4482343524195
5,-6,379.452143094205
5,-6,50.0
6,-6,258.17726042830657
6,-6,125.81085141983846
6,-6,111.90578996710495
6,-7,50.0
6,-7,55.85407024991102
6,-7,216.8794663138445
6,-6,118.48070871595314
6,-6,229.8472289756878
6,-6,243.83669526937737
7,-6,295.2674148307327
7,-6,302.9229689599141
7,-6,235.5254708145462
7,-7,50.0
7,-7,184.02608063087376
7,-7,277.7325976599579
7,-8,122.61432182022988
7,-8,96.247005344092
7,-8,373.9799125838314
6,-8,218.29722888179072
6,-8,387.18589381393065
6,-8,123.71359667122508
7,-8,240.1896632996349
7,-8,366.75642635538077
7,-8,154.5107124038347
7,-9,50.0
7,-9,119.40245123647523
7,-9,135.4751534765745
8,-9,149.31905837125163
8,-9,84.41570046368432
8,-9,120.35561572076267
9,-9,50.0
9,-9,68.0369996868273
9,-9,312.32457806547745
10,-9,280.58255483494247
10,-9,183.21923554175294
10,-9,210.56009890980695
9,-9,50.0
9,-9,50.0
9,-9,448.53996262264576
9,-10,418.9565410074443
9,-10,157.98105557956524
9,-10,166.38256856012907
10,-10,157.88219438499124
10,-10,256.48279045744835
10,-10,79.0384032905452
11,-10,232.1195808532721
11,-10,239.8972003537404
11,-10,50.0
12,-10,50.0
12,-10,122.39801699494608
12,-10,204.5524948063563
12,-11,93.24396037388759
12,-11,124.14275144212839
12,-11,90.9558798666366
13,-11,104.57629289322593
13,-11,50.0
13,-11,123.56672981287967
13,-12,50.0
13,-12,73.39742785989334
13,-12,50.0
14,-12,50.0
14,-12,101.52253633151764
14,-12,50.0
15,-12,52.016872825079766
15,-12,50.0
15,-12,277.73827989470334
16,-12,206.25708876973684
16,-12,96.8790621978864
16,-12,50.0
17,-12,50.0
17,-12,50.0
17,-12,50.0
18,-12,142.1682778257191
18,-12,50.0
18,-12,122.30112803668067
19,-12,241.90582808612064
19,-12,50.0
19,-12,92.19277895194949
20,-12,85.6251633783408
20,-12,50.0
20,-12,50.0
20,-11,50.0
20,-11,187.9084278467653
20,-11,50.0
20,-10,50.0
20,-10,119.72862839451317
20,-10,114.82800561108613
20,-9,50.0
20,-9,50.0
20,-9,146.90988388877102
20,-8,50.0
20,-8,50.0
20,-8,120.94750915252465
20,-9,50.0
20,-9,50.0
20,-9,102.24291230131048
20,-8,151.5553174919935
20,-8,272.73102181458836
20,-8,79.99700761637217
20,-7,155.72984976273608
20,-7,65.85983706564254
20,-7,144.03391999729303
20,-6,50.0
20,-6,50.0
20,-6,50.0
20,-5,50.0
20,-5,50.0
20,-5,125.17146225798837
20,-4,50.0
20,-4,50.0
20,-4,50.0
20,-3,50.0
20,-3,50.0
20,-3,173.07028401120485
20,-4,52.614606819154695
20,-4,50.0
20,-4,50.0
19,-4,50.0
19,-4,200.07024750616878
19,-4,50.0
18,-4,50.0
18,-4,68.28706904717765
18,-4,117.58466115178929
17,-4,50.0
17,-4,50.0
17,-4,246.23750364324326
17,-3,114.27509645553849
17,-3,180.85633346985753
17,-3,54.3643426558693
17,-4,121.7408730808183
17,-4,108.39608616995353
17,-4,50.0
17,-3,110.07086399374157
17,-3,119.988454885681
17,-3,73.00001836773082
17,-2,191.24015994605992
17,-2,50.0
17,-2,50.0
17,-3,50.0
17,-3,205.8038369965497
17,-3,215.46977120511212
16,-3,50.0
16,-3,50.0
16,-3,50.0
16,-4,129.3375122450733
16,-4,79.61923307476673
16,-4,50.0
16,-3,50.0
16,-3,50.0
16,-3,50.0
16,-4,72.69677790805463
16,-4,50.0
16,-4,50.0
16,-3,54.00354358076695
16,-3,210.8119535018553
16,-3,202.14036805960131
16,-2,53.75019917136054
16,-2,137.8095457784434
16,-2,153.94270638602774
16,-1,220.36585194933429
16,-1,296.8868924447894
16,-1,151.45832027804641
16,-2,116.41376656240331
16,-2,103.94876379976444
16,-2,115.35995926932064
16,-1,245.55734598254364
16,-1,111.70722908594252
16,-1,55.82614762420184
15,-1,140.47404346000218
15,-1,136.78228874568677
15,-1,408.9721865667169
15,0,368.0432994084923
15,0,50.0
15,0,199.2624036321675
15,1,86.82940891003405
15,1,255.0845003458091
15,1,50.0
15,2,157.4558563312198
15,2,212.67986695708126
15,2,338.7358193939459
15,3,221.5845915320798
15,3,195.5467048326655
15,3,480.6239474166475
15,4,50.0
15,4,119.71328538251646
15,4,181.93795033185975
15,3,359.417047785901
15,3,50.0
15,3,50.0
14,3,109.14927723299932
14,3,82.13055654055407
14,3,101.89255195284898
14,2,213.3649644885835
14,2,50.0
14,2,293.0306749151779
13,2,241.95414353807746
13,2,138.0754753743229
13,2,325.6138995960687
13,3,110.82168675273141
13,3,50.0
13,3,154.71560191499347
14,3,162.53726156098557
14,3,87.66360236037832
14,3,50.0
14,4,230.8639420790686
14,4,217.95604283709318
14,4,169.5723565311363
14,5,274.65899084213186
14,5,80.3209525464069
14,5,181.51658785291002
14,6,50.0
14,6,58.157418683585405
14,6,314.47151306482283
13,6,215.90387151209836
13,6,50.0
13,6,315.1813151744793
13,7,72.70565477991983
13,7,50.0
13,7,131.81155007801462
12,7,66.71771158727644
12,7,63.234656516340166
12,7,318.28242553559573
12,6,50.0
12,6,259.62300148063485
12,6,50.0
12,7,130.61602211434584
12,7,145.88520925463234
12,7,114.33863350556993
12,8,61.92664745979512
12,8,221.8324224823357
12,8,139.53333640717966
12,9,317.5395070097639
12,9,61.41235676628335
12,9,50.0
11,9,288.14413730639
11,9,199.49819586152202
11,9,176.8381320573004
11,10,56.68759942144739
11,10,104.72680492515596
11,10,50.0
11,11,93.37792263234331
11,11,61.46697332835579
11,11,96.81254852565327
11,12,186.17061582300596
11,12,50.0
11,12,190.06123469269875
11,13,50.0
11,13,58.358455103051135
11,13,88.97696736981085
10,13,53.35080325915284
10,13,50.0
10,13,50.0
10,14,71.36186897150824
10,14,402.57488420957543
10,14,318.969155501249
10,15,370.4933093855975
10,15,151.69023838842853
10,15,223.5951166117497
9,15,50.0
9,15,283.80559593382975
9,15,233.42041747289375
8,15,294.1743663437389
8,15,50.0
8,15,238.15788562098186
8,16,50.0
8,16,140.8007700899949
8,16,338.38414782301226
7,16,169.21740391015865
7,16,97.14763018230364
7,16,122.8325441499471
6,16,50.0
6,16,65.2375724814101
6,16,232.2658184228344
5,16,50.0
5,16,126.73675527721012
5,16,94.56722797430956
4,16,50.0
4,16,50.0
4,16,50.0
3,16,173.20957208260796
3,16,50.0
3,16,269.56836254055224
2,16,63.811812058704504
2,16,83.06944500313642
2,16,50.0
1,16,231.66374043535876
1,16,115.0456189491976
1,16,50.0
0,16,201.42722924587758
0,16,50.0
0,16,109.52832744117872
0,15,308.1799073562506
0,15,238.51355020733166
0,15,79.42445959682593
-1,15,177.39788417785633
-1,15,50.0
-1,15,50.0
-1,14,209.29024807069894
-1,14,277.9390468556682
-1,14,50.0
-1,13,50.0
-1,13,88.09549244649715
-1,13,160.6360016516947
-2,13,50.0
-2,13,203.23289363843008
-2,13,128.3426462761746
-3,13,50.88232553397637
-3,13,380.363220848801
-3,13,138.23070042891726
-3,12,343.871504640102
-3,12,227.52697783435383
-3,12,132.93158743370512
-4,12,60.89155373880409
-4,12,150.58017585006488
-4,12,176.22845821344674
-5,12,50.0
-5,12,158.5217224391369
-5,12,346.28749144364895
-5,11,322.8370083999132
-5,11,162.79284419591798
-5,11,58.218041202656764
-5,10,255.23964639720816
-5,10,82.10822914592758
-5,10,193.34273382629155
-5,11,155.11118498914243
-5,11,354.0636647900975
-5,11,295.8553991937657
-5,10,110.52590478126872
-5,10,264.56679446569024
-5,10,140.5165550185406
-5,9,129.02288184167094
-5,9,309.37023992911816
-5,9,137.2758151888172
-5,8,343.16154548112263
-5,8,326.33224664484237
-5,8,193.70387726848227
-4,8,50.0
-4,8,193.98179517561218
-4,8,221.44402943961092
-5,8,50.0
-5,8,254.20738888232162
-5,8,186.9422175487971
-5,7,154.02970525764454
-5,7,307.182313576381
-5,7,214.25102875309653
-5,6,365.196121800463
-5,6,301.4855179272879
-5,6,202.79021836719926
-5,7,179.35951052114856
-5,7,436.40466749267307
-5,7,181.34532153302405
-4,7,238.18869043633708
-4,7,195.19816488466154
-4,7,109.40989768575197
-4,6,232.65707878307393
-4,6,352.5568692057157
-4,6,50.0
-4,7,265.5007428953533
-4,7,129.3946847401398
-4,7,54.16350145674568
-5,7,105.71272924344382
-5,7,219.7642180126455
-5,7,178.5156989774911
-6,7,159.80530381015336
-6,7,139.214903662768
-6,7,179.96132239245603
-6,6,189.63295220320214
-6,6,366.36304346990903
-6,6,363.74524897343997
-6,5,405.74103759722846
-6,5,50.0
-6,5,377.8779040852263
-7,5,228.3223363290472
-7,5,177.74935667004496
-7,5,202.05684691561504
-7,6,141.7676586302975
-7,6,332.66450535725465
-7,6,438.2442037323311
-8,6,454.99517625173235
-8,6,230.01893165310503
-8,6,106.71162919779664
-8,5,339.90684948315686
-8,5,249.66329183429775
-8,5,226.95471935362596
-8,4,127.88740922869508
-8,4,380.1594243785393
-8,4,260.478253006877
-8,3,88.71884033756194
-8,3,412.87899070229025
-8,3,154.4324218192262
-8,2,525.3035260991609
-8,2,172.8639006710971
-8,2,246.9704662757624
-9,2,204.17878549219802
-9,2,50.0
-9,2,261.3836488328053
-9,1,423.71090769229363
-9,1,118.12256607774799
-9,1,138.10137829284832
-9,0,78.29034823996494
-9,0,166.19338035754603
-9,0,281.9369331728815
-9,-1,336.6890311445435
-9,-1,253.9277455003462
-9,-1,259.3708799505104
-9,-2,338.3736329765633
-9,-2,136.43179765725182
-9,-2,154.81986374978743
-9,-3,449.33358454553434
-9,-3,329.41534599713657
-9,-3,263.63830980957493
-10,-3,152.27034524179481
-10,-3,360.6856346558133
-10,-3,118.88975793109503
-11,-3,281.9558791990768
-11,-3,140.76077503140158
-11,-3,230.60781501645968
-11,-4,50.0
-11,-4,220.06461898588228
-11,-4,298.48596708340034
-12,-4,298.71842933471294
-12,-4,301.78619618753146
-12,-4,149.12490081464406
-12,-3,50.0
-12,-3,157.08256066020456
-12,-3,226.9530297925415
-12,-4,85.65869307888082
-12,-4,155.62749979056875
-12,-4,231.38235118363335
-12,-5,141.11673634212866
-12,-5,50.0
-12,-5,187.58581987224053
-12,-6,50.0
-12,-6,86.10659389462825
-12,-6,180.27713838505133
-12,-7,171.8752099115574
-12,-7,201.7700588551286
-12,-7,288.46770301404473
-12,-8,600.4189551001573
-12,-8,320.5261283048334
-12,-8,119.96003552306956
-12,-9,231.9241541333995
-12,-9,386.0643583421456
-12,-9,486.57544860200966
-12,-10,50.0
-12,-10,270.2761729988074
-12,-10,50.0
-12,-11,206.5776701010498
-12,-11,223.03408005021166
-12,-11,192.47074664817808
-12,-12,50.0
-12,-12,116.89779175848429
-12,-12,50.0
-12,-13,50.0
-12,-13,91.43660710229688
-12,-13,129.7341993398143
-13,-13,71.52582088118857
-13,-13,79.44555800763933
-13,-13,187.93009562214357
-13,-14,50.0
-13,-14,339.136114082947
-13,-14,201.6686571709193
-14,-14,50.0
-14,-14,50.0
-14,-14,125.9715343950298
-14,-15,100.75269422754262
-14,-15,50.0
-14,-15,216.7679378985906
-14,-16,97.6271157863563
-14,-16,235.55253509638047
-14,-16,106.60269490027243
-15,-16,50.0
-15,-16,50.0
-15,-16,50.0
-15,-17,146.7076354841924
-15,-17,57.287033462565766
-15,-17,50.0
-15,-18,50.0
-15,-18,50.0
-15,-18,50.0
-15,-19,50.0
-15,-19,50.0
-15,-19,50.0
-15,-20,50.0
-15,-20,50.0
-15,-20,50.0
-16,-20,170.3414802279121
-16,-20,50.0
-16,-20,50.0
-16,-19,349.0140946457914
-16,-19,50.0
-16,-19,50.0
-16,-18,70.95860883627245
-16,-18,50.0
-16,-18,50.0
-15,-18,50.0
-15,-18,50.0
-15,-18,50.0
-16,-18,50.0
-16,-18,50.0
-16,-18,112.7690039032631
-17,-18,50.0
-17,-18,50.0
-17,-18,50.0
-16,-18,50.0
-16,-18,50.0
-16,-18,50.0
-16,-17,50.0
-16,-17,279.16106253760665
-16,-17,50.0
-17,-17,50.0
-17,-17,50.0
-17,-17,50.0
-17,-16,50.0
-17,-16,83.13306008812151
-17,-16,79.462722506921
-16,-16,50.0
-16,-16,50.0
-16,-16,50.0
-16,-15,277.10356262645604
-16,-15,50.0
-16,-15,116.54539138298775
-15,-15,80.0650117915764
-15,-15,50.0
-15,-15,50.0
-15,-14,50.0
-15,-14,149.7278765318494
-15,-14,50.0
-15,-13,50.0
-15,-13,50.0
-15,-13,168.20972114377702
-15,-12,161.66619346164106
-15,-12,53.63880842644778
-15,-12,50.0
-15,-13,50.0
-15,-13,73.941006021994
-15,-13,100.86940517679763
-14,-13,209.61618586956385
-14,-13,103.41264277177748
-14,-13,162.3354709206621
-14,-12,57.44921703753146
-14,-12,50.0
-14,-12,50.0
-14,-13,227.5043819426405
-14,-13,50.0
-14,-13,50.0
-14,-12,50.0
-14,-12,151.12840065415742
-14,-12,50.0
-13,-12,50.0
-13,-12,50.0
-13,-12,50.0
-13,-13,157.9363656787977
-13,-13,50.0
-13,-13,50.0
-13,-12,68.85139690673462
-13,-12,50.0
-13,-12,188.48467101919158
-13,-11,89.7022078170252
-13,-11,208.25860582635087
