11,4,100.0
10,4,121.5143650787495
10,4,881.0693275824406
9,4,256.67932614296166
9,4,807.0876937170904
9,5,199.77949931315965
9,5,118.42413540443269
9,6,108.09641829882526
9,6,195.78896707922883
9,7,285.6442774027106
9,7,100.0
8,7,240.17314174374542
8,7,719.3116661007028
8,8,100.0
8,8,458.96876373503716
7,8,100.0
7,8,100.0
8,8,100.0
8,8,100.0
8,7,292.4245785076047
8,7,100.0
8,6,485.4169621034641
8,6,100.0
8,5,144.86288937483596
8,5,335.33027890765624
9,5,600.1141002339027
9,5,306.5438971282358
9,4,426.76514752028277
9,4,100.0
10,4,100.0
10,4,402.93095325226193
11,4,100.0
11,4,106.27378928072386
10,4,231.3588527351131
10,4,270.3994866789364
9,4,333.0562734729669
9,4,100.0
8,4,100.0
8,4,225.01033394878735
8,3,316.33460129784896
8,3,155.87895303378158
8,2,303.5690143568331
8,2,671.7224973907491
7,2,183.192508615766
7,2,697.9106961132915
7,1,813.406232318428
7,1,941.3348069099184
6,1,667.1582640136037
6,1,366.5030718062404
6,0,500.5530223446534
6,0,416.95287997986344
6,-1,510.66046915884283
6,-1,1021.1994400635015
7,-1,537.4369567211936
7,-1,549.0012957465568
7,0,100.0
7,0,313.1772309253152
6,0,840.1435876711384
6,0,335.6103009112647
5,0,401.350504905678
5,0,757.4020714187052
5,-1,759.2217182551261
5,-1,100.0
6,-1,293.21623270337795
6,-1,307.51497882490645
6,-2,590.7560013883224
6,-2,100.0
6,-1,469.22810539819307
6,-1,436.033042387608
5,-1,197.18613951447452
5,-1,429.9148590308389
5,-2,100.0
5,-2,660.4299667096244
4,-2,698.3467705386275
4,-2,347.7126687503351
4,-3,472.97301992704934
4,-3,360.5624847576783
4,-4,341.05780471756964
4,-4,950.5684794236
4,-3,447.0734779623495
4,-3,567.6924226142006
4,-4,100.0
4,-4,705.5317690496133
3,-4,478.9272347940698
3,-4,474.8379716099388
2,-4,857.1180926557295
2,-4,521.9908058152806
2,-3,769.2370444211894
2,-3,516.4467439079168
1,-3,100.0
1,-3,485.62528445351296
1,-4,296.736069180034
1,-4,565.1786039335327
1,-5,150.85685905045705
1,-5,602.9302654593387
1,-6,380.9443490814198
1,-6,247.24775466161245
2,-6,100.0
2,-6,100.0
2,-5,243.86368189911832
2,-5,597.4989484211449
3,-5,405.0356129616025
3,-5,460.18029103889074
3,-6,110.58184194304201
3,-6,100.0
3,-7,407.98080208219443
3,-7,121.73850950868305
3,-6,256.3558736157206
3,-6,112.5168997649161
3,-7,261.95327155338305
3,-7,110.80101392810093
3,-6,725.2424089749338
3,-6,248.4893399760849
2,-6,307.2389374232751
2,-6,490.8696475716944
1,-6,736.8382711395534
1,-6,342.51637183302137
0,-6,352.33669516864114
0,-6,338.59485484345305
-1,-6,100.0
-1,-6,282.27912120504396
-2,-6,580.735191752316
-2,-6,380.21743220712415
-2,-5,430.29404224107407
-2,-5,278.1053120091818
-2,-4,327.92997747718124
-2,-4,715.2956133881902
-2,-5,672.3663661119966
-2,-5,638.0926909588782
-3,-5,641.5799733226597
-3,-5,392.5617862188622
-3,-6,789.7125414189047
-3,-6,392.2428822771404
-4,-6,278.26713523827596
-4,-6,328.7043938906367
-4,-5,136.56673072820132
-4,-5,308.5771220312829
-4,-6,100.0
-4,-6,183.3377459582524
-4,-7,351.91663486882567
-4,-7,100.0
-4,-8,476.87640897337263
-4,-8,100.0
-4,-7,214.3256979315451
-4,-7,100.0
-4,-8,349.47673572818127
-4,-8,455.5143715703773
-4,-9,362.98278493490955
-4,-9,100.0
-4,-10,100.0
-4,-10,100.0
-4,-11,390.012789935579
-4,-11,388.0822345853355
-4,-12,527.7217423775617
-4,-12,100.0
-5,-12,262.6413672372952
-5,-12,284.2485441960477
-4,-12,100.0
-4,-12,656.0337291938683
-3,-12,302.3457575887967
-3,-12,100.0
-4,-12,100.0
-4,-12,244.04013263958353
-5,-12,204.599525549985
-5,-12,100.0
-6,-12,100.22250615147148
-6,-12,100.0
-7,-12,100.0
-7,-12,839.4756726204535
-8,-12,240.1196237652266
-8,-12,338.16821638889724
-8,-11,100.0
-8,-11,100.0
-8,-12,100.0
-8,-12,100.0
-8,-11,135.1506271220575
-8,-11,100.0
-8,-10,170.65858059940277
-8,-10,119.24089673184176
-9,-10,165.4088137977988
-9,-10,100.0
-9,-9,100.0
-9,-9,298.1890760044529
-10,-9,100.0
-10,-9,100.0
-10,-8,355.3429013333171
-10,-8,619.8589986737718
-11,-8,161.87599031428152
-11,-8,100.0
-12,-8,306.47059941848005
-12,-8,510.1692363243598
-12,-7,100.0
-12,-7,100.0
-13,-7,100.0
-13,-7,350.41269991630327
-12,-7,108.6468516159611
-12,-7,326.3191566487381
-12,-8,100.0
-12,-8,100.0
-12,-9,577.5747378950828
-12,-9,100.0
-11,-9,100.0
-11,-9,172.22844618943753
-11,-8,100.0
-11,-8,100.0
-10,-8,224.9438826327747
-10,-8,100.0
-10,-7,654.092784536523
-10,-7,405.00349407486374
-9,-7,207.95385485185318
-9,-7,139.87125463489474
-9,-6,545.6340329412122
-9,-6,100.0
-9,-5,261.7893949476118
-9,-5,100.0
-9,-4,622.7108061394832
-9,-4,545.1573725578075
-8,-4,553.752849791752
-8,-4,153.95340051231972
-8,-5,100.0
-8,-5,100.0
-8,-6,100.0
-8,-6,304.3255634049823
-8,-7,334.3398693157436
-8,-7,255.78367125461142
-8,-6,100.0
-8,-6,349.3399750038535
-8,-5,409.61401238869894
-8,-5,236.94549864464616
-8,-4,264.75305656192313
-8,-4,100.0
-8,-3,184.3332109685912
-8,-3,201.44132819719874
-8,-2,429.3013082728447
-8,-2,258.17669433958866
-8,-1,334.6371514623888
-8,-1,100.0
-8,0,135.9231247798675
-8,0,500.3930369357357
-7,0,694.9277763870996
-7,0,414.281045408353
-6,0,511.0386635441696
-6,0,412.2902616084308
-5,0,272.6450736476895
-5,0,422.18968807151305
-4,0,263.8853135400473
-4,0,267.1875228590894
-3,0,395.5918708543001
-3,0,876.0878928818412
-2,0,215.8534880325932
-2,0,786.0079343003621
-2,-1,720.3630737154316
-2,-1,434.1747970126493
-2,-2,410.29876862323835
-2,-2,346.3013342020961
-1,-2,350.4144384286668
-1,-2,257.7252497439632
0,-2,401.7135154347384
0,-2,619.1807231138193
1,-2,473.66473847834527
1,-2,1138.5105198749961
2,-2,100.0
2,-2,711.6840380897265
2,-3,1004.0435381327344
2,-3,350.79484991067955
3,-3,853.7201554937375
3,-3,605.1931025754944
4,-3,330.52728354014926
4,-3,100.0
5,-3,463.8993356950504
5,-3,100.0
6,-3,632.6150409948204
6,-3,910.7004048839906
7,-3,100.0
7,-3,516.4149381042729
6,-3,679.4012278749155
6,-3,502.383678084807
6,-4,691.6425233545637
6,-4,365.81171050151346
6,-5,235.74204597585154
6,-5,195.13689303006993
5,-5,419.0897184865015
5,-5,308.17265417062373
6,-5,314.9052118672896
6,-5,289.1851693952863
5,-5,337.3784292832868
5,-5,536.8404172073003
5,-4,494.0830280126153
5,-4,227.97419829576307
5,-5,153.63515386606937
5,-5,100.0
5,-6,207.86085361815094
5,-6,206.4379967641883
6,-6,170.0893149128247
6,-6,100.0
6,-7,100.0
6,-7,610.0600272006293
6,-6,142.46434776521525
6,-6,469.56570899435974
7,-6,687.7932133441061
7,-6,100.0
7,-7,316.0776857797365
7,-7,100.0
7,-8,100.0
7,-8,140.54530740930545
6,-8,100.0
6,-8,100.0
7,-8,177.14463856159497
7,-8,111.92860218850821
7,-9,290.5008611722901
7,-9,515.5032378796399
8,-9,100.0
8,-9,100.0
9,-9,100.0
9,-9,296.07034041407695
10,-9,100.0
10,-9,605.919818393428
9,-9,265.8723239367057
9,-9,467.9985546853302
9,-10,100.0
9,-10,253.99732520501854
10,-10,100.0
10,-10,100.0
11,-10,100.0
11,-10,100.0
12,-10,147.19727857134626
12,-10,250.6420876854396
12,-11,100.0
12,-11,100.0
13,-11,199.41737605047075
13,-11,145.3426206988889
13,-12,100.0
13,-12,100.0
14,-12,100.0
14,-12,100.0
15,-12,100.0
15,-12,176.4036680500452
16,-12,100.0
16,-12,100.0
17,-12,138.39486675785463
17,-12,100.0
18,-12,100.0
18,-12,136.25720294633857
19,-12,227.6017464595006
19,-12,100.0
20,-12,165.994226439594
20,-12,100.0
20,-11,100.0
20,-11,100.0
20,-10,100.0
20,-10,276.9761982344849
20,-9,100.0
20,-9,100.0
20,-8,100.0
20,-8,100.0
20,-9,100.0
20,-9,100.0
20,-8,100.0
20,-8,100.0
20,-7,100.0
20,-7,100.0
20,-6,100.0
20,-6,100.0
20,-5,126.06632821028549
20,-5,100.0
20,-4,100.0
20,-4,100.0
20,-3,100.0
20,-3,309.8376482208829
20,-4,100.0
20,-4,100.0
19,-4,100.0
19,-4,202.7736906499089
18,-4,240.3027226447065
18,-4,362.47134031742405
17,-4,100.0
17,-4,100.0
17,-3,163.0516034832101
17,-3,100.0
17,-4,100.0
17,-4,100.0
17,-3,329.3878069154034
17,-3,100.0
17,-2,281.6880117671895
17,-2,142.20290561947616
17,-3,100.0
17,-3,350.91847452926527
16,-3,247.62900985471592
16,-3,100.0
16,-4,100.0
16,-4,104.8540644213472
16,-3,100.0
16,-3,100.0
16,-4,678.6664678553925
16,-4,100.0
16,-3,100.0
16,-3,100.0
16,-2,127.39743357500649
16,-2,100.0
16,-1,121.62501176977511
16,-1,100.0
16,-2,100.0
16,-2,100.0
16,-1,216.8091434449248
16,-1,358.4417832644841
15,-1,100.0
15,-1,100.0
15,0,523.5367940735212
15,0,100.0
15,1,152.05654873812716
15,1,100.0
15,2,100.0
15,2,100.0
15,3,100.0
15,3,100.0
15,4,100.0
15,4,525.4609554654804
15,3,307.9674129429451
15,3,561.9994358567668
14,3,130.18727683354487
14,3,100.0
14,2,204.41739534106063
14,2,100.0
13,2,204.48309671722484
13,2,626.6649619592047
13,3,378.8419594700251
13,3,253.63486761302227
14,3,100.0
14,3,661.9160073149798
14,4,100.0
14,4,285.97040052088124
14,5,174.4840322228371
14,5,100.0
14,6,100.0
14,6,100.0
13,6,100.0
13,6,100.0
13,7,281.88451814326095
13,7,100.0
12,7,100.0
12,7,377.2713968930922
12,6,100.0
12,6,434.30252047031735
12,7,100.0
12,7,459.9560755827061
12,8,121.19918903944726
12,8,100.0
12,9,100.0
12,9,524.8551357559654
11,9,440.06015106631014
11,9,217.2337090029297
11,10,100.0
11,10,100.0
11,11,169.54575853827905
11,11,100.0
11,12,100.0
11,12,100.0
11,13,343.53974038359075
11,13,100.0
10,13,181.83971401169038
10,13,100.0
10,14,100.0
10,14,100.0
10,15,100.0
10,15,100.0
9,15,100.0
9,15,100.0
8,15,186.07149021154055
8,15,100.0
8,16,124.44254737713126
8,16,100.0
7,16,100.0
7,16,100.0
6,16,100.0
6,16,100.0
5,16,412.2655219261158
5,16,100.0
4,16,543.309167717971
4,16,100.0
3,16,100.0
3,16,100.0
2,16,304.8963398865212
2,16,381.1353536975631
1,16,100.0
1,16,463.5903513265821
0,16,100.0
0,16,538.8424659851294
0,15,116.84723362117478
0,15,100.0
-1,15,100.0
-1,15,410.3490200703741
-1,14,446.23953366683867
-1,14,100.0
-1,13,381.5116394111734
-1,13,100.0
-2,13,100.0
-2,13,196.2676292529947
-3,13,100.0
-3,13,105.60471092008049
-3,12,100.0
