11,4,543.033138086862
10,4,100.0
10,4,106.7977527461587
9,4,178.78951555227286
9,4,100.0
9,5,100.0
9,5,100.0
9,6,253.23016802612617
9,6,100.0
9,7,812.4338128384406
9,7,280.1802752457638
8,7,257.0854049614463
8,7,173.07795861315714
8,8,474.1222572762283
8,8,151.08426122965918
7,8,100.0
7,8,649.9694746610035
8,8,164.40501309306683
8,8,200.3059963663374
8,7,212.67232499707998
8,7,100.0
8,6,872.378820184342
8,6,394.2633357532035
8,5,100.0
8,5,100.0
9,5,100.0
9,5,151.3796198395989
9,4,100.0
9,4,100.0
10,4,122.10021251319864
10,4,288.85587325193393
11,4,225.5901532809217
11,4,136.46210910979696
10,4,339.44962605190295
10,4,100.0
9,4,171.93244457690113
9,4,100.0
8,4,901.174692589112
8,4,100.0
8,3,154.83125756783375
8,3,100.0
8,2,100.0
8,2,347.8565369131129
7,2,685.8441007278238
7,2,171.7505169604186
7,1,221.20615681278616
7,1,336.7327747179186
6,1,323.98145050748207
6,1,187.7542978881987
6,0,166.6002886406912
6,0,383.26384541593075
6,-1,100.0
6,-1,472.39898906688813
7,-1,411.73714245693384
7,-1,144.53641771637646
7,0,293.40402632464907
7,0,297.59149217437636
6,0,183.0091018204127
6,0,470.40371198717094
5,0,283.7496004977861
5,0,472.259168377197
5,-1,563.6213104086215
5,-1,271.2054086238973
6,-1,668.7709289769243
6,-1,154.51805992958296
6,-2,430.2423900021546
6,-2,100.0
6,-1,494.5686436271401
6,-1,358.35724649168924
5,-1,893.3152806951413
5,-1,693.4119344294946
5,-2,145.85683522725287
5,-2,764.9380059939456
4,-2,978.5918794188661
4,-2,124.01784152188057
4,-3,341.1386184970337
4,-3,351.8770087738041
4,-4,203.56302067688597
4,-4,412.4208548581228
4,-3,339.82282495899
4,-3,157.81144674369034
4,-4,352.29828803795624
4,-4,100.0
3,-4,928.9089586094117
3,-4,100.0
2,-4,490.9152881431991
2,-4,911.625243780487
2,-3,100.0
2,-3,298.1026556656165
1,-3,696.8114059476243
1,-3,720.4126149036518
1,-4,543.0756730840965
1,-4,727.7439706227501
1,-5,248.3725891935329
1,-5,203.38479323158563
1,-6,614.7849961426742
1,-6,231.76821416911167
2,-6,278.38113917045206
2,-6,203.4920269094811
2,-5,302.6000506452693
2,-5,328.8890791577328
3,-5,100.0
3,-5,100.0
3,-6,100.0
3,-6,100.0
3,-7,685.1613752463666
3,-7,400.66091593976404
3,-6,703.8979845396261
3,-6,143.68761228378685
3,-7,209.53102913722
3,-7,128.98170824175105
3,-6,930.4803814024124
3,-6,416.33722073735737
2,-6,363.0959088227432
2,-6,374.7902555949547
1,-6,358.54578471788324
1,-6,563.7110817982355
0,-6,280.9357914256367
0,-6,200.07388619698764
-1,-6,724.0329222996819
-1,-6,283.4379885777776
-2,-6,349.7426282441436
-2,-6,443.31821162095247
-2,-5,694.5963475008871
-2,-5,505.4428579989326
-2,-4,422.3912625910928
-2,-4,589.23806630169
-2,-5,100.0
-2,-5,370.7437290652276
-3,-5,755.0077143546974
-3,-5,620.1518637640074
-3,-6,356.8396854823336
-3,-6,657.9485706610217
-4,-6,281.0984336450358
-4,-6,236.4629539601077
-4,-5,181.01264627714136
-4,-5,195.9076406183252
-4,-6,561.1417122593747
-4,-6,616.9292663395629
-4,-7,436.35110132739777
-4,-7,260.2168662247258
-4,-8,316.2907314292737
-4,-8,201.42178498894688
-4,-7,286.84439878994283
-4,-7,827.226155353081
-4,-8,100.0
-4,-8,278.6838366756476
-4,-9,796.6429528410587
-4,-9,126.42661917866907
-4,-10,100.0
-4,-10,100.0
-4,-11,100.0
-4,-11,417.6483630067911
-4,-12,100.0
-4,-12,100.0
-5,-12,190.6098411867186
-5,-12,424.048995354205
-4,-12,100.0
-4,-12,100.0
-3,-12,248.93676204377834
-3,-12,245.29571921504714
-4,-12,100.0
-4,-12,100.0
-5,-12,100.0
-5,-12,121.61648076680976
-6,-12,100.0
-6,-12,273.4316667114125
-7,-12,220.15633879664531
-7,-12,100.0
-8,-12,291.0211500526049
-8,-12,100.0
-8,-11,100.0
-8,-11,100.0
-8,-12,297.82003694483456
-8,-12,124.22845374087053
-8,-11,100.0
-8,-11,100.0
-8,-10,100.0
-8,-10,100.0
-9,-10,314.71415648885716
-9,-10,100.0
-9,-9,100.0
-9,-9,404.5164997680065
-10,-9,100.0
-10,-9,259.2586916965429
-10,-8,100.0
-10,-8,293.1997798800834
-11,-8,257.8207647574186
-11,-8,148.1451126053534
-12,-8,100.0
-12,-8,111.20667877885901
-12,-7,344.5098189875098
-12,-7,100.0
-13,-7,100.0
-13,-7,239.8893791184117
-12,-7,100.0
-12,-7,100.0
-12,-8,100.0
-12,-8,117.74375248936951
-12,-9,100.0
-12,-9,226.77483063829462
-11,-9,100.0
-11,-9,172.2271303127134
-11,-8,100.0
-11,-8,547.3300448942598
-10,-8,100.0
-10,-8,191.754213181209
-10,-7,100.0
-10,-7,189.73730741509183
-9,-7,684.317020533608
-9,-7,846.9137190661653
-9,-6,100.0
-9,-6,193.5039048521826
-9,-5,227.2854720613764
-9,-5,100.0
-9,-4,473.64138966984774
-9,-4,472.00430757964364
-8,-4,566.3116543876882
-8,-4,412.48517840469043
-8,-5,391.8907417445363
-8,-5,286.206159014516
-8,-6,347.56289678123005
-8,-6,444.11311559736976
-8,-7,358.94419854923103
-8,-7,375.1776042028427
-8,-6,392.02784222115156
-8,-6,390.23817718728156
-8,-5,532.7691014634129
-8,-5,100.0
-8,-4,174.460281126927
-8,-4,100.0
-8,-3,1088.2275390846269
-8,-3,100.0
-8,-2,182.72197238143121
-8,-2,555.9890940972457
-8,-1,895.4234405743888
-8,-1,100.0
-8,0,983.0568862087224
-8,0,371.0498068994517
-7,0,919.3660830562964
-7,0,100.0
-6,0,893.9286948771446
-6,0,343.0797686960494
-5,0,384.5372612367235
-5,0,141.63501333016083
-4,0,293.60449965093267
-4,0,396.5913267669933
-3,0,198.8775928421401
-3,0,385.2432077666869
-2,0,575.9206902085263
-2,0,879.0754923513718
-2,-1,606.1615634233051
-2,-1,407.48044595752356
-2,-2,645.9307818636682
-2,-2,830.0977898145416
-1,-2,410.1910666332616
-1,-2,712.4646047831221
0,-2,424.83812872775377
0,-2,710.507187894441
1,-2,378.15373697434296
1,-2,183.67139761958077
2,-2,210.28503015295453
2,-2,455.4802531787953
2,-3,255.19585341259636
2,-3,551.2363842084947
3,-3,712.3380292280483
3,-3,815.870553908248
4,-3,641.6743631320962
4,-3,506.30945952996865
5,-3,426.38710832861926
5,-3,142.07816032655285
6,-3,355.27504576609766
6,-3,321.39103203388555
7,-3,356.75178038582067
7,-3,215.34528673595315
6,-3,288.002908720298
6,-3,289.6610362433555
6,-4,326.60995694704445
6,-4,306.21205684652176
6,-5,194.90375824467907
6,-5,374.45343809517385
5,-5,417.52518176775646
5,-5,426.31055319435814
6,-5,674.6432238884163
6,-5,237.89825287156492
5,-5,487.37423746779564
5,-5,310.95833417424114
5,-4,387.00020179863117
5,-4,100.0
5,-5,164.91513687370403
5,-5,111.966842353642
5,-6,305.0900448226842
5,-6,160.70396235887347
6,-6,139.53302655765634
6,-6,267.6098993206978
6,-7,100.0
6,-7,100.0
6,-6,441.8754739557
6,-6,326.7246394925616
7,-6,100.0
7,-6,331.12922575453905
7,-7,418.639122761677
7,-7,142.43214193650155
7,-8,204.63063132570164
7,-8,103.13848713178169
6,-8,100.0
6,-8,240.01141054213798
7,-8,246.0554568471668
7,-8,374.73756969676356
7,-9,114.77451596887595
7,-9,300.1589310078388
8,-9,454.98663481524557
8,-9,411.62603809898053
9,-9,100.0
9,-9,100.0
10,-9,458.66643614411845
10,-9,100.0
9,-9,100.0
9,-9,100.0
9,-10,238.2127155717855
9,-10,185.44249831621775
10,-10,100.0
10,-10,163.0628879168712
11,-10,100.0
11,-10,100.0
12,-10,180.8213259980981
12,-10,134.0537664957735
12,-11,100.0
12,-11,353.60883201932893
13,-11,393.7559002146257
13,-11,100.0
13,-12,100.0
13,-12,100.0
14,-12,100.0
14,-12,100.0
15,-12,100.0
15,-12,100.0
16,-12,100.0
16,-12,100.0
17,-12,100.0
17,-12,100.0
18,-12,100.0
18,-12,100.0
19,-12,100.0
19,-12,100.0
20,-12,100.0
20,-12,212.044283498806
20,-11,100.0
20,-11,100.0
20,-10,100.0
20,-10,100.0
20,-9,100.0
20,-9,165.79054501019232
20,-8,100.0
20,-8,100.0
20,-9,100.0
20,-9,100.0
20,-8,100.0
20,-8,100.0
20,-7,100.0
20,-7,100.0
20,-6,100.0
20,-6,100.0
20,-5,144.16220631987912
20,-5,100.0
20,-4,100.0
20,-4,100.0
20,-3,100.0
20,-3,100.0
20,-4,231.93117256514228
20,-4,100.0
19,-4,100.0
19,-4,100.0
18,-4,100.0
18,-4,384.64244296093204
17,-4,100.0
17,-4,271.5021946555144
17,-3,477.34457511620866
17,-3,100.0
17,-4,122.08733027616367
17,-4,100.0
17,-3,254.18980745484623
17,-3,100.0
17,-2,200.01736110392005
17,-2,153.81018316896854
17,-3,172.89882671619844
17,-3,100.0
16,-3,100.0
16,-3,176.3655770302764
16,-4,100.0
16,-4,100.0
16,-3,100.0
16,-3,100.0
16,-4,100.0
16,-4,100.0
16,-3,100.0
16,-3,100.0
16,-2,100.0
16,-2,100.0
16,-1,327.79123088382016
16,-1,100.0
16,-2,100.0
16,-2,100.0
16,-1,161.71935716978925
16,-1,100.0
15,-1,100.0
15,-1,100.0
15,0,100.0
15,0,100.0
15,1,100.0
15,1,245.48938986342088
15,2,223.02026230593782
15,2,195.24618269195588
15,3,100.0
15,3,427.94087690025503
15,4,100.0
15,4,238.90487521868337
15,3,100.0
15,3,355.6198166067805
14,3,100.0
14,3,100.0
14,2,369.61412110171915
14,2,241.06910671879956
13,2,100.0
13,2,100.0
13,3,216.1206710760997
13,3,100.0
14,3,264.41005581273845
14,3,100.91039458660028
14,4,154.3913077552578
14,4,491.733532674812
14,5,168.77719501168167
14,5,100.0
14,6,135.44980880679395
14,6,100.0
13,6,100.0
13,6,541.5832647129541
13,7,100.0
13,7,100.0
12,7,100.0
12,7,153.91173784130902
12,6,100.0
12,6,357.7759236165125
12,7,283.5325518823942
12,7,294.9822563564578
12,8,101.24868355158317
12,8,166.01282484528153
12,9,113.83517406265159
12,9,134.96593728632567
11,9,100.0
11,9,118.14082064352309
11,10,227.14556193572813
11,10,100.0
11,11,100.0
11,11,100.0
11,12,100.0
11,12,100.0
11,13,100.0
11,13,108.27231395784429
10,13,100.0
10,13,276.3257065136628
10,14,414.6663665015206
10,14,100.0
10,15,123.18206045391906
10,15,474.06186461228947
9,15,259.4571590552462
9,15,866.8657091624588
8,15,187.14645903990038
8,15,100.0
8,16,100.0
8,16,100.0
7,16,227.29304968587988
7,16,100.0
6,16,100.0
6,16,100.0
5,16,100.0
5,16,100.0
4,16,167.2053333784554
4,16,100.0
3,16,100.0
3,16,288.55278288812053
2,16,100.0
2,16,101.06110361396861
1,16,100.0
1,16,100.0
0,16,200.77253820629454
0,16,100.0
0,15,100.0
0,15,111.39858110829259
-1,15,619.0705288772082
-1,15,100.0
-1,14,100.0
-1,14,100.0
-1,13,100.0
-1,13,605.7031492951029
-2,13,422.1318329147495
-2,13,243.97670644547333
-3,13,100.0
-3,13,100.0
-3,12,473.42140998380955
