11,4,647.4846442884918
10,4,402.96844393916365
10,4,350.1501251487323
9,4,100.0
9,4,322.4830549178105
9,5,183.3979942696841
9,5,194.38503921873811
9,6,491.0500982033726
9,6,189.3396368759619
9,7,100.0
9,7,199.6309887045045
8,7,100.0
8,7,100.0
8,8,181.1005572790695
8,8,468.97668400044677
7,8,392.34068334165033
7,8,100.0
8,8,100.0
8,8,221.61290405537142
8,7,100.0
8,7,100.0
8,6,100.0
8,6,100.0
8,5,100.0
8,5,374.40346615006445
9,5,100.0
9,5,100.0
9,4,104.90293054935793
9,4,503.07131644590305
10,4,557.9708110922021
10,4,151.9642776388667
11,4,330.81883417275867
11,4,170.84080473218415
10,4,101.46143767453215
10,4,166.40491887542487
9,4,195.19026849736798
9,4,100.0
8,4,100.0
8,4,478.61023080175664
8,3,442.19924685243876
8,3,461.86437817870416
8,2,699.0597666670536
8,2,363.4320865108997
7,2,158.94988864670108
7,2,724.261685365439
7,1,267.5679174833797
7,1,257.31244442281036
6,1,662.2846101719551
6,1,803.2556677941118
6,0,509.2668837551479
6,0,100.0
6,-1,536.2440113359474
6,-1,676.9820307274131
7,-1,565.5935568397047
7,-1,602.3248279690015
7,0,704.5788238125697
7,0,429.2862464993326
6,0,891.5042622356113
6,0,314.24463584588176
5,0,304.7301952458689
5,0,240.69084355218652
5,-1,475.1777406188547
5,-1,480.43061161331457
6,-1,167.75073404206782
6,-1,837.0274313112491
6,-2,480.0825101505987
6,-2,117.19670447033297
6,-1,447.8406036805785
6,-1,443.16144421459086
5,-1,269.5492082638557
5,-1,365.9620258943392
5,-2,239.6119739448987
5,-2,100.0
4,-2,100.0
4,-2,500.01972673866607
4,-3,373.87497170309047
4,-3,899.6200190348154
4,-4,334.9257042562839
4,-4,423.0923611616241
4,-3,256.40903429370013
4,-3,123.32322381184557
4,-4,454.8231906261017
4,-4,456.28334178661635
3,-4,300.3552504680376
3,-4,192.1786096102084
2,-4,407.3853812878196
2,-4,467.12111559275
2,-3,380.1203053033997
2,-3,689.7614553972508
1,-3,352.27869284595465
1,-3,745.7524404440774
1,-4,333.958690118325
1,-4,1092.706548032867
1,-5,323.2105849742728
1,-5,100.0
1,-6,273.54838114924513
1,-6,100.0
2,-6,192.20514188628357
2,-6,914.392244868121
2,-5,308.2705966471048
2,-5,133.13267077455168
3,-5,138.63457814055204
3,-5,170.92825191864853
3,-6,378.09733925081844
3,-6,745.6342771004951
3,-7,100.0
3,-7,303.51407846790676
3,-6,100.0
3,-6,184.42875849088543
3,-7,676.2464023546729
3,-7,538.4743031783266
3,-6,378.73284516767035
3,-6,548.899838136733
2,-6,577.7396367353607
2,-6,515.0263043322769
1,-6,145.29921559502583
1,-6,381.23226417561443
0,-6,650.2798079527612
0,-6,330.5108061816152
-1,-6,351.6938266815134
-1,-6,255.90591494594503
-2,-6,1000.5950085904301
-2,-6,912.6837828084329
-2,-5,452.1691233374559
-2,-5,535.4634791638616
-2,-4,100.0
-2,-4,574.5392140175708
-2,-5,336.73991115566406
-2,-5,100.0
-3,-5,144.80604231345038
-3,-5,493.60549478133964
-3,-6,597.1295987563635
-3,-6,229.04884797421246
-4,-6,724.7696002243237
-4,-6,527.7105903974859
-4,-5,396.46967799122774
-4,-5,713.8255913896103
-4,-6,463.68682280895746
-4,-6,184.60925491666632
-4,-7,100.0
-4,-7,132.13604205004413
-4,-8,582.7448473368636
-4,-8,186.63326387203568
-4,-7,131.49114632675744
-4,-7,178.7579018848636
-4,-8,504.4420636695379
-4,-8,431.1597095730516
-4,-9,302.64158049655634
-4,-9,432.71209107960965
-4,-10,299.57529144282586
-4,-10,151.09488838275843
-4,-11,362.6383838508285
-4,-11,362.38174222438784
-4,-12,178.88224320270635
-4,-12,554.8141933761447
-5,-12,100.0
-5,-12,365.690976846137
-4,-12,100.0
-4,-12,100.0
-3,-12,100.0
-3,-12,356.09640253134063
-4,-12,471.76435761516336
-4,-12,342.1842416782585
-5,-12,784.2602705393674
-5,-12,100.0
-6,-12,100.0
-6,-12,100.0
-7,-12,100.0
-7,-12,100.0
-8,-12,139.5471881547412
-8,-12,100.0
-8,-11,100.0
-8,-11,282.66693618073407
-8,-12,223.86430879785894
-8,-12,186.71205365467858
-8,-11,270.2830179900165
-8,-11,100.0
-8,-10,361.36524324402467
-8,-10,100.0
-9,-10,260.06181589557445
-9,-10,115.44163587652247
-9,-9,530.3688732421595
-9,-9,100.0
-10,-9,628.3726995131407
-10,-9,100.0
-10,-8,100.0
-10,-8,100.0
-11,-8,242.91269875636928
-11,-8,104.13259976705803
-12,-8,123.28711441466592
-12,-8,235.4958225380962
-12,-7,299.0688068865951
-12,-7,416.838520746085
-13,-7,100.0
-13,-7,411.2572746840889
-12,-7,267.2836770575495
-12,-7,100.0
-12,-8,443.5928965864778
-12,-8,100.0
-12,-9,100.0
-12,-9,100.0
-11,-9,100.0
-11,-9,100.0
-11,-8,100.0
-11,-8,100.0
-10,-8,100.0
-10,-8,117.8004600800794
-10,-7,202.78155726171804
-10,-7,117.73293936149469
-9,-7,207.33671112148784
-9,-7,100.0
-9,-6,196.72758492665062
-9,-6,139.39143682357582
-9,-5,100.0
-9,-5,100.0
-9,-4,440.26979993204543
-9,-4,403.51036214797426
-8,-4,130.13726704070956
-8,-4,120.59708540088394
-8,-5,794.5769951391387
-8,-5,249.01650091332039
-8,-6,593.5323206857474
-8,-6,100.0
-8,-7,436.463053764826
-8,-7,138.1423275742325
-8,-6,300.13847880662684
-8,-6,159.66812398836498
-8,-5,429.6134032360469
-8,-5,120.81698943364295
-8,-4,391.6923375558574
-8,-4,149.80644144103246
-8,-3,329.8017235883121
-8,-3,618.7466781854388
-8,-2,275.01466436730607
-8,-2,100.0
-8,-1,100.0
-8,-1,500.0254479176962
-8,0,100.0
-8,0,653.0778431132507
-7,0,468.15952426435376
-7,0,100.0
-6,0,579.8633892489236
-6,0,184.75526751445364
-5,0,349.7066783555532
-5,0,181.27682054806428
-4,0,100.0
-4,0,545.6950027818032
-3,0,139.16492964321498
-3,0,533.9554845652555
-2,0,395.45995055903967
-2,0,425.1453969713773
-2,-1,851.4543280057935
-2,-1,343.95916996915287
-2,-2,557.0065006205356
-2,-2,656.2846696809975
-1,-2,274.65072127968585
-1,-2,100.0
0,-2,334.72571606851324
0,-2,467.3650959762516
1,-2,763.0459456241534
1,-2,170.96300226142176
2,-2,223.17935093198398
2,-2,289.88349487316253
2,-3,310.3368326373004
2,-3,389.9699758431134
3,-3,292.5726213666302
3,-3,431.9015857539475
4,-3,454.14575746700973
4,-3,522.0475576862063
5,-3,430.7217855639252
5,-3,216.84499370565302
6,-3,100.0
6,-3,563.0338534065697
7,-3,360.23296255191576
7,-3,100.0
6,-3,239.3443197242413
6,-3,745.3369415702754
6,-4,471.1622854127518
6,-4,100.0
6,-5,597.4478989758325
6,-5,349.63508847862914
5,-5,465.9221386986386
5,-5,235.55734665515473
6,-5,195.72929507854712
6,-5,135.1463414594463
5,-5,1021.6183986237759
5,-5,127.68201018135369
5,-4,437.7587023983207
5,-4,240.12610449612896
5,-5,386.28908941201223
5,-5,202.2999628551956
5,-6,100.0
5,-6,100.0
6,-6,106.43323548686342
6,-6,100.0
6,-7,156.0283236414849
6,-7,365.86717074205444
6,-6,333.2922271217747
6,-6,304.5301497130599
7,-6,100.0
7,-6,599.3116988924143
7,-7,108.99032560995404
7,-7,415.5459356059457
7,-8,194.44688336763826
7,-8,278.739476448612
6,-8,261.03098306980917
6,-8,100.0
7,-8,190.91512820687228
7,-8,100.0
7,-9,103.53487227774407
7,-9,224.95836566777004
8,-9,114.26222966538332
8,-9,120.65087199994369
9,-9,100.0
9,-9,132.8004466527598
10,-9,440.1712865030787
10,-9,307.322132627658
9,-9,332.3878987582879
9,-9,250.39938206037664
9,-10,100.0
9,-10,100.0
10,-10,291.5987713850236
10,-10,340.36548303489593
11,-10,100.0
11,-10,100.0
12,-10,355.4706484779307
12,-10,177.60464315971976
12,-11,309.60720257560496
12,-11,188.7164633310618
13,-11,100.0
13,-11,193.48886843149901
13,-12,358.88900208080975
13,-12,100.0
14,-12,100.0
14,-12,111.39232508580403
15,-12,100.0
15,-12,171.6188684669742
16,-12,100.0
16,-12,100.29347709342741
17,-12,212.1302500326872
17,-12,100.0
18,-12,110.25156099850022
18,-12,100.0
19,-12,100.0
19,-12,100.0
20,-12,100.0
20,-12,100.0
20,-11,100.0
20,-11,100.0
20,-10,100.0
20,-10,100.0
20,-9,100.0
20,-9,100.0
20,-8,100.0
20,-8,100.0
20,-9,100.0
20,-9,100.0
20,-8,100.0
20,-8,100.0
20,-7,100.0
20,-7,100.0
20,-6,100.0
20,-6,100.0
20,-5,180.9877950635596
20,-5,100.0
20,-4,100.0
20,-4,100.0
20,-3,160.13033317492238
20,-3,100.0
20,-4,100.0
20,-4,271.03053461634664
19,-4,100.0
19,-4,100.0
18,-4,100.0
18,-4,100.0
17,-4,126.63266831236936
17,-4,359.11582435837465
17,-3,100.0
17,-3,100.0
17,-4,100.0
17,-4,100.0
17,-3,100.0
17,-3,287.3293835475705
17,-2,100.0
17,-2,100.0
17,-3,100.0
17,-3,120.52159771953043
16,-3,100.0
16,-3,100.0
16,-4,100.0
16,-4,100.0
16,-3,100.0
16,-3,205.55379554829995
16,-4,101.26224056353077
16,-4,100.0
16,-3,100.0
16,-3,100.0
16,-2,100.0
16,-2,100.0
16,-1,151.77434324626208
16,-1,483.02738467550125
16,-2,174.845003312573
16,-2,100.0
16,-1,205.20709961395366
16,-1,574.9395513327404
15,-1,100.0
15,-1,313.83067921572126
15,0,112.7097170936194
15,0,100.0
15,1,625.4846350369859
15,1,100.0
15,2,100.0
15,2,278.6695021134652
15,3,136.18054397281566
15,3,100.0
15,4,230.57343021293235
15,4,192.46146327016783
15,3,340.80989859918964
15,3,100.0
14,3,100.0
14,3,193.50903847838157
14,2,100.0
14,2,204.08426985935924
13,2,287.4736402160631
13,2,139.94526113731106
13,3,518.4775687336366
13,3,282.87500045170304
14,3,100.0
14,3,100.0
14,4,100.0
14,4,100.0
14,5,123.4862603002257
14,5,100.0
14,6,100.0
14,6,100.0
13,6,245.58829319045077
13,6,184.37455098900222
13,7,288.5106997960437
13,7,100.0
12,7,100.0
12,7,506.2839492635705
12,6,309.4575207482071
12,6,100.0
12,7,814.89889764922
12,7,100.0
12,8,299.632691152478
12,8,488.8313373326136
12,9,100.0
12,9,130.84563090274528
11,9,350.9261045563352
11,9,100.0
11,10,100.0
11,10,100.0
11,11,291.4834765629624
11,11,159.43999186481824
11,12,304.56170291888355
11,12,174.18617789049551
11,13,100.0
11,13,100.0
10,13,141.82335958288218
10,13,100.0
10,14,100.0
10,14,100.0
10,15,266.71580038069027
10,15,234.00404465202104
9,15,100.0
9,15,100.0
8,15,100.0
8,15,454.11910830930964
8,16,100.0
8,16,191.88322823473925
7,16,234.66119213153672
7,16,147.97372347108004
6,16,100.0
6,16,100.0
5,16,247.82287365907942
5,16,100.0
4,16,459.57572002890515
4,16,354.8954443138297
3,16,100.0
3,16,100.0
2,16,229.65407566475128
2,16,100.0
1,16,100.0
1,16,100.0
0,16,100.0
0,16,142.7417594814881
0,15,354.0196229035109
0,15,217.16909481082456
-1,15,163.15880578535123
-1,15,100.0
-1,14,243.83093514355235
-1,14,115.1497473496882
-1,13,313.00746757036495
-1,13,100.0
-2,13,516.4116087148732
-2,13,680.0885852488017
-3,13,366.08086592712397
-3,13,105.34111329361652
-3,12,131.51666787146624
