11,4,357.1399503616394
10,4,161.25592711098312
10,4,304.1671377299319
9,4,238.66829738002286
9,4,418.2318321961578
9,5,645.027385342664
9,5,100.0
9,6,100.0
9,6,353.04101435662153
9,7,100.0
9,7,100.0
8,7,100.0
8,7,100.0
8,8,303.1246311259785
8,8,236.72168104756202
7,8,100.0
7,8,247.76059217159306
8,8,239.9282185965935
8,8,100.0
8,7,333.7709909559878
8,7,857.4505067407293
8,6,100.0
8,6,117.50057364648906
8,5,856.0835387026902
8,5,305.93469335391086
9,5,364.5998471009987
9,5,427.8432952820373
9,4,458.03445468292466
9,4,100.0
10,4,146.7645616423184
10,4,273.9421281256587
11,4,258.89557915588426
11,4,100.0
10,4,100.0
10,4,100.0
9,4,827.154891169087
9,4,219.83158487211526
8,4,474.51171999203837
8,4,324.62452898763013
8,3,100.0
8,3,176.74480353922897
8,2,691.8166912636499
8,2,100.0
7,2,687.4248065920074
7,2,716.8598436073389
7,1,479.3094039469055
7,1,288.96580223130803
6,1,1092.2186362796126
6,1,182.07421128926205
6,0,308.90678928799537
6,0,478.9157330323125
6,-1,797.4163453001305
6,-1,990.3813988745533
7,-1,334.6422412753355
7,-1,335.09177344847126
7,0,163.70022139662095
7,0,684.8394839195925
6,0,207.83088001176571
6,0,352.3258620435323
5,0,304.3303618915566
5,0,100.0
5,-1,295.9509522411953
5,-1,391.23235859831806
6,-1,503.44449285106066
6,-1,991.5986178510698
6,-2,250.29689049364356
6,-2,310.2276150074817
6,-1,349.0364991641699
6,-1,621.4425020868614
5,-1,363.43729209707254
5,-1,191.5776152119192
5,-2,100.0
5,-2,680.6782496307144
4,-2,419.3756589767066
4,-2,124.20819219605033
4,-3,100.0
4,-3,419.3406144113402
4,-4,198.44572528090148
4,-4,848.9357065967181
4,-3,270.8648801347428
4,-3,380.50657949711916
4,-4,100.0
4,-4,935.8218892503321
3,-4,482.36293892136837
3,-4,194.82334508460107
2,-4,525.5236508894149
2,-4,686.9943964301053
2,-3,474.7021331531246
2,-3,486.9581670998014
1,-3,526.1398576985906
1,-3,223.42769505153973
1,-4,433.4487821152708
1,-4,318.43157427923927
1,-5,702.4513169688015
1,-5,292.0599070517443
1,-6,492.69807203462534
1,-6,114.38697103029685
2,-6,795.7234077783241
2,-6,302.73454370049586
2,-5,262.34832474207076
2,-5,387.90307203003346
3,-5,244.91097328194599
3,-5,100.0
3,-6,352.36947747746376
3,-6,147.33208423809083
3,-7,666.5639182290763
3,-7,100.0
3,-6,100.0
3,-6,100.0
3,-7,380.4880561934458
3,-7,355.97036073712593
3,-6,100.0
3,-6,235.58897277424097
2,-6,100.0
2,-6,432.74551768872504
1,-6,100.0
1,-6,196.88381824261114
0,-6,331.7011122512864
0,-6,182.51899335859292
-1,-6,188.43016700917292
-1,-6,573.1795927849462
-2,-6,221.63608389313217
-2,-6,199.73855192905071
-2,-5,510.74387070692615
-2,-5,237.75268886384418
-2,-4,232.80371787353576
-2,-4,861.7274948645932
-2,-5,100.0
-2,-5,100.0
-3,-5,236.36597160361913
-3,-5,100.0
-3,-6,180.76814129960084
-3,-6,100.0
-4,-6,486.3590300502512
-4,-6,100.0
-4,-5,529.5573532818141
-4,-5,137.5787473508885
-4,-6,441.34756639473824
-4,-6,141.54093829005288
-4,-7,147.5863186819183
-4,-7,315.3651247829255
-4,-8,100.0
-4,-8,100.0
-4,-7,149.74361500321984
-4,-7,125.02231901991718
-4,-8,149.5078298240606
-4,-8,159.5182626801538
-4,-9,286.4996189508619
-4,-9,275.50662012127844
-4,-10,321.1241280973102
-4,-10,100.0
-4,-11,222.1352058804397
-4,-11,495.9520295658363
-4,-12,340.57609065840654
-4,-12,100.0
-5,-12,292.6582434930667
-5,-12,100.0
-4,-12,325.66307685907304
-4,-12,172.78764922490961
-3,-12,245.62406699046107
-3,-12,443.8920468172588
-4,-12,100.0
-4,-12,590.3293339718273
-5,-12,167.35367229052082
-5,-12,150.16784128045012
-6,-12,100.0
-6,-12,149.60194761319391
-7,-12,100.0
-7,-12,277.4889281696637
-8,-12,100.0
-8,-12,274.3315795215598
-8,-11,100.0
-8,-11,470.0376018219883
-8,-12,598.6156822110593
-8,-12,324.86255581059254
-8,-11,398.7985409943644
-8,-11,364.9845448148457
-8,-10,100.0
-8,-10,127.0517538842387
-9,-10,100.0
-9,-10,100.0
-9,-9,100.0
-9,-9,267.11062153283694
-10,-9,100.0
-10,-9,161.86998090486912
-10,-8,143.07989100060868
-10,-8,100.0
-11,-8,100.0
-11,-8,395.6458541959145
-12,-8,100.0
-12,-8,100.0
-12,-7,100.0
-12,-7,120.18803062267072
-13,-7,100.0
-13,-7,100.0
-12,-7,322.54238027780457
-12,-7,174.2850878436882
-12,-8,100.0
-12,-8,123.28989732282037
-12,-9,100.0
-12,-9,134.49488532676529
-11,-9,100.0
-11,-9,100.0
-11,-8,145.91835351312358
-11,-8,284.7827988738465
-10,-8,351.04171566314204
-10,-8,602.1987989589207
-10,-7,271.2972688160806
-10,-7,487.8171616606402
-9,-7,138.80058970161107
-9,-7,192.2784647850386
-9,-6,389.43769648795586
-9,-6,262.6614407631021
-9,-5,613.2712649886391
-9,-5,100.0
-9,-4,100.0
-9,-4,339.8255462761352
-8,-4,231.60970252888828
-8,-4,474.5120516998369
-8,-5,592.7013059481695
-8,-5,336.017756691478
-8,-6,100.0
-8,-6,526.8722141034038
-8,-7,296.75453581453263
-8,-7,508.72138196984486
-8,-6,100.0
-8,-6,358.2155378180829
-8,-5,100.0
-8,-5,268.5783185495781
-8,-4,436.4724248007651
-8,-4,522.0324480251551
-8,-3,278.24357286799847
-8,-3,383.53009065252377
-8,-2,737.6803301165812
-8,-2,206.9754591023754
-8,-1,463.2332230525858
-8,-1,405.9576555497845
-8,0,459.8587208731262
-8,0,291.324853533392
-7,0,235.78753248285506
-7,0,294.62517797209813
-6,0,194.75680313749024
-6,0,497.5987131679801
-5,0,532.343997877136
-5,0,567.0726891268986
-4,0,688.023293414105
-4,0,358.2655215202621
-3,0,172.75408953178166
-3,0,653.1659106776845
-2,0,500.2600880275901
-2,0,1284.3228020192882
-2,-1,892.1885366497547
-2,-1,662.1604612903864
-2,-2,270.01228115428563
-2,-2,364.4339293330453
-1,-2,589.6467168480743
-1,-2,524.4642680250765
0,-2,760.7166430650909
0,-2,603.5074964254815
1,-2,560.1549692624071
1,-2,754.9175960702762
2,-2,666.0816193833208
2,-2,474.3227751616755
2,-3,461.6215914509844
2,-3,655.2191743344674
3,-3,1037.2414651760268
3,-3,100.0
4,-3,316.381307130133
4,-3,681.984885845332
5,-3,470.70532560412397
5,-3,196.11692580228117
6,-3,110.83460924224264
6,-3,926.8640074568049
7,-3,100.0
7,-3,362.35298052794457
6,-3,1222.5269207210713
6,-3,244.96065966061923
6,-4,627.2273412636624
6,-4,211.79422192834073
6,-5,450.5072303367761
6,-5,475.01302953844225
5,-5,503.49679138555507
5,-5,132.0131521921683
6,-5,197.89651864398323
6,-5,323.12038072780126
5,-5,100.89009150066889
5,-5,791.6424242920846
5,-4,832.5788418518287
5,-4,255.99442192996946
5,-5,100.0
5,-5,218.35794122186053
5,-6,100.0
5,-6,639.4898502549174
6,-6,466.17331733631613
6,-6,100.0
6,-7,253.98615784729625
6,-7,326.0872567917527
6,-6,191.68486335199924
6,-6,475.9814598355088
7,-6,236.76435490421565
7,-6,100.0
7,-7,343.7001028548318
7,-7,437.4095586644752
7,-8,100.0
7,-8,100.0
6,-8,100.0
6,-8,174.59503334209512
7,-8,252.1728714245043
7,-8,557.0404500319428
7,-9,738.126339564965
7,-9,100.0
8,-9,100.0
8,-9,100.0
9,-9,229.23598771790617
9,-9,213.7025100329265
10,-9,100.0
10,-9,234.8603189301847
9,-9,876.029529236059
9,-9,178.84078071094035
9,-10,100.0
9,-10,100.0
10,-10,413.6944794334499
10,-10,975.5767585477099
11,-10,285.03045209732034
11,-10,423.70002923359823
12,-10,100.0
12,-10,197.6524078865845
12,-11,100.0
12,-11,100.0
13,-11,104.76994627373631
13,-11,100.0
13,-12,100.0
13,-12,100.0
14,-12,254.08760554326608
14,-12,100.0
15,-12,100.0
15,-12,100.0
16,-12,498.74402015215185
16,-12,100.0
17,-12,100.0
17,-12,100.0
18,-12,100.0
18,-12,394.6276410305555
19,-12,100.0
19,-12,100.0
20,-12,100.0
20,-12,100.0
20,-11,100.0
20,-11,100.0
20,-10,100.0
20,-10,100.0
20,-9,100.0
20,-9,100.0
20,-8,422.72462197601885
20,-8,100.0
20,-9,100.0
20,-9,100.0
20,-8,100.0
20,-8,100.0
20,-7,100.0
20,-7,100.0
20,-6,100.0
20,-6,100.0
20,-5,100.0
20,-5,142.82237656200627
20,-4,100.0
20,-4,188.86724039059544
20,-3,100.0
20,-3,100.0
20,-4,100.0
20,-4,100.0
19,-4,100.0
19,-4,100.0
18,-4,155.55391505098453
18,-4,100.0
17,-4,100.0
17,-4,100.0
17,-3,100.0
17,-3,182.77424599619408
17,-4,100.0
17,-4,100.0
17,-3,315.7755025519958
17,-3,100.0
17,-2,290.79155056024314
17,-2,100.0
17,-3,169.2674687425316
17,-3,111.02152355829071
16,-3,351.86467094440496
16,-3,100.0
16,-4,218.80519150671873
16,-4,440.3856816253675
16,-3,100.0
16,-3,100.0
16,-4,215.91139305015196
16,-4,100.0
16,-3,100.0
16,-3,100.0
16,-2,100.0
16,-2,240.46168499990435
16,-1,100.0
16,-1,149.9143112504849
16,-2,100.0
16,-2,273.9691859089372
16,-1,100.0
16,-1,100.0
15,-1,320.5869852802233
15,-1,100.0
15,0,100.0
15,0,100.0
15,1,100.0
15,1,256.8844150995788
15,2,598.7795523522151
15,2,100.0
15,3,100.0
15,3,251.71429754357
15,4,100.0
15,4,100.0
15,3,100.0
15,3,100.0
14,3,100.0
14,3,100.0
14,2,100.0
14,2,107.28521146757441
13,2,399.5447685596471
13,2,100.0
13,3,100.0
13,3,167.71200203301098
14,3,100.0
14,3,396.70523833423465
14,4,100.0
14,4,100.0
14,5,130.97711437264394
14,5,101.31740548123572
14,6,368.9950307979135
14,6,398.96314629468117
13,6,100.0
13,6,284.06645952444114
13,7,209.03553560646864
13,7,681.1489586382485
12,7,116.97176318549033
12,7,413.7563715537607
12,6,149.93361289931113
12,6,326.9892242343851
12,7,100.0
12,7,150.12542966317648
12,8,805.4104128982237
12,8,384.1321429549729
12,9,680.2794099039295
12,9,157.1828588581619
11,9,205.69080416622995
11,9,408.75541979697664
11,10,370.88825586958075
11,10,100.0
11,11,331.35109421507286
11,11,139.24518746790125
11,12,100.0
11,12,692.2892562004397
11,13,100.0
11,13,100.0
10,13,100.0
10,13,100.0
10,14,100.0
10,14,147.3587213395779
10,15,112.05994694207942
10,15,100.0
9,15,100.0
9,15,100.0
8,15,121.98598019658144
8,15,100.0
8,16,190.5681127805893
8,16,120.82065475745826
7,16,100.0
7,16,100.0
6,16,100.0
6,16,104.58026253861678
5,16,123.07449962320857
5,16,468.6847906247118
4,16,100.0
4,16,100.0
3,16,197.5409146777685
3,16,100.0
2,16,323.2634563536312
2,16,100.0
1,16,100.0
1,16,100.0
0,16,101.68198962830171
0,16,346.2440745493756
0,15,100.0
0,15,254.08973769865244
-1,15,144.29493561801013
-1,15,100.0
-1,14,247.95961061053598
-1,14,150.50728837374268
-1,13,100.0
-1,13,155.2543101097574
-2,13,453.08425561876356
-2,13,100.0
-3,13,100.0
-3,13,100.0
-3,12,100.0
