11,4,196.48669278356493
10,4,100.0
10,4,238.07639710638094
9,4,321.04320796804546
9,4,685.6648931540253
9,5,108.9903865035152
9,5,699.8513004875085
9,6,288.81825630786483
9,6,106.3823951081009
9,7,151.4771525117351
9,7,339.1803045967764
8,7,829.1059138895703
8,7,201.7549377265965
8,8,100.0
8,8,100.0
7,8,146.90242678759475
7,8,100.0
8,8,185.7807531274717
8,8,486.93409513533425
8,7,398.25124054138934
8,7,149.49512109814697
8,6,247.28248667751242
8,6,618.1540285284093
8,5,189.11453233721306
8,5,100.0
9,5,100.0
9,5,142.69838174620125
9,4,100.0
9,4,157.26369326796703
10,4,100.0
10,4,269.50842744891406
11,4,100.0
11,4,100.0
10,4,103.19370447114136
10,4,201.04403268311944
9,4,551.377020732034
9,4,367.89654617186545
8,4,533.603980098423
8,4,100.0
8,3,591.8855176704083
8,3,372.3458038827241
8,2,503.27636521861666
8,2,237.11949888829045
7,2,288.5398754515282
7,2,884.3735537017781
7,1,247.25167839356942
7,1,555.7796738938508
6,1,318.6390481573154
6,1,725.6172269617191
6,0,622.3089809080901
6,0,727.3026353810496
6,-1,419.29200860541283
6,-1,100.0
7,-1,285.9002684711067
7,-1,598.4047365525805
7,0,962.409642399328
7,0,100.0
6,0,310.5227099567583
6,0,142.99131290810436
5,0,271.1375414237872
5,0,1166.3080920090292
5,-1,100.0
5,-1,144.196879022165
6,-1,377.32546765645765
6,-1,543.3767764260174
6,-2,170.999595293609
6,-2,367.8501737428578
6,-1,457.67607177704787
6,-1,510.8547925592936
5,-1,611.7730005920369
5,-1,1061.594890533761
5,-2,707.5843680700597
5,-2,396.21118064239016
4,-2,454.87032595652255
4,-2,147.38653559978442
4,-3,324.1252200546282
4,-3,161.74777977587496
4,-4,230.03992680548595
4,-4,299.99300248896543
4,-3,181.84016913349953
4,-3,372.43196734142015
4,-4,100.0
4,-4,274.8639037993018
3,-4,717.8199349616864
3,-4,216.5631506895125
2,-4,430.06580345146267
2,-4,100.0
2,-3,427.83980405563136
2,-3,662.3992344443889
1,-3,848.2821215566432
1,-3,340.1472925847741
1,-4,999.2643756623701
1,-4,528.381897292357
1,-5,100.0
1,-5,290.59298351280495
1,-6,368.05221863014265
1,-6,215.8641459574436
2,-6,301.98362166629624
2,-6,100.0
2,-5,218.32672174582396
2,-5,141.72954103806288
3,-5,153.63614275742611
3,-5,361.79419890061206
3,-6,714.5425422386327
3,-6,217.0472024548854
3,-7,310.91018875552345
3,-7,507.6189859867434
3,-6,162.83128026435014
3,-6,127.72971184053799
3,-7,423.0478851301357
3,-7,307.25235483988286
3,-6,301.7214138084425
3,-6,312.5501997873547
2,-6,100.0
2,-6,475.3674841081038
1,-6,157.3655853438018
1,-6,168.03874325116078
0,-6,578.4367107109747
0,-6,664.8620078007641
-1,-6,574.0606778806211
-1,-6,208.74734255496344
-2,-6,269.47274810845835
-2,-6,323.97752483429554
-2,-5,335.6927207092711
-2,-5,100.0
-2,-4,905.1011522669196
-2,-4,100.0
-2,-5,100.0
-2,-5,460.784360295194
-3,-5,353.2715294354357
-3,-5,695.4865280901182
-3,-6,100.0
-3,-6,100.0
-4,-6,417.12512365983093
-4,-6,419.91048151756627
-4,-5,100.0
-4,-5,371.32917341606134
-4,-6,369.3862131497789
-4,-6,153.84902663999029
-4,-7,100.0
-4,-7,145.90349555989144
-4,-8,224.85440100785354
-4,-8,374.2313840143032
-4,-7,565.209869439037
-4,-7,252.6526804363604
-4,-8,198.99930604352286
-4,-8,296.9536265086347
-4,-9,171.41272096497727
-4,-9,700.2038828151558
-4,-10,558.5738161596028
-4,-10,284.08584009931906
-4,-11,615.3145692169646
-4,-11,184.38446266587198
-4,-12,138.00910124646828
-4,-12,131.4709988870934
-5,-12,746.8394268577995
-5,-12,504.03334814755254
-4,-12,136.1066797699866
-4,-12,100.0
-3,-12,321.5990678787383
-3,-12,136.3022357861114
-4,-12,100.0
-4,-12,100.0
-5,-12,161.08803408308438
-5,-12,270.8720809713624
-6,-12,261.8916760084752
-6,-12,210.74100413401618
-7,-12,650.5020132182128
-7,-12,100.0
-8,-12,195.78827015254586
-8,-12,266.62652729358445
-8,-11,394.3447789788433
-8,-11,531.295250999482
-8,-12,242.73159337074333
-8,-12,653.3216617004196
-8,-11,306.05701480467377
-8,-11,163.32432441534388
-8,-10,233.6506523227792
-8,-10,714.9441291851404
-9,-10,100.0
-9,-10,364.90175583218564
-9,-9,100.0
-9,-9,418.1755799920951
-10,-9,281.96773197521867
-10,-9,170.04693723574348
-10,-8,100.0
-10,-8,276.57150335344204
-11,-8,340.52222494781176
-11,-8,237.85400889423056
-12,-8,100.0
-12,-8,299.42549299429027
-12,-7,267.1372712139089
-12,-7,100.0
-13,-7,607.7714036897444
-13,-7,124.85339075823961
-12,-7,100.0
-12,-7,100.0
-12,-8,100.0
-12,-8,172.91720164885646
-12,-9,100.0
-12,-9,100.0
-11,-9,100.0
-11,-9,240.1529977421427
-11,-8,167.51291293888173
-11,-8,100.0
-10,-8,122.10101610204552
-10,-8,148.83088339429008
-10,-7,379.83696410979155
-10,-7,100.0
-9,-7,100.0
-9,-7,445.4482959123236
-9,-6,460.5053867829785
-9,-6,100.0
-9,-5,208.58921830435048
-9,-5,100.0
-9,-4,100.0
-9,-4,353.1880119792682
-8,-4,100.0
-8,-4,269.6037081881593
-8,-5,172.6175033928074
-8,-5,477.2884540640514
-8,-6,504.0987859032033
-8,-6,341.6290935182836
-8,-7,659.4432665130498
-8,-7,182.13319295483242
-8,-6,100.0
-8,-6,162.48153359919237
-8,-5,100.0
-8,-5,252.5472262272783
-8,-4,543.473221848404
-8,-4,100.0
-8,-3,420.66152236788065
-8,-3,205.97043432855304
-8,-2,299.70797751358265
-8,-2,487.2582499836137
-8,-1,555.1382671839248
-8,-1,363.9837336258757
-8,0,118.91408788749389
-8,0,154.77036968605262
-7,0,1118.7393474683918
-7,0,413.6574892673555
-6,0,222.0938956720961
-6,0,278.3835597916434
-5,0,1256.3483797870767
-5,0,100.0
-4,0,100.0
-4,0,564.9718679634705
-3,0,557.5746210069907
-3,0,389.37479761239797
-2,0,859.6518593168927
-2,0,382.01272647020437
-2,-1,213.9380264635083
-2,-1,717.0512463188046
-2,-2,379.14260981360076
-2,-2,702.4305207018053
-1,-2,100.0
-1,-2,255.02049964305544
0,-2,616.5778866696277
0,-2,288.71292397675177
1,-2,688.8161563635572
1,-2,627.8815865391265
2,-2,700.4044678836033
2,-2,156.26212435521686
2,-3,100.0
2,-3,688.5017829991957
3,-3,171.74464605398535
3,-3,100.0
4,-3,438.68967350987094
4,-3,583.355885363742
5,-3,159.60047284060005
5,-3,100.0
6,-3,100.0
6,-3,275.30991425398435
7,-3,202.13400578570435
7,-3,504.73729620093843
6,-3,153.93729008558412
6,-3,216.82503519364585
6,-4,348.99893461756506
6,-4,741.2830165607422
6,-5,206.73755916487596
6,-5,100.0
5,-5,906.3685007341412
5,-5,108.69564233322825
6,-5,100.0
6,-5,150.22808222866448
5,-5,100.0
5,-5,265.3691415767498
5,-4,486.3251962410786
5,-4,239.93787309884732
5,-5,438.29995469980764
5,-5,100.0
5,-6,386.7759500444828
5,-6,530.3632501973073
6,-6,186.41797850137453
6,-6,100.0
6,-7,100.0
6,-7,704.1307058430612
6,-6,100.0
6,-6,535.4797714103514
7,-6,439.5208531652077
7,-6,100.0
7,-7,543.2038962293393
7,-7,127.831980938635
7,-8,136.13893383825388
7,-8,488.05598768831896
6,-8,247.61458222542734
6,-8,100.0
7,-8,155.8440807664248
7,-8,392.1951745242342
7,-9,382.36693110741885
7,-9,100.0
8,-9,245.96763496512617
8,-9,341.1790718429555
9,-9,356.59055174885816
9,-9,100.0
10,-9,191.68848488999205
10,-9,276.53369578907973
9,-9,100.0
9,-9,100.0
9,-10,100.0
9,-10,100.0
10,-10,106.50837674789726
10,-10,100.0
11,-10,100.0
11,-10,100.0
12,-10,100.0
12,-10,129.2257615535242
12,-11,418.52498210692045
12,-11,100.0
13,-11,100.0
13,-11,100.0
13,-12,100.0
13,-12,100.0
14,-12,100.0
14,-12,100.0
15,-12,158.50214130683048
15,-12,100.0
16,-12,100.0
16,-12,100.0
17,-12,100.0
17,-12,100.0
18,-12,133.6792522531263
18,-12,100.0
19,-12,100.0
19,-12,100.0
20,-12,100.0
20,-12,100.0
20,-11,100.0
20,-11,100.0
20,-10,100.0
20,-10,100.0
20,-9,100.0
20,-9,100.0
20,-8,100.0
20,-8,150.11626138648847
20,-9,144.36604331976142
20,-9,100.0
20,-8,151.00160399145634
20,-8,100.0
20,-7,100.0
20,-7,100.0
20,-6,100.0
20,-6,100.0
20,-5,100.0
20,-5,214.02194206366624
20,-4,100.0
20,-4,100.0
20,-3,100.0
20,-3,100.0
20,-4,100.0
20,-4,100.0
19,-4,100.0
19,-4,100.0
18,-4,100.0
18,-4,100.0
17,-4,381.30928668187016
17,-4,126.43624811723777
17,-3,100.0
17,-3,132.57226867949848
17,-4,138.25736096252055
17,-4,100.0
17,-3,390.05636439752146
17,-3,164.83065208474054
17,-2,100.0
17,-2,146.45447664954398
17,-3,282.33268933398386
17,-3,100.0
16,-3,396.6541598016116
16,-3,100.0
16,-4,334.3366063294088
16,-4,535.2207762480651
16,-3,100.0
16,-3,100.0
16,-4,107.38015100646678
16,-4,283.95631648342
16,-3,127.87932753087509
16,-3,256.7558047062819
16,-2,258.28471510774557
16,-2,176.78172305729365
16,-1,183.55208341234075
16,-1,385.3407685248634
16,-2,100.0
16,-2,101.02474618276852
16,-1,100.0
16,-1,100.0
15,-1,383.06001890847637
15,-1,100.0
15,0,162.90095778988314
15,0,348.3874671485121
15,1,100.0
15,1,100.0
15,2,100.0
15,2,100.0
15,3,100.0
15,3,104.95117611816183
15,4,100.0
15,4,100.0
15,3,100.0
15,3,353.6170623346684
14,3,117.23134706815509
14,3,100.0
14,2,363.60060963503196
14,2,227.44056173496924
13,2,265.35197378084524
13,2,100.0
13,3,175.5574761802761
13,3,100.0
14,3,100.0
14,3,100.0
14,4,100.0
14,4,227.8152675921313
14,5,354.093209749164
14,5,100.0
14,6,100.0
14,6,250.542681566216
13,6,100.0
13,6,521.655436787134
13,7,154.3077053009141
13,7,100.0
12,7,455.6505771921202
12,7,110.67499214655203
12,6,351.0154272688238
12,6,181.51894338472766
12,7,158.96185242325927
12,7,344.4452644105994
12,8,197.4550080069683
12,8,100.0
12,9,100.0
12,9,100.0
11,9,100.0
11,9,154.23334448563492
11,10,100.0
11,10,354.09606373238455
11,11,100.0
11,11,523.705386337832
11,12,434.722929065671
11,12,100.0
11,13,371.2504362349371
11,13,100.0
10,13,100.0
10,13,100.0
10,14,100.0
10,14,236.5225281290626
10,15,100.0
10,15,100.0
9,15,100.0
9,15,100.0
8,15,100.0
8,15,100.0
8,16,110.94846267099058
8,16,102.6893192369185
7,16,174.9748874733147
7,16,100.0
6,16,240.7789295372194
6,16,166.97710488496224
5,16,100.0
5,16,157.26471484355199
4,16,100.0
4,16,202.21373260639209
3,16,100.0
3,16,133.4440005152183
2,16,100.0
2,16,100.0
1,16,348.25104950454903
1,16,100.0
0,16,327.5065667749761
0,16,222.6853103389063
0,15,100.0
0,15,100.0
-1,15,415.8013368030694
-1,15,100.0
-1,14,122.07040474872366
-1,14,100.0
-1,13,100.0
-1,13,235.44558229745653
-2,13,100.0
-2,13,100.0
-3,13,100.0
-3,13,560.0423916789559
-3,12,100.0
