11,4,267.1550896575779
10,4,100.0
10,4,100.0
9,4,100.0
9,4,100.0
9,5,100.0
9,5,100.0
9,6,100.0
9,6,100.0
9,7,169.440192933016
9,7,100.0
8,7,229.53573593533397
8,7,257.96376832884044
8,8,100.0
8,8,291.0072885742475
7,8,592.13993951771
7,8,106.21326038250483
8,8,100.0
8,8,228.89692580448866
8,7,100.0
8,7,100.0
8,6,325.0422705564322
8,6,440.5030436627942
8,5,457.6685005915614
8,5,100.0
9,5,329.94167670992294
9,5,739.8420391468106
9,4,329.8415679659264
9,4,229.43599695867283
10,4,852.8008149594843
10,4,171.05332050667232
11,4,221.55332713708867
11,4,158.29685498148257
10,4,420.8168775944507
10,4,485.1632487511577
9,4,229.07016681053346
9,4,618.69861145149
8,4,633.3814987405124
8,4,100.0
8,3,100.0
8,3,478.73797969155316
8,2,508.51455331519577
8,2,1015.8380150615777
7,2,763.4120751462781
7,2,175.75056380445173
7,1,399.71700749589974
7,1,180.51948609569186
6,1,173.3023122250836
6,1,564.9466975380352
6,0,355.16530737956725
6,0,514.8210193777882
6,-1,550.2378579733454
6,-1,208.64668599124494
7,-1,100.0
7,-1,467.5254669064518
7,0,274.8747147526574
7,0,307.07386934165027
6,0,100.0
6,0,363.7756825744761
5,0,1054.1839846621135
5,0,531.1647745196043
5,-1,674.9774596935904
5,-1,415.5617166615736
6,-1,628.4671557458057
6,-1,100.0
6,-2,825.8550234880449
6,-2,443.2670221765029
6,-1,361.54653522639546
6,-1,794.6385590733121
5,-1,100.0
5,-1,694.5300986273851
5,-2,100.0
5,-2,100.0
4,-2,348.2255361820045
4,-2,545.9761149384756
4,-3,945.0843972507511
4,-3,100.0
4,-4,189.73278946035552
4,-4,168.91614403175305
4,-3,418.7822755851076
4,-3,465.70762858690944
4,-4,748.734621551873
4,-4,836.0941768489597
3,-4,354.6906995241231
3,-4,411.6293526701624
2,-4,305.68352231731456
2,-4,351.9546091258832
2,-3,623.2061183238261
2,-3,224.83602106162522
1,-3,593.709435086833
1,-3,360.5916181990032
1,-4,216.27657365222456
1,-4,461.347735997545
1,-5,543.6849264708073
1,-5,329.31768380382664
1,-6,903.4185966766311
1,-6,332.74819671991474
2,-6,541.6567027378319
2,-6,395.1724170295962
2,-5,449.30906869478736
2,-5,938.1941851846148
3,-5,540.1363912608881
3,-5,686.5801858563966
3,-6,100.0
3,-6,395.60839631008105
3,-7,436.54184957361304
3,-7,100.0
3,-6,447.0882914720817
3,-6,129.6366863021975
3,-7,100.0
3,-7,129.96924830245962
3,-6,357.9069949328383
3,-6,494.22498700513563
2,-6,100.19342873747541
2,-6,143.9812367321809
1,-6,453.6287472673483
1,-6,100.0
0,-6,294.9130696433459
0,-6,100.0
-1,-6,100.0
-1,-6,100.0
-2,-6,536.6896213462899
-2,-6,216.76013758416747
-2,-5,685.2950044441857
-2,-5,322.13696368335326
-2,-4,513.2274033514992
-2,-4,194.3998375342013
-2,-5,390.17005220788155
-2,-5,168.44683857377777
-3,-5,394.39366974883205
-3,-5,100.0
-3,-6,263.45946637030994
-3,-6,462.62089738349727
-4,-6,224.28971242391492
-4,-6,544.7462790850033
-4,-5,100.0
-4,-5,890.2348441357512
-4,-6,111.8824819552226
-4,-6,353.73124743167847
-4,-7,100.0
-4,-7,100.0
-4,-8,100.0
-4,-8,504.5755335483287
-4,-7,100.0
-4,-7,220.69609949243605
-4,-8,629.6102581808161
-4,-8,384.01816050851403
-4,-9,100.0
-4,-9,234.8569019679136
-4,-10,100.0
-4,-10,355.6216144374635
-4,-11,100.0
-4,-11,100.0
-4,-12,119.65524995363616
-4,-12,100.0
-5,-12,129.03402038352056
-5,-12,178.8862677129449
-4,-12,126.36911056340915
-4,-12,115.8685707649917
-3,-12,454.0389919903404
-3,-12,100.0
-4,-12,266.4943597747035
-4,-12,308.26968900248835
-5,-12,419.24644741890944
-5,-12,100.0
-6,-12,100.0
-6,-12,100.0
-7,-12,317.1149439136959
-7,-12,368.87436218034156
-8,-12,186.81772814146387
-8,-12,100.0
-8,-11,100.0
-8,-11,100.0
-8,-12,100.0
-8,-12,100.0
-8,-11,100.0
-8,-11,100.0
-8,-10,343.5429918536594
-8,-10,617.5838673751812
-9,-10,387.3417224835221
-9,-10,100.0
-9,-9,577.8446148559949
-9,-9,249.92552458329118
-10,-9,100.0
-10,-9,307.98047506157457
-10,-8,695.5611372683893
-10,-8,294.4962432437892
-11,-8,305.47529060025863
-11,-8,218.87261929918665
-12,-8,177.14348774414282
-12,-8,100.0
-12,-7,139.26393483749925
-12,-7,100.0
-13,-7,100.0
-13,-7,533.3120063011563
-12,-7,318.6095046687466
-12,-7,117.74213723657415
-12,-8,135.90666880117885
-12,-8,319.8710584725884
-12,-9,100.0
-12,-9,117.64151737568963
-11,-9,100.0
-11,-9,100.0
-11,-8,262.85919436862474
-11,-8,189.7684067142587
-10,-8,100.0
-10,-8,158.8735571852039
-10,-7,234.6438298583584
-10,-7,158.17995993113408
-9,-7,100.0
-9,-7,100.0
-9,-6,111.12283004000004
-9,-6,255.2828010314018
-9,-5,155.13896007002364
-9,-5,100.0
-9,-4,273.3531711464677
-9,-4,875.1682921523877
-8,-4,146.03739127858566
-8,-4,100.0
-8,-5,100.0
-8,-5,597.6373873114246
-8,-6,271.1956129377239
-8,-6,284.7089615252048
-8,-7,300.21782129330745
-8,-7,367.8329480267689
-8,-6,203.65193565910388
-8,-6,371.57063204981296
-8,-5,474.72939434674186
-8,-5,191.0619627795345
-8,-4,1396.07805219048
-8,-4,172.35257092222102
-8,-3,304.32736012825353
-8,-3,499.34376507164905
-8,-2,280.6967216223656
-8,-2,100.0
-8,-1,100.0
-8,-1,134.47722562001115
-8,0,316.4962320722535
-8,0,255.6522402157408
-7,0,100.0
-7,0,197.38627604950534
-6,0,724.5567606011026
-6,0,349.01320405916283
-5,0,398.16911030802413
-5,0,433.23875675946806
-4,0,187.97968598233442
-4,0,322.7350655149803
-3,0,198.5921440984193
-3,0,520.5146021765286
-2,0,880.9459390328491
-2,0,840.5804108256496
-2,-1,164.74305839807803
-2,-1,695.7250397959626
-2,-2,491.94975403350816
-2,-2,353.6876718133972
-1,-2,386.9201954925845
-1,-2,1015.8973503387672
0,-2,477.38284263760977
0,-2,689.6763247888767
1,-2,708.0578517181773
1,-2,1378.0842562506778
2,-2,451.4832331408099
2,-2,775.933742667211
2,-3,100.0
2,-3,567.6930112901885
3,-3,354.81575328961816
3,-3,468.38534019729275
4,-3,225.04337576561903
4,-3,100.44808781063381
5,-3,215.16295426131666
5,-3,1106.201248802412
6,-3,100.0
6,-3,100.0
7,-3,100.0
7,-3,408.25983452101315
6,-3,256.5683073423919
6,-3,140.36098721088572
6,-4,751.3528589322693
6,-4,437.7053130884427
6,-5,114.69407084290921
6,-5,100.0
5,-5,583.3091901493194
5,-5,378.53760003808003
6,-5,123.74041176496931
6,-5,261.71023972760287
5,-5,607.0995646684676
5,-5,433.8975882449062
5,-4,100.0
5,-4,518.1249848445052
5,-5,345.0597575235381
5,-5,105.98048787091383
5,-6,385.9676688985397
5,-6,366.9028397821113
6,-6,412.3761993721862
6,-6,100.0
6,-7,334.9841233741987
6,-7,100.0
6,-6,401.8905843162588
6,-6,538.1584715359766
7,-6,206.64745035871536
7,-6,215.72963265384055
7,-7,377.8519380909826
7,-7,469.8676898740306
7,-8,100.0
7,-8,100.0
6,-8,340.99993134337126
6,-8,305.4874160040315
7,-8,147.51679261656201
7,-8,370.28766530441646
7,-9,135.70361671965924
7,-9,100.0
8,-9,100.0
8,-9,222.31900985220335
9,-9,622.0707350867211
9,-9,377.7279966180711
10,-9,100.0
10,-9,145.23372525455946
9,-9,210.10946458735268
9,-9,100.0
9,-10,165.21293322055195
9,-10,160.80805678389763
10,-10,139.86591759158236
10,-10,259.09169816477055
11,-10,100.0
11,-10,100.0
12,-10,100.0
12,-10,100.0
12,-11,205.95839648563248
12,-11,313.30223299041484
13,-11,122.65109430482437
13,-11,100.0
13,-12,269.5844340102061
13,-12,100.0
14,-12,393.8186616182619
14,-12,520.4283640329686
15,-12,100.0
15,-12,100.0
16,-12,190.37188024791521
16,-12,100.0
17,-12,100.0
17,-12,100.0
18,-12,100.0
18,-12,224.52133028132744
19,-12,100.0
19,-12,100.0
20,-12,100.0
20,-12,100.0
20,-11,138.9566732674643
20,-11,100.0
20,-10,302.413471781344
20,-10,100.0
20,-9,100.0
20,-9,258.6221108632799
20,-8,100.0
20,-8,100.0
20,-9,100.0
20,-9,100.0
20,-8,161.66300617862436
20,-8,292.1741280833681
20,-7,100.0
20,-7,360.96528520717567
20,-6,100.0
20,-6,100.0
20,-5,100.0
20,-5,100.0
20,-4,100.0
20,-4,214.61551072683025
20,-3,100.0
20,-3,100.0
20,-4,100.0
20,-4,100.0
19,-4,100.0
19,-4,100.0
18,-4,111.37749024101609
18,-4,110.4831752657505
17,-4,100.0
17,-4,100.0
17,-3,100.0
17,-3,173.28733165616552
17,-4,100.0
17,-4,100.0
17,-3,100.0
17,-3,266.48725767317865
17,-2,100.0
17,-2,142.38927050649966
17,-3,100.0
17,-3,100.0
16,-3,100.0
16,-3,100.0
16,-4,272.63842138414964
16,-4,358.9969116264131
16,-3,100.0
16,-3,100.0
16,-4,100.0
16,-4,100.0
16,-3,515.8228202028574
16,-3,100.0
16,-2,100.0
16,-2,100.0
16,-1,310.14735765761213
16,-1,309.9270744147266
16,-2,110.23248476581045
16,-2,100.0
16,-1,100.0
16,-1,182.34857252813035
15,-1,332.9489585845092
15,-1,326.73541810262805
15,0,595.98424242912
15,0,100.0
15,1,151.66144646762157
15,1,100.0
15,2,100.0
15,2,187.09178946100195
15,3,100.0
15,3,166.9322463356512
15,4,100.0
15,4,100.0
15,3,362.5567916588456
15,3,100.0
14,3,100.0
14,3,100.0
14,2,601.6086991996877
14,2,100.0
13,2,100.0
13,2,100.0
13,3,341.5884317540299
13,3,311.17775969389675
14,3,136.55903803076583
14,3,399.75193648436715
14,4,100.0
14,4,100.0
14,5,161.22909410653193
14,5,176.02205597354572
14,6,100.0
14,6,755.7659221223912
13,6,132.54116158157478
13,6,100.0
13,7,100.0
13,7,140.48849979968065
12,7,100.0
12,7,328.2037312753388
12,6,100.0
12,6,100.0
12,7,538.3279869185196
12,7,331.99952235573994
12,8,169.23031731920435
12,8,100.0
12,9,100.0
12,9,159.0942402782469
11,9,367.98310800093554
11,9,232.97022599814866
11,10,113.82233500825554
11,10,100.0
11,11,100.0
11,11,100.0
11,12,100.0
11,12,100.0
11,13,100.0
11,13,100.0
10,13,327.2589263605023
10,13,100.0
10,14,100.0
10,14,229.19004143934467
10,15,483.94603210308645
10,15,100.0
9,15,198.87150982071475
9,15,100.0
8,15,100.0
8,15,100.0
8,16,100.0
8,16,100.0
7,16,391.3147567237491
7,16,100.0
6,16,380.3351451157934
6,16,118.81991940221945
5,16,412.6353781839919
5,16,100.0
4,16,100.0
4,16,100.0
3,16,222.00906459831825
3,16,167.06590638291354
2,16,100.0
2,16,100.0
1,16,100.0
1,16,216.75235106950888
0,16,149.23934053563195
0,16,100.0
0,15,100.0
0,15,199.34309855046664
-1,15,100.0
-1,15,108.82468675812538
-1,14,100.0
-1,14,100.0
-1,13,100.0
-1,13,194.47706053820195
-2,13,362.95095154582265
-2,13,100.0
-3,13,615.3766357931252
-3,13,401.35360228859133
-3,12,395.9163567527828
