11,4,50.0
11,4,106.58065244479572
10,4,243.57499131630968
10,4,308.74787968790685
10,4,88.0313392825405
9,4,197.86591163664554
9,4,261.84978254511526
9,4,395.28940902685997
9,5,432.08817576502383
9,5,152.61332003605114
9,5,116.23869047034901
9,6,286.87269834129495
9,6,455.6974971137359
9,6,353.4433489599545
9,7,50.0
9,7,263.51148871101907
9,7,83.53977181503622
8,7,564.0588111503419
8,7,248.63414515801412
8,7,500.92459718599986
8,8,107.45201217425445
8,8,59.33561273531518
8,8,232.88719707009875
7,8,132.85438775158372
7,8,346.65434563848487
7,8,324.0569304105703
8,8,210.48431033819418
8,8,341.17590913273307
8,8,100.61621243557563
8,7,58.608878445265134
8,7,201.18807591089364
8,7,387.2733446174101
8,6,524.4281688461656
8,6,276.78553091645097
8,6,321.00561770508796
8,5,334.74381268261703
8,5,138.3180494555154
8,5,272.2290742357583
9,5,409.3660275752966
9,5,162.8662030095262
9,5,96.66875529869253
9,4,130.99434356554548
9,4,286.56290579741324
9,4,50.0
10,4,282.87008583864383
10,4,50.0
10,4,183.57038354103872
11,4,185.21194351975942
11,4,330.30586546540115
11,4,231.81987680445047
10,4,283.1028923437733
10,4,241.15684284946485
10,4,238.40671803924005
9,4,283.343184509886
9,4,68.73191036216272
9,4,219.7961604178854
8,4,133.92709464197992
8,4,203.19628708013462
8,4,63.77100654314876
8,3,219.28723527942952
8,3,293.5938199570425
8,3,50.0
8,2,114.84008653646896
8,2,193.7868746317071
8,2,492.84594790812446
7,2,444.2496986619054
7,2,246.01550381560867
7,2,215.25446649094798
7,1,220.32824188965014
7,1,200.08262955820015
7,1,279.49941834367314
6,1,51.450483456786884
6,1,464.510573038193
6,1,380.8179298466586
6,0,346.12828637413463
6,0,322.4509982392246
6,0,406.11841941551245
6,-1,300.4584119695163
6,-1,446.701858088039
6,-1,223.8633938556322
7,-1,303.5247436000411
7,-1,417.6231010967972
7,-1,194.70739669216016
7,0,209.05362165407598
7,0,134.98782153542535
7,0,84.31053241728418
6,0,388.9823069328376
6,0,417.25070011038497
6,0,325.56579148930587
5,0,272.3516059699947
5,0,145.68080780024442
5,0,512.3211425781784
5,-1,484.0641490973323
5,-1,448.26214091572706
5,-1,336.7453825484703
6,-1,235.58338280511344
6,-1,139.3666674117128
6,-1,445.5278031051605
6,-2,167.56235135870537
6,-2,169.6493444395431
6,-2,456.38123013556185
6,-1,193.3061906201953
6,-1,301.1149691088756
6,-1,371.3853722175758
5,-1,316.4320311446449
5,-1,366.3058576954537
5,-1,371.6133047260159
5,-2,247.32647180638344
5,-2,360.4175020062747
5,-2,411.4021624419696
4,-2,316.63362670638907
4,-2,323.65160833097065
4,-2,162.67407885633594
4,-3,83.13221024801663
4,-3,94.77290267926986
4,-3,440.82005611336615
4,-4,108.53907698051978
4,-4,207.82795677875367
4,-4,208.9606515580566
4,-3,410.3294606425962
4,-3,311.4358126807329
4,-3,256.2328629509677
4,-4,180.1745104363938
4,-4,183.6915663401163
4,-4,394.5399963764421
3,-4,50.0
3,-4,241.53057951869926
3,-4,247.6753940110106
2,-4,337.9877537942041
2,-4,408.8172512481497
2,-4,476.2920983977501
2,-3,248.7196005550623
2,-3,430.8837458436058
2,-3,73.96640289232198
1,-3,455.0840514895776
1,-3,218.4831277992112
1,-3,361.48741806141464
1,-4,290.4609769058249
1,-4,273.4805695434019
1,-4,471.7056735407481
1,-5,446.3331291125512
1,-5,254.16598873903072
1,-5,375.58828971517073
1,-6,296.7716676377264
1,-6,217.55919477451783
1,-6,349.3097540643165
2,-6,294.6517516658822
2,-6,395.1271125892897
2,-6,223.70627591072525
2,-5,488.75583130583436
2,-5,185.4229147483642
2,-5,281.93390429666033
3,-5,334.8346442730237
3,-5,278.0957309648478
3,-5,190.48217031751375
3,-6,276.234586062599
3,-6,413.2354864619501
3,-6,283.29194648018336
3,-7,96.12647328159241
3,-7,367.2670962320192
3,-7,304.230650573361
3,-6,499.38809132147065
3,-6,50.0
3,-6,155.45326349336352
3,-7,213.6538098308503
3,-7,249.55105524117081
3,-7,277.4344468632809
3,-6,319.9037240909615
3,-6,310.296113390896
3,-6,253.6566908267494
2,-6,373.2528779231442
2,-6,189.73918589986374
2,-6,130.69120270950702
1,-6,53.363783721271204
1,-6,57.088450083109734
1,-6,201.54738962362003
0,-6,220.2403957048633
0,-6,328.7665511965588
0,-6,219.46180462188406
-1,-6,357.57818279212063
-1,-6,433.5624894475575
-1,-6,162.73900146470643
-2,-6,449.5584912220503
-2,-6,268.2144171987136
-2,-6,106.23728268522763
-2,-5,372.0592345076685
-2,-5,387.82637430834905
-2,-5,259.88762844894455
-2,-4,207.81978080197123
-2,-4,431.03743653103055
-2,-4,614.6453271833157
-2,-5,50.0
-2,-5,429.72227795972447
-2,-5,225.01283492424272
-3,-5,372.5615382942965
-3,-5,313.0340422792988
-3,-5,582.5006802426132
-3,-6,272.6760059610649
-3,-6,248.58063232169727
-3,-6,132.97165458450928
-4,-6,307.9420712790495
-4,-6,364.415252544368
-4,-6,80.07233624049817
-4,-5,109.20345111864063
-4,-5,314.77372758327834
-4,-5,342.0348106646398
-4,-6,266.3173484383033
-4,-6,214.66840375565852
-4,-6,242.71285816253285
-4,-7,256.7476219586403
-4,-7,181.84610537020723
-4,-7,269.1688773889949
-4,-8,259.24310943376736
-4,-8,156.4679715782765
-4,-8,188.51729705689112
-4,-7,169.10954751378011
-4,-7,237.06554506556458
-4,-7,203.15856668592545
-4,-8,219.14577114777657
-4,-8,276.06208159949665
-4,-8,191.40220517950442
-4,-9,270.57372759723563
-4,-9,108.2732243760909
-4,-9,314.43223369243265
-4,-10,233.90102184804357
-4,-10,229.4704693870182
-4,-10,152.49448951088834
-4,-11,50.0
-4,-11,234.97770600382222
-4,-11,174.23099700201186
-4,-12,76.75330677241438
-4,-12,163.24751368994754
-4,-12,291.19376724118
-5,-12,129.23388692529568
-5,-12,86.49083031092634
-5,-12,152.870452090043
-4,-12,174.13883446592027
-4,-12,50.0
-4,-12,89.87906507079371
-3,-12,315.1002699149036
-3,-12,120.45886624920716
-3,-12,200.24841967835113
-4,-12,278.4685847230865
-4,-12,50.0
-4,-12,303.4466032983963
-5,-12,50.0
-5,-12,52.00427024515864
-5,-12,244.1940744490749
-6,-12,50.0
-6,-12,113.26935153140428
-6,-12,152.4576046664869
-7,-12,273.82253588551697
-7,-12,144.3437826410057
-7,-12,59.00151034592891
-8,-12,93.09002421906695
-8,-12,212.88047391653262
-8,-12,147.27944410468794
-8,-11,284.9703012785666
-8,-11,272.22247076946667
-8,-11,311.8580548603718
-8,-12,50.0
-8,-12,83.9070757912503
-8,-12,192.11399908769852
-8,-11,247.3861666447445
-8,-11,236.5086148389958
-8,-11,52.70262290920256
-8,-10,50.0
-8,-10,174.57816284249287
-8,-10,100.31158849455457
-9,-10,195.3870955955714
-9,-10,60.12261088079812
-9,-10,50.0
-9,-9,169.04911355304665
-9,-9,50.0
-9,-9,58.29681621823855
-10,-9,246.12519200329427
-10,-9,330.94614267555784
-10,-9,207.82366074301325
-10,-8,82.81907637618119
-10,-8,109.76280384694554
-10,-8,315.8327127909363
-11,-8,50.0
-11,-8,104.62589824288102
-11,-8,80.11313981806647
-12,-8,70.9199083263637
-12,-8,50.0
-12,-8,50.0
-12,-7,73.71002875429583
-12,-7,186.98617667981932
-12,-7,53.23423186226739
-13,-7,50.0
-13,-7,191.74338661343984
-13,-7,200.28108719120266
-12,-7,248.83016673793435
-12,-7,161.62589027068807
-12,-7,274.7387979872236
-12,-8,177.32784469762507
-12,-8,143.41664485601993
-12,-8,230.6588960539009
-12,-9,165.8942966941631
-12,-9,121.85636561284593
-12,-9,65.51845193250514
-11,-9,64.31965423199333
-11,-9,91.02134157982891
-11,-9,315.31929704638185
-11,-8,163.2320848691799
-11,-8,214.18613478871126
-11,-8,302.85776023378764
-10,-8,364.92125623292486
-10,-8,88.44237005712918
-10,-8,93.00181440574232
-10,-7,287.21091720444696
-10,-7,149.37672262224947
-10,-7,75.02375722964742
-9,-7,166.58424457347505
-9,-7,213.30372146450463
-9,-7,144.1046873851827
-9,-6,173.5555223686578
-9,-6,253.89789569467513
-9,-6,230.55719635216937
-9,-5,204.66038186527422
-9,-5,322.8490774333406
-9,-5,119.32187169677495
-9,-4,190.93365626516115
-9,-4,291.8627723078656
-9,-4,146.39453484198344
-8,-4,175.05534077164535
-8,-4,473.7809703026087
-8,-4,180.86367012373634
-8,-5,293.1868765657996
-8,-5,276.8985803554699
-8,-5,277.0976553839973
-8,-6,166.75086513011166
-8,-6,262.27442247905856
-8,-6,469.8534789626156
-8,-7,196.40671578540577
-8,-7,239.94962372553425
-8,-7,148.75689885475688
-8,-6,80.12725399792028
-8,-6,334.04420377160386
-8,-6,134.56985180296078
-8,-5,251.31148657131791
-8,-5,260.51534404502263
-8,-5,78.38570537872516
-8,-4,296.43263655997026
-8,-4,131.72119722637433
-8,-4,50.0
-8,-3,355.53429207613107
-8,-3,339.0733028973517
-8,-3,312.89520264520434
-8,-2,239.63804927903857
-8,-2,138.1523734100727
-8,-2,314.67522178114535
-8,-1,50.0
-8,-1,162.55327979860732
-8,-1,159.04098951764487
-8,0,307.5874490530927
-8,0,260.12822513188917
-8,0,111.91715233470867
-7,0,285.52887462144474
-7,0,408.68793843120534
-7,0,444.77967921853985
-6,0,297.6331765067239
-6,0,135.93417213108523
-6,0,399.53245734296985
-5,0,417.0131789459382
-5,0,217.59255054437898
-5,0,394.84973076993106
-4,0,201.8399304900854
-4,0,401.60241078692843
-4,0,197.96705321122005
-3,0,240.21985480940228
-3,0,308.9076879879322
-3,0,398.1221602126847
-2,0,343.64553316858076
-2,0,202.3752047089519
-2,0,569.5661499704021
-2,-1,192.84337661884825
-2,-1,513.6899635880038
-2,-1,283.9909514903374
-2,-2,293.6245950421816
-2,-2,196.12025764030759
-2,-2,309.8255602114217
-1,-2,234.00995740312803
-1,-2,361.8985845373819
-1,-2,198.80494827414745
0,-2,353.94171485314087
0,-2,298.1486829345008
0,-2,229.60508398758276
1,-2,232.2755541583163
1,-2,501.9226209171753
1,-2,202.09799277978956
2,-2,572.1175796998631
2,-2,353.17378773752455
2,-2,215.71496855446634
2,-3,414.31174154501616
2,-3,375.03395757243095
2,-3,197.10866928320218
3,-3,459.94818130614516
3,-3,158.3402754042543
3,-3,138.77781707140372
4,-3,107.6592222675383
4,-3,150.57163213886852
4,-3,417.9504349587668
5,-3,270.01238051264886
5,-3,181.69203274883392
5,-3,346.46559643192506
6,-3,430.4940288395172
6,-3,257.06662313746915
6,-3,212.95646181657125
7,-3,377.3328695731907
7,-3,50.0
7,-3,329.5473410709158
6,-3,264.01972170202663
6,-3,243.82438805498117
6,-3,162.26955906974587
6,-4,204.05458677515344
6,-4,251.05221104927932
6,-4,359.31998937509604
6,-5,114.32926390476295
6,-5,233.69207332637328
6,-5,200.42580284798692
5,-5,89.60430293389834
5,-5,292.14849271840603
5,-5,249.70818787593913
6,-5,209.50775995145335
6,-5,135.04239259264438
6,-5,191.71803029374666
5,-5,250.0503300686007
5,-5,438.9759263503375
5,-5,209.81392234763985
5,-4,415.4730916648878
5,-4,100.30212140645602
5,-4,365.7625965171622
5,-5,204.0448637430509
5,-5,242.55383370143386
5,-5,190.9508180806798
5,-6,273.21469881228296
5,-6,409.042693433814
5,-6,112.78303042228985
6,-6,158.37883037420852
6,-6,150.5290099757965
6,-6,235.29719866157936
6,-7,409.96627652592423
6,-7,205.30357007911428
6,-7,128.2665194670085
6,-6,171.18798263131535
6,-6,388.966967150218
6,-6,260.9133071827865
7,-6,50.0
7,-6,146.66602132137928
7,-6,209.7959683470231
7,-7,230.07757858183209
7,-7,119.23584293446892
7,-7,143.48993474742912
7,-8,331.62692940789316
7,-8,199.26142177451646
7,-8,242.14042936075157
6,-8,275.6564684434588
6,-8,203.41946044437788
6,-8,50.0
7,-8,199.27533222037982
7,-8,200.65349772881726
7,-8,239.57017030192162
7,-9,50.0
7,-9,80.88374211523903
7,-9,112.12020982106039
8,-9,67.81275794928314
8,-9,77.27547490801354
8,-9,50.0
9,-9,156.13249511549293
9,-9,53.98092231046374
9,-9,196.2192992796572
10,-9,273.54966835049845
10,-9,182.3457374372079
10,-9,301.19148487048346
9,-9,206.6497525660515
9,-9,243.17775919619882
9,-9,56.16199277403004
9,-10,156.26102285471438
9,-10,50.0
9,-10,165.61053426475937
10,-10,95.10970431277678
10,-10,257.29337029561793
10,-10,50.0
11,-10,102.43230001826876
11,-10,50.0
11,-10,153.97432927982743
12,-10,61.36558343107123
12,-10,50.0
12,-10,50.0
12,-11,145.9114592032842
12,-11,192.19835549548367
12,-11,196.97584737508885
13,-11,50.0
13,-11,209.58004109691643
13,-11,172.31675796478942
13,-12,50.0
13,-12,70.04355905123955
13,-12,147.76962744544687
14,-12,67.23735615312728
14,-12,50.0
14,-12,50.0
15,-12,50.0
15,-12,50.0
15,-12,50.0
16,-12,110.16979731460532
16,-12,71.03067234990597
16,-12,254.4033868517403
17,-12,178.9789932277593
17,-12,50.0
17,-12,70.10682706591737
18,-12,66.88385832183445
18,-12,50.0
18,-12,203.80754377521572
19,-12,50.0
19,-12,50.0
19,-12,76.42717494484408
20,-12,82.93465065053346
20,-12,80.83073822484229
20,-12,50.0
20,-11,303.87371926404694
20,-11,50.0
20,-11,57.89439292748966
20,-10,50.0
20,-10,131.45908751336145
20,-10,50.94475358327338
20,-9,106.9073555031184
20,-9,114.99806735244668
20,-9,50.0
20,-8,50.0
20,-8,50.0
20,-8,59.43577792126532
20,-9,50.0
20,-9,255.9076100571191
20,-9,174.86977168409794
20,-8,238.6018663297749
20,-8,50.0
20,-8,50.0
20,-7,56.51454361375872
20,-7,50.0
20,-7,50.0
20,-6,50.0
20,-6,135.39706057490258
20,-6,69.26680487485457
20,-5,50.0
20,-5,50.0
20,-5,222.90478942659144
20,-4,50.0
20,-4,50.0
20,-4,50.0
20,-3,75.2980908852917
20,-3,210.13380402723797
20,-3,121.20567832804436
20,-4,50.0
20,-4,50.0
20,-4,50.0
19,-4,50.0
19,-4,50.0
19,-4,50.0
18,-4,242.71635800803918
18,-4,100.81661628913018
18,-4,50.0
17,-4,58.043056571141804
17,-4,51.771458503854866
17,-4,230.66521855450176
17,-3,115.6585736234887
17,-3,69.60443718579899
17,-3,50.0
17,-4,216.46155452449267
17,-4,104.98741211242404
17,-4,253.11185639355094
17,-3,50.0
17,-3,86.23040934081469
17,-3,268.71545093258
17,-2,50.0
17,-2,50.0
17,-2,126.74216481822697
17,-3,50.0
17,-3,123.62040626333044
17,-3,50.0
16,-3,83.75309261934596
16,-3,91.3624395620782
16,-3,50.0
16,-4,130.40598882803667
16,-4,50.0
16,-4,188.45755831130288
16,-3,138.67968826588194
16,-3,167.46245223989828
16,-3,50.0
16,-4,50.0
16,-4,139.5704361887204
16,-4,69.70361584279438
16,-3,125.62726220257576
16,-3,237.578878643136
16,-3,227.96526305061425
16,-2,86.81050881706439
16,-2,112.34588295136358
16,-2,323.8736209450305
16,-1,50.0
16,-1,78.15764556551287
16,-1,50.0
16,-2,149.95776991131393
16,-2,170.83196247217415
16,-2,126.84441244465597
16,-1,94.52981008592876
16,-1,154.89222450780477
16,-1,50.0
15,-1,50.0
15,-1,93.64507553505973
15,-1,374.3860137792126
15,0,172.31316489634008
15,0,50.0
15,0,274.0483070440029
15,1,210.54788502889537
15,1,361.12982207493457
15,1,50.0
15,2,50.0
15,2,50.0
15,2,137.33362171414444
15,3,213.4211659021131
15,3,406.88006609421274
15,3,198.7686355954566
15,4,83.24643307642756
15,4,129.8734264493231
15,4,183.26761658668804
15,3,487.2107612978175
15,3,50.0
15,3,50.0
14,3,128.9351474333422
14,3,90.65274991304774
14,3,320.03723964364207
14,2,424.34973187143606
14,2,124.34086687714695
14,2,101.33089752075811
13,2,106.09196957837177
13,2,144.6404625486866
13,2,189.66534386108805
13,3,197.7231630379219
13,3,171.0827821786746
13,3,281.3589505567512
14,3,89.21743330941268
14,3,139.93127165997052
14,3,196.26222967726233
14,4,54.73270432063353
14,4,125.69789565462509
14,4,105.73984789806485
14,5,86.40234402266546
14,5,50.0
14,5,115.20817726827622
14,6,91.5452655533763
14,6,227.85458752157797
14,6,186.20438623213704
13,6,103.81014947250091
13,6,193.86413655810105
13,6,219.21016651044187
13,7,63.28986704037969
13,7,50.0
13,7,446.23135452507796
12,7,130.91564413185193
12,7,154.52897839043652
12,7,131.08001549703744
12,6,112.04253486315687
12,6,238.17218828011653
12,6,214.20765468821526
12,7,290.50101845864396
12,7,206.5823633046606
12,7,315.8531081743617
12,8,211.08803818181315
12,8,217.76889744898597
12,8,243.0476345963535
12,9,183.64431656678732
12,9,202.06452285193382
12,9,60.9221403539707
11,9,116.25558141674314
11,9,202.68471348882377
11,9,149.8690010778319
11,10,221.68280536379066
11,10,50.0
11,10,92.87238767383184
11,11,112.22886443977401
11,11,249.13054904163835
11,11,116.757862358322
11,12,50.0
11,12,156.43522821006493
11,12,188.56402483463546
11,13,212.9859125213053
11,13,305.9332612241232
11,13,167.81993408841154
10,13,78.76358444793456
10,13,50.57223167963147
10,13,121.47286856717706
10,14,227.71717180723124
10,14,174.62649746204883
10,14,280.979086112363
10,15,50.0
10,15,50.0
10,15,113.79483710621358
9,15,158.3940593059358
9,15,126.5876942822186
9,15,82.20880773412712
8,15,50.0
8,15,130.4361676946103
8,15,102.3458552356853
8,16,50.0
8,16,50.0
8,16,185.15860447806278
7,16,84.44479323505553
7,16,50.0
7,16,109.51687800677493
6,16,197.48228752771007
6,16,100.11960862990196
6,16,237.96927491979525
5,16,50.0
5,16,155.50325495630508
5,16,347.66325169183204
4,16,163.05379766497535
4,16,50.0
4,16,183.08107876747783
3,16,105.1256418402875
3,16,103.66387023094862
3,16,135.18527987116005
2,16,50.0
2,16,182.43653165135905
2,16,92.85882743653818
1,16,180.14597702820333
1,16,257.575582801772
1,16,314.3061788525449
0,16,148.5828224610433
0,16,143.34522716848383
0,16,50.0
0,15,355.8930342933846
0,15,208.39364451223
0,15,284.68024182214526
-1,15,229.9043895739474
-1,15,50.0
-1,15,50.0
-1,14,61.41039753313382
-1,14,211.8068002055037
-1,14,190.5214383914252
-1,13,257.4488200078801
-1,13,89.05892668826277
-1,13,125.94668368642303
-2,13,286.71713094877214
-2,13,191.77699452432464
-2,13,204.76816433327488
-3,13,54.28694012612286
-3,13,50.0
-3,13,194.68479973642386
-3,12,79.00675935161826
-3,12,138.946484354579
-3,12,218.62989814445862
-4,12,194.5043363467204
-4,12,207.43064872417665
-4,12,318.05516824291607
-5,12,71.87981819344866
-5,12,185.83830479985988
-5,12,78.14311236905816
-5,11,331.34169867719106
-5,11,250.76825033547237
-5,11,118.02482896135746
-5,10,314.56970356431816
-5,10,356.01322504025075
-5,10,216.5406315311214
-5,11,212.0367227446587
-5,11,253.19861110494085
-5,11,162.19449440578066
-5,10,186.8819632264107
-5,10,252.442315268313
-5,10,203.40357046130305
-5,9,339.98649747570687
-5,9,293.0437332246805
-5,9,374.0529891901973
-5,8,496.7495777357589
-5,8,272.8908333549778
-5,8,190.12166731406202
-4,8,325.7788285902358
-4,8,223.5284791681525
-4,8,202.81817476300932
-5,8,127.67130685934453
-5,8,180.22047623318298
-5,8,224.766624298136
-5,7,375.86103880613774
-5,7,318.59198455760105
-5,7,52.6764435983541
-5,6,189.91403796377864
-5,6,337.53905819997055
-5,6,446.42185277078994
-5,7,142.01284303724316
-5,7,134.61778390328215
-5,7,345.05569404695757
-4,7,158.66718751372633
-4,7,258.7814535372153
-4,7,348.8435905544537
-4,6,347.0134007142212
-4,6,50.0
-4,6,227.07293014322002
-4,7,259.6875927486891
-4,7,191.68965190811758
-4,7,50.0
-5,7,199.63809894356814
-5,7,477.0320182824589
-5,7,50.0
-6,7,281.5836281049803
-6,7,479.63605303804195
-6,7,293.92479032048004
-6,6,255.82122362665388
-6,6,409.87614375120495
-6,6,429.4406300245587
-6,5,121.45786480872059
-6,5,476.950296787274
-6,5,348.3981201472453
-7,5,303.17291305411794
-7,5,253.01034980231657
-7,5,271.3175448814741
-7,6,243.1569833461225
-7,6,369.12900774475406
-7,6,50.0
-8,6,50.0
-8,6,165.2885701139734
-8,6,441.3190205731257
-8,5,227.36295944170715
-8,5,457.01145685234087
-8,5,181.96114334519118
-8,4,272.85154039970826
-8,4,54.64806312794778
-8,4,247.47956744187533
-8,3,336.65283560710736
-8,3,255.8037259435411
-8,3,341.1392444488911
-8,2,111.42586762190865
-8,2,211.22866929443376
-8,2,146.52636519162485
-9,2,181.26615651306815
-9,2,433.8054451076588
-9,2,338.56011515804283
-9,1,256.0258091259654
-9,1,154.85773040886778
-9,1,50.0
-9,0,72.86958470116898
-9,0,223.6514255618257
-9,0,360.22743959429494
-9,-1,249.81925209082902
-9,-1,169.4190889625752
-9,-1,292.3226628708596
-9,-2,389.87376820015487
-9,-2,125.19592759709457
-9,-2,494.7367063346643
-9,-3,411.3160344190158
-9,-3,124.8375770811557
-9,-3,50.0
-10,-3,263.9588167459908
-10,-3,315.63610399118136
-10,-3,332.2224035573575
-11,-3,203.58514042913677
-11,-3,194.96702123634003
-11,-3,170.65571160920624
-11,-4,113.78512841007594
-11,-4,330.66548912965
-11,-4,50.0
-12,-4,225.6108082431041
-12,-4,321.3450654460657
-12,-4,276.24656252289367
-12,-3,134.09472417550757
-12,-3,285.3069913178603
-12,-3,242.96588432165495
-12,-4,252.0740395179384
-12,-4,50.0
-12,-4,233.84804137780895
-12,-5,166.50229427609787
-12,-5,84.32582911728159
-12,-5,156.20560065879747
-12,-6,114.55032301124074
-12,-6,170.09563917892578
-12,-6,178.01030412716204
-12,-7,50.0
-12,-7,154.784825371493
-12,-7,122.00316785861952
-12,-8,50.0
-12,-8,125.58636062293537
-12,-8,65.78352617558966
-12,-9,54.601534210344795
-12,-9,64.85839960023571
-12,-9,157.5532796692429
-12,-10,50.0
-12,-10,119.15592602414026
-12,-10,124.53481021438772
-12,-11,50.0
-12,-11,136.8085583562765
-12,-11,128.30543350823086
-12,-12,141.4421836797555
-12,-12,73.93938795614146
-12,-12,50.0
-12,-13,261.930651594335
-12,-13,50.0
-12,-13,134.58193847040914
-13,-13,79.14517270063692
-13,-13,100.84103812660348
-13,-13,50.0
-13,-14,80.85535608806606
-13,-14,109.62208003427355
-13,-14,209.56829030277763
-14,-14,167.54480651044346
-14,-14,87.97236159788781
-14,-14,50.0
-14,-15,363.24857833094933
-14,-15,50.0
-14,-15,50.0
-14,-16,71.66399415804531
-14,-16,50.0
-14,-16,143.34020229128464
-15,-16,151.40713167469443
-15,-16,50.0
-15,-16,50.0
-15,-17,50.0
-15,-17,50.0
-15,-17,50.0
-15,-18,50.0
-15,-18,120.78811307504579
-15,-18,185.34912553073804
-15,-19,50.0
-15,-19,50.0
-15,-19,50.0
-15,-20,50.0
-15,-20,50.0
-15,-20,161.80220052939436
-16,-20,50.0
-16,-20,50.0
-16,-20,50.0
-16,-19,167.11015209363038
-16,-19,50.0
-16,-19,50.0
-16,-18,50.0
-16,-18,60.308124377713085
-16,-18,50.0
-15,-18,94.29123209091944
-15,-18,50.0
-15,-18,50.0
-16,-18,137.49379617747348
-16,-18,50.0
-16,-18,50.0
-17,-18,50.0
-17,-18,209.5077481791802
-17,-18,50.0
-16,-18,56.25177675215252
-16,-18,50.0
-16,-18,50.0
-16,-17,50.0
-16,-17,50.0
-16,-17,50.0
-17,-17,50.0
-17,-17,50.0
-17,-17,50.0
-17,-16,50.0
-17,-16,129.57518884452858
-17,-16,50.0
-16,-16,50.0
-16,-16,50.0
-16,-16,50.0
-16,-15,50.0
-16,-15,64.95876928550571
-16,-15,50.0
-15,-15,50.0
-15,-15,115.49562111922111
-15,-15,50.0
-15,-14,50.0
-15,-14,50.0
-15,-14,50.0
-15,-13,50.0
-15,-13,50.0
-15,-13,133.42995204912955
-15,-12,85.35685381871036
-15,-12,225.54135199040144
-15,-12,245.7998683968952
-15,-13,50.0
-15,-13,91.46054095934159
-15,-13,50.0
-14,-13,50.0
-14,-13,50.0
-14,-13,307.5667134013068
-14,-12,50.0
-14,-12,50.52638528178168
-14,-12,85.85256775322408
-14,-13,50.0
-14,-13,118.00971919320045
-14,-13,50.05780162157717
-14,-12,50.0
-14,-12,162.77613373427474
-14,-12,297.44676572005164
-13,-12,149.8922308173216
-13,-12,67.24336927447574
-13,-12,196.78507578501657
-13,-13,50.0
-13,-13,50.03070629574412
-13,-13,275.897051074324
-13,-12,84.8578844948911
-13,-12,50.0
-13,-12,160.50101808012164
-13,-11,143.95541874136217
-13,-11,138.1529315923932
