11,4,234.21014617043122
11,4,138.60325696538985
10,4,391.596828560361
10,4,187.150009933624
10,4,225.97351399188167
9,4,300.72178516413544
9,4,282.7684322352087
9,4,257.1394174268798
9,5,289.2963041396069
9,5,256.5551454309467
9,5,171.42660286595734
9,6,166.86818056300822
9,6,217.0796885007193
9,6,50.0
9,7,115.11771653447732
9,7,165.40477188525563
9,7,52.39220595527358
8,7,137.86302018891075
8,7,172.253259509582
8,7,108.70375493108968
8,8,200.33217915790348
8,8,399.04135643519254
8,8,50.0
7,8,50.0
7,8,201.24553152887887
7,8,280.09899952294785
8,8,338.4977896535805
8,8,251.51391032683478
8,8,437.87871467949026
8,7,213.67697998920593
8,7,333.3036262081659
8,7,142.28139316046276
8,6,452.6009639283534
8,6,315.70196355808037
8,6,242.93507815250643
8,5,282.3516535310767
8,5,268.1494192936836
8,5,211.83297883378617
9,5,523.1265767983474
9,5,164.50729341275343
9,5,226.02899559606263
9,4,186.85431825647697
9,4,160.86299644856086
9,4,103.14177117485501
10,4,203.205519523404
10,4,201.68277818160345
10,4,449.4000735396429
11,4,213.47506358485936
11,4,331.83200673674685
11,4,50.0
10,4,187.09984365463328
10,4,392.8621204788574
10,4,275.7328781648958
9,4,204.37596900012818
9,4,337.048477682656
9,4,124.32233491767492
8,4,131.8776390322449
8,4,279.4929142524934
8,4,120.44550704814496
8,3,162.4780303183166
8,3,288.3071110857641
8,3,93.81697254639843
8,2,327.1967357007316
8,2,409.136423100529
8,2,131.40106026197412
7,2,371.50522348532195
7,2,332.4728107700741
7,2,333.2878579070919
7,1,455.53329764380726
7,1,342.1630137713689
7,1,297.4058885793055
6,1,269.90458784070813
6,1,311.332127291071
6,1,192.73299242729973
6,0,316.88742647850614
6,0,173.10982917922854
6,0,338.8720012155592
6,-1,50.0
6,-1,379.7319563764863
6,-1,303.7605564016323
7,-1,174.1545303424032
7,-1,203.2011293055417
7,-1,360.14990815602556
7,0,278.26941260237345
7,0,230.5584094752452
7,0,187.45133437675108
6,0,357.10550515028666
6,0,276.65333387716936
6,0,288.05314487099463
5,0,330.36718663826804
5,0,74.30916113743578
5,0,140.3693315833828
5,-1,300.5148223782424
5,-1,142.84455607556652
5,-1,335.7622362004416
6,-1,83.25204711770496
6,-1,346.96445376010263
6,-1,296.26812701327714
6,-2,378.91290725833335
6,-2,290.89565739602784
6,-2,400.2988303029042
6,-1,378.4563475547094
6,-1,373.85365447595507
6,-1,174.72583748016382
5,-1,219.16816140594406
5,-1,383.7321730083114
5,-1,334.5239756247195
5,-2,159.35594517546502
5,-2,230.52574946390445
5,-2,297.8379313241449
4,-2,378.3534676819713
4,-2,421.5131668800317
4,-2,179.5883703847433
4,-3,273.308447950633
4,-3,326.2381429906052
4,-3,279.5973342964713
4,-4,474.02378688151737
4,-4,419.6728318412283
4,-4,257.42152383467834
4,-3,217.13033453588824
4,-3,247.3495559664742
4,-3,289.9350526466713
4,-4,236.19884759586625
4,-4,198.776505997151
4,-4,434.0861822088664
3,-4,359.6231137841562
3,-4,306.13373682249465
3,-4,209.49362652065426
2,-4,407.7256391214289
2,-4,416.34288682436056
2,-4,308.26962667140305
2,-3,164.38211760070385
2,-3,357.96187613403004
2,-3,289.85828297107827
1,-3,273.241220585182
1,-3,409.974434291178
1,-3,202.53247607639128
1,-4,424.25415396499494
1,-4,386.17688767333846
1,-4,285.816711508409
1,-5,447.29821564519546
1,-5,211.27496677431557
1,-5,328.2060683792126
1,-6,121.85896058111146
1,-6,410.49160184471737
1,-6,413.4636160864453
2,-6,105.91696093259972
2,-6,404.3662233651702
2,-6,406.10819023935846
2,-5,292.3847817358407
2,-5,423.88350493116724
2,-5,340.0721237527384
3,-5,261.6844520975984
3,-5,286.825827808424
3,-5,326.836389378587
3,-6,256.8525004851269
3,-6,239.84593000351455
3,-6,386.4068424235993
3,-7,162.66158111750238
3,-7,246.09964066211901
3,-7,248.64955563064962
3,-6,353.4689462521777
3,-6,184.81277412833492
3,-6,166.8863165337408
3,-7,192.36323933282733
3,-7,50.0
3,-7,50.0
3,-6,262.9755577132547
3,-6,268.2322007290693
3,-6,134.74651162329306
2,-6,197.3672695706038
2,-6,183.03202630573986
2,-6,102.39061123357743
1,-6,95.31842694653128
1,-6,442.5564344844381
1,-6,323.0502933393455
0,-6,553.4198326109222
0,-6,145.33326880329258
0,-6,297.3293296430303
-1,-6,215.4039181320657
-1,-6,395.0804812198521
-1,-6,252.69875212093874
-2,-6,429.8069823110094
-2,-6,139.36578774478357
-2,-6,245.896927467759
-2,-5,330.9074120026868
-2,-5,217.67147462344872
-2,-5,331.02562140241463
-2,-4,126.77209494505354
-2,-4,308.9257488342359
-2,-4,247.43486260420482
-2,-5,434.64103759778675
-2,-5,448.45490700015773
-2,-5,61.88321742635762
-3,-5,237.2900104178989
-3,-5,329.65965719222703
-3,-5,341.17742275775055
-3,-6,297.0792169978266
-3,-6,308.1966821940753
-3,-6,514.9811571565472
-4,-6,173.06153010836243
-4,-6,280.45632020366395
-4,-6,70.76297694783517
-4,-5,171.47621430898914
-4,-5,186.48187744817483
-4,-5,323.94764487638616
-4,-6,233.09195325717934
-4,-6,400.36846244387834
-4,-6,310.01006125080426
-4,-7,464.918716300052
-4,-7,100.90332176646984
-4,-7,171.45280962584894
-4,-8,193.3724852510487
-4,-8,208.2879451702147
-4,-8,261.98543614114675
-4,-7,174.67240671049177
-4,-7,452.52970114729925
-4,-7,191.5399675647271
-4,-8,106.80619312796492
-4,-8,50.0
-4,-8,461.93014264197814
-4,-9,50.0
-4,-9,456.62053315605374
-4,-9,258.6520329088226
-4,-10,151.1994918901704
-4,-10,333.55643856605536
-4,-10,219.71349624186817
-4,-11,171.44101592320152
-4,-11,217.28735273129803
-4,-11,277.5696037530143
-4,-12,117.3659224260262
-4,-12,100.57205337668823
-4,-12,50.0
-5,-12,181.05888955030832
-5,-12,184.83833051914428
-5,-12,50.0
-4,-12,50.0
-4,-12,198.99794128041037
-4,-12,174.90890036631248
-3,-12,185.28092534381094
-3,-12,113.98189469472406
-3,-12,287.6577279280598
-4,-12,327.10709383964786
-4,-12,285.8302553070627
-4,-12,204.7807226699841
-5,-12,319.28141815570746
-5,-12,161.8473853407374
-5,-12,363.3642206696994
-6,-12,210.36095783752864
-6,-12,199.47619534565132
-6,-12,317.44109078624035
-7,-12,348.9276767199477
-7,-12,95.76165150649794
-7,-12,346.14271379421484
-8,-12,336.57591598621167
-8,-12,305.83546433736456
-8,-12,156.36977348273558
-8,-11,50.0
-8,-11,164.4919005708898
-8,-11,317.6401485783969
-8,-12,277.39920502955965
-8,-12,130.6742212696264
-8,-12,50.0
-8,-11,50.0
-8,-11,468.862341642368
-8,-11,75.65895670400279
-8,-10,51.314821984704324
-8,-10,370.7062388162067
-8,-10,210.59651731830485
-9,-10,51.2636445123853
-9,-10,190.12638501817796
-9,-10,53.91817339285818
-9,-9,107.0959201859553
-9,-9,50.0
-9,-9,171.73343314428155
-10,-9,65.42260507090707
-10,-9,143.7876906623368
-10,-9,50.0
-10,-8,82.23858583636934
-10,-8,210.77916261208645
-10,-8,50.0
-11,-8,96.17800605073
-11,-8,73.83546773264766
-11,-8,50.0
-12,-8,50.0
-12,-8,203.64281214239875
-12,-8,54.699491581168616
-12,-7,50.0
-12,-7,132.8793389093733
-12,-7,154.01210087385834
-13,-7,153.9008697304229
-13,-7,388.7547223389915
-13,-7,342.1289525342144
-12,-7,76.34112528004208
-12,-7,57.838064584012926
-12,-7,135.15809510392734
-12,-8,175.28209972688342
-12,-8,181.22863515468376
-12,-8,167.2160441769708
-12,-9,179.27545147871655
-12,-9,196.6240639584643
-12,-9,96.05221220549674
-11,-9,354.09953150668116
-11,-9,171.7755191822613
-11,-9,283.1646342771562
-11,-8,50.0
-11,-8,264.37623206674687
-11,-8,123.49007370760057
-10,-8,63.04221909458657
-10,-8,87.58567532421185
-10,-8,129.1369340136715
-10,-7,50.0
-10,-7,418.77488790246275
-10,-7,212.22032521188544
-9,-7,50.0
-9,-7,198.9830350352767
-9,-7,78.78591321915938
-9,-6,226.51485137174174
-9,-6,117.80896143574245
-9,-6,193.14099987257
-9,-5,345.62040897316456
-9,-5,161.04071074482596
-9,-5,243.9655414573844
-9,-4,307.9706646462215
-9,-4,67.33410022777275
-9,-4,437.8345519309318
-8,-4,67.44508117368281
-8,-4,421.5942773930092
-8,-4,303.2583479739113
-8,-5,50.0
-8,-5,242.23757570204327
-8,-5,444.5669534872658
-8,-6,172.11428103554175
-8,-6,134.34430764581654
-8,-6,210.3811031592067
-8,-7,240.0450955699548
-8,-7,406.8932139404867
-8,-7,295.72696529774527
-8,-6,387.1516271530637
-8,-6,118.68253444622304
-8,-6,252.94914771710546
-8,-5,50.0
-8,-5,141.47636300632382
-8,-5,173.7429077803273
-8,-4,520.1876746482274
-8,-4,273.0685751488393
-8,-4,109.41762627491225
-8,-3,50.0
-8,-3,245.9959774765096
-8,-3,389.0681534006356
-8,-2,300.4968250445887
-8,-2,135.5596253094705
-8,-2,97.34127039612358
-8,-1,250.2754208205297
-8,-1,320.46946298349025
-8,-1,305.1398084367166
-8,0,506.6110818753209
-8,0,86.20867101958913
-8,0,374.91285736510326
-7,0,126.2535244706697
-7,0,144.30644322256634
-7,0,225.44612495808428
-6,0,275.23510366946886
-6,0,213.6606958283875
-6,0,134.71839544945294
-5,0,149.63184963782683
-5,0,286.33780614959164
-5,0,311.0094595917183
-4,0,392.268163373179
-4,0,361.9164258985081
-4,0,239.2977449944951
-3,0,245.68026347592024
-3,0,514.3373275445397
-3,0,269.3850382691038
-2,0,391.59812949192894
-2,0,322.71811807353157
-2,0,453.1267578121868
-2,-1,267.5058788309701
-2,-1,487.17334268013906
-2,-1,358.9293958870055
-2,-2,408.61890220266963
-2,-2,490.289646709363
-2,-2,391.1345023380517
-1,-2,50.0
-1,-2,221.7914727109898
-1,-2,338.7871877734791
0,-2,403.2830626332539
0,-2,202.42697000688838
0,-2,424.07277487114527
1,-2,466.64568957716693
1,-2,357.90941579098325
1,-2,464.791076445105
2,-2,155.63944762745595
2,-2,334.55227561857373
2,-2,161.60051524521026
2,-3,425.93304458125635
2,-3,345.9489396710881
2,-3,123.26377977956855
3,-3,524.1195513012054
3,-3,252.10472473364487
3,-3,505.9949813726014
4,-3,641.4499645360407
4,-3,337.994609283659
4,-3,312.4627402214472
5,-3,313.3438304535356
5,-3,305.2401809225896
5,-3,310.9224427155748
6,-3,316.86232560072733
6,-3,178.40614769126626
6,-3,113.63830834074287
7,-3,370.80198105036914
7,-3,284.30047983655965
7,-3,241.93548177967887
6,-3,123.63070454078553
6,-3,168.34551161935525
6,-3,315.5741918968634
6,-4,536.8098087762799
6,-4,247.0162866576041
6,-4,245.49684489573747
6,-5,50.0
6,-5,371.7893957853915
6,-5,168.14000203994772
5,-5,226.42465856575913
5,-5,427.2449048981449
5,-5,369.955548839809
6,-5,228.9600925890643
6,-5,223.71501499026687
6,-5,144.67012684447326
5,-5,314.274249423822
5,-5,207.19166071243893
5,-5,223.92301813558697
5,-4,468.39988799575383
5,-4,557.3798544870191
5,-4,372.1500190467301
5,-5,158.45625029082282
5,-5,160.29476526621036
5,-5,246.08512650580386
5,-6,230.02829181640163
5,-6,50.0
5,-6,290.72021710868876
6,-6,425.35626134562756
6,-6,457.77207655324844
6,-6,267.41415258261856
6,-7,377.53429812451986
6,-7,329.64846696966725
6,-7,225.30490306877388
6,-6,274.86197108614783
6,-6,209.8334204818786
6,-6,175.88994376865597
7,-6,84.60980224676788
7,-6,243.47273609803852
7,-6,54.555548687056756
7,-7,321.6853283385169
7,-7,302.6771966891377
7,-7,144.5836278215457
7,-8,255.17198865540482
7,-8,254.83897228116706
7,-8,351.0814685079773
6,-8,310.471280792524
6,-8,248.98176129890712
6,-8,153.57281110509166
7,-8,66.12567073981845
7,-8,186.57894454558527
7,-8,50.0
7,-9,50.40728342347302
7,-9,161.57640000929928
7,-9,232.26524837065205
8,-9,153.2278503485453
8,-9,150.7966131351436
8,-9,343.5694773511728
9,-9,50.0
9,-9,185.21866858716453
9,-9,344.3379935740585
10,-9,200.39541142454445
10,-9,68.09259652358703
10,-9,441.1532959512202
9,-9,50.0
9,-9,85.49556238039354
9,-9,182.18649711137698
9,-10,218.27482291457818
9,-10,50.0
9,-10,236.8506774984035
10,-10,143.03122255195134
10,-10,89.31905800475188
10,-10,358.10497460988427
11,-10,84.77491323979896
11,-10,391.9508766316522
11,-10,233.65320951568316
12,-10,50.0
12,-10,191.21434754421114
12,-10,273.0256731971127
12,-11,50.0
12,-11,113.043009711141
12,-11,190.99382879250598
13,-11,50.0
13,-11,222.36669431506454
13,-11,50.0
13,-12,50.0
13,-12,50.0
13,-12,216.74887382640964
14,-12,206.53573072047868
14,-12,50.0
14,-12,112.59899028982494
15,-12,143.97172964388625
15,-12,136.6228508562634
15,-12,50.0
16,-12,242.2759234520792
16,-12,50.86351927576191
16,-12,143.79777599951677
17,-12,135.28063253011408
17,-12,106.15672495499457
17,-12,59.867895131244346
18,-12,50.0
18,-12,129.38008635261502
18,-12,118.89838535960412
19,-12,316.2659723163885
19,-12,50.0
19,-12,50.0
20,-12,50.0
20,-12,107.38256861099137
20,-12,50.0
20,-11,50.0
20,-11,73.57326530114926
20,-11,50.0
20,-10,158.62754083863024
20,-10,50.0
20,-10,50.0
20,-9,50.0
20,-9,92.68182561202444
20,-9,50.0
20,-8,50.0
20,-8,141.0341151317068
20,-8,202.18827030200035
20,-9,50.0
20,-9,68.61957508449558
20,-9,58.895801244819204
20,-8,50.0
20,-8,95.68415141180986
20,-8,50.0
20,-7,50.0
20,-7,78.11341147792551
20,-7,108.62292741723469
20,-6,50.0
20,-6,50.0
20,-6,124.24131178451024
20,-5,309.1289888516627
20,-5,50.0
20,-5,50.0
20,-4,58.520495455540484
20,-4,144.72891088376508
20,-4,50.0
20,-3,50.0
20,-3,156.28759229278614
20,-3,50.0
20,-4,50.0
20,-4,110.22998428243238
20,-4,88.7098723399788
19,-4,50.0
19,-4,50.0
19,-4,50.0
18,-4,50.0
18,-4,50.0
18,-4,50.0
17,-4,80.23823582602026
17,-4,143.88762692338508
17,-4,152.59589493708714
17,-3,50.0
17,-3,135.63839386915785
17,-3,50.0
17,-4,108.01362271595929
17,-4,157.75379590408278
17,-4,93.56937030483223
17,-3,50.0
17,-3,177.84722234366603
17,-3,50.0
17,-2,50.0
17,-2,50.0
17,-2,144.70902082100665
17,-3,56.60898037529654
17,-3,50.0
17,-3,123.03800235696305
16,-3,261.55458251659115
16,-3,318.9159783757166
16,-3,59.81613573321174
16,-4,50.0
16,-4,105.57659137349972
16,-4,50.0
16,-3,195.18479337426703
16,-3,50.0
16,-3,159.29251221094597
16,-4,72.31546117922363
16,-4,71.14810853858256
16,-4,50.0
16,-3,50.0
16,-3,118.68729797268533
16,-3,50.0
16,-2,286.7003804678336
16,-2,180.38669082382268
16,-2,50.0
16,-1,50.0
16,-1,120.80673081522878
16,-1,90.73182764252329
16,-2,50.0
16,-2,129.67496571225746
16,-2,67.29551961481216
16,-1,303.1911963182192
16,-1,355.3108703914611
16,-1,198.27024735795777
15,-1,202.07960412727178
15,-1,74.24760228004175
15,-1,56.868193532535955
15,0,96.55191650088804
15,0,107.09934765566452
15,0,71.78644091338685
15,1,51.518414920349755
15,1,100.9015421721053
15,1,116.25199262165974
15,2,189.2133975737209
15,2,50.0
15,2,50.0
15,3,340.63243815202645
15,3,104.5185319740105
15,3,50.0
15,4,125.17772403595819
15,4,188.7865423629096
15,4,182.62255021843444
15,3,92.38391112749169
15,3,172.3956973944111
15,3,234.16455986806022
14,3,161.58296900370394
14,3,315.70278502025394
14,3,211.2434728310122
14,2,237.78190921266307
14,2,50.0
14,2,164.5022623605925
13,2,50.0
13,2,50.0
13,2,266.8995919390985
13,3,122.8705550637619
13,3,347.6275637002419
13,3,148.3682260551124
14,3,262.6417943668346
14,3,229.11299196339857
14,3,107.1151312149459
14,4,113.72791143920509
14,4,101.21516878899983
14,4,50.0
14,5,75.6146333908373
14,5,187.1814224682072
14,5,57.12100862259095
14,6,81.96044923336521
14,6,121.01865528432981
14,6,238.6311728981081
13,6,136.4246063316681
13,6,50.0
13,6,50.0
13,7,377.9897172551922
13,7,50.0
13,7,50.0
12,7,50.0
12,7,91.33181471057921
12,7,271.2043093974765
12,6,338.95618451324845
12,6,50.0
12,6,225.92157472839853
12,7,316.7649114199016
12,7,238.33498721211762
12,7,106.18612626825904
12,8,303.24121673513173
12,8,50.0
12,8,50.0
12,9,247.93238996317862
12,9,101.2786923678412
12,9,219.60995657279187
11,9,234.24872279945944
11,9,138.22942995922708
11,9,293.0997542250256
11,10,50.0
11,10,249.39195807530487
11,10,274.67741309660323
11,11,50.0
11,11,156.11906593764897
11,11,108.68128216761215
11,12,53.82427933373515
11,12,50.0
11,12,197.17406428561213
11,13,89.1799599081638
11,13,50.0
11,13,50.0
10,13,202.32319512670915
10,13,219.92652721936457
10,13,80.38035545191732
10,14,141.04678692834847
10,14,167.97290589107305
10,14,69.3877205399601
10,15,50.0
10,15,110.66177752450695
10,15,94.1583351618335
9,15,68.04195806262331
9,15,50.0
9,15,50.0
8,15,61.65935795316802
8,15,107.21272937385118
8,15,131.86377986679486
8,16,99.1079441580702
8,16,55.12136743326991
8,16,221.95632038608755
7,16,255.39667968792122
7,16,206.59036188637774
7,16,50.0
6,16,119.56145225632375
6,16,144.51817735978642
6,16,118.11653263936962
5,16,360.24315042665023
5,16,214.9201680319673
5,16,132.89889531144118
4,16,145.94225060791925
4,16,50.0
4,16,140.722496082825
3,16,143.86574479751778
3,16,227.56379901004308
3,16,217.6346936329975
2,16,139.6165623413335
2,16,102.65815088860577
2,16,210.47489855257575
1,16,101.08340168064079
1,16,194.1162560770739
1,16,252.88257210256876
0,16,50.0
0,16,57.53651293083904
0,16,329.67508071479006
0,15,178.44101318818386
0,15,98.7811070760872
0,15,61.95950400109258
-1,15,95.28326628840979
-1,15,162.3847362469907
-1,15,215.8431546936443
-1,14,271.74000084680677
-1,14,190.46122834894732
-1,14,129.0795145527416
-1,13,181.0786217875575
-1,13,326.54676830438854
-1,13,284.8301041928315
-2,13,151.37439912358923
-2,13,50.0
-2,13,169.8247059607694
-3,13,219.26434187046908
-3,13,95.25844477393713
-3,13,261.7605583808255
-3,12,292.15523178408523
-3,12,173.21616461701876
-3,12,283.81439739045584
-4,12,50.0
-4,12,243.78082534576748
-4,12,85.81802757958197
-5,12,158.41593628018475
-5,12,193.3131186990425
-5,12,50.0
-5,11,142.39474922456088
-5,11,292.642003865071
-5,11,157.97948015978733
-5,10,158.21671981561002
-5,10,50.0
-5,10,143.98398288364766
-5,11,89.20705275779638
-5,11,274.2817305249423
-5,11,65.32898223078766
-5,10,104.14173437750298
-5,10,69.87147032598595
-5,10,106.35030443815431
-5,9,184.420997253826
-5,9,270.9763581502707
-5,9,81.78735508829416
-5,8,312.02835549186045
-5,8,235.07617530354372
-5,8,152.38021017648856
-4,8,316.8939399155115
-4,8,335.75532646084474
-4,8,315.58818890103703
-5,8,341.46952174907585
-5,8,198.99761056586016
-5,8,70.44482557417516
-5,7,327.25264978361713
-5,7,182.2281715853511
-5,7,143.56431051635423
-5,6,242.29197704502454
-5,6,207.13882477300587
-5,6,117.34329008545342
-5,7,144.31959907271116
-5,7,231.23008993955585
-5,7,333.69707575493453
-4,7,331.17251276142156
-4,7,276.82005477588257
-4,7,379.0586550987091
-4,6,292.3466613134511
-4,6,302.12202125014704
-4,6,159.264220930799
-4,7,288.2126448316685
-4,7,96.01684408526995
-4,7,319.1803357252483
-5,7,433.9837652010144
-5,7,282.4866589481005
-5,7,221.12046664120047
-6,7,238.1951123618405
-6,7,355.80116800416874
-6,7,226.6144388472699
-6,6,171.87546182370772
-6,6,184.4437500246274
-6,6,372.5493118889521
-6,5,90.66720787025064
-6,5,257.4049094765932
-6,5,482.84574655931647
-7,5,216.97548313181795
-7,5,161.63662601783756
-7,5,234.1420933898818
-7,6,224.00385395660305
-7,6,176.17893517010558
-7,6,186.2118580739181
-8,6,437.22949019540675
-8,6,277.6844247033698
-8,6,224.8218053356483
-8,5,324.02746196142596
-8,5,139.3634165669002
-8,5,50.0
-8,4,178.37449309446788
-8,4,186.42614492161985
-8,4,362.03135664185425
-8,3,376.07311438085856
-8,3,210.95849509391027
-8,3,337.64063461694525
-8,2,240.3511734734995
-8,2,354.01500014049157
-8,2,161.50904290762725
-9,2,122.16951023499556
-9,2,272.9198479202472
-9,2,301.8613478124728
-9,1,190.73684253507682
-9,1,435.7348033980778
-9,1,284.8626455480593
-9,0,332.8650728273537
-9,0,143.61195474336765
-9,0,50.0
-9,-1,345.77140051448515
-9,-1,251.23610737328733
-9,-1,364.20715425239916
-9,-2,64.66674638465514
-9,-2,397.88571159629214
-9,-2,211.43778482328923
-9,-3,274.59953464555826
-9,-3,50.0
-9,-3,242.10196657371077
-10,-3,117.73638024583317
-10,-3,389.24954857598595
-10,-3,265.47079987543685
-11,-3,332.11865275803194
-11,-3,99.0028638003351
-11,-3,341.1223792122447
-11,-4,233.78596034016505
-11,-4,343.8363838417601
-11,-4,102.38121621024824
-12,-4,226.53807338774817
-12,-4,50.0
-12,-4,118.0080469424324
-12,-3,336.8077030731955
-12,-3,380.2488006093067
-12,-3,188.4945413411996
-12,-4,194.25100498009326
-12,-4,317.24225306849576
-12,-4,354.84031863756184
-12,-5,260.8857898827708
-12,-5,385.0023505436794
-12,-5,70.58316684636749
-12,-6,50.0
-12,-6,229.7544888310222
-12,-6,182.43001559936747
-12,-7,118.98495220352149
-12,-7,50.0
-12,-7,256.2953771872102
-12,-8,50.0
-12,-8,65.72826316941243
-12,-8,208.49670606071004
-12,-9,79.87026261015484
-12,-9,50.0
-12,-9,50.0
-12,-10,385.9057910207285
-12,-10,153.17585247586385
-12,-10,51.932092214158004
-12,-11,102.98586468421153
-12,-11,50.0
-12,-11,213.31165749673028
-12,-12,50.0
-12,-12,190.93165420954864
-12,-12,50.0
-12,-13,184.06519825748174
-12,-13,317.9945193939635
-12,-13,264.07221602506195
-13,-13,115.88520827795185
-13,-13,326.115319613151
-13,-13,110.65160338593975
-13,-14,139.1318127710704
-13,-14,81.76329429970662
-13,-14,50.0
-14,-14,65.59451434359191
-14,-14,50.0
-14,-14,172.74325575039344
-14,-15,50.0
-14,-15,50.0
-14,-15,50.0
-14,-16,50.0
-14,-16,233.28215164551193
-14,-16,52.81433466933743
-15,-16,50.0
-15,-16,99.42240530426763
-15,-16,50.0
-15,-17,121.73516661758477
-15,-17,50.0
-15,-17,50.0
-15,-18,50.0
-15,-18,50.0
-15,-18,50.0
-15,-19,50.0
-15,-19,50.0
-15,-19,50.0
-15,-20,114.22380606245798
-15,-20,50.0
-15,-20,50.0
-16,-20,50.0
-16,-20,90.37926187464936
-16,-20,50.0
-16,-19,50.0
-16,-19,150.96053776119976
-16,-19,50.0
-16,-18,50.0
-16,-18,50.0
-16,-18,50.0
-15,-18,50.0
-15,-18,81.89119378347556
-15,-18,50.0
-16,-18,65.22360436269012
-16,-18,149.948947871821
-16,-18,50.0
-17,-18,50.0
-17,-18,169.84441846708788
-17,-18,50.0
-16,-18,185.23017538505593
-16,-18,75.01980264649616
-16,-18,190.0386663833762
-16,-17,50.0
-16,-17,50.0
-16,-17,50.0
-17,-17,50.0
-17,-17,69.45532916775358
-17,-17,50.0
-17,-16,50.0
-17,-16,50.0
-17,-16,50.0
-16,-16,50.0
-16,-16,50.0
-16,-16,50.0
-16,-15,50.0
-16,-15,141.45098713473666
-16,-15,50.0
-15,-15,274.331421494565
-15,-15,50.0
-15,-15,50.0
-15,-14,50.0
-15,-14,50.0
-15,-14,50.0
-15,-13,50.0
-15,-13,50.0
-15,-13,115.10787415672365
-15,-12,162.34510960430072
-15,-12,361.2189425506227
-15,-12,50.0
-15,-13,84.96231536109126
-15,-13,50.0
-15,-13,356.19325371967693
-14,-13,50.0
-14,-13,50.0
-14,-13,102.93369724715495
-14,-12,154.11280153357444
-14,-12,60.76546202057425
-14,-12,212.95832414078671
-14,-13,50.0
-14,-13,100.33306814941271
-14,-13,121.12135735063276
-14,-12,50.0
-14,-12,127.71082251267445
-14,-12,70.97705021214539
-13,-12,155.81523262103423
-13,-12,50.0
-13,-12,130.84677664195704
-13,-13,50.0
-13,-13,50.0
-13,-13,61.90379911452263
-13,-12,50.0
-13,-12,50.0
-13,-12,50.0
-13,-11,92.02251078895713
-13,-11,232.79892957494883
