11,4,151.0288679706432
10,4,142.23951641581093
10,4,100.0
9,4,100.0
9,4,378.21669312972483
9,5,299.4965342455898
9,5,620.6505515514302
9,6,185.8346513576751
9,6,100.0
9,7,100.0
9,7,705.1363988181902
8,7,100.0
8,7,159.58654484266347
8,8,159.6832404279811
8,8,225.53961438283454
7,8,184.15854260466736
7,8,198.66617851470474
8,8,200.56727935572525
8,8,100.0
8,7,100.0
8,7,603.5437987697742
8,6,100.0
8,6,430.98434932493655
8,5,559.1392437372465
8,5,214.35623965948506
9,5,552.4191242605777
9,5,207.73953482934397
9,4,643.1143426698508
9,4,644.019146078662
10,4,158.85164964601796
10,4,467.1134244827382
11,4,431.5530496752073
11,4,111.16423171540083
10,4,486.9940872435145
10,4,100.0
9,4,401.39152040374057
9,4,767.8026118805722
8,4,100.0
8,4,167.4424948286146
8,3,691.5966713664636
8,3,519.733448854015
8,2,586.9457245223329
8,2,569.7152907842658
7,2,345.4290886656164
7,2,100.0
7,1,449.74263765794933
7,1,103.0429640220326
6,1,638.5312559521581
6,1,321.39884096435907
6,0,100.0
6,0,100.0
6,-1,351.8554414672241
6,-1,595.2664879407565
7,-1,332.85473314964224
7,-1,100.0
7,0,380.2227218377037
7,0,150.62436429457534
6,0,100.0
6,0,206.8557983867534
5,0,840.7292315775933
5,0,129.58073294109377
5,-1,747.5722702862627
5,-1,385.9295860050693
6,-1,580.3718591953857
6,-1,377.92668792866885
6,-2,376.20046314046084
6,-2,100.0
6,-1,234.02834282137354
6,-1,193.879216593914
5,-1,100.0
5,-1,100.0
5,-2,627.1315723557343
5,-2,388.8635768999877
4,-2,1234.886784051654
4,-2,158.01099558022162
4,-3,407.16159934002565
4,-3,100.0
4,-4,569.7522680177003
4,-4,312.7649874756508
4,-3,317.8158282899136
4,-3,195.59909551338401
4,-4,238.77031604328383
4,-4,357.7360075822994
3,-4,211.5760080406692
3,-4,416.3458211074872
2,-4,172.76007964688128
2,-4,364.74047486146696
2,-3,487.3750275332609
2,-3,408.87789654656956
1,-3,580.7766617579067
1,-3,287.0710755313803
1,-4,211.95575950775503
1,-4,163.79410737210495
1,-5,542.7663019275276
1,-5,270.96374077112597
1,-6,213.49751143388758
1,-6,324.49990588806253
2,-6,502.4144034024001
2,-6,266.05941542145115
2,-5,271.5302782740377
2,-5,398.20186661665787
3,-5,442.0498914904329
3,-5,100.0
3,-6,349.9463824727041
3,-6,274.3995557494673
3,-7,196.54125631736923
3,-7,472.9949461371011
3,-6,139.59054162986732
3,-6,327.19904739978875
3,-7,371.9161279760471
3,-7,453.4222417745513
3,-6,603.8484241716621
3,-6,429.7268003477353
2,-6,549.5106375182118
2,-6,261.680159001152
1,-6,100.0
1,-6,561.1452129882333
0,-6,351.30569008333373
0,-6,100.0
-1,-6,450.9170258149744
-1,-6,119.14761278003195
-2,-6,846.6434229020394
-2,-6,441.41202046643247
-2,-5,334.8602392182976
-2,-5,173.91094349889823
-2,-4,264.20271360439773
-2,-4,418.4227681191401
-2,-5,100.0
-2,-5,511.32049422117234
-3,-5,745.9949831546376
-3,-5,460.38569154662
-3,-6,696.3966328835454
-3,-6,125.19167638319033
-4,-6,476.5299708678242
-4,-6,224.64861100632288
-4,-5,115.44467782463963
-4,-5,100.0
-4,-6,481.185739982989
-4,-6,409.07550674967814
-4,-7,229.86684335687914
-4,-7,148.5034370708012
-4,-8,622.642225752706
-4,-8,539.7592546953224
-4,-7,100.0
-4,-7,348.1853719591014
-4,-8,100.0
-4,-8,280.1534117447226
-4,-9,100.0
-4,-9,100.0
-4,-10,354.7894587163275
-4,-10,615.0991480859074
-4,-11,100.0
-4,-11,100.0
-4,-12,100.0
-4,-12,209.3528508419992
-5,-12,100.0
-5,-12,226.77071516753625
-4,-12,100.0
-4,-12,468.2886181262181
-3,-12,311.54105402903946
-3,-12,439.35621581558024
-4,-12,364.49256539263945
-4,-12,772.7186602813539
-5,-12,152.09495691112969
-5,-12,490.3380074559584
-6,-12,239.32417830199046
-6,-12,100.0
-7,-12,100.0
-7,-12,100.0
-8,-12,358.4081080765696
-8,-12,100.0
-8,-11,100.0
-8,-11,348.0936762514166
-8,-12,276.7592967659448
-8,-12,100.0
-8,-11,100.0
-8,-11,100.0
-8,-10,223.18382047335936
-8,-10,344.89406631486764
-9,-10,100.0
-9,-10,639.4314896796061
-9,-9,300.72230184336524
-9,-9,100.0
-10,-9,141.6325726539659
-10,-9,100.0
-10,-8,256.2084802315106
-10,-8,461.699950113578
-11,-8,369.4955582900585
-11,-8,100.0
-12,-8,567.8902570976234
-12,-8,160.78199322501143
-12,-7,126.27488949441842
-12,-7,215.07215609753837
-13,-7,335.4806611472024
-13,-7,486.36772409681566
-12,-7,212.93187467648647
-12,-7,100.0
-12,-8,100.0
-12,-8,330.05137959624244
-12,-9,100.0
-12,-9,100.0
-11,-9,175.95245101464766
-11,-9,199.37715450626442
-11,-8,291.2097275621349
-11,-8,228.1580691615488
-10,-8,100.0
-10,-8,145.52196721041102
-10,-7,436.691852529625
-10,-7,100.0
-9,-7,100.0
-9,-7,115.80391449506034
-9,-6,100.8612266460583
-9,-6,193.20940449769247
-9,-5,100.0
-9,-5,444.5914787122964
-9,-4,180.73950469565523
-9,-4,100.0
-8,-4,379.93474434794666
-8,-4,353.4266502560409
-8,-5,377.5466068421109
-8,-5,588.8868968456894
-8,-6,182.285120852136
-8,-6,100.0
-8,-7,109.29137090456103
-8,-7,100.0
-8,-6,245.0224655815248
-8,-6,100.0
-8,-5,100.0
-8,-5,100.0
-8,-4,680.6447366407697
-8,-4,570.5496220270692
-8,-3,315.32871284310875
-8,-3,754.2847255070046
-8,-2,124.33499973391196
-8,-2,284.2534966355348
-8,-1,282.8287913761371
-8,-1,300.32470740163245
-8,0,524.0919306880776
-8,0,461.38715140865736
-7,0,170.2918172591643
-7,0,273.5573925098102
-6,0,594.302266847958
-6,0,382.8821552024349
-5,0,455.75342718374515
-5,0,100.0
-4,0,200.42126475911064
-4,0,341.6523344950929
-3,0,284.22163234605074
-3,0,217.57653443606773
-2,0,277.0279577204666
-2,0,305.68047376998584
-2,-1,551.3231225180738
-2,-1,256.98093653217666
-2,-2,404.63048448410854
-2,-2,461.63043922702764
-1,-2,294.60081228342085
-1,-2,850.2500707070781
0,-2,680.9313238218441
0,-2,578.308251138801
1,-2,159.89114604772521
1,-2,789.2034161915253
2,-2,735.6607313436384
2,-2,572.8909150356293
2,-3,100.0
2,-3,494.05580995274806
3,-3,464.87474903625514
3,-3,513.7398389641205
4,-3,587.1531951447437
4,-3,641.7425756221342
5,-3,161.79460854646473
5,-3,100.0
6,-3,220.27742068124633
6,-3,878.2372875650033
7,-3,330.7824934256614
7,-3,610.888568033616
6,-3,113.27145009433954
6,-3,595.1460833349823
6,-4,815.583817539246
6,-4,741.5221420111226
6,-5,227.3900834116496
6,-5,223.38543864881018
5,-5,436.49268275009666
5,-5,554.0342505955097
6,-5,429.6166887671068
6,-5,287.26838204413207
5,-5,226.20172876937514
5,-5,100.0
5,-4,413.1604067612179
5,-4,478.32303077859206
5,-5,424.67052810325106
5,-5,780.8884405362306
5,-6,315.4019354226187
5,-6,475.86585393228876
6,-6,302.4867643119484
6,-6,451.4541536504547
6,-7,216.74623927678329
6,-7,385.2972661054438
6,-6,100.0
6,-6,123.64080754978477
7,-6,574.0785255129904
7,-6,440.14715176986954
7,-7,100.0
7,-7,420.50679776435874
7,-8,246.32989921941854
7,-8,100.0
6,-8,100.0
6,-8,100.0
7,-8,471.75458658336805
7,-8,100.0
7,-9,100.0
7,-9,282.7325477167294
8,-9,124.11183139682967
8,-9,425.7765169917244
9,-9,100.0
9,-9,302.09863821259404
10,-9,440.586350065115
10,-9,322.73157969509236
9,-9,500.73958485292144
9,-9,100.0
9,-10,100.0
9,-10,100.0
10,-10,124.6146715733498
10,-10,547.3809106897993
11,-10,100.0
11,-10,100.0
12,-10,100.0
12,-10,354.15465184110633
12,-11,100.0
12,-11,231.356444998315
13,-11,100.0
13,-11,100.0
13,-12,100.0
13,-12,100.0
14,-12,100.0
14,-12,246.393212818319
15,-12,100.0
15,-12,100.0
16,-12,100.0
16,-12,100.0
17,-12,100.0
17,-12,100.0
18,-12,100.0
18,-12,100.0
19,-12,100.0
19,-12,100.0
20,-12,100.0
20,-12,100.0
20,-11,100.0
20,-11,100.0
20,-10,100.0
20,-10,100.0
20,-9,115.29179679759483
20,-9,100.0
20,-8,100.0
20,-8,214.83650210032732
20,-9,100.0
20,-9,100.0
20,-8,100.0
20,-8,100.0
20,-7,100.0
20,-7,100.0
20,-6,614.0559536897732
20,-6,161.69852336868752
20,-5,100.0
20,-5,156.59421400959252
20,-4,100.0
20,-4,100.0
20,-3,183.52123711917068
20,-3,132.58471859522032
20,-4,104.370597335288
20,-4,100.0
19,-4,100.0
19,-4,181.45332522063848
18,-4,501.41078044796666
18,-4,190.83208255508845
17,-4,100.0
17,-4,173.41631670847516
17,-3,100.0
17,-3,100.0
17,-4,187.0998482555486
17,-4,100.0
17,-3,232.9389548284855
17,-3,100.0
17,-2,100.0
17,-2,100.0
17,-3,100.0
17,-3,100.0
16,-3,100.0
16,-3,100.0
16,-4,365.4535403714919
16,-4,100.0
16,-3,100.0
16,-3,100.0
16,-4,100.0
16,-4,139.3400992741882
16,-3,100.0
16,-3,100.0
16,-2,100.0
16,-2,129.35758167131166
16,-1,100.0
16,-1,178.5882139875975
16,-2,100.0
16,-2,100.0
16,-1,100.0
16,-1,271.95327352567983
15,-1,140.0132787309262
15,-1,133.12977212583047
15,0,310.6228900297555
15,0,100.0
15,1,100.0
15,1,171.33742657843243
15,2,100.0
15,2,100.0
15,3,199.17643147825262
15,3,229.24859387773193
15,4,100.0
15,4,100.0
15,3,224.51904182093472
15,3,100.0
14,3,100.0
14,3,100.0
14,2,158.8241865893787
14,2,100.0
13,2,100.0
13,2,100.0
13,3,115.22407286001285
13,3,273.27868648073627
14,3,176.94779455816905
14,3,125.81607024844345
14,4,458.33316274117186
14,4,100.0
14,5,161.76921996404724
14,5,100.0
14,6,100.0
14,6,100.0
13,6,159.23299039582975
13,6,100.0
13,7,212.36375937848123
13,7,100.0
12,7,373.4919486027014
12,7,100.0
12,6,100.0
12,6,136.1165269187204
12,7,100.0
12,7,189.06177590943582
12,8,483.6925226224559
12,8,157.72247382990247
12,9,100.0
12,9,101.61124352408748
11,9,104.52711532540408
11,9,100.0
11,10,100.0
11,10,100.0
11,11,100.0
11,11,230.80710714261613
11,12,100.0
11,12,397.5697678915181
11,13,406.4166590377276
11,13,371.3099233498126
10,13,100.0
10,13,110.89279673294335
10,14,100.0
10,14,100.0
10,15,100.0
10,15,492.28147535710775
9,15,459.441739831253
9,15,136.67380907901975
8,15,100.0
8,15,100.0
8,16,100.0
8,16,334.8553125492176
7,16,100.0
7,16,441.96569155075474
6,16,100.0
6,16,100.0
5,16,100.0
5,16,193.28481321055077
4,16,100.0
4,16,222.98347028555312
3,16,209.67671870052263
3,16,100.0
2,16,243.50791486290328
2,16,159.03025845736863
1,16,459.2682282569814
1,16,100.0
0,16,100.0
0,16,100.0
0,15,140.3754548651287
0,15,100.0
-1,15,149.20889854170414
-1,15,100.0
-1,14,100.0
-1,14,246.91099615617756
-1,13,391.4433540779189
-1,13,130.53221435763837
-2,13,122.57571958665493
-2,13,100.0
-3,13,498.7234356323758
-3,13,147.68466080529714
-3,12,841.8790684511509
