11,4,193.17529095436845
11,4,341.575816925593
10,4,50.0
10,4,214.75909243458173
10,4,203.7521813034171
9,4,164.48731629677872
9,4,112.9858553032738
9,4,187.73480134520906
9,5,278.4356089092097
9,5,280.88059986489515
9,5,230.8207149299321
9,6,50.0
9,6,315.505398584506
9,6,252.89562252940567
9,7,250.69341426222016
9,7,76.63217861130363
9,7,315.89273467523014
8,7,219.64008383710726
8,7,467.6366153335473
8,7,161.525257418766
8,8,133.0377229193794
8,8,61.113371655464334
8,8,93.15634146361471
7,8,234.27638406494896
7,8,50.0
7,8,261.8729579416536
8,8,167.2702236042443
8,8,50.0
8,8,232.2204727962784
8,7,425.9835800213883
8,7,118.6015640022404
8,7,178.88495807964821
8,6,135.10750883898686
8,6,389.4571042274799
8,6,50.0
8,5,389.6940482537374
8,5,101.88864030926814
8,5,85.0678497558049
9,5,229.8258673084315
9,5,208.1367474682066
9,5,118.61887650686859
9,4,118.33991922214021
9,4,50.0
9,4,326.2862707038774
10,4,261.41221961074683
10,4,110.19172713853675
10,4,358.8061321205224
11,4,155.8033165306553
11,4,129.7777510690355
11,4,388.52157889460545
10,4,210.8786986761032
10,4,50.0
10,4,281.5795437491653
9,4,421.37471006908106
9,4,152.24592027557009
9,4,305.76541816911896
8,4,246.29533730301273
8,4,457.62847197870576
8,4,307.36924598901817
8,3,158.66489752485205
8,3,429.70627464673646
8,3,328.5986683122704
8,2,105.09283157758475
8,2,341.08197498968707
8,2,310.45580969625235
7,2,194.2762048762308
7,2,173.33313173546534
7,2,64.73828872447191
7,1,570.2021157180875
7,1,319.215030579184
7,1,250.4946368646492
6,1,465.8958204062932
6,1,421.83447987829425
6,1,403.9212791159991
6,0,471.1360033010634
6,0,192.95500954297643
6,0,545.4250799536314
6,-1,132.2329494838545
6,-1,454.102125253592
6,-1,194.0722127375997
7,-1,330.55727674148466
7,-1,479.5155371444847
7,-1,199.49640181724754
7,0,121.98731923286078
7,0,287.3888651084789
7,0,281.769483930107
6,0,221.16259620081019
6,0,232.35864877063977
6,0,163.61280089704834
5,0,235.35908530772235
5,0,262.00951427219275
5,0,279.7067177923663
5,-1,300.9739441835769
5,-1,302.5602160892012
5,-1,448.028116077769
6,-1,165.01994213673714
6,-1,279.6488307397143
6,-1,360.70348324100524
6,-2,50.0
6,-2,183.00517867243866
6,-2,54.46327283373341
6,-1,311.29484922960444
6,-1,352.8358872746603
6,-1,370.95786937721425
5,-1,288.26337429832483
5,-1,283.0856401890815
5,-1,288.8569755032751
5,-2,304.1851885406672
5,-2,376.41827384405155
5,-2,50.0
4,-2,362.8394479039874
4,-2,294.51432472113044
4,-2,338.9361111094205
4,-3,145.99218525240303
4,-3,378.35077233599964
4,-3,222.4362856902412
4,-4,409.21219692427445
4,-4,328.091099238865
4,-4,415.5941112532155
4,-3,438.5411982528965
4,-3,237.29700371210652
4,-3,344.0002390551056
4,-4,186.9600551822205
4,-4,100.41146544624976
4,-4,109.44518865051225
3,-4,437.2758275493701
3,-4,390.8789507538453
3,-4,455.2729638495137
2,-4,256.5063422793624
2,-4,367.9196927443473
2,-4,203.85203574996126
2,-3,239.49181784471048
2,-3,225.9854875598445
2,-3,348.18372642290836
1,-3,341.7011763064116
1,-3,436.8863501175744
1,-3,373.40682464027526
1,-4,279.419413280095
1,-4,428.2688186262995
1,-4,327.60338401320274
1,-5,316.72573586414865
1,-5,50.0
1,-5,390.70619540701443
1,-6,257.9213734429685
1,-6,312.45562441039567
1,-6,148.46289948132124
2,-6,352.58216733505117
2,-6,328.7315051342819
2,-6,278.44286482980993
2,-5,140.68874854951153
2,-5,77.66721299776589
2,-5,319.22569184706254
3,-5,137.89110443796233
3,-5,315.1411075317724
3,-5,212.6557242422701
3,-6,111.11395783247931
3,-6,188.3115470391626
3,-6,322.06205827587775
3,-7,394.2296981540245
3,-7,452.9555675955154
3,-7,178.28164170480076
3,-6,505.6538437481687
3,-6,359.24539517994185
3,-6,406.4125099034095
3,-7,322.59449701800315
3,-7,405.6592516535039
3,-7,435.332076234467
3,-6,333.39914244721916
3,-6,242.49763257899812
3,-6,277.90990910036743
2,-6,327.137851955251
2,-6,404.50678402514205
2,-6,122.99926676524443
1,-6,403.45693825482124
1,-6,154.22665023195412
1,-6,234.10350693620137
0,-6,436.96824072978677
0,-6,297.7232674887835
0,-6,177.83165322483762
-1,-6,367.1987394306201
-1,-6,598.5711770063426
-1,-6,50.0
-2,-6,297.90706261661916
-2,-6,50.0
-2,-6,166.19831265184607
-2,-5,362.70603557763945
-2,-5,97.68710569555174
-2,-5,297.5038923584117
-2,-4,461.73928568827967
-2,-4,155.5709189986818
-2,-4,169.00018862031962
-2,-5,169.92649260045152
-2,-5,284.7163674357598
-2,-5,385.01376381493606
-3,-5,50.0
-3,-5,250.64853267450763
-3,-5,276.86956597452735
-3,-6,377.85266121530253
-3,-6,266.39567172258126
-3,-6,409.59964912302536
-4,-6,103.79559601874456
-4,-6,279.3506385415002
-4,-6,308.8530320902185
-4,-5,413.16514451295893
-4,-5,294.68020261871743
-4,-5,50.0
-4,-6,229.78327487076385
-4,-6,248.06301776512032
-4,-6,323.15948559258607
-4,-7,111.9802249690405
-4,-7,230.23032890852443
-4,-7,225.17415100783106
-4,-8,93.03390681956427
-4,-8,185.38508810053068
-4,-8,242.20528501478566
-4,-7,52.10551866711023
-4,-7,203.41878212574704
-4,-7,405.92712958107563
-4,-8,243.13473499644206
-4,-8,309.1292791757053
-4,-8,153.7609439714509
-4,-9,157.06908529469155
-4,-9,212.73967247673167
-4,-9,368.62479304064266
-4,-10,138.99024505165258
-4,-10,141.7407218180633
-4,-10,226.59986893827616
-4,-11,144.56111702730354
-4,-11,118.42655494462844
-4,-11,108.92225487717785
-4,-12,280.14124857186687
-4,-12,225.53451424969734
-4,-12,179.1451907920415
-5,-12,352.2973685698685
-5,-12,167.0109857874626
-5,-12,111.54021439561596
-4,-12,50.0
-4,-12,50.0
-4,-12,121.40037803839608
-3,-12,50.0
-3,-12,241.38178397129502
-3,-12,50.0
-4,-12,174.02947674697884
-4,-12,50.0
-4,-12,200.19833586420197
-5,-12,172.94838954253404
-5,-12,268.65084091217665
-5,-12,361.4268597429599
-6,-12,50.0
-6,-12,298.1662924417702
-6,-12,90.73131849832929
-7,-12,208.56555525331063
-7,-12,298.3081574934356
-7,-12,50.0
-8,-12,167.29179356379282
-8,-12,429.4732838088984
-8,-12,50.0
-8,-11,134.55874042445816
-8,-11,50.0
-8,-11,111.55023126904948
-8,-12,143.1076012586852
-8,-12,50.0
-8,-12,75.66840095775933
-8,-11,50.0
-8,-11,120.93127979567845
-8,-11,282.13428299375227
-8,-10,91.18981797114111
-8,-10,235.7680422836733
-8,-10,50.0
-9,-10,66.29259145724602
-9,-10,119.31528195963418
-9,-10,185.5037467971556
-9,-9,50.0
-9,-9,320.8549923575066
-9,-9,125.98310823727772
-10,-9,359.09717635068785
-10,-9,115.91054181506851
-10,-9,124.42700565906935
-10,-8,92.76915920590288
-10,-8,50.0
-10,-8,50.0
-11,-8,50.0
-11,-8,129.1393589222366
-11,-8,50.0
-12,-8,92.60603415624306
-12,-8,101.6143179583132
-12,-8,273.17396061093194
-12,-7,173.63915558172894
-12,-7,130.48160848252087
-12,-7,70.55025655594883
-13,-7,187.76267650297078
-13,-7,131.17034097942062
-13,-7,50.0
-12,-7,50.0
-12,-7,50.0
-12,-7,248.2751682060638
-12,-8,52.640956492010176
-12,-8,104.67837888649515
-12,-8,167.78096893739811
-12,-9,130.343240282255
-12,-9,119.52583436913572
-12,-9,172.45140724866977
-11,-9,50.0
-11,-9,118.0432482321932
-11,-9,66.26552138969204
-11,-8,50.0
-11,-8,50.0
-11,-8,292.02814382483723
-10,-8,82.84376306799858
-10,-8,240.24804101331122
-10,-8,404.4959927497156
-10,-7,266.5228236900131
-10,-7,218.56709475494824
-10,-7,93.09111515761153
-9,-7,105.50592083776178
-9,-7,142.09754281851244
-9,-7,228.1572034541391
-9,-6,209.35204718080527
-9,-6,60.7402012782436
-9,-6,212.9159213119415
-9,-5,81.07201135733818
-9,-5,110.61306829509068
-9,-5,155.3481223749503
-9,-4,231.9278759328356
-9,-4,267.84184701594796
-9,-4,110.49212758196892
-8,-4,221.1691252658092
-8,-4,198.00663469509115
-8,-4,124.6517575278929
-8,-5,327.1312006770794
-8,-5,218.64811386331155
-8,-5,80.24132046032597
-8,-6,205.84487909590473
-8,-6,266.47057763652646
-8,-6,271.2929976681545
-8,-7,305.80458383106463
-8,-7,161.5267372165128
-8,-7,90.45920669784697
-8,-6,50.0
-8,-6,251.57353347198472
-8,-6,101.83279129252793
-8,-5,90.28798722532727
-8,-5,294.427453117549
-8,-5,311.9282314070847
-8,-4,172.25336481992323
-8,-4,311.13795754828413
-8,-4,299.14220260155474
-8,-3,160.45123349249167
-8,-3,197.12814836043754
-8,-3,258.25537650289107
-8,-2,328.1117127607081
-8,-2,183.55662409582703
-8,-2,520.8653473886452
-8,-1,152.45793595731539
-8,-1,429.8078072178698
-8,-1,93.06043326709215
-8,0,401.58079269126785
-8,0,116.81580886357975
-8,0,270.2442701146692
-7,0,190.86802198018913
-7,0,143.11397851406167
-7,0,86.52215853904022
-6,0,284.45948865164496
-6,0,163.90511977840532
-6,0,439.93463824641873
-5,0,310.21895183112133
-5,0,313.4718822113796
-5,0,263.6343479751787
-4,0,168.31847379853545
-4,0,191.70146339113148
-4,0,307.48974452454485
-3,0,308.52293611971135
-3,0,332.7686274052794
-3,0,150.35705660388564
-2,0,256.0145000421125
-2,0,471.61023227004557
-2,0,216.55284762062877
-2,-1,366.54963766351
-2,-1,150.01645259244242
-2,-1,389.70433024819494
-2,-2,155.99452526736488
-2,-2,256.8952296674791
-2,-2,187.19645171721243
-1,-2,366.03840730713443
-1,-2,468.16124185105735
-1,-2,233.40148585829724
0,-2,287.43859241241
0,-2,359.658233740863
0,-2,582.2966637329625
1,-2,573.2312103604689
1,-2,239.34094491726194
1,-2,432.6565301160098
2,-2,483.3854578139993
2,-2,194.1318175217847
2,-2,406.9578660269101
2,-3,322.6279358180005
2,-3,197.64525720268932
2,-3,290.0874739801503
3,-3,349.99308426989535
3,-3,281.51850430778563
3,-3,547.483939018224
4,-3,50.0
4,-3,258.3561505331012
4,-3,239.49397242900883
5,-3,277.2766105717622
5,-3,359.7666234745948
5,-3,346.6722301882264
6,-3,313.625737808505
6,-3,226.37763584270212
6,-3,386.85066656169516
7,-3,249.10362155112196
7,-3,236.96518241155547
7,-3,267.2496043225396
6,-3,294.70360353326095
6,-3,164.7202235408854
6,-3,325.06056987939485
6,-4,329.0803981524864
6,-4,208.5802787984904
6,-4,314.4325374703546
6,-5,177.2363812558173
6,-5,278.154010077072
6,-5,277.3807028658514
5,-5,225.58815164923448
5,-5,299.1895016873031
5,-5,379.3606927065879
6,-5,103.14253311540034
6,-5,209.0097098300711
6,-5,209.11757418707316
5,-5,50.0
5,-5,247.32594019685303
5,-5,120.37355456763257
5,-4,306.2807909656126
5,-4,131.0792826814409
5,-4,406.9351180050194
5,-5,108.20531430794827
5,-5,375.29255459811407
5,-5,199.34394451668203
5,-6,112.76966471227855
5,-6,402.1098264716459
5,-6,248.79978371093242
6,-6,82.30240943798435
6,-6,294.5915333560591
6,-6,158.01360877106464
6,-7,264.89719426629625
6,-7,246.2329781153417
6,-7,159.67778378081636
6,-6,310.23648333950615
6,-6,198.3953792283523
6,-6,164.51328102875178
7,-6,245.66943189852321
7,-6,109.46381093590682
7,-6,126.38498490694856
7,-7,453.2583103734792
7,-7,50.0
7,-7,143.2576101624708
7,-8,194.21269725375137
7,-8,55.49985943477574
7,-8,53.50952857030971
6,-8,61.86471326829471
6,-8,138.31249361114303
6,-8,103.45604372226275
7,-8,273.70160321936913
7,-8,133.81185484062146
7,-8,162.63247461468458
7,-9,127.34533224345951
7,-9,178.7663658146762
7,-9,240.992765371012
8,-9,196.87808519743885
8,-9,270.52677654460945
8,-9,73.74243133078693
9,-9,165.37678001527055
9,-9,246.35453275366916
9,-9,299.4329141089499
10,-9,195.1593890966941
10,-9,334.06475267987037
10,-9,50.0
9,-9,96.95774532034
9,-9,267.64491124361206
9,-9,163.22910933110768
9,-10,159.51691916503822
9,-10,130.76090261228094
9,-10,64.42093225855271
10,-10,50.0
10,-10,126.45819325373945
10,-10,198.99897506363448
11,-10,167.51543367325098
11,-10,222.18944868251748
11,-10,296.85786300256905
12,-10,205.80596907135424
12,-10,356.5493057438858
12,-10,150.7879055599461
12,-11,50.0
12,-11,50.0
12,-11,127.28575042289256
13,-11,137.33839885102827
13,-11,50.0
13,-11,116.93459176691081
13,-12,103.26964577772196
13,-12,50.0
13,-12,145.22472116850176
14,-12,211.77047121545735
14,-12,185.15295442497973
14,-12,85.59440576226262
15,-12,50.0
15,-12,50.0
15,-12,283.7043476123939
16,-12,198.56960375154586
16,-12,135.0861972771641
16,-12,50.0
17,-12,145.09229367200174
17,-12,50.0
17,-12,50.0
18,-12,50.0
18,-12,58.00989188558876
18,-12,50.0
19,-12,50.0
19,-12,113.14434800641317
19,-12,50.0
20,-12,65.73440023434212
20,-12,50.0
20,-12,50.0
20,-11,50.0
20,-11,274.243351739671
20,-11,50.0
20,-10,57.3112062184549
20,-10,50.0
20,-10,50.0
20,-9,50.0
20,-9,163.66060068921865
20,-9,54.01280503355868
20,-8,50.0
20,-8,50.0
20,-8,50.0
20,-9,87.3191604809166
20,-9,50.0
20,-9,50.0
20,-8,52.75812443989314
20,-8,50.0
20,-8,107.8269999076326
20,-7,50.0
20,-7,68.33826442535278
20,-7,58.29380463409393
20,-6,50.0
20,-6,50.0
20,-6,95.18873965328768
20,-5,50.0
20,-5,62.69359074640042
20,-5,154.74594599289966
20,-4,50.0
20,-4,62.28725278802014
20,-4,85.04880295496024
20,-3,252.76781217651353
20,-3,50.0
20,-3,239.2855141135565
20,-4,50.0
20,-4,60.816255745977244
20,-4,195.28060165760735
19,-4,60.3192917542673
19,-4,50.0
19,-4,274.79785761877815
18,-4,165.77852289497338
18,-4,50.0
18,-4,164.38817312144488
17,-4,100.48852136541738
17,-4,50.0
17,-4,72.16833131182275
17,-3,50.0
17,-3,50.0
17,-3,144.02852175832797
17,-4,50.0
17,-4,50.0
17,-4,292.85363195163484
17,-3,100.36557852327873
17,-3,141.1143448667836
17,-3,50.0
17,-2,50.0
17,-2,99.7802003838523
17,-2,50.0
17,-3,50.0
17,-3,158.76882765335228
17,-3,164.38004887649538
16,-3,50.0
16,-3,111.63739681131156
16,-3,117.82855047083194
16,-4,271.20165729291864
16,-4,194.7095521539183
16,-4,177.66945705860343
16,-3,233.2204773184403
16,-3,99.28431366900509
16,-3,270.1359077655543
16,-4,301.93435767536863
16,-4,213.37639320855675
16,-4,50.0
16,-3,84.26750498138341
16,-3,50.0
16,-3,314.0231074973385
16,-2,66.19274671509099
16,-2,100.50008240291858
16,-2,50.0
16,-1,50.0
16,-1,149.40551136524564
16,-1,51.98807956782841
16,-2,150.6095918733651
16,-2,192.92524980795687
16,-2,63.61922914722551
16,-1,50.0
16,-1,201.34002145520202
16,-1,50.0
15,-1,50.0
15,-1,161.67588618815046
15,-1,51.821454898713924
15,0,66.65218842829887
15,0,138.205020586441
15,0,59.75844080819225
15,1,50.0
15,1,50.0
15,1,277.86609702353985
15,2,169.7869447877717
15,2,183.0521790589109
15,2,162.27069073782584
15,3,175.81415829708644
15,3,204.46895025582694
15,3,335.06876421473453
15,4,113.70311567050258
15,4,141.94998600671477
15,4,223.75278828595117
15,3,174.88493574352714
15,3,199.10643496446323
15,3,50.0
14,3,223.15350715081672
14,3,60.513244535842006
14,3,212.64114727058265
14,2,73.41148493715652
14,2,87.00958869418312
14,2,89.39300463456328
13,2,154.46774228057487
13,2,114.3517879839151
13,2,177.80389378503392
13,3,105.75838114331596
13,3,50.0
13,3,204.49755406028558
14,3,287.9098841018331
14,3,176.09537193564478
14,3,60.1918396731821
14,4,189.84527624696352
14,4,142.76990823394505
14,4,211.58179312657083
14,5,149.40213864219353
14,5,240.47406351592093
14,5,140.23542039678364
14,6,50.0
14,6,50.0
14,6,65.21353499915892
13,6,122.19739826051635
13,6,50.0
13,6,261.51184709336746
13,7,190.70736029457404
13,7,188.61310425775423
13,7,170.05681507251242
12,7,94.02986332243384
12,7,308.4588134294024
12,7,195.1007517856982
12,6,180.20176274648418
12,6,187.11140085901732
12,6,278.85375021623935
12,7,163.12990259378964
12,7,287.0972709427277
12,7,125.54023093498884
12,8,137.34999342892655
12,8,50.0
12,8,147.06306784823894
12,9,294.54477894178706
12,9,273.4336566858649
12,9,50.0
11,9,50.0
11,9,50.0
11,9,102.73118683979415
11,10,355.40439757978186
11,10,190.64126269670186
11,10,113.84347085922714
11,11,277.2771439234611
11,11,185.46847309089407
11,11,223.0519796809509
11,12,115.82051405895865
11,12,123.19798476186654
11,12,62.86727520667432
11,13,50.0
11,13,50.0
11,13,223.8442854116387
10,13,80.04803368504135
10,13,59.228110951248595
10,13,50.0
10,14,167.9998597829005
10,14,50.0
10,14,125.51105186556066
10,15,50.0
10,15,170.2860432286219
10,15,121.66031042159254
9,15,50.0
9,15,57.778060329651225
9,15,162.05879913182315
8,15,50.0
8,15,50.0
8,15,375.7888799645557
8,16,177.0769132177573
8,16,74.3932287765094
8,16,100.92409799468945
7,16,164.1443856675221
7,16,50.0
7,16,56.13523399139902
6,16,53.78796313982599
6,16,50.0
6,16,148.88568588375398
5,16,50.0
5,16,280.72371177593607
5,16,50.21235920283689
4,16,170.7259660067948
4,16,120.37465650714535
4,16,119.24812612323302
3,16,92.30400153878219
3,16,227.9026690924109
3,16,257.0641210174315
2,16,50.0
2,16,85.62346728364346
2,16,76.64965949907864
1,16,173.00315413328576
1,16,188.15873738268132
1,16,50.0
0,16,167.31130275754575
0,16,50.0
0,16,106.40015263828946
0,15,329.1385551875537
0,15,122.97261368203687
0,15,244.19883111366045
-1,15,221.84887016082695
-1,15,365.5488167593742
-1,15,178.29014742974363
-1,14,169.11242833355143
-1,14,199.57167253553982
-1,14,416.8555901036523
-1,13,99.44709194093544
-1,13,363.9861842118129
-1,13,206.40019300428887
-2,13,240.48536183417102
-2,13,50.0
-2,13,50.0
-3,13,122.23068324727484
-3,13,66.13370036200111
-3,13,195.12674464675763
-3,12,50.0
-3,12,399.65711787008263
-3,12,154.6642165471192
-4,12,120.35447157643523
-4,12,102.22479479804804
-4,12,50.0
-5,12,50.0
-5,12,347.92654806838505
-5,12,174.23510507665665
-5,11,120.96930682390214
-5,11,196.6358018870353
-5,11,199.56973622291258
-5,10,226.78796715575714
-5,10,107.41165221107312
-5,10,119.92719826286663
-5,11,322.27084043061575
-5,11,206.09271020746692
-5,11,72.40794897983635
-5,10,223.66117798462207
-5,10,50.0
-5,10,277.7503210282868
-5,9,266.49110727432503
-5,9,260.9142004296369
-5,9,142.38497371739584
-5,8,197.5404782944647
-5,8,73.29461007371435
-5,8,312.25314223370833
-4,8,195.7317060652822
-4,8,106.61495312000469
-4,8,320.1942438523091
-5,8,350.48945526562176
-5,8,293.156307448769
-5,8,88.78475756461401
-5,7,255.9584772885011
-5,7,237.6029085593384
-5,7,269.72748422724493
-5,6,210.234660472202
-5,6,415.99504456483055
-5,6,216.46806456406574
-5,7,325.75714828808964
-5,7,279.6970435176169
-5,7,429.93925050757207
-4,7,261.9161708236293
-4,7,158.82347315271144
-4,7,50.0
-4,6,301.7827055599985
-4,6,50.0
-4,6,382.93693039039874
-4,7,173.60446825177388
-4,7,494.3276315522138
-4,7,70.70287983506674
-5,7,420.04286605203856
-5,7,83.28275918822803
-5,7,188.59958328791046
-6,7,306.6581573230874
-6,7,262.7517209318645
-6,7,261.39540751141635
-6,6,360.3622613073567
-6,6,398.0986576918526
-6,6,240.78330601465797
-6,5,177.6640664731704
-6,5,507.9361454860375
-6,5,267.290743324736
-7,5,339.1607762025143
-7,5,233.07194550539876
-7,5,287.1538221743723
-7,6,446.45662278653833
-7,6,99.67369976204859
-7,6,179.27396530709348
-8,6,142.94688264516364
-8,6,392.68477480789073
-8,6,306.52755595335174
-8,5,476.42034400379936
-8,5,233.62392173001993
-8,5,188.92359170860374
-8,4,281.15414036775695
-8,4,401.1886176773399
-8,4,402.75679615944125
-8,3,346.3593774034181
-8,3,198.822213639816
-8,3,207.25514717759324
-8,2,241.0850200632874
-8,2,191.86128635348024
-8,2,351.937294205386
-9,2,106.86656506741951
-9,2,225.62311820254013
-9,2,198.78824854843128
-9,1,364.6671569573705
-9,1,140.59897826591367
-9,1,216.55659550109658
-9,0,184.07294704953628
-9,0,98.11299951632549
-9,0,278.16335753801775
-9,-1,74.69370594807458
-9,-1,222.85404375837055
-9,-1,166.45168466760703
-9,-2,50.0
-9,-2,50.0
-9,-2,283.2422988975003
-9,-3,366.3869895367089
-9,-3,155.90188701346779
-9,-3,141.69462558284704
-10,-3,117.26601766370972
-10,-3,176.38455830681664
-10,-3,156.8114056763015
-11,-3,155.24643528809608
-11,-3,212.47221549894493
-11,-3,311.87988782861
-11,-4,152.1202648364341
-11,-4,93.92258500353334
-11,-4,88.0425578127104
-12,-4,50.0
-12,-4,229.8180961024205
-12,-4,209.32452023534438
-12,-3,372.4812780555743
-12,-3,103.95340033764563
-12,-3,176.12944054897147
-12,-4,135.62921193790126
-12,-4,50.05211317888373
-12,-4,391.17902114875335
-12,-5,332.77287632750165
-12,-5,352.0402830663787
-12,-5,131.2670084618984
-12,-6,313.70541727246734
-12,-6,171.91252198867144
-12,-6,222.22838784690128
-12,-7,88.25989478800784
-12,-7,159.92716239108358
-12,-7,308.1077571069676
-12,-8,65.4608710722839
-12,-8,190.2239686738472
-12,-8,270.26670070005196
-12,-9,106.75113685740493
-12,-9,254.20922860540952
-12,-9,50.0
-12,-10,50.0
-12,-10,116.19048541127707
-12,-10,210.8815222804673
-12,-11,50.0
-12,-11,76.24214820623419
-12,-11,112.03435310737567
-12,-12,50.0
-12,-12,223.0161775879705
-12,-12,50.0
-12,-13,168.74703121940473
-12,-13,50.0
-12,-13,192.22873505831728
-13,-13,156.6454734707854
-13,-13,50.0
-13,-13,50.0
-13,-14,104.45584945743816
-13,-14,194.09970623465088
-13,-14,50.0
-14,-14,153.91614344384573
-14,-14,89.11182135370503
-14,-14,50.0
-14,-15,50.0
-14,-15,95.65871764914691
-14,-15,109.98866423074793
-14,-16,50.0
-14,-16,50.0
-14,-16,50.0
-15,-16,50.0
-15,-16,50.0
-15,-16,50.0
-15,-17,94.54026310456203
-15,-17,87.03888922343607
-15,-17,50.0
-15,-18,135.69413416454893
-15,-18,50.0
-15,-18,50.0
-15,-19,50.0
-15,-19,50.0
-15,-19,83.13052058715166
-15,-20,50.0
-15,-20,50.0
-15,-20,50.0
-16,-20,113.95191284129959
-16,-20,94.52095944118516
-16,-20,50.0
-16,-19,50.0
-16,-19,50.0
-16,-19,61.37497886237057
-16,-18,50.0
-16,-18,50.0
-16,-18,50.0
-15,-18,269.0989571663547
-15,-18,65.09177858943688
-15,-18,50.0
-16,-18,50.0
-16,-18,50.0
-16,-18,50.0
-17,-18,132.76212305572662
-17,-18,50.0
-17,-18,50.0
-16,-18,88.16465794667772
-16,-18,151.51025244407137
-16,-18,76.9717607625158
-16,-17,50.0
-16,-17,136.3274521601438
-16,-17,50.0
-17,-17,50.0
-17,-17,50.0
-17,-17,200.6951612427765
-17,-16,50.0
-17,-16,56.19705471636996
-17,-16,50.0
-16,-16,112.40772703217903
-16,-16,50.0
-16,-16,50.0
-16,-15,50.0
-16,-15,124.84629158555259
-16,-15,50.0
-15,-15,50.0
-15,-15,74.98010520320506
-15,-15,50.0
-15,-14,282.3008471317361
-15,-14,286.45357802084
-15,-14,50.0
-15,-13,91.3253385184733
-15,-13,66.71304731173697
-15,-13,50.0
-15,-12,50.0
-15,-12,50.0
-15,-12,72.92747283302836
-15,-13,50.0
-15,-13,50.0
-15,-13,264.042418474191
-14,-13,283.02443047914676
-14,-13,50.0
-14,-13,350.78635641913263
-14,-12,193.7883301223807
-14,-12,114.41227446747754
-14,-12,75.15944935617844
-14,-13,83.94525245281848
-14,-13,50.0
-14,-13,50.0
-14,-12,268.5160845527073
-14,-12,134.359037654671
-14,-12,50.0
-13,-12,50.0
-13,-12,50.0
-13,-12,66.11226686112728
-13,-13,50.0
-13,-13,50.0
-13,-13,50.0
-13,-12,189.5131145019206
-13,-12,50.0
-13,-12,50.0
-13,-11,58.69033109082004
-13,-11,50.0
