11,4,327.5575886808422
11,4,163.7278379169442
10,4,224.49492847743156
10,4,244.91160996550812
10,4,50.0
9,4,361.7107395237724
9,4,50.0
9,4,268.9403324477722
9,5,204.32582170924553
9,5,377.9627783174275
9,5,50.0
9,6,50.0
9,6,338.8134414264798
9,6,177.3315497653448
9,7,190.12078950916592
9,7,336.8408869593204
9,7,339.2967489361522
8,7,143.67102335926234
8,7,293.98026048917575
8,7,51.775594825203825
8,8,139.201255161931
8,8,243.8823418636291
8,8,186.71743538564252
7,8,295.7809226528916
7,8,333.1764031780261
7,8,396.5309562355619
8,8,87.80608737709554
8,8,168.00071335494567
8,8,264.8901128924508
8,7,375.4378862824343
8,7,231.48088283681096
8,7,351.70578402784037
8,6,150.36602048638858
8,6,348.58638181484764
8,6,127.80863349857455
8,5,378.07734785371457
8,5,304.29543883658437
8,5,262.01047024058505
9,5,317.1849840210106
9,5,319.00675937603853
9,5,173.67975585935818
9,4,50.0
9,4,137.08001848087855
9,4,513.9853482951925
10,4,236.91524922260163
10,4,103.61649644103626
10,4,89.31638078283353
11,4,181.33022970282332
11,4,87.27809341144948
11,4,151.2948422012714
10,4,340.53196306325805
10,4,231.0702930724819
10,4,288.1118528497978
9,4,229.59773213637834
9,4,199.2529459964479
9,4,287.49153821328866
8,4,287.03009387486424
8,4,294.44830882041833
8,4,349.51811098058056
8,3,201.45464050541216
8,3,167.05921152918256
8,3,342.28562633854835
8,2,286.7043449523079
8,2,248.6723540424544
8,2,109.33620696159441
7,2,343.728793415266
7,2,336.79113783024616
7,2,50.0
7,1,196.52980839542255
7,1,352.93735587844736
7,1,433.73654032957546
6,1,374.9838108460318
6,1,183.08355761776326
6,1,234.1329825618987
6,0,335.21753376175565
6,0,273.5351142681705
6,0,230.14293039260548
6,-1,456.2741594176983
6,-1,394.229135472237
6,-1,280.444809025764
7,-1,236.8381401810866
7,-1,140.12306902154327
7,-1,275.15117486504334
7,0,265.8166765918876
7,0,170.77805987159223
7,0,200.90760881607352
6,0,315.2780226991847
6,0,466.6782943302725
6,0,481.08764832941847
5,0,50.0
5,0,207.36360325856162
5,0,280.36304027820984
5,-1,346.9355028716535
5,-1,289.459478248693
5,-1,375.90072167865935
6,-1,250.7185963088557
6,-1,153.68002467463756
6,-1,290.4749659103616
6,-2,347.63806221815935
6,-2,402.5140937183121
6,-2,420.9013832587498
6,-1,344.2520416007822
6,-1,170.97120365510074
6,-1,308.92147251364895
5,-1,275.163544776034
5,-1,292.80162442671303
5,-1,391.11107619775044
5,-2,372.9369631293652
5,-2,312.22768580441067
5,-2,188.14260938958984
4,-2,345.06150892752567
4,-2,408.7634261528381
4,-2,419.96559168735615
4,-3,288.9478015563265
4,-3,281.35500891153214
4,-3,312.77998779945574
4,-4,428.53790219014775
4,-4,252.7355944544162
4,-4,341.00462843878046
4,-3,253.1262886770013
4,-3,179.65420968129945
4,-3,270.8226800614063
4,-4,507.1270147016934
4,-4,186.01041704755625
4,-4,275.8767856942932
3,-4,218.7602941169363
3,-4,185.88385164324052
3,-4,146.7715571967465
2,-4,337.54863821225376
2,-4,376.7268278956305
2,-4,147.89569200660094
2,-3,233.74398727352582
2,-3,84.17116240831143
2,-3,295.8807821994079
1,-3,300.9409691560975
1,-3,108.50044783152143
1,-3,165.93935382348673
1,-4,405.6505717674866
1,-4,338.60843616178863
1,-4,213.14888474205372
1,-5,246.37678751976358
1,-5,142.8313529467474
1,-5,255.01905686890953
1,-6,148.44019938681976
1,-6,176.03172692482113
1,-6,186.9456668897407
2,-6,229.5864288536507
2,-6,296.26798562286643
2,-6,150.1891653932817
2,-5,222.5986311098239
2,-5,353.0400079433492
2,-5,318.3356800828049
3,-5,185.81686175386722
3,-5,231.41646549257263
3,-5,300.59765617202726
3,-6,72.2080177804583
3,-6,247.25323920275497
3,-6,270.9275358862239
3,-7,168.41033953781678
3,-7,328.4251582700458
3,-7,194.52473328489867
3,-6,312.8350014949466
3,-6,230.59765237366557
3,-6,280.6659568774078
3,-7,128.50733494528527
3,-7,71.2847727203299
3,-7,208.05084199081077
3,-6,286.1588567595894
3,-6,108.7943143257803
3,-6,298.8920663382712
2,-6,246.89245950592428
2,-6,139.06427879752627
2,-6,126.38562053971836
1,-6,266.1853557475872
1,-6,201.3982378003554
1,-6,391.59515078974556
0,-6,435.46181284375655
0,-6,503.88000673575306
0,-6,227.05938199382544
-1,-6,217.8429396614123
-1,-6,265.97978437247707
-1,-6,237.41560578542473
-2,-6,254.79283457565455
-2,-6,97.66008744805322
-2,-6,251.3861689397875
-2,-5,377.14731787901974
-2,-5,152.90287149936785
-2,-5,209.6370407253388
-2,-4,336.7631523506053
-2,-4,210.85765640034037
-2,-4,404.6943705754477
-2,-5,247.66163369608486
-2,-5,264.32997107177954
-2,-5,277.6313955968212
-3,-5,50.400146995838384
-3,-5,347.4974408978077
-3,-5,403.80714419988
-3,-6,185.37598576539241
-3,-6,435.2451803266284
-3,-6,355.6397796055487
-4,-6,208.66969041932703
-4,-6,225.23873222135285
-4,-6,83.01364327028767
-4,-5,131.1816739818841
-4,-5,253.6101983363594
-4,-5,88.58887254238445
-4,-6,206.782757957404
-4,-6,236.546159359313
-4,-6,262.14818524713337
-4,-7,220.77792210482988
-4,-7,239.15036441972225
-4,-7,175.45120025563398
-4,-8,245.10135344465925
-4,-8,380.7842264994607
-4,-8,252.95456275376327
-4,-7,101.10340459668936
-4,-7,109.57666213462696
-4,-7,187.9396980579247
-4,-8,51.11779766355781
-4,-8,123.91515874999251
-4,-8,256.33388318438256
-4,-9,258.9224670088561
-4,-9,192.69953062182915
-4,-9,185.40000500880234
-4,-10,222.174726741399
-4,-10,164.91294196484176
-4,-10,245.27554188745688
-4,-11,318.01001827515313
-4,-11,50.0
-4,-11,345.5592547287097
-4,-12,300.3349041441713
-4,-12,412.6530293161749
-4,-12,141.7886467635131
-5,-12,227.217916958023
-5,-12,205.63311769361192
-5,-12,431.4064692948018
-4,-12,86.08872785741963
-4,-12,70.59059894568247
-4,-12,69.49669762756612
-3,-12,241.56147934660711
-3,-12,50.0
-3,-12,191.75177818695073
-4,-12,75.56025804872264
-4,-12,469.0787949889488
-4,-12,103.56688574106113
-5,-12,288.61215394513215
-5,-12,75.81062379922776
-5,-12,119.7709428583681
-6,-12,53.69615525998189
-6,-12,169.39564512198567
-6,-12,192.74493590979048
-7,-12,55.73782554444897
-7,-12,191.77216989180658
-7,-12,103.75111274108232
-8,-12,80.37321559316385
-8,-12,50.0
-8,-12,50.0
-8,-11,50.0
-8,-11,59.77504057601887
-8,-11,50.0
-8,-12,189.08893168270674
-8,-12,177.62615171020033
-8,-12,149.7562302046654
-8,-11,259.7223160530063
-8,-11,156.6330373909318
-8,-11,233.8330605321018
-8,-10,50.0
-8,-10,240.23334531145076
-8,-10,50.0
-9,-10,193.9618063298381
-9,-10,125.66932778612868
-9,-10,121.81645568534077
-9,-9,50.0
-9,-9,50.0
-9,-9,52.19381329906629
-10,-9,168.53261394030983
-10,-9,257.4351459796261
-10,-9,61.53039467370277
-10,-8,138.52975801031863
-10,-8,175.25761040033166
-10,-8,217.20651525212554
-11,-8,116.24096697501638
-11,-8,266.6523496378742
-11,-8,182.58539461454126
-12,-8,262.6227624081669
-12,-8,50.0
-12,-8,50.0
-12,-7,71.59190398362429
-12,-7,92.59009323758931
-12,-7,127.63207026350041
-13,-7,76.40686411716753
-13,-7,50.0
-13,-7,50.0
-12,-7,117.59400675180592
-12,-7,198.7365331992825
-12,-7,59.69804081643147
-12,-8,134.27775207748303
-12,-8,149.3837311859011
-12,-8,171.22056819233705
-12,-9,220.03089127194505
-12,-9,354.19658545404263
-12,-9,50.0
-11,-9,76.31331945443881
-11,-9,183.761726311394
-11,-9,216.30532305617118
-11,-8,196.54514390096415
-11,-8,219.07615446231978
-11,-8,50.0
-10,-8,253.5382767081382
-10,-8,312.39958010662906
-10,-8,50.0
-10,-7,299.4930377175049
-10,-7,126.45587187701757
-10,-7,153.0486403323916
-9,-7,155.94768813025763
-9,-7,250.02675290227634
-9,-7,146.97271277320732
-9,-6,460.61416479994534
-9,-6,216.06867506060823
-9,-6,253.38286414817142
-9,-5,205.9220692743446
-9,-5,211.53294408091233
-9,-5,213.40042195180223
-9,-4,103.95830516024162
-9,-4,397.89063187280135
-9,-4,137.330202864167
-8,-4,249.59950735634962
-8,-4,232.96848355393573
-8,-4,445.75487325442185
-8,-5,140.64227464434538
-8,-5,343.01218294420516
-8,-5,218.3018542795195
-8,-6,83.16234779157762
-8,-6,238.87778986246283
-8,-6,182.66028544911114
-8,-7,360.6141047128965
-8,-7,295.5684712884217
-8,-7,225.87004388934577
-8,-6,242.0042351639178
-8,-6,290.321976272862
-8,-6,256.38711269397163
-8,-5,217.33908735415218
-8,-5,324.5831802230537
-8,-5,132.07549392038234
-8,-4,189.16326491673928
-8,-4,93.16944050060522
-8,-4,112.01569358228426
-8,-3,272.6083092157719
-8,-3,97.68148513204991
-8,-3,253.80722388359027
-8,-2,279.30619629956516
-8,-2,114.97114245947529
-8,-2,50.0
-8,-1,182.77571132360677
-8,-1,259.2590064061954
-8,-1,205.88850741519303
-8,0,174.09925630490494
-8,0,114.95496537325167
-8,0,138.94082502243913
-7,0,446.26527850300755
-7,0,131.16170341955672
-7,0,623.3382460324372
-6,0,65.64197695106202
-6,0,370.59565680249375
-6,0,121.4090249365621
-5,0,157.1992752585994
-5,0,398.7905259521923
-5,0,396.09466815975645
-4,0,356.3033487099058
-4,0,265.9799384123319
-4,0,271.2785250308134
-3,0,109.8610977751134
-3,0,89.09930098940077
-3,0,174.98213521770776
-2,0,438.9431642794531
-2,0,203.20256091148508
-2,0,411.586337727303
-2,-1,251.6693769513616
-2,-1,304.0937484781632
-2,-1,302.44512967063065
-2,-2,436.7856914142068
-2,-2,230.30469645435596
-2,-2,366.79949095890186
-1,-2,301.2602246279226
-1,-2,298.5071163644878
-1,-2,367.94916254516755
0,-2,349.395676915571
0,-2,338.83553733735897
0,-2,366.62313351837884
1,-2,315.0095091877141
1,-2,325.79157023475955
1,-2,304.5985454835505
2,-2,254.0711081801971
2,-2,81.22793326139833
2,-2,202.38760635519102
2,-3,331.5335322342021
2,-3,355.16212545157316
2,-3,123.58596878899235
3,-3,278.87769463567764
3,-3,322.1794001315739
3,-3,311.30743875785134
4,-3,173.0728869309741
4,-3,247.9878689499758
4,-3,302.3319039787761
5,-3,73.14053982076922
5,-3,168.0148651401123
5,-3,293.04203455072496
6,-3,281.3381580296414
6,-3,129.35461346256665
6,-3,434.6630084114409
7,-3,139.37934426360505
7,-3,150.20997781971116
7,-3,94.99940723654893
6,-3,440.355975027565
6,-3,359.37619425787886
6,-3,430.88890731035474
6,-4,69.79079086559088
6,-4,424.45220626511576
6,-4,352.93094485320483
6,-5,157.44471726437433
6,-5,236.75566614634673
6,-5,226.0494708045046
5,-5,172.52369793750734
5,-5,232.64824954782156
5,-5,185.40843392948233
6,-5,420.0588313649466
6,-5,196.9413061862818
6,-5,288.242238048378
5,-5,456.47792803283534
5,-5,337.8914039561502
5,-5,203.11668298043622
5,-4,374.3221736417646
5,-4,358.61144721895545
5,-4,197.12929396110633
5,-5,177.0508647159093
5,-5,120.74938569376718
5,-5,172.9725603613927
5,-6,261.97175896627624
5,-6,267.5987256686736
5,-6,264.8942322474682
6,-6,99.297004051166
6,-6,155.4757641254179
6,-6,180.09003382795038
6,-7,189.14939951123515
6,-7,257.2492104849315
6,-7,209.98412722390879
6,-6,145.58679065695088
6,-6,206.00969692563436
6,-6,288.0521909656984
7,-6,50.0
7,-6,229.20449496913574
7,-6,389.08950775148116
7,-7,185.21186768307211
7,-7,109.2946127177488
7,-7,117.95258614804796
7,-8,119.84795218727574
7,-8,274.0115438196091
7,-8,198.14782116309195
6,-8,307.8091768054158
6,-8,384.06663651361856
6,-8,310.91366963883
7,-8,89.2845398373526
7,-8,65.0878846396983
7,-8,232.163043373394
7,-9,96.2271009864833
7,-9,283.5805609861956
7,-9,289.3183853569858
8,-9,50.0
8,-9,144.52765798024396
8,-9,297.85779695022
9,-9,50.0
9,-9,134.59441965094354
9,-9,50.0
10,-9,50.0
10,-9,367.8691838915008
10,-9,164.3281220700612
9,-9,153.25512803862057
9,-9,166.18959446207978
9,-9,180.0136768042389
9,-10,50.0
9,-10,97.4026402874375
9,-10,294.71590479893143
10,-10,123.76123774574242
10,-10,206.25438094913153
10,-10,50.0
11,-10,50.0
11,-10,369.5710427498629
11,-10,142.73654823836327
12,-10,50.0
12,-10,52.124077072085335
12,-10,50.0
12,-11,266.9748160622335
12,-11,234.36270494557198
12,-11,106.95937936152674
13,-11,50.0
13,-11,148.78279037545707
13,-11,132.74180126913822
13,-12,123.13258825066576
13,-12,271.98732289418797
13,-12,67.44176290936406
14,-12,116.8703825658551
14,-12,64.28902606584067
14,-12,228.68044110142597
15,-12,64.57958616658253
15,-12,50.0
15,-12,50.0
16,-12,70.71327140490152
16,-12,50.0
16,-12,113.93176028163202
17,-12,50.0
17,-12,50.0
17,-12,50.0
18,-12,52.48336082717012
18,-12,57.34727840211512
18,-12,50.0
19,-12,50.0
19,-12,224.89064671164087
19,-12,50.0
20,-12,57.454614155272154
20,-12,50.0
20,-12,193.38377371027795
20,-11,50.0
20,-11,50.0
20,-11,50.0
20,-10,114.57378781851106
20,-10,123.16243527908927
20,-10,50.0
20,-9,50.0
20,-9,50.0
20,-9,50.0
20,-8,50.0
20,-8,158.21938719605507
20,-8,119.80789837638207
20,-9,136.51046035640724
20,-9,50.0
20,-9,50.0
20,-8,50.0
20,-8,312.5215096422334
20,-8,50.0
20,-7,50.0
20,-7,149.32635323019042
20,-7,71.1398059528621
20,-6,50.0
20,-6,126.79153412997435
20,-6,50.0
20,-5,50.0
20,-5,50.0
20,-5,74.97226158595923
20,-4,50.0
20,-4,50.0
20,-4,70.12210069070122
20,-3,222.8006769570872
20,-3,50.0
20,-3,90.46024709327861
20,-4,50.0
20,-4,50.0
20,-4,211.54033889778992
19,-4,50.0
19,-4,50.0
19,-4,50.0
18,-4,278.20244179074024
18,-4,86.36884841951422
18,-4,62.17918667834442
17,-4,50.0
17,-4,50.0
17,-4,121.32987992459222
17,-3,95.04970269012061
17,-3,50.0
17,-3,50.0
17,-4,71.60739272124773
17,-4,50.0
17,-4,187.20800369185187
17,-3,123.49225914746913
17,-3,50.0
17,-3,188.86661162261606
17,-2,108.32414878045446
17,-2,156.29400700916602
17,-2,50.0
17,-3,88.58973887525698
17,-3,57.9716505365362
17,-3,50.0
16,-3,50.0
16,-3,50.0
16,-3,50.0
16,-4,203.01830651143902
16,-4,305.625512162528
16,-4,58.953013570430564
16,-3,145.5216356807032
16,-3,249.26905810026398
16,-3,50.0
16,-4,50.0
16,-4,84.89618024144171
16,-4,50.0
16,-3,205.16806077024134
16,-3,106.37578051375729
16,-3,50.0
16,-2,51.69269898311575
16,-2,407.7646429726896
16,-2,97.44738171201695
16,-1,232.57096967876535
16,-1,50.0
16,-1,199.61000490648703
16,-2,50.0
16,-2,114.48259144918133
16,-2,50.0
16,-1,50.0
16,-1,236.1935299425499
16,-1,50.0
15,-1,207.93773905617815
15,-1,51.32507149148343
15,-1,246.8326624468723
15,0,69.54479159944758
15,0,161.3683738727016
15,0,50.0
15,1,152.10427003042088
15,1,151.20498802155953
15,1,90.19085949649039
15,2,50.0
15,2,50.0
15,2,56.356336425458366
15,3,95.03655384690003
15,3,214.10030939466753
15,3,237.9886821692566
15,4,114.29574203782383
15,4,50.0
15,4,138.15607665833838
15,3,176.63182959025238
15,3,175.05831786291031
15,3,61.81104098496256
14,3,189.47061547693497
14,3,50.0
14,3,70.86216421111251
14,2,50.0
14,2,50.0
14,2,82.3546150906048
13,2,50.0
13,2,132.5831339764562
13,2,288.18523319033227
13,3,50.0
13,3,209.38622896695716
13,3,124.16128269741078
14,3,349.9674740361977
14,3,163.79701948539673
14,3,50.0
14,4,50.0
14,4,164.38343498159202
14,4,109.23129105300737
14,5,50.0
14,5,396.4599098216551
14,5,255.29156649568884
14,6,115.18605252426175
14,6,50.0
14,6,277.5279522445422
13,6,54.84618103901721
13,6,50.0
13,6,92.46983791235081
13,7,91.66217960644406
13,7,207.2035337452396
13,7,127.01264936809906
12,7,115.56319057135141
12,7,160.26471177194713
12,7,218.1533422543751
12,6,318.024100538321
12,6,376.73150562180945
12,6,258.29608595394075
12,7,104.56321791296149
12,7,283.189310058116
12,7,165.07967796099427
12,8,175.89028674107576
12,8,126.68287281100066
12,8,116.836260978669
12,9,223.32097463647165
12,9,255.67744730447617
12,9,151.46991761985655
11,9,193.66639058573918
11,9,231.92486329282195
11,9,50.0
11,10,204.35794059254448
11,10,138.27363200847162
11,10,117.08822809850248
11,11,76.36212410202067
11,11,116.96353890552427
11,11,332.6213286732325
11,12,202.1503465045364
11,12,50.0
11,12,50.0
11,13,252.05971074035565
11,13,50.0
11,13,50.0
10,13,50.0
10,13,144.1689345472057
10,13,138.87015977470054
10,14,209.0434609963562
10,14,158.76003055967732
10,14,253.46679131272603
10,15,50.0
10,15,102.7027647936709
10,15,50.0
9,15,173.05931358296314
9,15,155.06457074470455
9,15,286.0311954579727
8,15,139.27195458783243
8,15,50.0
8,15,50.0
8,16,84.6150874351477
8,16,247.51966211522122
8,16,122.51027584366776
7,16,118.54328897236093
7,16,128.1947899895893
7,16,50.0
6,16,256.46945709260615
6,16,50.0
6,16,176.32305624740377
5,16,245.5436889968852
5,16,50.0
5,16,243.9038298020632
4,16,50.0
4,16,192.79815202259826
4,16,244.15931287600583
3,16,55.654223659178044
3,16,50.0
3,16,267.040286494197
2,16,227.2535939703642
2,16,131.19708841209794
2,16,177.29361657751454
1,16,64.19201619082787
1,16,50.0
1,16,279.7286074220326
0,16,50.0
0,16,177.52188797543636
0,16,164.85136720022922
0,15,50.0
0,15,99.18718799896942
0,15,343.3102631431941
-1,15,274.0206384598779
-1,15,162.30075314082148
-1,15,161.1122754087111
-1,14,138.05083783442845
-1,14,50.0
-1,14,50.0
-1,13,415.04284821356964
-1,13,277.5860415153699
-1,13,111.01822733452457
-2,13,146.24022650918096
-2,13,50.0
-2,13,64.40315756950294
-3,13,217.37894152254057
-3,13,254.03946098904248
-3,13,175.4003427483443
-3,12,304.1231993289399
-3,12,72.92069341661494
-3,12,157.73395348418913
-4,12,184.13170603700217
-4,12,50.0
-4,12,224.49062628159496
-5,12,140.08266620364958
-5,12,50.0
-5,12,50.0
-5,11,252.03757324962007
-5,11,50.0
-5,11,115.26926870352091
-5,10,249.89550402236233
-5,10,281.7124953262698
-5,10,223.38600033820097
-5,11,126.99238913933324
-5,11,396.6573239783396
-5,11,231.8962785463013
-5,10,135.79627910159144
-5,10,268.48472119118077
-5,10,217.7926612614002
-5,9,194.5756763522506
-5,9,266.8919454463735
-5,9,251.37019848874695
-5,8,216.226725111534
-5,8,124.32632172949386
-5,8,120.66979933258379
-4,8,359.90666111336975
-4,8,199.65816369884186
-4,8,232.29341214771895
-5,8,234.84969994427618
-5,8,173.48811016420592
-5,8,404.15195800432315
-5,7,304.5391476761324
-5,7,467.00520912277443
-5,7,390.6543022148708
-5,6,240.7197394887213
-5,6,371.87833710060977
-5,6,203.68887414142156
-5,7,233.76677809040584
-5,7,371.2315989337005
-5,7,345.8792569120964
-4,7,322.9010097292849
-4,7,115.94312974450654
-4,7,351.4392917211455
-4,6,415.3607658921479
-4,6,313.0629734180382
-4,6,179.20062968385605
-4,7,318.25928094788935
-4,7,294.86892575843586
-4,7,98.47260313312034
-5,7,201.75420945278532
-5,7,50.0
-5,7,414.5164559646261
-6,7,266.5377730229406
-6,7,272.7555390329209
-6,7,375.0160692741388
-6,6,178.20307788023197
-6,6,276.4210505420142
-6,6,108.10050529793943
-6,5,156.5936877940988
-6,5,59.030200652294525
-6,5,210.82779526319257
-7,5,401.1038642762929
-7,5,369.86031790022196
-7,5,50.0
-7,6,198.95170429629053
-7,6,208.4823088785516
-7,6,160.86531594414205
-8,6,240.69966523185667
-8,6,124.07436989391849
-8,6,164.21445329991258
-8,5,121.00374667159605
-8,5,234.58666637667903
-8,5,283.5034843742139
-8,4,196.06408049020322
-8,4,168.41170915828025
-8,4,50.0
-8,3,478.1811585235764
-8,3,294.817243953392
-8,3,228.85782523976835
-8,2,121.5936376456511
-8,2,305.7167397667271
-8,2,200.45960038395276
-9,2,228.63631258192825
-9,2,57.056545373650806
-9,2,356.4398876922424
-9,1,228.26098884397186
-9,1,116.04423222217358
-9,1,192.40555288792038
-9,0,299.250310499844
-9,0,259.9530535841399
-9,0,156.16168190295244
-9,-1,497.78049188112783
-9,-1,238.62589317942394
-9,-1,302.5585260628664
-9,-2,384.836405845972
-9,-2,131.2776517189353
-9,-2,118.7995936591696
-9,-3,384.7584236730057
-9,-3,229.14815557485827
-9,-3,220.30677150347844
-10,-3,299.95500090092787
-10,-3,387.1034067221476
-10,-3,372.49348383726397
-11,-3,204.59244850223382
-11,-3,266.82702564631165
-11,-3,173.52733185302864
-11,-4,140.61216212449742
-11,-4,235.2460272667845
-11,-4,234.45021921468367
-12,-4,50.0
-12,-4,179.10775106782407
-12,-4,223.4712445562373
-12,-3,372.42323575028314
-12,-3,198.1983930715944
-12,-3,239.78297331073134
-12,-4,218.6990168588416
-12,-4,57.2106395605157
-12,-4,421.18829045057544
-12,-5,50.0
-12,-5,50.0
-12,-5,105.42005715008669
-12,-6,286.0380297684726
-12,-6,122.00859054686018
-12,-6,153.54017596451598
-12,-7,116.02521334214464
-12,-7,275.39371397548285
-12,-7,50.0
-12,-8,225.45376716412224
-12,-8,208.78806732351558
-12,-8,50.0
-12,-9,50.0
-12,-9,271.1454040821197
-12,-9,229.67136374909455
-12,-10,174.73067439506463
-12,-10,99.82703370598966
-12,-10,151.16750695248308
-12,-11,208.03405861493042
-12,-11,205.59620450108213
-12,-11,50.0
-12,-12,83.36762549545305
-12,-12,309.18631692988777
-12,-12,50.0
-12,-13,135.63465374265618
-12,-13,50.0
-12,-13,238.55589219726812
-13,-13,436.41992442494814
-13,-13,139.81051507254048
-13,-13,50.0
-13,-14,110.15650786374385
-13,-14,50.0
-13,-14,50.0
-14,-14,50.0
-14,-14,50.0
-14,-14,67.87339743700488
-14,-15,50.0
-14,-15,328.69911764616563
-14,-15,50.0
-14,-16,141.80803530418805
-14,-16,133.67473616660405
-14,-16,69.43307893918379
-15,-16,71.75914628289762
-15,-16,295.66251487466644
-15,-16,52.26686062708306
-15,-17,50.0
-15,-17,194.1805146013052
-15,-17,202.58255652663814
-15,-18,50.0
-15,-18,50.0
-15,-18,50.0
-15,-19,50.0
-15,-19,50.0
-15,-19,175.8342393654831
-15,-20,211.65064086302505
-15,-20,50.0
-15,-20,50.0
-16,-20,237.66350203401697
-16,-20,84.97137282617388
-16,-20,50.0
-16,-19,134.356808617057
-16,-19,50.0
-16,-19,50.0
-16,-18,50.0
-16,-18,50.0
-16,-18,50.0
-15,-18,50.0
-15,-18,50.0
-15,-18,183.84438814438457
-16,-18,50.0
-16,-18,50.0
-16,-18,130.9108122850735
-17,-18,235.70491804339844
-17,-18,50.0
-17,-18,50.0
-16,-18,50.0
-16,-18,50.0
-16,-18,50.0
-16,-17,74.42144422102209
-16,-17,173.21614048723987
-16,-17,50.0
-17,-17,50.0
-17,-17,50.0
-17,-17,50.0
-17,-16,193.28972876741344
-17,-16,52.913683075463894
-17,-16,159.7474643926333
-16,-16,50.0
-16,-16,50.0
-16,-16,125.4570070486807
-16,-15,50.0
-16,-15,50.0
-16,-15,50.0
-15,-15,50.0
-15,-15,96.24006337365459
-15,-15,50.0
-15,-14,50.0
-15,-14,50.0
-15,-14,50.0
-15,-13,50.0
-15,-13,50.0
-15,-13,50.0
-15,-12,50.0
-15,-12,120.31956364888391
-15,-12,72.78950455157242
-15,-13,50.0
-15,-13,66.27024675755463
-15,-13,73.15387746312142
-14,-13,50.0
-14,-13,261.476987275337
-14,-13,140.15019488619814
-14,-12,255.82899435653374
-14,-12,50.0
-14,-12,182.84445933262674
-14,-13,50.0
-14,-13,50.0
-14,-13,222.1001364798542
-14,-12,122.79105597698262
-14,-12,50.0
-14,-12,50.0
-13,-12,202.2450107669692
-13,-12,216.62133021160565
-13,-12,50.0
-13,-13,203.2769411850392
-13,-13,119.86082788397165
-13,-13,139.87401884427044
-13,-12,157.4883042495042
-13,-12,171.31395223585525
-13,-12,50.0
-13,-11,158.82295868898493
-13,-11,50.0
