11,4,183.0720455918116
11,4,50.0
10,4,248.90212664663392
10,4,325.75039191155054
10,4,136.78701317347327
9,4,108.0523402517618
9,4,314.2701913930463
9,4,259.1328848983627
9,5,172.73173668893187
9,5,242.4557757234063
9,5,226.70805294044266
9,6,324.37563833841205
9,6,217.08754395517533
9,6,233.44641791748487
9,7,50.0
9,7,50.0
9,7,234.95917175687174
8,7,142.52301532392988
8,7,320.30181640105275
8,7,238.21355862679545
8,8,168.49517989455066
8,8,126.87136877834638
8,8,365.1494192092591
7,8,50.0
7,8,177.78059661937374
7,8,350.9316036179787
8,8,59.407628802092006
8,8,162.5171586560148
8,8,135.46809118846068
8,7,228.69372845264064
8,7,246.57243494332823
8,7,154.07935501538606
8,6,265.77512603822396
8,6,347.74874209326424
8,6,165.9015669111508
8,5,155.8549629631057
8,5,227.863485033827
8,5,286.9595837882737
9,5,50.0
9,5,50.0
9,5,223.2878744145446
9,4,227.4056198137252
9,4,305.4378422202886
9,4,301.51417486055016
10,4,144.31161430925744
10,4,394.5186378420305
10,4,342.0717038471695
11,4,113.39620108039699
11,4,50.0
11,4,50.0
10,4,173.91843059779916
10,4,345.55241165015286
10,4,183.29767958904196
9,4,375.21154908735576
9,4,180.6263585686483
9,4,261.019922333389
8,4,76.45334962352467
8,4,232.64662869342712
8,4,233.61093792615992
8,3,107.91062299073334
8,3,249.6621993088951
8,3,50.0
8,2,193.60981283642505
8,2,456.6688741094059
8,2,112.40231269898939
7,2,199.09049677940487
7,2,218.91623335423486
7,2,167.4684403385239
7,1,338.05662803822946
7,1,234.56588617592024
7,1,593.6345176678185
6,1,299.151233243466
6,1,229.8538135498001
6,1,427.63246565989886
6,0,543.8248078374645
6,0,177.53207053486398
6,0,445.77091144364897
6,-1,466.121691215493
6,-1,334.9147483947079
6,-1,276.5386507935358
7,-1,89.73594676254561
7,-1,178.55892003891637
7,-1,242.21508375644353
7,0,177.76444982740014
7,0,299.1445742553905
7,0,105.0024409620606
6,0,160.39485483221102
6,0,346.151162059793
6,0,167.40449914065593
5,0,311.195878728468
5,0,79.88290939006873
5,0,304.5637576988424
5,-1,289.23432610775865
5,-1,185.0231108316264
5,-1,337.53687218965285
6,-1,209.87911884566893
6,-1,403.6069231353232
6,-1,511.10953368385964
6,-2,307.3438635640184
6,-2,273.1721540943831
6,-2,400.65071455233294
6,-1,315.4214280724833
6,-1,298.39174378536376
6,-1,235.6748453513685
5,-1,211.04204999570214
5,-1,315.3139772106434
5,-1,151.66634897890714
5,-2,187.37159322797493
5,-2,411.94064377789533
5,-2,319.14395316954864
4,-2,486.5390342962279
4,-2,500.47532445784384
4,-2,500.3954142906415
4,-3,123.92712003799005
4,-3,309.1039884215258
4,-3,356.12482269934367
4,-4,50.0
4,-4,227.45654898281526
4,-4,178.68588934386844
4,-3,283.0003727056598
4,-3,151.3167983780407
4,-3,140.91156887893717
4,-4,60.61374926001557
4,-4,105.15265022957925
4,-4,323.43810441900956
3,-4,50.0
3,-4,134.28724236016527
3,-4,115.8941520933015
2,-4,351.482230095485
2,-4,441.7436519844572
2,-4,301.85561129176494
2,-3,395.62227385865174
2,-3,481.16706940272945
2,-3,515.7305495904498
1,-3,269.91093647436725
1,-3,287.49255845121803
1,-3,374.1919460747142
1,-4,538.1625711644458
1,-4,275.4855731759054
1,-4,177.67243633360437
1,-5,371.6997986781871
1,-5,420.3568063449044
1,-5,331.38738475369735
1,-6,192.58419474451645
1,-6,167.24983787053614
1,-6,267.0648774263385
2,-6,189.02987904173762
2,-6,214.37680374333115
2,-6,455.2504026766311
2,-5,236.79870461871184
2,-5,126.46103686835156
2,-5,228.5508441851999
3,-5,65.76238559110189
3,-5,341.077645436971
3,-5,184.78303887708364
3,-6,130.81703327431893
3,-6,487.19202565403634
3,-6,424.34465145510666
3,-7,298.81793395885904
3,-7,164.21338990424144
3,-7,365.78403908520636
3,-6,202.26234578393303
3,-6,93.1433469632945
3,-6,240.45833292330997
3,-7,157.71321671196853
3,-7,255.09016355247059
3,-7,315.8791026537397
3,-6,238.96054385989063
3,-6,175.60819779852977
3,-6,371.08320705336865
2,-6,50.0
2,-6,327.24952960360656
2,-6,309.1120891550561
1,-6,184.99395032156184
1,-6,50.0
1,-6,334.2400694416467
0,-6,338.2023186450643
0,-6,88.90187016019962
0,-6,259.882497595451
-1,-6,402.51655473793136
-1,-6,76.2661165383889
-1,-6,316.9043197254725
-2,-6,267.71110996578847
-2,-6,78.52981377668414
-2,-6,342.5037802872946
-2,-5,297.06221379696495
-2,-5,292.8230948525329
-2,-5,351.47744692032455
-2,-4,282.79420060596226
-2,-4,321.1482072503541
-2,-4,300.61203614434504
-2,-5,203.27697312088821
-2,-5,235.3774433664122
-2,-5,215.0482407744123
-3,-5,449.52444285354727
-3,-5,467.6514636663625
-3,-5,346.14399755662447
-3,-6,387.156970458454
-3,-6,144.22008325686525
-3,-6,393.056616031531
-4,-6,129.97174285655836
-4,-6,241.30898036407774
-4,-6,234.04969335411062
-4,-5,195.26868797645346
-4,-5,598.0229023587981
-4,-5,399.94314146520276
-4,-6,272.69896855784594
-4,-6,355.4492426719364
-4,-6,511.59500466921065
-4,-7,387.9436934813507
-4,-7,340.1041766174202
-4,-7,50.0
-4,-8,171.6769118235003
-4,-8,366.43844801906914
-4,-8,219.1417471716697
-4,-7,373.28901490080904
-4,-7,112.32045268986118
-4,-7,243.98655743020296
-4,-8,190.72159580773518
-4,-8,335.3666341789994
-4,-8,233.73222544061886
-4,-9,235.11484122871792
-4,-9,177.23623543611285
-4,-9,320.6805914387316
-4,-10,246.46439247459708
-4,-10,357.7119540142002
-4,-10,243.03663453942653
-4,-11,95.18715307395513
-4,-11,147.28905468594178
-4,-11,63.59130103311894
-4,-12,50.0
-4,-12,50.0
-4,-12,247.71914714272884
-5,-12,273.75006855094625
-5,-12,50.0
-5,-12,70.71478279428594
-4,-12,63.30802429751107
-4,-12,131.08543584591195
-4,-12,385.86530076713933
-3,-12,378.01941710397784
-3,-12,148.70373782021974
-3,-12,76.00991710051919
-4,-12,124.69781643403263
-4,-12,263.8274083818867
-4,-12,50.0
-5,-12,182.07697246596265
-5,-12,168.99309282354736
-5,-12,234.1541983974888
-6,-12,219.3044006083502
-6,-12,301.1502692261843
-6,-12,111.26079885486699
-7,-12,156.7210703059004
-7,-12,233.34598121477973
-7,-12,109.80208678102865
-8,-12,248.95320906019919
-8,-12,211.97185988430832
-8,-12,115.23935123488859
-8,-11,229.58833461627498
-8,-11,50.83283595613233
-8,-11,232.4793083182903
-8,-12,136.77250349570326
-8,-12,50.0
-8,-12,142.35914812754604
-8,-11,123.03314974702053
-8,-11,112.54581443027465
-8,-11,237.0973759508065
-8,-10,222.57012943751135
-8,-10,96.6920428206075
-8,-10,305.00133047755355
-9,-10,50.0
-9,-10,204.44707686446384
-9,-10,50.0
-9,-9,212.42563877806373
-9,-9,203.18766005832876
-9,-9,79.71818921880727
-10,-9,179.75525164041994
-10,-9,127.40451561516856
-10,-9,100.02024775507978
-10,-8,71.86535885001153
-10,-8,219.26589660616207
-10,-8,172.27426785764584
-11,-8,293.2070631317068
-11,-8,221.9438010029839
-11,-8,213.53332797286274
-12,-8,162.98225021410673
-12,-8,112.51953888735457
-12,-8,332.28110380020314
-12,-7,173.39984527187318
-12,-7,90.07817444278578
-12,-7,50.0
-13,-7,214.47601464495267
-13,-7,159.85331506337639
-13,-7,193.52376379502323
-12,-7,121.64435105563743
-12,-7,221.54382756254967
-12,-7,50.0
-12,-8,112.34976072153165
-12,-8,347.678788715846
-12,-8,383.5731090037635
-12,-9,50.0
-12,-9,50.0
-12,-9,50.0
-11,-9,189.01141576033
-11,-9,50.0
-11,-9,377.27378945567284
-11,-8,204.76560949006134
-11,-8,242.73837659299141
-11,-8,108.88619089367012
-10,-8,50.0
-10,-8,74.41341417513662
-10,-8,190.47686634296582
-10,-7,335.0365500545191
-10,-7,191.33261840616296
-10,-7,204.57430420429213
-9,-7,423.67333070096925
-9,-7,288.29484700606315
-9,-7,290.66778181396495
-9,-6,183.6341687638032
-9,-6,50.0
-9,-6,305.060687726569
-9,-5,281.8960631855455
-9,-5,388.3408975434475
-9,-5,332.0393126442914
-9,-4,296.7752237130314
-9,-4,264.952287364497
-9,-4,50.0
-8,-4,148.93288004842563
-8,-4,260.2796102791348
-8,-4,185.6855037393194
-8,-5,163.09560051026563
-8,-5,176.8399350653591
-8,-5,269.58134451588745
-8,-6,300.0141993320581
-8,-6,156.96969865967063
-8,-6,199.3568069533678
-8,-7,199.73909384729967
-8,-7,312.56058436873985
-8,-7,54.38548987227557
-8,-6,274.09309204255294
-8,-6,152.53521258921938
-8,-6,238.17885143677375
-8,-5,183.91149532781833
-8,-5,270.4985475587497
-8,-5,374.5157324610936
-8,-4,158.07654970261288
-8,-4,327.839945670326
-8,-4,155.46428433398378
-8,-3,78.07309294932
-8,-3,81.72182141204954
-8,-3,267.3607114571589
-8,-2,318.63770985415243
-8,-2,150.19721066627702
-8,-2,199.90542768890512
-8,-1,207.2784284822461
-8,-1,125.89339518397982
-8,-1,142.17061269865667
-8,0,247.7111378272488
-8,0,167.26725423435968
-8,0,310.44494350632834
-7,0,155.0958115778501
-7,0,380.19378612695124
-7,0,257.0371292819688
-6,0,175.91363554592016
-6,0,328.60954142579664
-6,0,247.9920990788137
-5,0,269.7762650996217
-5,0,329.83917702129054
-5,0,323.05443310322704
-4,0,309.4925701982853
-4,0,301.46007930213494
-4,0,450.8784205500169
-3,0,270.693521561068
-3,0,212.8489631248133
-3,0,217.35402354050075
-2,0,178.76046787644108
-2,0,433.11161251253134
-2,0,50.0
-2,-1,388.37934071804335
-2,-1,318.62388766836835
-2,-1,243.12755889356603
-2,-2,303.12823340475893
-2,-2,457.42417062472936
-2,-2,287.83413175315724
-1,-2,329.1093421607794
-1,-2,488.2808426656818
-1,-2,530.028667475297
0,-2,418.6988444524272
0,-2,218.66188397434428
0,-2,346.1805874410441
1,-2,189.1916351763253
1,-2,374.22959944530186
1,-2,489.21666800229013
2,-2,417.84040581591864
2,-2,329.9044061210025
2,-2,178.625667698805
2,-3,168.01821881809593
2,-3,304.4716092215582
2,-3,169.0418604289015
3,-3,367.2690066196003
3,-3,240.35908927375687
3,-3,284.508595975105
4,-3,374.43623506201556
4,-3,484.5593805522651
4,-3,164.8073037738181
5,-3,299.9037791957314
5,-3,170.19721541301914
5,-3,116.8603216486175
6,-3,239.69429404727384
6,-3,185.10138468951283
6,-3,283.23237397268025
7,-3,391.49923270263434
7,-3,368.8372957641976
7,-3,377.8305506796542
6,-3,215.96600575116463
6,-3,189.6154978623253
6,-3,231.60728094712775
6,-4,90.1929559353635
6,-4,270.3239955317476
6,-4,50.0
6,-5,50.0
6,-5,329.5356147863796
6,-5,246.60447899240015
5,-5,290.2614101667964
5,-5,286.15587845635116
5,-5,356.8537541012463
6,-5,277.5321993463771
6,-5,369.357115312128
6,-5,288.8905806367931
5,-5,77.35522347914235
5,-5,430.3718445819881
5,-5,179.1350131181929
5,-4,433.13356875007594
5,-4,264.8987610216673
5,-4,50.0
5,-5,113.62733819574851
5,-5,494.5682684591155
5,-5,403.2283599542783
5,-6,314.03402163652055
5,-6,276.93634246995015
5,-6,122.65001118265526
6,-6,173.97491785809376
6,-6,454.31530689982594
6,-6,256.7571053493138
6,-7,447.218959186772
6,-7,137.42450102101827
6,-7,222.95139647625632
6,-6,177.13869349783351
6,-6,50.0
6,-6,50.0
7,-6,137.3560411898036
7,-6,367.5650558911028
7,-6,268.21348117361964
7,-7,110.23611511063152
7,-7,268.79491915010374
7,-7,77.41761858327192
7,-8,215.21797568722215
7,-8,390.2343873767222
7,-8,75.3186715171035
6,-8,425.89672603690565
6,-8,407.5860102219286
6,-8,168.43583997293368
7,-8,155.63465664272172
7,-8,257.8466618313091
7,-8,246.765460958292
7,-9,53.07146688689754
7,-9,280.656326468938
7,-9,173.3472313585517
8,-9,160.75971271074252
8,-9,200.02942234353392
8,-9,104.44840752838192
9,-9,261.9611595879092
9,-9,181.5780311728568
9,-9,50.0
10,-9,160.84499856082385
10,-9,317.90313502174575
10,-9,50.0
9,-9,161.99147363186887
9,-9,260.9717430367064
9,-9,163.28230555374893
9,-10,317.87501028607375
9,-10,50.0
9,-10,170.80282042553566
10,-10,190.07573636804557
10,-10,168.49073776340106
10,-10,278.3163315675904
11,-10,103.11379446570278
11,-10,56.87707949264439
11,-10,181.1465982870414
12,-10,206.50855516779697
12,-10,293.128044208422
12,-10,50.0
12,-11,50.0
12,-11,50.0
12,-11,50.0
13,-11,132.1009203243205
13,-11,50.0
13,-11,113.8970040488357
13,-12,253.13844495890166
13,-12,50.0
13,-12,50.0
14,-12,83.00984312559764
14,-12,281.9995171274269
14,-12,125.95039514656774
15,-12,50.0
15,-12,58.53073308510875
15,-12,50.0
16,-12,50.0
16,-12,50.0
16,-12,50.0
17,-12,50.0
17,-12,50.0
17,-12,51.6000286676587
18,-12,50.0
18,-12,91.54195074038277
18,-12,61.580006482205704
19,-12,50.0
19,-12,94.94508976131367
19,-12,50.0
20,-12,50.0
20,-12,71.20062053763608
20,-12,50.0
20,-11,113.08143527554736
20,-11,50.0
20,-11,50.0
20,-10,50.0
20,-10,50.0
20,-10,50.0
20,-9,107.77508508659523
20,-9,84.52118064002966
20,-9,347.254145221305
20,-8,50.0
20,-8,98.61006458468484
20,-8,50.0
20,-9,128.7523042743761
20,-9,71.12190689135144
20,-9,180.70092029496286
20,-8,122.01438929271117
20,-8,50.0
20,-8,50.0
20,-7,192.84950147799066
20,-7,50.0
20,-7,50.0
20,-6,50.0
20,-6,50.0
20,-6,202.45645741717072
20,-5,198.439500462845
20,-5,90.41788409620389
20,-5,50.0
20,-4,50.0
20,-4,107.59084524557738
20,-4,50.0
20,-3,50.0
20,-3,50.0
20,-3,50.148570013230604
20,-4,148.36422938973953
20,-4,189.99349321268494
20,-4,50.0
19,-4,113.23809761541104
19,-4,50.0
19,-4,188.08248450305808
18,-4,50.0
18,-4,208.26340276351937
18,-4,50.0
17,-4,50.0
17,-4,205.06999652538784
17,-4,225.76943639584195
17,-3,53.8475204880353
17,-3,50.0
17,-3,50.0
17,-4,50.0
17,-4,98.55372140666418
17,-4,135.4356303452566
17,-3,50.0
17,-3,50.0
17,-3,50.0
17,-2,50.0
17,-2,114.86565161136349
17,-2,50.0
17,-3,50.0
17,-3,91.75534938969965
17,-3,260.37652285974434
16,-3,50.0
16,-3,50.0
16,-3,50.0
16,-4,50.0
16,-4,175.21200511216136
16,-4,198.07006507105507
16,-3,219.78690283036335
16,-3,50.0
16,-3,222.55341977938798
16,-4,264.09089956820435
16,-4,129.97610638896785
16,-4,174.21149817631732
16,-3,252.72914706596998
16,-3,120.88648481712958
16,-3,93.41277331748509
16,-2,50.0
16,-2,50.0
16,-2,132.20905885261263
16,-1,234.5044663894158
16,-1,50.0
16,-1,124.22868579748969
16,-2,193.26878436618
16,-2,50.0
16,-2,50.0
16,-1,50.0
16,-1,208.62024020442888
16,-1,50.0
15,-1,112.56630114472541
15,-1,64.37139532601174
15,-1,50.0
15,0,66.21190082109223
15,0,229.25711494463604
15,0,103.2317863747122
15,1,129.7810887153355
15,1,50.0
15,1,84.12344027607605
15,2,159.2805425073165
15,2,226.38222413959477
15,2,91.10985687492956
15,3,204.1890195004562
15,3,95.06613912885962
15,3,50.0
15,4,171.12139534253882
15,4,197.35384737156136
15,4,116.67936355679925
15,3,50.0
15,3,410.511332385977
15,3,307.0672280701728
14,3,153.98293570411522
14,3,272.2454091736822
14,3,224.18212567563705
14,2,50.0
14,2,129.34320307077962
14,2,154.53373699951416
13,2,263.54948230449105
13,2,98.0177154984898
13,2,130.50596936848098
13,3,113.69752857049407
13,3,50.0
13,3,139.0050076559349
14,3,147.07445595154877
14,3,79.54132449523848
14,3,295.34067295254295
14,4,373.3309319085409
14,4,142.5375684063125
14,4,175.93495808863037
14,5,304.13612211299886
14,5,50.0
14,5,311.54854329438194
14,6,104.95749846656138
14,6,112.60331223232964
14,6,278.9611889227074
13,6,50.0
13,6,318.7187912848391
13,6,275.90028337318756
13,7,380.9260389706628
13,7,124.0377215935031
13,7,118.84125720588796
12,7,137.14595231700187
12,7,315.9438926520518
12,7,141.38803946310153
12,6,261.8455151462581
12,6,150.3921214489476
12,6,127.2598947321306
12,7,231.83268598762797
12,7,50.0
12,7,222.60325064048723
12,8,330.7564591294038
12,8,175.19857768820108
12,8,50.0
12,9,127.17768672245386
12,9,89.35594451276091
12,9,115.69501188096973
11,9,85.91462414329474
11,9,219.90692311289553
11,9,50.0
11,10,50.0
11,10,221.87751023958924
11,10,100.44649293801973
11,11,76.66448851544224
11,11,206.99755140842382
11,11,50.0
11,12,343.85824493462724
11,12,327.39825667838704
11,12,50.0
11,13,50.0
11,13,50.0
11,13,50.0
10,13,50.0
10,13,194.63687419184527
10,13,183.31622773727503
10,14,162.09422343971207
10,14,146.78067278529815
10,14,278.8403366722167
10,15,113.81402312087401
10,15,50.0
10,15,88.39877613599222
9,15,50.0
9,15,69.35136910896848
9,15,50.0
8,15,50.0
8,15,50.0
8,15,266.64131334569305
8,16,50.0
8,16,66.901654249832
8,16,50.0
7,16,50.0
7,16,73.91671531267004
7,16,220.50860989092007
6,16,50.0
6,16,172.53447726691334
6,16,50.0
5,16,422.20668794228413
5,16,50.0
5,16,359.977597012671
4,16,348.8376688211081
4,16,61.95591687398104
4,16,325.86213677703137
3,16,50.0
3,16,71.41244474564226
3,16,61.092521501679855
2,16,50.0
2,16,98.43996491607979
2,16,167.34112893038986
1,16,50.0
1,16,75.16863769473335
1,16,161.0093731731767
0,16,89.59623198214912
0,16,231.69432661798896
0,16,150.09950083127373
0,15,110.92566896177455
0,15,212.4719116121156
0,15,301.3284470970368
-1,15,207.76516757291498
-1,15,186.99833510455673
-1,15,50.0
-1,14,360.56616329596
-1,14,219.90155325302533
-1,14,50.0
-1,13,455.5997332210908
-1,13,333.59608934866924
-1,13,164.49896223814852
-2,13,217.0158239072776
-2,13,167.9297830947437
-2,13,338.08750927982817
-3,13,259.23139187607717
-3,13,352.5046615967691
-3,13,51.695278164259804
-3,12,50.0
-3,12,299.9265970561828
-3,12,497.0051084746732
-4,12,50.0
-4,12,235.2277969067088
-4,12,102.44736742698328
-5,12,85.29713566186737
-5,12,401.04808657136346
-5,12,60.934499077756755
-5,11,90.98910140436898
-5,11,259.41482837864476
-5,11,230.5125368631284
-5,10,203.30582875644023
-5,10,76.4446170184512
-5,10,288.500376922629
-5,11,401.726965898349
-5,11,130.33226826120728
-5,11,221.27084812786956
-5,10,103.8867461606942
-5,10,77.21749667271916
-5,10,285.3053375580031
-5,9,288.7156760026791
-5,9,431.8849485539956
-5,9,258.5963513294569
-5,8,295.1673499735145
-5,8,456.3468197832313
-5,8,55.235231898158446
-4,8,50.0
-4,8,464.8438709392693
-4,8,309.42883578107825
-5,8,131.18806794885805
-5,8,231.14306575932798
-5,8,230.9805450753168
-5,7,282.73089337164214
-5,7,353.0869763865839
-5,7,257.15306162168514
-5,6,510.8505043646904
-5,6,164.37154163530963
-5,6,174.2845139102631
-5,7,354.70959845117204
-5,7,76.13434552102942
-5,7,205.75826676669075
-4,7,207.70684859689894
-4,7,50.0
-4,7,269.1894665611162
-4,6,131.01646141494052
-4,6,565.7797597868498
-4,6,248.07211780589208
-4,7,176.41784458588762
-4,7,219.7269674571721
-4,7,129.19321545586365
-5,7,50.0
-5,7,182.76004666907073
-5,7,251.4977756258394
-6,7,277.71637563608897
-6,7,358.99817745715825
-6,7,262.71898502710366
-6,6,228.3353965093987
-6,6,268.97988690656393
-6,6,126.99932719998746
-6,5,170.300081620228
-6,5,176.91001909763781
-6,5,187.62269117030195
-7,5,61.517095178890486
-7,5,110.78028608468239
-7,5,172.27387054737903
-7,6,291.891821629609
-7,6,154.45773996608978
-7,6,81.89199976175954
-8,6,207.3218090293195
-8,6,389.32604823436424
-8,6,303.32809445306856
-8,5,192.87745305571687
-8,5,50.0
-8,5,485.3049552813975
-8,4,50.0
-8,4,148.35009628124664
-8,4,388.36494126788875
-8,3,149.88075660970551
-8,3,199.01427299289557
-8,3,122.36451865535844
-8,2,227.68047462897468
-8,2,310.7550582423278
-8,2,303.04971631807433
-9,2,238.4859818418593
-9,2,206.06601929135104
-9,2,365.824180222437
-9,1,248.7887161369258
-9,1,67.66708451221851
-9,1,187.8903284513355
-9,0,452.32914397066753
-9,0,263.46587072480895
-9,0,384.6823344764529
-9,-1,321.24729512258733
-9,-1,154.02832732633573
-9,-1,50.0
-9,-2,50.0
-9,-2,393.80267287352905
-9,-2,203.27162864111853
-9,-3,226.67305379344663
-9,-3,282.9653967646847
-9,-3,459.83073433897675
-10,-3,359.9805154468952
-10,-3,310.00687083615685
-10,-3,122.04185529581575
-11,-3,174.84156841190008
-11,-3,233.2784066393379
-11,-3,174.2389051589007
-11,-4,231.26297814666023
-11,-4,50.0
-11,-4,223.28357668082296
-12,-4,397.0209611795387
-12,-4,221.2321067536017
-12,-4,50.0
-12,-3,50.0
-12,-3,76.69938288654366
-12,-3,307.7142208451078
-12,-4,120.24834330017346
-12,-4,170.47234400906416
-12,-4,331.07251389764053
-12,-5,96.7993150262663
-12,-5,50.0
-12,-5,54.77225418207465
-12,-6,174.0651301128079
-12,-6,50.0
-12,-6,211.61258579499022
-12,-7,84.89794776834354
-12,-7,318.9841190935997
-12,-7,132.5222844069954
-12,-8,63.77623092647516
-12,-8,52.46593643272074
-12,-8,166.16807214325976
-12,-9,185.92335638118942
-12,-9,50.0
-12,-9,50.0
-12,-10,170.84720594915018
-12,-10,174.87367938184863
-12,-10,138.12344299573184
-12,-11,149.28230037545865
-12,-11,119.77723394227316
-12,-11,209.0837693427403
-12,-12,206.3860288132177
-12,-12,131.65169710716302
-12,-12,52.36288962523213
-12,-13,50.0
-12,-13,50.0
-12,-13,50.0
-13,-13,50.0
-13,-13,50.0
-13,-13,76.61595622757777
-13,-14,50.0
-13,-14,137.99189310756805
-13,-14,242.48290013268937
-14,-14,132.98555989141613
-14,-14,50.0
-14,-14,151.4132206201939
-14,-15,50.0
-14,-15,50.0
-14,-15,50.0
-14,-16,50.0
-14,-16,336.4291016312786
-14,-16,53.47072358595894
-15,-16,50.0
-15,-16,50.0
-15,-16,210.47718042005525
-15,-17,86.58180431403314
-15,-17,225.73981588169914
-15,-17,286.34661852069235
-15,-18,187.71507536765355
-15,-18,50.0
-15,-18,50.0
-15,-19,50.0
-15,-19,50.0
-15,-19,228.37669792504744
-15,-20,50.0
-15,-20,50.0
-15,-20,50.0
-16,-20,50.0
-16,-20,50.0
-16,-20,50.0
-16,-19,50.0
-16,-19,50.0
-16,-19,50.0
-16,-18,90.40431359449146
-16,-18,50.0
-16,-18,50.0
-15,-18,133.09025103890013
-15,-18,50.0
-15,-18,67.7559515303269
-16,-18,50.0
-16,-18,50.0
-16,-18,50.0
-17,-18,50.0
-17,-18,50.0
-17,-18,85.0081435982334
-16,-18,133.67027338005545
-16,-18,173.21534060979488
-16,-18,70.23163018795606
-16,-17,147.7043873137452
-16,-17,50.0
-16,-17,73.41290936744234
-17,-17,50.0
-17,-17,50.0
-17,-17,50.0
-17,-16,50.0
-17,-16,122.73909065741148
-17,-16,125.84192315401154
-16,-16,50.0
-16,-16,205.68354392021345
-16,-16,50.0
-16,-15,53.77563649393777
-16,-15,50.0
-16,-15,258.43867536056297
-15,-15,50.0
-15,-15,50.0
-15,-15,128.11048860185883
-15,-14,126.6352795769726
-15,-14,50.0
-15,-14,50.0
-15,-13,50.0
-15,-13,50.0
-15,-13,50.0
-15,-12,50.0
-15,-12,257.9761734458572
-15,-12,281.4802178934361
-15,-13,50.0
-15,-13,50.0
-15,-13,50.0
-14,-13,50.0
-14,-13,50.0
-14,-13,102.16807244666929
-14,-12,50.0
-14,-12,165.90738693151758
-14,-12,160.2630813119191
-14,-13,67.61200537085298
-14,-13,50.0
-14,-13,266.0830906571417
-14,-12,50.0
-14,-12,115.53191102007551
-14,-12,50.0
-13,-12,147.18651618930986
-13,-12,151.2682367112393
-13,-12,188.22854191246873
-13,-13,50.0
-13,-13,104.42257021656845
-13,-13,50.0
-13,-12,74.80251406813716
-13,-12,94.52923667563624
-13,-12,50.0
-13,-11,346.24217774819033
-13,-11,50.0
