11,4,307.36699405715876
11,4,202.80040263541406
10,4,53.61998187369559
10,4,50.0
10,4,180.2633722796615
9,4,264.78640744915396
9,4,70.74460250313473
9,4,127.73360173966995
9,5,98.93193523832673
9,5,179.62438654348563
9,5,240.109234243911
9,6,264.6373425870172
9,6,241.07483378827632
9,6,114.73701531286252
9,7,165.9502888242156
9,7,458.80427343807594
9,7,117.60436539176544
8,7,242.0899821954854
8,7,59.33304359591898
8,7,326.7883320272745
8,8,50.0
8,8,588.7734094061689
8,8,360.8937302619744
7,8,336.74547054749155
7,8,282.49194300284194
7,8,305.0271669999962
8,8,252.39528773082134
8,8,283.8063291101013
8,8,252.9355026495935
8,7,50.0
8,7,425.12916621745933
8,7,160.78745973288773
8,6,278.13959880086435
8,6,316.9842617079331
8,6,150.74706031547834
8,5,373.94702587271433
8,5,282.5920849330641
8,5,129.65066824917926
9,5,120.5879388574938
9,5,128.61847598701897
9,5,278.83375435169194
9,4,227.3058913239959
9,4,50.0
9,4,192.22883902517202
10,4,128.14590903674423
10,4,182.03979484560827
10,4,263.6566245719435
11,4,201.7242980408538
11,4,286.54286974329034
11,4,297.6070605830171
10,4,353.26575636149596
10,4,269.9368551858957
10,4,263.11722582177293
9,4,301.08310998849913
9,4,223.8822936537345
9,4,174.878317019031
8,4,354.8504162554343
8,4,245.2100982427205
8,4,103.4328767915811
8,3,358.2099856926453
8,3,344.0767865144061
8,3,50.0
8,2,382.0638068859181
8,2,295.3145851374237
8,2,241.46495876119693
7,2,341.19768572971503
7,2,298.6287938656176
7,2,195.30505672806555
7,1,396.4531497661371
7,1,164.84227015357266
7,1,280.1310907814117
6,1,434.9254104780486
6,1,341.8019372986064
6,1,301.97623456019676
6,0,214.91559960036872
6,0,406.96345271020044
6,0,124.25203453624786
6,-1,247.8869279843369
6,-1,189.7882804262098
6,-1,456.1123817444933
7,-1,238.67372620036522
7,-1,84.70229044276778
7,-1,288.4803598066232
7,0,405.92864389714146
7,0,196.0077603436604
7,0,237.7928615017962
6,0,96.33424886645733
6,0,131.62914269946725
6,0,277.0467534931237
5,0,369.2180799269533
5,0,298.3194275808629
5,0,233.0773467385497
5,-1,308.64762242251106
5,-1,102.64000372261495
5,-1,312.96427991746685
6,-1,402.6681674799793
6,-1,284.47654889474825
6,-1,321.2434467771199
6,-2,310.4959597254313
6,-2,257.22921119729597
6,-2,270.8130586589991
6,-1,191.05866610821744
6,-1,165.46928434385217
6,-1,201.39554486686902
5,-1,224.262263885903
5,-1,189.4391346317887
5,-1,372.2234921013474
5,-2,142.81903294695144
5,-2,310.67736338914614
5,-2,273.8041966146814
4,-2,211.58004676798203
4,-2,263.361557471236
4,-2,139.67126989159527
4,-3,348.8984446937332
4,-3,356.0892707791453
4,-3,287.1954272781875
4,-4,117.38537710856338
4,-4,308.61276261686186
4,-4,322.60981109464257
4,-3,362.6334110973054
4,-3,298.48648700608857
4,-3,344.6288916681428
4,-4,184.96263893159303
4,-4,452.7237516456835
4,-4,297.6352996719221
3,-4,427.01726098788896
3,-4,415.98667496638444
3,-4,293.4138864026667
2,-4,351.98586765757153
2,-4,249.9128906700313
2,-4,211.1821344966107
2,-3,597.5224336377548
2,-3,407.14397285369836
2,-3,379.30126609274254
1,-3,307.16064780285427
1,-3,575.6261901789675
1,-3,304.3964562876866
1,-4,163.18360170983325
1,-4,54.18163774252193
1,-4,178.92099436533
1,-5,124.53039026267936
1,-5,256.56988500415
1,-5,70.78276960688802
1,-6,310.94145309508417
1,-6,143.1632202923722
1,-6,342.6014566001167
2,-6,108.45982877756896
2,-6,221.56472452209624
2,-6,176.1745320620331
2,-5,361.70699785741556
2,-5,371.78885821885206
2,-5,50.0
3,-5,110.23543433210955
3,-5,210.52265240898979
3,-5,127.66186951247067
3,-6,50.0
3,-6,326.0980895583872
3,-6,121.36917691384701
3,-7,306.6278554070906
3,-7,306.79875808228513
3,-7,279.38195979290725
3,-6,401.9815422597221
3,-6,488.69869629665425
3,-6,435.8955749030389
3,-7,448.742559470151
3,-7,414.90410542491617
3,-7,221.13908104964318
3,-6,298.9387980269049
3,-6,50.0
3,-6,281.6358423556663
2,-6,157.85631769579177
2,-6,388.7501693565752
2,-6,400.1744333837893
1,-6,484.9914862210726
1,-6,50.0
1,-6,233.8006002427312
0,-6,341.64020273140864
0,-6,307.1253758496799
0,-6,271.78965395272365
-1,-6,443.932212080368
-1,-6,246.75128992987376
-1,-6,57.69159039330236
-2,-6,50.0
-2,-6,380.9619748023391
-2,-6,50.0
-2,-5,398.3013501336637
-2,-5,50.0
-2,-5,229.54971559678182
-2,-4,328.30276262494425
-2,-4,172.36635346149913
-2,-4,316.0285228997978
-2,-5,260.3570552457103
-2,-5,92.46505673749914
-2,-5,347.2092427833979
-3,-5,230.34538504010288
-3,-5,277.93956026015763
-3,-5,238.61789414522465
-3,-6,241.23757421624768
-3,-6,337.2617821778537
-3,-6,344.72702457518295
-4,-6,306.3463082433792
-4,-6,295.04085940700264
-4,-6,124.04607652386724
-4,-5,414.38307211099027
-4,-5,295.16363500623777
-4,-5,233.1708091262378
-4,-6,268.72453657603114
-4,-6,79.88923954049525
-4,-6,82.34625263942209
-4,-7,50.0
-4,-7,187.14535803132156
-4,-7,197.18053519018252
-4,-8,204.02033899482703
-4,-8,120.45443213079929
-4,-8,176.73931502836817
-4,-7,579.0978909668459
-4,-7,50.0
-4,-7,67.58906359783737
-4,-8,152.66101622462452
-4,-8,357.57486058976156
-4,-8,149.63793129132068
-4,-9,150.07461056686088
-4,-9,138.8533317392097
-4,-9,228.20886930057168
-4,-10,217.41370548640248
-4,-10,50.0
-4,-10,336.6097157241145
-4,-11,50.0
-4,-11,368.5497776435678
-4,-11,50.0
-4,-12,51.543281889434695
-4,-12,50.0
-4,-12,137.522405592756
-5,-12,224.15836288386132
-5,-12,50.0
-5,-12,231.57185224869517
-4,-12,112.0696250749495
-4,-12,50.0
-4,-12,299.69034638437955
-3,-12,241.92321742637574
-3,-12,324.39243599019846
-3,-12,176.36605655577245
-4,-12,50.0
-4,-12,201.94823219011806
-4,-12,177.2367718005209
-5,-12,97.92452532160863
-5,-12,50.0
-5,-12,233.2690099476511
-6,-12,324.8527083550405
-6,-12,129.75985277757064
-6,-12,302.18689807125975
-7,-12,146.82607347928325
-7,-12,51.61186069029411
-7,-12,95.56210050452263
-8,-12,181.243347649085
-8,-12,234.07489621628713
-8,-12,90.58411140467614
-8,-11,147.46582376273457
-8,-11,161.79020398406053
-8,-11,50.0
-8,-12,192.93894179426587
-8,-12,156.59580372299786
-8,-12,50.0
-8,-11,131.87629041649367
-8,-11,197.82122462572622
-8,-11,50.0
-8,-10,50.0
-8,-10,389.8316813218595
-8,-10,160.382427017181
-9,-10,230.01838120788074
-9,-10,50.0
-9,-10,151.84881336066024
-9,-9,348.78802179337276
-9,-9,50.0
-9,-9,333.0212063412241
-10,-9,249.82895259430558
-10,-9,221.77088628411437
-10,-9,58.834428044042525
-10,-8,332.61183268348833
-10,-8,81.17864015540125
-10,-8,331.57968066045044
-11,-8,50.0
-11,-8,69.2187626561366
-11,-8,176.4147640914618
-12,-8,53.283290468251224
-12,-8,50.0
-12,-8,89.78785775053291
-12,-7,50.0
-12,-7,176.37802046381972
-12,-7,314.60355731884795
-13,-7,125.12669387422534
-13,-7,50.0
-13,-7,57.4578760748102
-12,-7,200.4542038690028
-12,-7,128.46043103186634
-12,-7,84.07992677168066
-12,-8,96.00575371327876
-12,-8,196.54447290684615
-12,-8,50.0
-12,-9,242.4658121171612
-12,-9,180.3581985840646
-12,-9,130.30755158937373
-11,-9,223.16950257671846
-11,-9,183.3833292054801
-11,-9,155.11663062997872
-11,-8,86.4686198320826
-11,-8,85.7431244949299
-11,-8,105.05615561269053
-10,-8,50.0
-10,-8,193.20919737804934
-10,-8,120.41620848825747
-10,-7,170.77723445426568
-10,-7,262.12853910161084
-10,-7,50.0
-9,-7,151.33591983407746
-9,-7,419.76279235743135
-9,-7,223.72035368447897
-9,-6,176.394102730238
-9,-6,457.21286650333616
-9,-6,50.0
-9,-5,277.6596389456345
-9,-5,162.9830716135661
-9,-5,280.8247043717015
-9,-4,50.0
-9,-4,50.0
-9,-4,72.03215500777404
-8,-4,227.85617472590738
-8,-4,50.0
-8,-4,282.90031032957245
-8,-5,159.57801732365465
-8,-5,73.33783403305864
-8,-5,381.48804729078864
-8,-6,307.5389230469736
-8,-6,214.24246135579534
-8,-6,257.9419176647384
-8,-7,353.956465649455
-8,-7,298.0869338914612
-8,-7,243.2975312534189
-8,-6,424.1958619455413
-8,-6,181.60746318515794
-8,-6,383.2240732637531
-8,-5,330.9535360918574
-8,-5,292.8981377013678
-8,-5,86.23819980081123
-8,-4,304.4855681316769
-8,-4,161.61189860935474
-8,-4,371.5082791853927
-8,-3,206.97998950123124
-8,-3,136.779835893631
-8,-3,522.7692287024196
-8,-2,294.1573999738737
-8,-2,389.7636489628026
-8,-2,429.374255395425
-8,-1,298.95306220686103
-8,-1,205.51265399552273
-8,-1,368.240520676828
-8,0,159.48285952500055
-8,0,348.6452030051636
-8,0,236.9619584132031
-7,0,414.28082380834775
-7,0,433.30863941054736
-7,0,326.7403913951579
-6,0,195.9593981850735
-6,0,219.35037922027075
-6,0,126.96149326211798
-5,0,330.5781103839262
-5,0,267.10227612953565
-5,0,371.35518572583464
-4,0,434.54550993642806
-4,0,223.23876205544136
-4,0,326.3913426088804
-3,0,231.33857476550565
-3,0,426.3539509268197
-3,0,385.9935646837883
-2,0,461.9783316302372
-2,0,197.1454109967687
-2,0,237.3388118438161
-2,-1,294.5621137077696
-2,-1,471.24019586910015
-2,-1,443.90367931734056
-2,-2,375.7015103072733
-2,-2,195.17167249396195
-2,-2,137.4798658198115
-1,-2,452.0282066844531
-1,-2,245.68359768951188
-1,-2,419.3295381777325
0,-2,461.51784352121524
0,-2,389.7557430811793
0,-2,595.5043298430221
1,-2,368.9190236788408
1,-2,381.1701186328322
1,-2,519.5250532578839
2,-2,458.23236291394096
2,-2,342.2356421695324
2,-2,454.97029240514695
2,-3,300.4778796250386
2,-3,522.9893709250764
2,-3,268.3621066893666
3,-3,411.31133140685506
3,-3,148.21013638350436
3,-3,206.7597732466994
4,-3,587.9013735200931
4,-3,110.54579150623726
4,-3,272.9386466039077
5,-3,213.02682167357665
5,-3,408.3031407496628
5,-3,193.70852421550737
6,-3,244.4328453046133
6,-3,230.83890701322176
6,-3,478.78063264874754
7,-3,255.33961492955603
7,-3,521.932373148547
7,-3,199.13162104629654
6,-3,172.2523170796442
6,-3,50.0
6,-3,338.8594820819768
6,-4,210.42371658470992
6,-4,331.44542979429514
6,-4,448.9601425670097
6,-5,190.39147224574464
6,-5,249.18025871586326
6,-5,194.2354965850677
5,-5,102.55102199917494
5,-5,385.5985830849297
5,-5,368.2416974590612
6,-5,370.5025499419951
6,-5,328.8683092598171
6,-5,672.4131892097216
5,-5,346.93599813792036
5,-5,112.94219940165948
5,-5,265.1047699498892
5,-4,267.7756039448086
5,-4,431.8854832932966
5,-4,369.53543864674066
5,-5,369.98391972217246
5,-5,199.35586049389087
5,-5,234.63225300880953
5,-6,293.5458500386908
5,-6,253.32337897364437
5,-6,231.60479318521635
6,-6,370.21719456065836
6,-6,161.9810704463137
6,-6,95.31635624304454
6,-7,212.27803229839984
6,-7,302.1439863735366
6,-7,100.156172334581
6,-6,50.0
6,-6,319.2681720674324
6,-6,50.0
7,-6,50.0
7,-6,235.854890482504
7,-6,204.18809761799224
7,-7,162.81976415606692
7,-7,50.0
7,-7,177.14938115530768
7,-8,50.0
7,-8,296.8410718518366
7,-8,228.88278677506213
6,-8,216.9798282648938
6,-8,245.02590451338938
6,-8,50.0
7,-8,50.0
7,-8,50.0
7,-8,78.10977078121218
7,-9,198.07588979619592
7,-9,456.97309047327485
7,-9,289.45500661646975
8,-9,286.2190033729548
8,-9,50.0
8,-9,103.09422510023941
9,-9,106.2823816297943
9,-9,87.31655470165268
9,-9,336.0210199385647
10,-9,146.18913140858294
10,-9,50.0
10,-9,73.79172878916648
9,-9,77.74830726398028
9,-9,50.0
9,-9,195.93600020259566
9,-10,153.2503494705879
9,-10,271.98366010047584
9,-10,50.0
10,-10,209.87160121770495
10,-10,281.50361953536446
10,-10,50.0
11,-10,119.01473895357327
11,-10,50.0
11,-10,214.95994034048368
12,-10,212.43970304300615
12,-10,79.95543684053911
12,-10,138.11421909981792
12,-11,58.49004752248245
12,-11,50.0
12,-11,50.124739464477514
13,-11,50.0
13,-11,228.07048849432857
13,-11,147.51532559473952
13,-12,145.42359837642397
13,-12,50.0
13,-12,296.90890327838775
14,-12,57.769925817835016
14,-12,50.0
14,-12,50.0
15,-12,115.8805238030246
15,-12,62.79596221041535
15,-12,50.0
16,-12,50.0
16,-12,50.0
16,-12,50.0
17,-12,166.741519878438
17,-12,161.9835883618428
17,-12,137.33916123648206
18,-12,157.18971215289153
18,-12,133.52026442770378
18,-12,202.7834879074104
19,-12,50.0
19,-12,50.0
19,-12,107.46202331077514
20,-12,99.37007544073519
20,-12,50.0
20,-12,50.0
20,-11,87.64335264155618
20,-11,50.0
20,-11,50.0
20,-10,50.0
20,-10,120.49314482704793
20,-10,91.17754060564106
20,-9,83.8730194249567
20,-9,121.34310184135747
20,-9,105.21098806457411
20,-8,227.1618123476712
20,-8,134.14526860546312
20,-8,50.0
20,-9,50.0
20,-9,50.0
20,-9,50.0
20,-8,50.0
20,-8,50.0
20,-8,50.0
20,-7,120.72010081313095
20,-7,50.0
20,-7,50.0
20,-6,50.0
20,-6,50.0
20,-6,50.0
20,-5,124.2392494274317
20,-5,93.60781807316914
20,-5,50.0
20,-4,160.52603127503141
20,-4,172.07625726406607
20,-4,465.46338164043993
20,-3,53.181681725153524
20,-3,154.06957439047898
20,-3,50.0
20,-4,167.8123276253944
20,-4,50.0
20,-4,324.3137394454713
19,-4,247.05117603947616
19,-4,292.3973106454977
19,-4,193.47063832073016
18,-4,290.21990217746094
18,-4,50.0
18,-4,77.03805071104196
17,-4,138.04782561856553
17,-4,50.0
17,-4,134.09898492658502
17,-3,262.25249178344393
17,-3,129.93226339393
17,-3,299.1496483751762
17,-4,91.91978491020267
17,-4,50.0
17,-4,50.0
17,-3,402.59396726371534
17,-3,50.0
17,-3,50.0
17,-2,50.0
17,-2,50.0
17,-2,144.78495723090458
17,-3,160.76794582744904
17,-3,128.82881643920524
17,-3,50.0
16,-3,58.286009714370046
16,-3,303.1314627167627
16,-3,50.0
16,-4,50.0
16,-4,197.1419758675413
16,-4,255.46593328202763
16,-3,50.0
16,-3,63.3818546256334
16,-3,50.0
16,-4,50.0
16,-4,50.0
16,-4,88.93025969595318
16,-3,107.1848847235285
16,-3,181.96570578284815
16,-3,50.0
16,-2,148.77390627175146
16,-2,160.980548713325
16,-2,272.2863239011905
16,-1,109.51411762382516
16,-1,241.44422017980568
16,-1,237.3847275672114
16,-2,50.0
16,-2,144.35864028062238
16,-2,112.21308648803594
16,-1,50.0
16,-1,56.22572565083864
16,-1,78.93458499855882
15,-1,119.16996736325166
15,-1,211.8128868070587
15,-1,264.88513988333034
15,0,412.5816959678931
15,0,216.12581542584158
15,0,222.96257395151812
15,1,109.58492779504151
15,1,50.0
15,1,273.617138239558
15,2,125.63969421832255
15,2,164.6207033989731
15,2,161.5126422275558
15,3,96.70184270237468
15,3,220.0558500695733
15,3,203.46542911051995
15,4,50.0
15,4,293.37701133047267
15,4,137.88518711343926
15,3,50.0
15,3,97.41776778252878
15,3,50.0
14,3,50.0
14,3,343.5738104179462
14,3,112.48091421800436
14,2,201.05727627404994
14,2,349.8593573650055
14,2,276.774953073612
13,2,397.1259552280367
13,2,235.0899923087099
13,2,244.84231051061647
13,3,176.20185099366688
13,3,50.0
13,3,238.90773670938216
14,3,50.0
14,3,134.5655622065474
14,3,142.95673402547015
14,4,50.0
14,4,75.03977262526621
14,4,326.91968743604355
14,5,50.0
14,5,91.59761820758804
14,5,50.0
14,6,151.04997074372577
14,6,137.6500094311537
14,6,58.05468480405254
13,6,290.0954531700003
13,6,299.64177306891406
13,6,255.83799595634036
13,7,144.9165013202718
13,7,50.0
13,7,108.65847716948453
12,7,258.70499305693676
12,7,50.0
12,7,99.20954406637173
12,6,50.0
12,6,144.25446022052415
12,6,167.81637596617807
12,7,120.58401773319008
12,7,220.33762023328228
12,7,305.23300859121235
12,8,183.21742135992832
12,8,179.72750523890306
12,8,170.31438780174716
12,9,182.58681594559306
12,9,62.54651066473379
12,9,50.0
11,9,171.47786982052665
11,9,180.95631123972368
11,9,50.0
11,10,238.42074821005028
11,10,50.0
11,10,292.89091955359305
11,11,50.0
11,11,144.5586587448468
11,11,50.0
11,12,50.0
11,12,50.0
11,12,103.50545332821623
11,13,50.0
11,13,263.22669988899213
11,13,60.8475728578819
10,13,125.79448187671028
10,13,78.47063718160695
10,13,50.0
10,14,148.55996127204608
10,14,222.86830413892494
10,14,50.0
10,15,96.80061300413382
10,15,50.0
10,15,188.93124813787338
9,15,58.419632325659116
9,15,292.7256782314491
9,15,226.49853251720415
8,15,50.0
8,15,50.0
8,15,93.39126737454808
8,16,183.05211439002204
8,16,50.0
8,16,50.0
7,16,50.0
7,16,129.51385210946285
7,16,50.0
6,16,197.54282750928047
6,16,205.38960495446753
6,16,50.0
5,16,50.0
5,16,136.9087776293229
5,16,142.32846043675832
4,16,96.97512729304927
4,16,58.506691010638775
4,16,238.3018051043971
3,16,131.63273599068782
3,16,50.0
3,16,264.36023421849217
2,16,50.0
2,16,134.13952647732557
2,16,53.400026317370596
1,16,50.0
1,16,50.0
1,16,164.37258075071648
0,16,50.0
0,16,63.74864089720932
0,16,180.67249298746083
0,15,152.8504603372737
0,15,213.261287897396
0,15,155.3845227753606
-1,15,324.5776816832997
-1,15,131.08798806752253
-1,15,205.90928144990298
-1,14,114.73421245933216
-1,14,298.507707700224
-1,14,81.08717991957553
-1,13,234.7031449730961
-1,13,224.21374531004568
-1,13,216.0071155899322
-2,13,176.3535513835675
-2,13,221.18939134617685
-2,13,244.5351286861229
-3,13,177.01637540414646
-3,13,288.7263015918011
-3,13,239.290685104003
-3,12,155.10995502537537
-3,12,148.50348534127733
-3,12,409.1572774051758
-4,12,180.19950942032756
-4,12,224.2029921127185
-4,12,260.9875824520786
-5,12,150.49289640437908
-5,12,50.0
-5,12,116.99128288325554
-5,11,56.44082284162255
-5,11,301.61157618616335
-5,11,224.1017699549588
-5,10,50.0
-5,10,134.5066501597451
-5,10,247.1423175552987
-5,11,137.08954486597375
-5,11,367.67901219164094
-5,11,208.43280458884868
-5,10,130.55974358999805
-5,10,322.98683501062345
-5,10,239.2394103875336
-5,9,243.7560879343464
-5,9,224.15493381899347
-5,9,428.59100491042625
-5,8,273.5884114815253
-5,8,50.0
-5,8,176.01829694212105
-4,8,203.2857027324797
-4,8,318.0369323558277
-4,8,313.4340490772943
-5,8,323.54074535559914
-5,8,308.78534260454614
-5,8,50.0
-5,7,258.699752662151
-5,7,112.21851813866289
-5,7,279.38631408419957
-5,6,268.1968604655773
-5,6,294.19292411310937
-5,6,150.39168519536702
-5,7,157.36525358684372
-5,7,107.52078728559002
-5,7,432.7517632358757
-4,7,116.00776025855701
-4,7,223.02274647559952
-4,7,667.7058636142006
-4,6,100.53427731821435
-4,6,187.16110961796255
-4,6,301.96651983456013
-4,7,372.90098318222033
-4,7,415.7320865851127
-4,7,286.60862233614637
-5,7,92.37578399235072
-5,7,237.79701159326456
-5,7,122.69005251591847
-6,7,193.72973701700354
-6,7,177.8444746260108
-6,7,122.98888980561995
-6,6,50.0
-6,6,503.759336001722
-6,6,360.4523960824448
-6,5,481.4311495653405
-6,5,147.0527414566908
-6,5,439.3443206610572
-7,5,59.45230887945286
-7,5,185.98428079124545
-7,5,608.8466564046573
-7,6,288.6240162888087
-7,6,242.2980628453755
-7,6,194.29318826532392
-8,6,287.6849657700343
-8,6,235.6438172518669
-8,6,209.3340101751795
-8,5,207.3635631758273
-8,5,222.05280095751172
-8,5,227.36277607830345
-8,4,306.5981303519649
-8,4,323.2189767012623
-8,4,330.62425518359436
-8,3,276.89639992608767
-8,3,310.8982033624145
-8,3,152.1095539683368
-8,2,168.43138929406877
-8,2,310.0866728574502
-8,2,339.85289812884866
-9,2,263.7333820541928
-9,2,172.87608366695977
-9,2,292.61047226243437
-9,1,280.0101745655489
-9,1,50.0
-9,1,102.03527637666767
-9,0,259.6607856489911
-9,0,206.0281788530127
-9,0,318.29808800304
-9,-1,106.39320057901514
-9,-1,356.45724022731684
-9,-1,241.83599914494715
-9,-2,195.69924388566625
-9,-2,72.71287011164492
-9,-2,197.42513423255303
-9,-3,195.4015910975788
-9,-3,106.8277262790672
-9,-3,424.4939304808447
-10,-3,68.24236926222832
-10,-3,50.0
-10,-3,136.14412211399343
-11,-3,243.8734748006334
-11,-3,334.4497822867387
-11,-3,220.72446144647412
-11,-4,256.8389230188831
-11,-4,268.29459918740895
-11,-4,281.09714485067656
-12,-4,164.87112577789742
-12,-4,50.0
-12,-4,228.1067004854861
-12,-3,176.01784892724044
-12,-3,236.01136976274267
-12,-3,211.42700758295527
-12,-4,50.0
-12,-4,293.1969632756485
-12,-4,50.0
-12,-5,284.5006061312394
-12,-5,73.56794383864282
-12,-5,115.14154947728892
-12,-6,138.14289333124017
-12,-6,50.0
-12,-6,233.79371790032116
-12,-7,304.4074177631636
-12,-7,278.70082464353203
-12,-7,84.72457322387196
-12,-8,50.0
-12,-8,358.96941578229325
-12,-8,224.47954663676728
-12,-9,258.3612371808284
-12,-9,213.70585843905923
-12,-9,168.40731819131213
-12,-10,176.50011006004294
-12,-10,50.0
-12,-10,50.0
-12,-11,231.07137569883915
-12,-11,141.7577813802445
-12,-11,233.65444909240944
-12,-12,54.82793989887557
-12,-12,253.51538331373766
-12,-12,62.797076304816
-12,-13,50.0
-12,-13,81.70331656008588
-12,-13,99.83473034159613
-13,-13,88.65139094432891
-13,-13,165.73285051054853
-13,-13,301.68584235128526
-13,-14,110.08020076869113
-13,-14,66.14764470363161
-13,-14,50.0
-14,-14,50.0
-14,-14,68.7389710550803
-14,-14,239.8365537953208
-14,-15,63.39073637293747
-14,-15,50.0
-14,-15,111.13049890546723
-14,-16,73.48215364120307
-14,-16,137.38055569633593
-14,-16,50.0
-15,-16,50.0
-15,-16,108.88041269766785
-15,-16,50.0
-15,-17,51.43402093829933
-15,-17,404.8892931143599
-15,-17,50.0
-15,-18,175.53565471692104
-15,-18,149.49018893674818
-15,-18,50.0
-15,-19,50.0
-15,-19,122.15048559536146
-15,-19,50.0
-15,-20,155.46628816338574
-15,-20,50.0
-15,-20,62.89290046429801
-16,-20,62.35387079357899
-16,-20,114.95043027451071
-16,-20,50.0
-16,-19,122.08471930687409
-16,-19,50.0
-16,-19,50.0
-16,-18,79.2450610406726
-16,-18,110.71519727452208
-16,-18,50.0
-15,-18,50.0
-15,-18,50.0
-15,-18,116.37432285694803
-16,-18,50.0
-16,-18,152.130386235501
-16,-18,50.0
-17,-18,218.62140778431524
-17,-18,50.0
-17,-18,175.68140417063992
-16,-18,50.0
-16,-18,275.77864041474083
-16,-18,50.0
-16,-17,129.5178296345132
-16,-17,50.0
-16,-17,50.0
-17,-17,50.0
-17,-17,50.0
-17,-17,224.6617298314091
-17,-16,80.78843422223507
-17,-16,108.7197668461943
-17,-16,82.76277789889042
-16,-16,50.0
-16,-16,50.0
-16,-16,50.0
-16,-15,50.0
-16,-15,50.0
-16,-15,288.50056301213783
-15,-15,50.0
-15,-15,140.26268509088175
-15,-15,50.0
-15,-14,88.39882404565671
-15,-14,50.0
-15,-14,97.2951523237894
-15,-13,59.169886558429894
-15,-13,50.0
-15,-13,50.0
-15,-12,50.0
-15,-12,76.38953357137504
-15,-12,50.0
-15,-13,50.0
-15,-13,50.0
-15,-13,55.73992837574338
-14,-13,118.8798349122612
-14,-13,187.20051170294948
-14,-13,50.0
-14,-12,90.0884448065235
-14,-12,319.78837284158044
-14,-12,65.29735405000137
-14,-13,214.26224688416568
-14,-13,50.0
-14,-13,80.6872466203249
-14,-12,50.0
-14,-12,289.7389700548007
-14,-12,84.99134807872531
-13,-12,55.468790231991655
-13,-12,50.0
-13,-12,128.61094062325057
-13,-13,199.4352745691885
-13,-13,50.0
-13,-13,50.0
-13,-12,148.03498426922877
-13,-12,67.26127993573348
-13,-12,188.2092552791184
-13,-11,50.0
-13,-11,207.6701626473184
