11,4,299.58641730137185
11,4,289.31965564813834
10,4,68.99124551746667
10,4,442.68668375542654
10,4,265.6233540673153
9,4,340.28952260491803
9,4,115.79441263104955
9,4,244.65117766833148
9,5,50.0
9,5,330.3949381273801
9,5,147.69259747552792
9,6,515.4421818030951
9,6,320.5931878478336
9,6,100.90756066117758
9,7,464.6963676315974
9,7,341.2803012337955
9,7,287.6859331368164
8,7,481.5831081609435
8,7,216.4817005035504
8,7,138.39467726989005
8,8,71.79995377785967
8,8,156.72515658516352
8,8,189.37941164634373
7,8,173.08786307308065
7,8,282.5385830794463
7,8,248.3574317596686
8,8,60.1633564177628
8,8,236.04940534728897
8,8,178.65977964514346
8,7,610.1765785583532
8,7,133.3627181210796
8,7,366.9489890717921
8,6,108.77453508835784
8,6,409.4643585332419
8,6,130.0553159834467
8,5,230.12293386634903
8,5,208.96653250650112
8,5,201.36884421822265
9,5,237.27565082239886
9,5,259.6038876572417
9,5,90.50438912541105
9,4,297.2193830838683
9,4,113.21661895510984
9,4,272.739849980375
10,4,285.98746664853627
10,4,156.53652790995835
10,4,253.72940321196148
11,4,100.02728491465035
11,4,387.0994930980629
11,4,50.0
10,4,70.35851192007732
10,4,154.0833524138867
10,4,205.7071448963057
9,4,158.1616314703976
9,4,128.85442966687373
9,4,388.23561925986814
8,4,212.64715410040014
8,4,163.82958081257925
8,4,316.0994772893268
8,3,320.1092262498103
8,3,245.72698472021153
8,3,276.6899128082962
8,2,202.7833493568068
8,2,208.6186335802161
8,2,95.05545432095767
7,2,203.48488745750245
7,2,200.17451116357677
7,2,501.8849048819502
7,1,514.2371626616875
7,1,288.014713499891
7,1,436.19339785063266
6,1,276.87992311256755
6,1,171.02612042429942
6,1,416.0448335197452
6,0,515.7426785140767
6,0,301.38751019850065
6,0,291.6436769099613
6,-1,53.29627051902631
6,-1,50.0
6,-1,191.27846368979698
7,-1,185.93056691533354
7,-1,501.5673527471034
7,-1,219.71650120773842
7,0,398.9273435339053
7,0,182.49311926552903
7,0,102.36879306793668
6,0,185.4519535771591
6,0,399.5518092426101
6,0,313.3072464832492
5,0,384.021550332734
5,0,390.560610391805
5,0,184.88913037300432
5,-1,275.1860380179049
5,-1,167.4635317963514
5,-1,590.5540392485238
6,-1,350.10071219433235
6,-1,274.4665639411124
6,-1,176.37982177569836
6,-2,354.17594742988723
6,-2,402.9492844562884
6,-2,424.62818366028057
6,-1,235.19494452809
6,-1,78.43448235871654
6,-1,226.79823981572548
5,-1,421.89763569114115
5,-1,407.3792472739832
5,-1,289.1879589324494
5,-2,333.6394604981265
5,-2,296.94775035969053
5,-2,276.8220188583483
4,-2,344.9585062476448
4,-2,357.1483494802767
4,-2,216.38063552885137
4,-3,313.955038092204
4,-3,349.3195192777448
4,-3,228.5357554752024
4,-4,443.8783199386568
4,-4,376.16055257438234
4,-4,114.24351960981602
4,-3,338.6343782231808
4,-3,393.58843256366845
4,-3,252.24810922036392
4,-4,332.0823463391907
4,-4,425.6341422156951
4,-4,164.34658984606364
3,-4,274.3376559358234
3,-4,507.52028515838794
3,-4,467.5173148135791
2,-4,343.1147973317202
2,-4,231.2216621699462
2,-4,402.0617158056196
2,-3,470.76012870176197
2,-3,397.59838211099947
2,-3,276.61868544216594
1,-3,390.14181837088086
1,-3,265.13214025310515
1,-3,383.4143401467814
1,-4,121.87658205736858
1,-4,367.06445548017575
1,-4,374.7793391894128
1,-5,391.15142233897757
1,-5,50.0
1,-5,266.65681341145023
1,-6,468.51238187635585
1,-6,109.4540170272854
1,-6,360.4847753154595
2,-6,363.26285109987117
2,-6,189.17443253728558
2,-6,271.0500291803272
2,-5,266.8401136190505
2,-5,71.46475551893346
2,-5,315.8866307448967
3,-5,306.45689757237517
3,-5,208.93399889971727
3,-5,435.8350371977614
3,-6,487.6535676175123
3,-6,315.2549830433868
3,-6,296.0148225597519
3,-7,170.15287118284755
3,-7,324.6209035855386
3,-7,366.9542707805665
3,-6,331.60371723606715
3,-6,387.7620266106107
3,-6,358.23862353635434
3,-7,379.1477554307544
3,-7,217.2310348757119
3,-7,158.08245127645782
3,-6,223.9505890247143
3,-6,262.2688647228254
3,-6,347.63590918157416
2,-6,525.3977724010545
2,-6,366.8704460746971
2,-6,279.1295598026763
1,-6,389.07509616390735
1,-6,247.3581177448865
1,-6,159.06771828297826
0,-6,119.17228437036053
0,-6,233.33449679609072
0,-6,212.16206334783692
-1,-6,379.43683519457994
-1,-6,355.7258598629836
-1,-6,431.867478108703
-2,-6,169.70055695411799
-2,-6,255.23737688200396
-2,-6,240.14848228818033
-2,-5,169.80467213500927
-2,-5,196.92245118012085
-2,-5,248.38145904542176
-2,-4,289.3722572311879
-2,-4,216.7749289022119
-2,-4,238.73166816134025
-2,-5,456.32934998283025
-2,-5,423.08468189383746
-2,-5,444.30302215463917
-3,-5,280.70838781519865
-3,-5,240.81347814360686
-3,-5,353.40046866961814
-3,-6,383.2045965514494
-3,-6,310.35213299675377
-3,-6,248.1420417302413
-4,-6,356.41930690161973
-4,-6,301.91772613417476
-4,-6,324.0645087354204
-4,-5,252.46528731614853
-4,-5,297.444341976037
-4,-5,113.07613365169178
-4,-6,196.9349206696548
-4,-6,333.6617884751767
-4,-6,150.86298050057727
-4,-7,287.4467623131342
-4,-7,277.42291252427464
-4,-7,305.8633917727338
-4,-8,215.46924349461986
-4,-8,335.3268206432509
-4,-8,378.8466873102008
-4,-7,141.6781265410496
-4,-7,142.67233986048421
-4,-7,249.99290915191403
-4,-8,184.13653045239084
-4,-8,198.30289394259432
-4,-8,222.5968169436027
-4,-9,52.15393401639986
-4,-9,324.4080581181547
-4,-9,50.0
-4,-10,279.4246011643217
-4,-10,98.66519301565694
-4,-10,266.6931151479782
-4,-11,339.223242747025
-4,-11,347.5547156259588
-4,-11,120.508005820464
-4,-12,50.0
-4,-12,330.0166066523367
-4,-12,219.50302461620714
-5,-12,324.0918408518437
-5,-12,260.3798448451521
-5,-12,115.63742323071762
-4,-12,148.4352712396012
-4,-12,88.06522117644845
-4,-12,50.0
-3,-12,50.0
-3,-12,278.66997582619933
-3,-12,144.64953681496638
-4,-12,265.98158718954085
-4,-12,260.8755049553764
-4,-12,197.05989973467143
-5,-12,50.0
-5,-12,155.00002038165692
-5,-12,58.7788753388306
-6,-12,169.81658490577402
-6,-12,251.58195516573585
-6,-12,127.79768062848301
-7,-12,244.35805796392543
-7,-12,50.0
-7,-12,174.5540833159693
-8,-12,72.00247283140521
-8,-12,222.47314858178322
-8,-12,50.0
-8,-11,233.37119332247823
-8,-11,102.00025822356783
-8,-11,152.304367609427
-8,-12,67.78816268781372
-8,-12,190.68914978872593
-8,-12,215.37856360042738
-8,-11,50.0
-8,-11,50.0
-8,-11,173.64373513301211
-8,-10,339.40567775839224
-8,-10,231.58780975806084
-8,-10,337.22534576930195
-9,-10,92.70531497899327
-9,-10,72.88903307548654
-9,-10,50.0
-9,-9,250.04321236177424
-9,-9,177.19079643703236
-9,-9,271.4471394115863
-10,-9,177.96015091643363
-10,-9,293.6623490985289
-10,-9,111.62469808534784
-10,-8,205.74531362601056
-10,-8,93.26562022415807
-10,-8,50.0
-11,-8,50.0
-11,-8,50.0
-11,-8,244.09520870623368
-12,-8,97.05154750706896
-12,-8,220.1957528175355
-12,-8,180.41075267508032
-12,-7,231.5539687679638
-12,-7,159.6168863835595
-12,-7,50.0
-13,-7,96.85618296139867
-13,-7,50.0
-13,-7,176.51763337720803
-12,-7,287.474437596076
-12,-7,189.94828459711724
-12,-7,50.0
-12,-8,150.34174360053206
-12,-8,50.0
-12,-8,134.38848667260953
-12,-9,50.0
-12,-9,98.45281340953463
-12,-9,209.86052944453346
-11,-9,50.0
-11,-9,50.0
-11,-9,310.11213301728117
-11,-8,185.45738660744735
-11,-8,207.1989988453244
-11,-8,173.56690565896506
-10,-8,251.66829160462083
-10,-8,149.5769453067733
-10,-8,88.15666687433085
-10,-7,254.5340624904643
-10,-7,214.76346394718786
-10,-7,207.59858274098895
-9,-7,380.2792484672508
-9,-7,108.95107923332085
-9,-7,407.00104353562114
-9,-6,183.21406844740585
-9,-6,146.7301332140293
-9,-6,185.68817731386991
-9,-5,178.2215448984687
-9,-5,391.77507529781496
-9,-5,50.0
-9,-4,88.85011452979158
-9,-4,134.24368866437115
-9,-4,337.4687938197395
-8,-4,286.4135418726321
-8,-4,267.0519023611214
-8,-4,308.71701283226764
-8,-5,185.45020245139182
-8,-5,218.16497880186853
-8,-5,141.20441210935888
-8,-6,260.7521173417151
-8,-6,314.59236466957293
-8,-6,111.0547244967119
-8,-7,50.0
-8,-7,50.0
-8,-7,149.79157171708624
-8,-6,121.34242392994051
-8,-6,136.4242449756008
-8,-6,282.96081284784174
-8,-5,234.26841982300598
-8,-5,250.63975406219407
-8,-5,193.6754384858893
-8,-4,241.97982186691422
-8,-4,334.44629892883717
-8,-4,224.08296710150566
-8,-3,156.55995867800357
-8,-3,50.0
-8,-3,417.08881491362905
-8,-2,332.15380112754866
-8,-2,187.18439327856112
-8,-2,168.1750940915281
-8,-1,151.19567251740705
-8,-1,272.58373978638707
-8,-1,79.41176375818725
-8,0,216.75104591448536
-8,0,357.81671982387894
-8,0,398.3185555737695
-7,0,50.0
-7,0,75.48148006006406
-7,0,273.44544269402724
-6,0,281.79393111799084
-6,0,259.23658873218625
-6,0,168.79713366872258
-5,0,483.709745535235
-5,0,212.62933634784525
-5,0,277.9950775724556
-4,0,50.0
-4,0,433.56856480709877
-4,0,215.56639275751576
-3,0,367.76259256336084
-3,0,388.1614923961546
-3,0,50.94238708521834
-2,0,524.8077051833675
-2,0,165.04260297696646
-2,0,191.23116954844613
-2,-1,346.94497102804075
-2,-1,389.87781828560856
-2,-1,358.23923869604107
-2,-2,148.93360091714592
-2,-2,357.19840016690193
-2,-2,140.55876315445877
-1,-2,368.4768932460246
-1,-2,487.32534023972573
-1,-2,290.9971241453234
0,-2,370.94247391416735
0,-2,295.4432989615132
0,-2,257.7349086358313
1,-2,288.8930342590781
1,-2,50.0
1,-2,331.069173277877
2,-2,281.16523965647355
2,-2,355.743439980103
2,-2,367.3654773324068
2,-3,235.72999212656566
2,-3,470.6324217794669
2,-3,586.5063910390469
3,-3,248.4834609659282
3,-3,277.26077870374127
3,-3,318.43365550749377
4,-3,259.3677593390677
4,-3,164.92234824579566
4,-3,193.85520186155793
5,-3,326.6093267235891
5,-3,151.91176406180386
5,-3,317.41915192657723
6,-3,481.53235758101926
6,-3,221.08085234384797
6,-3,50.0
7,-3,345.92583351002713
7,-3,131.97660190559282
7,-3,264.13118165032904
6,-3,191.853035579701
6,-3,120.11177541774288
6,-3,140.33458429470312
6,-4,291.7898906957297
6,-4,104.90788096979071
6,-4,328.79054817482086
6,-5,127.06559371343171
6,-5,507.11358435572413
6,-5,345.40716761842043
5,-5,255.61355818983657
5,-5,290.993547581677
5,-5,395.2777639926826
6,-5,439.6105762964893
6,-5,189.84094302238708
6,-5,161.71951612028994
5,-5,272.3673810482486
5,-5,231.58118750762952
5,-5,50.0
5,-4,280.1659916381591
5,-4,289.1284561631668
5,-4,293.64903658642766
5,-5,326.5758995625067
5,-5,195.46973585068093
5,-5,481.2153068082272
5,-6,50.0
5,-6,179.23507237677708
5,-6,142.8966407407056
6,-6,342.43415259959147
6,-6,103.82242680044196
6,-6,50.0
6,-7,249.85052063348382
6,-7,147.4057906022648
6,-7,50.0
6,-6,133.30956578690632
6,-6,137.15026514977643
6,-6,344.59857073578036
7,-6,233.6832133093751
7,-6,250.35451851422022
7,-6,154.8950165259495
7,-7,457.0685200632331
7,-7,50.0
7,-7,252.47823893286358
7,-8,129.08186713528895
7,-8,253.064136449397
7,-8,50.0
6,-8,219.81499759546264
6,-8,155.1960578562749
6,-8,232.23233177935623
7,-8,254.68880537007198
7,-8,288.27433693798594
7,-8,223.58496496564842
7,-9,196.1076684668823
7,-9,163.26573762635837
7,-9,155.69570244784308
8,-9,311.4800916273505
8,-9,130.79591773896584
8,-9,212.59219726360053
9,-9,58.727866792216275
9,-9,73.76879277054252
9,-9,50.0
10,-9,54.50177349180929
10,-9,273.40230784736934
10,-9,188.18843623766105
9,-9,280.79049903214303
9,-9,103.28892760028582
9,-9,164.6928606089776
9,-10,103.89858976363895
9,-10,196.2311489480221
9,-10,283.46125921618625
10,-10,50.0
10,-10,50.0
10,-10,97.65075325886716
11,-10,53.425586575822386
11,-10,50.0
11,-10,218.23799030281103
12,-10,206.9499995618845
12,-10,50.0
12,-10,50.0
12,-11,211.2309483256194
12,-11,50.0
12,-11,258.6940131509816
13,-11,227.65316165625035
13,-11,50.0
13,-11,204.47182905448284
13,-12,50.0
13,-12,50.0
13,-12,50.0
14,-12,107.17018831299663
14,-12,98.80408029723257
14,-12,77.11060299085773
15,-12,68.88637431783103
15,-12,285.76577448955936
15,-12,50.0
16,-12,69.07498683855147
16,-12,50.0
16,-12,200.0907050263764
17,-12,50.0
17,-12,103.61769129373121
17,-12,50.0
18,-12,50.0
18,-12,50.0
18,-12,137.86514308920636
19,-12,50.0
19,-12,50.0
19,-12,50.0
20,-12,50.0
20,-12,50.0
20,-12,50.0
20,-11,50.0
20,-11,50.0
20,-11,50.0
20,-10,50.0
20,-10,50.0
20,-10,50.0
20,-9,50.0
20,-9,336.672984808297
20,-9,109.60331866739253
20,-8,50.0
20,-8,50.0
20,-8,135.84644610856915
20,-9,106.69670802283466
20,-9,50.0
20,-9,129.21451705597588
20,-8,50.0
20,-8,89.45852377120887
20,-8,91.84355498167565
20,-7,87.91760116052747
20,-7,118.97727228584179
20,-7,182.39770758621287
20,-6,50.0
20,-6,50.0
20,-6,217.3209882053074
20,-5,50.0
20,-5,50.0
20,-5,118.64989863803
20,-4,112.22660135772001
20,-4,121.06008416702936
20,-4,50.0
20,-3,50.0
20,-3,121.83275182262166
20,-3,50.0
20,-4,50.0
20,-4,295.6292746568443
20,-4,55.75663584427187
19,-4,50.0
19,-4,85.44482311972773
19,-4,50.0
18,-4,50.0
18,-4,50.0
18,-4,50.0
17,-4,328.42398352682517
17,-4,50.0
17,-4,73.6208775010852
17,-3,141.86750859538301
17,-3,128.66251503523446
17,-3,159.50650833439113
17,-4,105.04786625935571
17,-4,79.348171433072
17,-4,50.0
17,-3,147.9191917999376
17,-3,92.58574880842933
17,-3,301.9674347040394
17,-2,96.22289636691643
17,-2,120.72373295162144
17,-2,185.96279722288375
17,-3,50.0
17,-3,50.0
17,-3,255.5121528384112
16,-3,86.05700887991387
16,-3,137.0698690521479
16,-3,50.0
16,-4,50.0
16,-4,272.42351774064065
16,-4,50.0
16,-3,120.67653094162587
16,-3,233.03499346188744
16,-3,179.32343310240816
16,-4,122.99220938269309
16,-4,118.81040551125926
16,-4,86.50743148451954
16,-3,50.0
16,-3,50.0
16,-3,50.0
16,-2,50.0
16,-2,416.553057097449
16,-2,76.94582439850456
16,-1,50.0
16,-1,50.0
16,-1,96.0719110635082
16,-2,137.17891027231107
16,-2,200.78567999323172
16,-2,225.69129135242378
16,-1,50.0
16,-1,258.1200808533498
16,-1,171.23870724655114
15,-1,144.07949847034408
15,-1,112.5878185698378
15,-1,50.0
15,0,50.0
15,0,283.1008465857187
15,0,69.33602663459286
15,1,152.89002554444792
15,1,298.62378498346186
15,1,347.4557440481253
15,2,154.99061087957003
15,2,53.72575617750887
15,2,154.5738931536468
15,3,111.44624983425727
15,3,137.07850211214094
15,3,77.82646229086177
15,4,51.877498454049146
15,4,50.0
15,4,50.0
15,3,254.77272308124557
15,3,96.78676631494109
15,3,291.1932999020617
14,3,234.15026365781537
14,3,188.7231604152741
14,3,188.49750579665357
14,2,206.73455893460192
14,2,117.01855737692856
14,2,50.0
13,2,52.68160634746289
13,2,253.6759503740223
13,2,69.9393916046642
13,3,179.6825576354517
13,3,262.046398799436
13,3,311.3690861460699
14,3,50.0
14,3,103.26201750299357
14,3,162.7182888254243
14,4,174.24123387044054
14,4,292.49639664771416
14,4,267.4351754591871
14,5,271.03021276395043
14,5,73.58691903820561
14,5,148.15380805587205
14,6,362.7736641911382
14,6,153.31436936994237
14,6,305.2092911908675
13,6,50.0
13,6,148.41543343519226
13,6,64.32948607078411
13,7,175.54166410618748
13,7,82.14100366580621
13,7,343.78836272604997
12,7,256.6840487658776
12,7,101.11218375009325
12,7,230.4009259003649
12,6,524.8010321063182
12,6,50.0
12,6,68.43751599591792
12,7,50.0
12,7,223.88194370934477
12,7,187.1490484095899
12,8,50.0
12,8,234.46903471457202
12,8,200.09999996037698
12,9,291.8311084160391
12,9,351.87537842506663
12,9,271.7713648943959
11,9,50.0
11,9,50.0
11,9,50.0
11,10,165.93838205748477
11,10,156.3335909623513
11,10,161.72924678220252
11,11,208.35998892774884
11,11,116.17842584307503
11,11,376.37822458687367
11,12,121.24344343708088
11,12,50.0
11,12,367.14794990399497
11,13,53.85871512057183
11,13,176.70821892748882
11,13,50.0
10,13,322.0834445972085
10,13,198.25832194426238
10,13,180.02588731743896
10,14,50.0
10,14,207.7411229746782
10,14,116.78272012940307
10,15,50.0
10,15,433.9359717747067
10,15,50.0
9,15,171.5698451609957
9,15,86.01473029717874
9,15,50.0
8,15,278.1761061977336
8,15,50.0
8,15,149.3241981107326
8,16,75.67811306240462
8,16,114.20076840594868
8,16,165.23083214524527
7,16,151.32417410386114
7,16,137.976319499102
7,16,77.42788095513464
6,16,168.06132819140896
6,16,50.0
6,16,215.5753133973969
5,16,50.0
5,16,130.60892418908512
5,16,175.88385980429985
4,16,82.8383131368497
4,16,50.0
4,16,50.0
3,16,146.44291114474817
3,16,51.985063958621254
3,16,83.684949444251
2,16,50.0
2,16,150.2372834385239
2,16,216.60076660488318
1,16,61.033390641005646
1,16,50.0
1,16,167.89266466502295
0,16,50.0
0,16,123.98157668375194
0,16,108.94549045601951
0,15,56.96250902096098
0,15,50.0
0,15,149.07608799775105
-1,15,107.36193358953831
-1,15,82.27619427181395
-1,15,50.0
-1,14,237.088576290165
-1,14,419.2810424370245
-1,14,226.4356229339274
-1,13,225.69299761332599
-1,13,79.25948977348969
-1,13,258.09827143418426
-2,13,160.55905896461047
-2,13,50.0
-2,13,116.21174221480993
-3,13,185.2080256382003
-3,13,145.71891038017856
-3,13,77.64153425873596
-3,12,218.06569043408587
-3,12,50.0
-3,12,170.520364942032
-4,12,217.8638372369447
-4,12,244.7245189181108
-4,12,206.65606680304194
-5,12,118.99674883130444
-5,12,224.1262415101566
-5,12,50.0
-5,11,120.14532680451887
-5,11,277.53911394596696
-5,11,54.434085853582346
-5,10,59.934736357469106
-5,10,139.2236218748538
-5,10,310.26847247147043
-5,11,50.0
-5,11,225.29834516381987
-5,11,93.93711834927085
-5,10,167.32851979877407
-5,10,150.28315371672403
-5,10,412.0488893099737
-5,9,203.83172940218304
-5,9,338.8952747082268
-5,9,170.92089372051402
-5,8,175.83210205100264
-5,8,193.47929794745903
-5,8,230.19401967232753
-4,8,364.5517868266214
-4,8,345.4882551585085
-4,8,116.24874732901743
-5,8,304.42514722123514
-5,8,247.3869769633899
-5,8,150.90460515918633
-5,7,125.46774002445558
-5,7,264.0001445485467
-5,7,198.15849835266556
-5,6,390.05839208715474
-5,6,115.91179445521462
-5,6,236.63499960884818
-5,7,430.0432996466642
-5,7,197.5299711714896
-5,7,63.73202406866679
-4,7,340.4594587248797
-4,7,57.414978644624114
-4,7,196.58665295620597
-4,6,214.60789000478013
-4,6,539.1863459849301
-4,6,367.6467116246848
-4,7,431.0767159638865
-4,7,333.8631572506762
-4,7,496.08205490780017
-5,7,609.8840644255079
-5,7,301.54791961451707
-5,7,318.9683455057012
-6,7,413.5917025779829
-6,7,74.49791083671373
-6,7,232.77138304096073
-6,6,295.13322219127406
-6,6,262.92661880609427
-6,6,145.14284592719406
-6,5,289.52833611809785
-6,5,383.68323084802176
-6,5,430.2891138943636
-7,5,181.20808230043502
-7,5,216.2385446719557
-7,5,184.36908032339113
-7,6,397.41163355038566
-7,6,301.82992243608663
-7,6,64.48979841912512
-8,6,99.65264527840279
-8,6,98.23901647316187
-8,6,182.870631708333
-8,5,250.35843741275698
-8,5,359.3584866263361
-8,5,197.25957522152302
-8,4,201.1246190803101
-8,4,184.97654456892923
-8,4,180.2140354086722
-8,3,293.290946062212
-8,3,391.679657331974
-8,3,264.90098693153476
-8,2,131.37918010419122
-8,2,303.27262034111027
-8,2,308.45831838356884
-9,2,156.71625950125292
-9,2,364.7481769703609
-9,2,174.34964341640924
-9,1,70.51498815247425
-9,1,127.76339520711281
-9,1,246.16787202633088
-9,0,258.4505872586192
-9,0,50.0
-9,0,228.65249182337138
-9,-1,259.2968130641136
-9,-1,241.71063952464678
-9,-1,173.84772617648233
-9,-2,489.4978340255161
-9,-2,412.57752841507363
-9,-2,162.7742258312918
-9,-3,286.4050635252149
-9,-3,149.08477701496025
-9,-3,434.64930921814005
-10,-3,293.6401596269857
-10,-3,328.64704641851444
-10,-3,355.01093868906764
-11,-3,369.270662865331
-11,-3,181.0591579366024
-11,-3,78.28266962749139
-11,-4,221.53884014299533
-11,-4,388.6914568799332
-11,-4,274.99546318199407
-12,-4,246.99443603396273
-12,-4,242.68179443370016
-12,-4,158.4652939897815
-12,-3,89.88796745466541
-12,-3,200.43604265332934
-12,-3,125.57254389496029
-12,-4,289.2279502132382
-12,-4,50.0
-12,-4,80.49097534889471
-12,-5,145.41241612472976
-12,-5,168.34710623889998
-12,-5,86.57248189124321
-12,-6,50.0
-12,-6,298.58202442642516
-12,-6,185.31013159819497
-12,-7,129.62573564948624
-12,-7,50.0
-12,-7,278.9818994267324
-12,-8,50.0
-12,-8,143.08327181505354
-12,-8,511.58130754287447
-12,-9,50.0
-12,-9,325.27786394219993
-12,-9,50.0
-12,-10,124.12245595476175
-12,-10,90.39443836683085
-12,-10,329.5207048904979
-12,-11,218.52898172191465
-12,-11,105.62066854568931
-12,-11,82.8105110596794
-12,-12,50.0
-12,-12,230.4781258372093
-12,-12,80.98243540656847
-12,-13,61.11346406983955
-12,-13,70.61926860219502
-12,-13,97.11334927122654
-13,-13,50.0
-13,-13,50.0
-13,-13,183.50930805365567
-13,-14,142.94102718374563
-13,-14,50.0
-13,-14,50.0
-14,-14,210.82312620213781
-14,-14,55.30717007064389
-14,-14,50.0
-14,-15,50.0
-14,-15,50.0
-14,-15,189.7037406745342
-14,-16,204.02251587191716
-14,-16,104.49230153840308
-14,-16,50.0
-15,-16,100.72414717718087
-15,-16,50.0
-15,-16,105.4431025564246
-15,-17,50.0
-15,-17,50.0
-15,-17,54.317492309588
-15,-18,50.0
-15,-18,50.0
-15,-18,50.0
-15,-19,50.0
-15,-19,50.0
-15,-19,111.62270194144062
-15,-20,128.39572691712067
-15,-20,163.1493457558226
-15,-20,106.64676126617432
-16,-20,148.81182982518476
-16,-20,50.0
-16,-20,149.6254998953463
-16,-19,194.6026997037542
-16,-19,50.0
-16,-19,50.0
-16,-18,50.0
-16,-18,59.24401167453482
-16,-18,50.0
-15,-18,50.0
-15,-18,79.84457283534623
-15,-18,91.66353301505679
-16,-18,180.55718176899018
-16,-18,50.0
-16,-18,50.0
-17,-18,78.4589952418756
-17,-18,50.0
-17,-18,50.0
-16,-18,50.0
-16,-18,50.0
-16,-18,216.25268479706145
-16,-17,50.0
-16,-17,50.0
-16,-17,50.0
-17,-17,114.84935141316035
-17,-17,50.0
-17,-17,50.0
-17,-16,50.0
-17,-16,50.0
-17,-16,98.54046042187679
-16,-16,50.0
-16,-16,77.75906998312482
-16,-16,50.0
-16,-15,50.0
-16,-15,93.80035271720398
-16,-15,269.0499695604646
-15,-15,50.0
-15,-15,124.81228168360603
-15,-15,115.14160182853715
-15,-14,50.0
-15,-14,99.76703575930665
-15,-14,126.37770252468094
-15,-13,50.0
-15,-13,142.71886317641975
-15,-13,50.0
-15,-12,175.8354679779205
-15,-12,50.0
-15,-12,80.59621295482337
-15,-13,50.0
-15,-13,157.56578096974596
-15,-13,198.00384412076644
-14,-13,50.0
-14,-13,50.0
-14,-13,64.24858557925438
-14,-12,209.38314326969095
-14,-12,213.94681314797458
-14,-12,264.71051962557317
-14,-13,50.0
-14,-13,50.0
-14,-13,203.16690990368153
-14,-12,50.0
-14,-12,171.85167795630355
-14,-12,101.14106371358719
-13,-12,180.93800453645417
-13,-12,113.41722884083794
-13,-12,50.0
-13,-13,50.0
-13,-13,76.28373155401896
-13,-13,129.00612246745118
-13,-12,179.49264307591432
-13,-12,147.88278177249694
-13,-12,311.3349724207118
-13,-11,50.0
-13,-11,89.87736103492466
