3.29586
3.33202
3.53027
3.53327
3.58318
3.01778
2.92332
2.92098
2.41074
2.37091
2.64125
2.6564
2.54073
2.36269
2.92279
3.0
3.45406
3.592
3.11041
3.45406
3.589
3.45406
3.28986
3.29586
3.1014
2.45639
2.43892
2.97134
3.44505
3.42713
3.71429
3.592
3.45106
3.71429
3.71429
3.71429
3.71429
3.71429
3.71429
3.71429
3.71429
3.71429
3.71429
3.71429
3.71429
3.71429
3.71429
3.71429
3.71429
3.71429
3.71429
3.71429
3.71429
3.58708
3.589
3.45214
3.45406
3.44094
3.71429
3.71429
3.71429
3.71429
3.71429
3.71429
3.71429
3.71429
3.71429
3.71429
3.71429
3.71429
3.71429
3.70744
3.70143
3.59302
3.71429
3.71429
3.71429
3.71429
3.71429
3.71429
