3.29586
3.47074
3.29586
3.592
3.1686
2.73971
2.74282
3.07274
2.93055
2.34298
2.45577
2.65339
2.55988
2.54606
2.91628
3.11041
3.45406
3.11041
3.71429
3.71429
3.71429
3.59302
3.29586
3.45106
2.93098
2.62719
2.31909
3.05921
3.283
3.44421
3.29201
3.45406
3.71429
3.45406
3.71429
3.71429
3.71429
3.71429
3.71429
3.71429
3.71429
3.71429
3.71429
3.45406
3.71429
3.71429
3.71429
3.592
3.592
3.71429
3.71429
3.71429
3.10357
3.28382
3.28986
3.4412
3.71129
3.71129
3.71429
3.71429
3.71429
3.71429
3.71429
3.71429
3.71429
3.71429
3.71429
3.71429
3.71429
3.71429
3.71429
3.71429
3.70225
3.71129
3.71429
3.71429
3.71429
3.71429
3.71429
3.71429
