3.45406
3.11646
3.39341
3.32895
3.46474
3.31607
3.0189
2.24577
2.6542
2.44965
2.45721
2.74003
2.56292
2.69018
2.80888
3.23713
3.45406
3.45406
3.45406
3.33202
3.11041
3.29586
3.11041
3.29586
3.29586
2.44525
2.65049
3.22901
3.71129
3.43818
3.71429
3.71429
3.71429
3.71429
3.71429
3.71429
3.71429
3.71429
3.71429
3.71429
3.71429
3.71429
3.71429
3.71429
3.71429
3.45406
3.71429
3.71429
3.71429
3.71429
3.71429
3.71429
3.29586
3.28986
3.71429
3.71044
3.71429
3.71429
3.71429
3.71429
3.71429
3.71429
3.71429
3.71429
3.71429
3.71429
3.71429
3.71429
3.71429
3.71429
3.71429
3.71129
3.70829
3.71236
3.71429
3.71429
3.71429
3.71429
3.71429
3.71429
