3.592
3.592
3.592
3.45406
3.16558
3.42823
3.07993
2.71877
2.44885
2.43298
2.56158
2.8586
2.72799
2.63246
2.997
3.45406
3.45406
3.29586
3.11041
3.592
3.71429
3.29586
3.29586
3.03097
2.86395
2.60177
2.38661
3.07821
3.09645
3.29394
3.58702
3.71429
3.71429
3.71429
3.71429
3.71429
3.71429
3.71429
3.71429
3.71429
3.71429
3.71429
3.592
3.71429
3.71429
3.71429
3.45406
3.592
3.71429
3.71429
3.71429
3.71429
3.71429
3.1014
3.71429
3.71129
3.45406
3.70744
3.71429
3.71429
3.71429
3.71429
3.71429
3.71429
3.71429
3.71429
3.71429
3.71429
3.71429
3.71429
3.71429
3.71236
3.58209
3.71429
3.71429
3.71429
3.71429
3.71429
3.71429
3.71429
