3.71429
3.71429
3.71429
3.45406
3.1686
3.01473
2.69664
2.37091
2.62712
2.43738
2.52799
2.86399
2.70339
2.38633
2.86999
3.29586
3.29586
3.71429
3.45406
3.11041
2.98915
3.45406
3.45406
3.71129
2.92539
2.3671
2.60838
3.43128
3.43128
3.31469
3.71429
3.71429
3.71044
3.71429
3.71429
3.71429
3.71429
3.592
3.71429
3.71429
3.71429
3.71429
3.71429
3.592
3.45406
3.592
3.45406
3.71429
3.71429
3.71429
3.45406
3.45406
3.29286
3.58299
3.45406
3.45406
3.592
3.589
3.71429
3.71429
3.71429
3.71429
3.71429
3.71429
3.71429
3.71429
3.71429
3.71429
3.71429
3.71429
3.71429
3.59302
3.70034
3.586
3.59302
3.71429
3.71429
3.71429
3.71429
3.71429
