3.71429
3.71429
3.3328
3.71429
2.98315
2.80995
2.57419
2.4485
2.69555
2.61388
2.8667
2.94016
2.26151
3.03243
3.29394
3.71429
3.45406
3.45406
3.592
3.71429
3.71429
3.59302
3.10742
3.45406
3.16256
2.62165
2.48031
3.01974
3.28986
3.57501
3.44806
3.71429
3.71429
3.71429
3.71429
3.71429
3.71429
3.592
3.592
3.592
3.71429
3.71429
3.59302
3.71429
3.71429
3.71429
3.45406
3.71429
3.71429
3.71429
3.71429
3.45406
3.71429
3.29586
3.28709
2.87874
3.58516
3.5911
3.71429
3.71429
3.71429
3.71429
3.71429
3.71429
3.71429
3.71429
3.71429
3.71429
3.71429
3.71429
3.71429
3.71429
3.44421
3.70636
3.45406
3.71429
3.71429
3.71429
3.71429
3.71429
