3.592
3.45406
3.592
3.19408
3.02988
3.17213
2.82839
2.38661
2.54379
2.41199
2.70504
2.66226
2.53451
2.41973
2.56813
3.45406
3.71429
3.29586
3.29586
3.71429
3.45406
3.71429
3.589
3.29586
2.83866
2.3777
2.66005
3.29365
3.45106
3.16558
3.44806
3.592
3.71429
3.71429
3.71429
3.71429
3.71429
3.71429
3.71429
3.71429
3.59302
3.71429
3.71429
3.59302
3.45406
3.71429
3.71429
3.592
3.29586
3.71429
3.71429
3.71429
3.71429
3.29586
3.71429
3.592
3.45214
3.70636
3.71429
3.71429
3.71429
3.71429
3.71429
3.71429
3.71429
3.71429
3.71429
3.71429
3.71429
3.71429
3.70829
3.71236
3.71236
3.70829
3.71429
3.71429
3.71429
3.71429
3.71429
3.71429
