3.58816
3.592
3.71429
3.592
2.90833
2.75471
2.65804
2.44772
2.6206
2.72271
2.56292
2.54561
2.4443
2.45349
2.84744
3.45406
3.11041
3.45406
3.3328
3.71429
3.71429
3.586
3.592
3.71129
2.89728
2.91952
2.90954
2.99896
3.70143
3.70033
3.71429
3.592
3.71429
3.71429
3.71429
3.71429
3.71429
3.71429
3.71429
3.592
3.71429
3.71429
3.71429
3.71429
3.592
3.71429
3.71429
3.71429
3.71429
3.71429
3.45406
3.71429
3.592
3.29586
3.44505
3.29586
3.71429
3.45106
3.592
3.71429
3.71429
3.71429
3.71429
3.71429
3.71429
3.71429
3.71429
3.71429
3.71429
3.71429
3.71429
3.71429
3.69618
3.65556
3.64956
3.71429
3.71429
3.71429
3.71429
3.71429
