3.5
3.5
3.5
3.5
3.5
3.5
3.5
3.5
3.5
3.5
3.5
3.5
3.5
3.5
3.49
3.46651
3.44153
3.45421
3.35367
3.33109
3.47973
3.49752
3.49252
3.5
3.49252
3.5
3.5
3.5
3.5
3.5
3.5
3.5
3.5
3.5
3.5
3.5
3.5
3.5
3.5
3.5
3.5
3.5
3.5
3.5
3.5
3.5
3.5
3.49252
3.49752
3.48572
3.49752
3.49
3.49752
3.4849
3.5
3.49503
3.5
3.5
3.5
3.5
3.5
3.5
3.5
3.5
3.5
3.5
3.5
3.5
3.5
3.5
3.5
3.5
3.5
3.5
3.49752
3.49252
3.46042
3.4364
3.44153
3.47712
3.47538
3.4849
3.49752
3.5
3.5
3.5
3.5
3.5
3.5
3.5
3.5
3.5
3.5
3.49752
3.49752
3.5
3.5
3.49752
3.5
