3.5
3.5
3.5
3.5
3.5
3.5
3.5
3.5
3.5
3.5
3.5
3.5
3.5
3.5
3.48745
3.41158
3.4307
3.4849
3.35521
3.34088
3.4745
3.47802
3.49752
3.5
3.49503
3.49752
3.5
3.5
3.5
3.5
3.5
3.5
3.5
3.5
3.5
3.5
3.5
3.5
3.5
3.5
3.5
3.5
3.5
3.5
3.5
3.5
3.5
3.49752
3.49
3.49
3.49252
3.49503
3.49752
3.5
3.49503
3.49752
3.5
3.5
3.5
3.5
3.5
3.5
3.5
3.5
3.5
3.5
3.5
3.5
3.5
3.5
3.5
3.49752
3.49752
3.5
3.5
3.47633
3.47118
3.44153
3.45496
3.45836
3.49
3.47011
3.5
3.49503
3.5
3.5
3.5
3.5
3.5
3.5
3.5
3.5
3.5
3.49252
3.5
3.5
3.5
3.5
3.49503
