3.5
3.5
3.5
3.5
3.5
3.5
3.5
3.5
3.5
3.5
3.5
3.5
3.5
3.49752
3.47276
3.47031
3.38386
3.47633
3.36183
3.38048
3.46381
3.4849
3.5
3.49752
3.5
3.49752
3.5
3.5
3.5
3.5
3.5
3.5
3.5
3.5
3.5
3.5
3.5
3.5
3.5
3.5
3.5
3.5
3.5
3.5
3.5
3.5
3.5
3.5
3.48572
3.49
3.49329
3.49752
3.49252
3.49752
3.5
3.49752
3.5
3.5
3.5
3.5
3.5
3.5
3.5
3.5
3.5
3.5
3.5
3.5
3.5
3.5
3.5
3.5
3.49752
3.49752
3.5
3.48745
3.46651
3.42135
3.45209
3.49078
3.47712
3.48572
3.49503
3.49752
3.49752
3.5
3.5
3.5
3.5
3.5
3.5
3.5
3.5
3.49752
3.5
3.49752
3.5
3.5
3.49752
