3.5
3.5
3.5
3.5
3.5
3.5
3.5
3.5
3.5
3.5
3.5
3.5
3.5
3.5
3.48745
3.40029
3.4512
3.46381
3.32731
3.31557
3.44857
3.49252
3.5
3.49752
3.49
3.5
3.5
3.5
3.5
3.5
3.5
3.5
3.5
3.5
3.5
3.5
3.5
3.5
3.5
3.5
3.5
3.5
3.5
3.5
3.5
3.5
3.49752
3.49752
3.49503
3.4849
3.49752
3.49
3.49252
3.49503
3.49
3.5
3.5
3.5
3.5
3.5
3.5
3.5
3.5
3.5
3.5
3.5
3.5
3.5
3.5
3.5
3.5
3.49503
3.5
3.5
3.49752
3.48745
3.46238
3.40249
3.41387
3.47185
3.47185
3.47884
3.49752
3.49252
3.5
3.5
3.5
3.5
3.5
3.5
3.5
3.5
3.5
3.5
3.49752
3.5
3.5
3.5
3.5
