3.5
3.5
3.5
3.5
3.5
3.5
3.5
3.5
3.5
3.5
3.5
3.5
3.5
3.5
3.49752
3.46033
3.41221
3.45836
3.34504
3.34262
3.4745
3.49503
3.5
3.5
3.49752
3.5
3.5
3.5
3.5
3.5
3.5
3.5
3.5
3.5
3.5
3.5
3.5
3.5
3.5
3.5
3.5
3.5
3.5
3.5
3.5
3.5
3.49752
3.49503
3.49252
3.48745
3.48745
3.48745
3.49252
3.49
3.49252
3.5
3.5
3.5
3.5
3.5
3.5
3.5
3.5
3.5
3.5
3.5
3.5
3.5
3.5
3.5
3.5
3.5
3.5
3.5
3.49752
3.48745
3.48058
3.36147
3.45212
3.45836
3.48232
3.4849
3.49752
3.5
3.5
3.5
3.5
3.5
3.5
3.5
3.5
3.5
3.49752
3.5
3.5
3.5
3.5
3.49752
3.5
