3.5
3.5
3.5
3.5
3.5
3.5
3.5
3.5
3.5
3.5
3.5
3.5
3.5
3.5
3.48733
3.40251
3.42237
3.43402
3.3604
3.38185
3.47185
3.49752
3.49752
3.5
3.5
3.49752
3.5
3.5
3.5
3.5
3.5
3.5
3.5
3.5
3.5
3.5
3.5
3.5
3.5
3.5
3.5
3.5
3.5
3.5
3.5
3.5
3.49752
3.49078
3.48316
3.4849
3.49
3.49752
3.49503
3.49503
3.49503
3.5
3.5
3.5
3.5
3.5
3.5
3.5
3.5
3.5
3.5
3.5
3.5
3.5
3.5
3.5
3.5
3.5
3.5
3.5
3.49752
3.49155
3.46109
3.40539
3.44034
3.47799
3.46651
3.48572
3.49752
3.5
3.5
3.5
3.5
3.5
3.5
3.5
3.5
3.5
3.49752
3.49252
3.5
3.5
3.5
3.49752
3.5
