3.5
3.5
3.5
3.5
3.5
3.5
3.5
3.5
3.5
3.5
3.5
3.5
3.5
3.5
3.47973
3.47276
3.40778
3.46651
3.33109
3.3968
3.4564
3.48572
3.49752
3.5
3.49
3.49752
3.5
3.5
3.5
3.5
3.5
3.5
3.5
3.5
3.5
3.5
3.5
3.5
3.5
3.5
3.5
3.5
3.5
3.5
3.5
3.49752
3.5
3.49752
3.48745
3.48826
3.49503
3.49503
3.49752
3.49503
3.49752
3.5
3.49752
3.5
3.5
3.5
3.5
3.5
3.5
3.5
3.5
3.5
3.5
3.5
3.5
3.5
3.5
3.5
3.5
3.5
3.49163
3.49752
3.47276
3.33548
3.45662
3.4849
3.48058
3.48745
3.5
3.5
3.5
3.5
3.5
3.5
3.5
3.5
3.49752
3.5
3.49752
3.5
3.49752
3.5
3.5
3.5
3.5
