3.2
3.2
3.2
3.19276
3.19276
3.07764
3.18547
3.16319
3.07211
3.14226
2.77679
2.75899
2.76494
2.48517
1.94851
2.2197
1.95983
2.38522
2.43543
2.67168
2.95411
2.79054
2.75266
3.02227
3.13977
3.13977
2.96744
3.2
3.094
3.2
3.2
3.2
3.2
3.2
3.2
3.2
3.2
3.2
3.2
3.2
3.2
3.2
3.2
3.2
3.19639
3.2
3.18363
3.18547
3.16507
3.16695
3.12277
3.15184
3.15564
3.04393
3.15942
3.18547
3.18363
3.15753
2.98491
2.87014
2.93047
3.09108
2.74021
2.04086
2.54172
2.4923
2.44169
2.31876
2.59133
2.54989
2.82998
2.92288
3.18179
3.18547
3.2
3.2
3.1982
3.19639
3.094
3.094
