3.2
3.2
3.2
3.2
3.19458
3.07947
3.18912
3.05531
3.07211
2.69364
2.93579
2.67973
2.7796
2.64289
2.65049
2.53859
2.59562
2.60015
2.06993
2.72224
2.81132
2.86263
2.93424
2.83176
3.09039
3.1434
3.19639
3.19639
3.2
3.2
3.2
3.2
3.2
3.2
3.2
3.2
3.2
3.2
3.2
3.2
3.2
3.2
3.2
3.2
3.2
3.19639
3.19276
3.18547
3.13451
3.03433
3.12474
3.13839
3.16507
3.1461
3.16695
3.15753
3.17995
2.92669
3.06282
3.15184
3.06841
3.03626
2.97642
2.65762
2.59185
2.45074
2.09938
2.56972
2.37492
2.71806
3.02071
2.85316
3.18179
2.97105
3.19639
3.19458
3.2
3.2
3.094
3.2
