3.2
3.2
3.2
3.2
3.19276
3.19276
3.07764
3.0758
3.0758
2.81418
2.71799
2.75297
2.83888
2.45524
2.01139
2.3462
2.64321
2.63424
2.01093
2.70661
2.73877
2.92669
2.82992
2.87387
2.83725
3.19276
2.96744
3.09039
3.2
3.2
3.2
3.2
3.2
3.2
3.2
3.2
3.2
3.2
3.2
3.2
3.2
3.2
3.18912
3.18912
3.19276
3.19639
3.19276
3.17811
3.14802
3.16131
3.13257
3.01874
3.0401
3.05531
3.11014
3.01123
3.18363
3.15374
2.97723
2.91137
3.05908
2.91715
3.02657
3.053
2.49246
1.60003
1.8832
2.77138
2.6206
2.72607
2.7858
2.91137
3.16507
3.0758
3.2
3.2
3.2
3.094
3.094
3.094
