3.2
3.2
3.19639
3.19639
3.19276
3.1873
3.19276
3.17626
3.05154
2.99683
2.76071
2.81418
2.80818
2.48936
2.75096
2.40599
2.52972
2.00236
2.75645
2.75096
2.78459
2.78678
2.94173
3.19094
3.2
3.08858
3.094
2.97105
3.2
3.2
3.2
3.2
3.2
3.2
3.2
3.2
3.2
3.2
3.2
3.2
3.2
3.19639
3.19276
3.19639
3.19094
3.2
3.19458
3.07764
3.15942
3.16319
3.14226
3.14802
3.04202
3.17254
3.16882
2.93047
3.17626
2.93612
3.01308
2.97337
2.81695
3.0401
2.68572
2.49769
2.50919
2.43979
2.3965
2.33912
2.63447
2.90071
2.71324
2.85506
3.05343
3.19458
3.02774
3.08677
2.96924
3.2
3.14882
3.03498
