3.2
3.2
3.2
3.2
3.08313
3.19094
3.07947
3.17995
3.05908
2.94384
2.67449
2.97848
2.75297
2.68461
2.59782
2.38263
2.56864
1.95885
2.59261
2.80415
2.90361
2.82439
2.951
3.13977
3.14159
3.1982
3.2
3.2
3.2
3.2
3.2
3.2
3.2
3.2
3.2
3.2
3.2
3.2
3.2
3.2
3.2
3.2
3.2
3.19639
3.2
3.18912
3.1873
3.18547
3.17811
3.14226
3.14033
3.03626
3.17068
3.14418
3.16319
2.92858
3.1744
3.1139
3.03818
3.10256
3.00005
2.97337
2.76099
2.71588
2.55884
2.45145
2.25008
1.89374
2.57509
2.60356
2.77287
2.81881
2.88862
3.19276
3.0922
3.1982
3.2
3.094
3.2
3.094
