3.2
3.2
3.2
3.2
3.18912
3.17995
3.19094
3.19276
3.04964
3.14418
2.71806
2.82998
2.68741
2.67066
2.62953
2.57018
2.55871
1.98441
2.47034
2.73055
2.71313
2.87014
3.0813
3.08677
3.19276
3.19094
3.19458
3.2
3.2
3.2
3.2
3.2
3.2
3.2
3.2
3.2
3.2
3.2
3.2
3.2
3.2
3.2
3.2
3.18912
3.19458
3.19276
3.1873
3.16319
3.16319
3.15564
3.10886
2.98491
3.11764
3.15564
3.18547
3.07026
3.19094
2.92858
2.81508
3.00752
2.95284
2.76893
2.75699
2.60002
2.5266
2.52109
2.25031
2.61342
2.62518
2.72224
2.95577
3.01493
3.11014
3.08313
3.19639
3.094
2.90132
3.14882
3.094
3.094
