3.2
3.2
3.2
3.19639
3.19458
2.95468
3.17068
3.07764
3.04964
3.02852
2.73877
2.77544
2.71799
2.5141
2.40846
2.35721
2.404
2.40368
2.59782
2.70563
2.93236
2.92669
2.93424
3.08313
3.13795
3.03317
3.19458
3.094
3.2
3.2
3.2
3.2
3.2
3.2
3.2
3.2
3.2
3.2
3.2
3.19639
3.2
3.2
3.19639
3.19458
3.19639
3.1982
3.17254
3.18179
3.05908
3.16319
3.11882
3.15184
3.17995
3.14993
3.05531
3.05908
3.18179
3.15753
3.06841
2.83584
2.87758
2.92479
2.69167
2.29561
2.65709
2.06346
2.49365
1.73395
2.62352
2.7264
2.97723
3.1461
2.93986
3.07947
3.19458
3.094
3.2
3.09039
3.2
3.08127
