3.2
3.2
3.2
3.19276
3.19639
2.95468
3.07947
3.17068
3.1744
2.79231
2.95551
2.81617
2.69308
2.47247
2.40599
2.31692
2.42197
2.41287
2.59903
2.74617
2.81132
3.05531
2.76545
3.0758
2.89952
2.84452
3.03317
3.2
3.2
3.094
3.2
3.2
3.2
3.2
3.2
3.2
3.2
3.2
3.2
3.2
3.2
3.2
3.1982
3.19276
3.19639
3.1873
3.1982
3.17254
3.15753
3.14802
2.9075
3.04964
3.17995
3.06095
3.16695
3.04964
3.19094
3.06841
3.05908
2.86263
3.07947
3.11683
2.7322
2.45524
2.5551
1.78613
2.45064
2.4999
2.38361
2.66525
2.80415
3.08139
3.08313
3.17995
3.08858
3.09039
3.14521
3.1434
3.1982
3.2
