1,1,33,99,1
1,2,66,132,1
1,3,99,165,1
2,1,100,300,1
0,0,0,112,112
1,4,132,198,1
1,0,112,134,22
2,0,134,151,17
1,5,165,187,22
1,6,198,220,22
1,7,231,253,22
2,2,220,254,12
1,8,264,286,22
1,9,297,319,22
2,3,319,330,11
1,10,330,352,22
1,11,363,385,22
1,12,396,418,22
1,13,429,451,22
2,4,418,452,12
1,14,462,484,22
1,15,495,517,22
1,16,528,550,22
2,5,517,554,15
1,17,561,583,22
1,18,594,616,22
2,6,616,624,8
1,19,627,649,22
1,20,660,682,22
1,21,693,715,22
1,22,726,748,22
2,7,715,752,15
1,23,759,781,22
1,24,792,814,22
1,25,825,847,22
2,8,814,854,18
1,26,858,880,22
1,27,891,913,22
1,28,924,946,22
2,9,913,947,12
1,29,957,979,22
1,31,1023,1089,1
1,32,1056,1122,1
1,33,1089,1155,1
2,11,1100,1300,1
1,34,1122,1188,1
1,35,1155,1221,1
0,1,1000,1184,184
1,36,1188,1254,1
1,30,990,1196,22
2,12,1200,1400,1
2,10,1196,1212,16
1,37,1221,1243,22
1,38,1254,1276,22
1,39,1287,1309,22
1,40,1320,1342,22
2,13,1309,1345,14
1,41,1353,1375,22
1,42,1386,1408,22
1,43,1419,1441,22
2,14,1408,1443,13
1,44,1452,1474,22
1,45,1485,1507,22
1,46,1518,1540,22
2,15,1507,1542,13
1,47,1551,1573,22
1,48,1584,1606,22
1,49,1617,1639,22
2,16,1606,1642,14
1,50,1650,1672,22
1,51,1683,1705,22
2,17,1705,1716,11
1,52,1716,1738,22
1,53,1749,1771,22
1,54,1782,1804,22
1,55,1815,1837,22
2,18,1804,1843,17
1,56,1848,1870,22
3,0,151,1877,329
1,57,1881,1903,22
2,19,1903,1913,10
1,58,1914,1936,22
1,59,1947,1969,22
1,61,2013,2079,1
1,62,2046,2112,1
1,63,2079,2145,1
2,21,2100,2300,1
1,64,2112,2178,1
0,2,2000,2123,123
1,60,1980,2125,22
2,20,2125,2142,17
1,65,2145,2167,22
1,66,2178,2200,22
1,67,2211,2233,22
2,22,2200,2237,15
1,68,2244,2266,22
1,69,2277,2299,22
2,23,2300,2310,10
1,70,2310,2332,22
1,71,2343,2365,22
1,72,2376,2398,22
1,73,2409,2431,22
2,24,2400,2436,14
1,74,2442,2464,22
1,75,2475,2497,22
1,76,2508,2530,22
2,25,2500,2536,14
1,77,2541,2563,22
1,78,2574,2596,22
1,79,2607,2629,22
2,26,2600,2635,13
1,80,2640,2662,22
1,81,2673,2695,22
1,82,2706,2728,22
1,83,2739,2761,22
1,84,2772,2794,22
2,27,2700,2796,30
1,85,2805,2827,22
2,28,2800,2830,8
1,86,2838,2860,22
1,87,2871,2893,22
1,88,2904,2926,22
1,89,2937,2959,22
2,29,2900,2961,17
1,90,2970,2992,22
1,92,3036,3102,1
1,93,3069,3135,1
0,3,3000,3098,98
2,31,3100,3300,1
1,94,3102,3168,1
1,91,3098,3120,22
2,30,3120,3134,14
1,95,3135,3157,22
1,96,3168,3190,22
1,97,3201,3223,22
2,32,3200,3234,12
1,98,3234,3256,22
1,99,3267,3289,22
1,100,3300,3322,22
2,33,3322,3332,10
1,101,3333,3355,22
1,102,3366,3388,22
1,103,3399,3421,22
1,104,3432,3454,22
2,34,3421,3455,12
1,105,3465,3487,22
1,106,3498,3520,22
2,35,3520,3528,8
1,107,3531,3553,22
1,108,3564,3586,22
1,109,3597,3619,22
1,110,3630,3652,22
2,36,3619,3654,13
1,111,3663,3685,22
1,112,3696,3718,22
1,113,3729,3751,22
2,37,3718,3752,12
1,114,3762,3784,22
1,115,3795,3817,22
2,38,3817,3828,11
1,116,3828,3850,22
1,117,3861,3883,22
1,118,3894,3916,22
1,119,3927,3949,22
2,39,3916,3955,17
1,120,3960,3982,22
3,2,4000,8000,1
1,122,4026,4092,1
1,123,4059,4125,1
1,124,4092,4158,1
2,41,4100,4300,1
0,4,4000,4101,101
1,121,3993,4116,22
2,40,4116,4125,9
1,125,4125,4147,22
1,126,4158,4180,22
1,127,4191,4213,22
1,128,4224,4246,22
1,129,4257,4279,22
2,42,4213,4283,26
1,130,4290,4312,22
1,131,4323,4345,22
2,43,4312,4347,13
1,132,4356,4378,22
1,133,4389,4411,22
2,44,4411,4420,9
1,134,4422,4444,22
1,135,4455,4477,22
1,136,4488,4510,22
1,137,4521,4543,22
2,45,4510,4547,15
1,138,4554,4576,22
1,139,4587,4609,22
1,140,4620,4642,22
2,46,4609,4643,12
1,141,4653,4675,22
1,142,4686,4708,22
2,47,4708,4717,9
1,143,4719,4741,22
1,144,4752,4774,22
1,145,4785,4807,22
1,146,4818,4840,22
2,48,4807,4846,17
1,147,4851,4873,22
1,148,4884,4906,22
2,49,4906,4914,8
1,149,4917,4939,22
1,150,4950,4972,22
1,152,5016,5082,1
1,153,5049,5115,1
1,154,5082,5148,1
2,51,5100,5300,1
1,155,5115,5181,1
1,156,5148,5214,1
0,5,5000,5170,170
1,151,4983,5175,22
2,52,5200,5400,1
1,157,5181,5203,22
2,50,5175,5211,14
1,158,5214,5236,22
3,1,2142,5244,545
1,159,5247,5269,22
1,160,5280,5302,22
1,161,5313,5335,22
1,162,5346,5368,22
2,54,5400,5600,1
1,163,5379,5401,22
2,53,5302,5402,34
1,164,5412,5434,22
1,165,5445,5467,22
1,166,5478,5500,22
1,167,5511,5533,22
2,55,5500,5540,18
1,168,5544,5566,22
1,169,5577,5599,22
1,170,5610,5632,22
1,171,5643,5665,22
2,56,5600,5674,30
1,172,5676,5698,22
1,173,5709,5731,22
1,174,5742,5764,22
2,57,5700,5766,22
1,175,5775,5797,22
1,176,5808,5830,22
1,177,5841,5863,22
2,58,5800,5869,25
1,178,5874,5896,22
1,179,5907,5929,22
1,180,5940,5962,22
2,59,5900,5968,24
1,181,5973,5995,22
1,183,6039,6105,1
1,184,6072,6138,1
2,61,6100,6300,1
1,185,6105,6171,1
1,186,6138,6204,1
1,187,6171,6237,1
0,6,6000,6200,200
2,62,6200,6400,1
1,188,6204,6270,1
1,182,6200,6222,22
1,189,6237,6259,22
2,60,6222,6264,20
1,190,6270,6292,22
1,191,6303,6325,22
1,192,6336,6358,22
2,63,6300,6368,24
1,193,6369,6391,22
1,194,6402,6424,22
1,195,6435,6457,22
2,64,6400,6463,19
1,196,6468,6490,22
1,197,6501,6523,22
1,198,6534,6556,22
2,65,6500,6565,21
1,199,6567,6589,22
1,200,6600,6622,22
1,201,6633,6655,22
1,202,6666,6688,22
2,66,6622,6695,29
1,203,6699,6721,22
1,204,6732,6754,22
1,205,6765,6787,22
2,67,6721,6788,23
1,206,6798,6820,22
1,207,6831,6853,22
1,208,6864,6886,22
2,69,6900,7100,1
1,209,6897,6919,22
2,68,6820,6925,39
1,210,6930,6952,22
1,211,6963,6985,22
1,213,7029,7095,1
1,214,7062,7128,1
1,215,7095,7161,1
2,71,7100,7300,1
1,216,7128,7194,1
1,217,7161,7227,1
0,7,7000,7170,170
1,212,6996,7188,22
2,72,7200,7400,1
1,218,7194,7216,22
1,219,7227,7249,22
2,70,7188,7254,22
1,220,7260,7282,22
1,221,7293,7315,22
1,222,7326,7348,22
2,73,7315,7357,20
1,223,7359,7381,22
1,224,7392,7414,22
1,225,7425,7447,22
1,226,7458,7480,22
2,74,7414,7482,24
1,227,7491,7513,22
1,228,7524,7546,22
2,75,7513,7557,22
1,229,7557,7579,22
1,230,7590,7612,22
1,231,7623,7645,22
1,232,7656,7678,22
2,76,7612,7679,23
1,233,7689,7711,22
1,234,7722,7744,22
2,77,7711,7753,20
1,235,7755,7777,22
1,236,7788,7810,22
1,237,7821,7843,22
2,78,7810,7847,15
1,238,7854,7876,22
1,239,7887,7909,22
2,79,7909,7918,9
1,240,7920,7942,22
1,241,7953,7975,22
3,4,8000,12000,1
1,243,8019,8085,1
1,244,8052,8118,1
1,245,8085,8151,1
2,81,8100,8300,1
1,246,8118,8184,1
1,247,8151,8217,1
1,248,8184,8250,1
0,8,8000,8192,192
1,242,7986,8200,22
2,82,8200,8400,1
1,249,8217,8239,22
2,80,8200,8243,21
1,250,8250,8272,22
1,251,8283,8305,22
1,252,8316,8338,22
1,253,8349,8371,22
2,83,8305,8375,26
1,254,8382,8404,22
1,255,8415,8437,22
2,84,8404,8442,16
1,256,8448,8470,22
1,257,8481,8503,22
1,258,8514,8536,22
1,259,8547,8569,22
2,85,8503,8572,25
1,260,8580,8602,22
1,261,8613,8635,22
2,86,8602,8645,21
1,262,8646,8668,22
1,263,8679,8701,22
1,264,8712,8734,22
1,265,8745,8767,22
2,87,8701,8770,25
1,266,8778,8800,22
1,267,8811,8833,22
1,268,8844,8866,22
2,88,8800,8872,28
1,269,8877,8899,22
1,270,8910,8932,22
2,89,8900,8939,17
1,271,8943,8965,22
1,272,8976,8998,22
1,274,9042,9108,1
1,275,9075,9141,1
2,91,9100,9300,1
1,276,9108,9174,1
1,277,9141,9207,1
1,278,9174,9240,1
2,92,9200,9400,1
1,279,9207,9273,1
1,280,9240,9306,1
1,281,9273,9339,1
0,9,9000,9289,289
2,93,9300,9500,1
1,282,9306,9372,1
1,273,9289,9311,22
2,90,9311,9326,15
1,283,9339,9361,22
1,284,9372,9394,22
1,285,9405,9427,22
1,286,9438,9460,22
1,287,9471,9493,22
2,94,9400,9497,31
1,288,9504,9526,22
1,289,9537,9559,22
2,95,9500,9567,23
1,290,9570,9592,22
1,291,9603,9625,22
1,292,9636,9658,22
2,96,9600,9664,20
1,293,9669,9691,22
1,294,9702,9724,22
1,295,9735,9757,22
1,296,9768,9790,22
2,97,9700,9794,28
1,297,9801,9823,22
1,298,9834,9856,22
2,98,9800,9863,19
1,299,9867,9889,22
1,300,9900,9922,22
1,301,9933,9955,22
2,99,9922,9957,13
1,302,9966,9988,22
3,5,10000,14000,1
1,304,10032,10098,1
1,305,10065,10131,1
1,306,10098,10164,1
2,101,10100,10300,1
1,307,10131,10197,1
1,308,10164,10230,1
0,10,10000,10174,174
1,303,9999,10195,22
2,102,10200,10400,1
1,309,10197,10219,22
1,310,10230,10252,22
1,311,10263,10285,22
2,100,10195,10293,32
1,312,10296,10318,22
1,313,10329,10351,22
2,103,10318,10355,15
1,314,10362,10384,22
1,315,10395,10417,22
1,316,10428,10450,22
2,104,10417,10455,16
1,317,10461,10483,22
1,318,10494,10516,22
1,319,10527,10549,22
1,320,10560,10582,22
2,105,10516,10588,28
1,321,10593,10615,22
1,322,10626,10648,22
2,106,10615,10650,13
1,323,10659,10681,22
1,324,10692,10714,22
1,325,10725,10747,22
2,107,10714,10753,17
1,326,10758,10780,22
1,327,10791,10813,22
1,328,10824,10846,22
2,108,10813,10855,20
1,329,10857,10879,22
1,330,10890,10912,22
1,331,10923,10945,22
2,109,10912,10952,18
1,332,10956,10978,22
1,334,11022,11088,1
1,335,11055,11121,1
1,336,11088,11154,1
2,111,11100,11300,1
1,337,11121,11187,1
0,11,11000,11135,135
1,333,10989,11146,22
1,338,11154,11176,22
2,110,11146,11187,19
1,339,11187,11209,22
2,112,11209,11220,11
1,340,11220,11242,22
1,341,11253,11275,22
1,342,11286,11308,22
1,343,11319,11341,22
2,113,11308,11349,19
1,344,11352,11374,22
1,345,11385,11407,22
1,346,11418,11440,22
2,114,11407,11450,21
1,347,11451,11473,22
1,348,11484,11506,22
1,349,11517,11539,22
2,115,11506,11541,13
1,350,11550,11572,22
1,351,11583,11605,22
1,352,11616,11638,22
2,116,11605,11644,17
1,353,11649,11671,22
1,354,11682,11704,22
1,355,11715,11737,22
2,117,11704,11745,19
1,356,11748,11770,22
1,357,11781,11803,22
1,358,11814,11836,22
2,118,11803,11843,18
1,359,11847,11869,22
1,360,11880,11902,22
1,361,11913,11935,22
2,119,11902,11938,14
1,362,11946,11968,22
3,6,12000,16000,1
1,364,12012,12078,1
1,365,12045,12111,1
1,366,12078,12144,1
2,121,12100,12300,1
1,367,12111,12177,1
1,368,12144,12210,1
0,12,12000,12161,161
1,363,11979,12162,22
1,369,12177,12199,22
2,122,12200,12400,1
2,120,12162,12203,19
1,370,12210,12232,22
1,371,12243,12265,22
1,372,12276,12298,22
1,373,12309,12331,22
2,123,12300,12338,16
1,374,12342,12364,22
1,375,12375,12397,22
1,376,12408,12430,22
2,124,12400,12437,15
1,377,12441,12463,22
1,378,12474,12496,22
1,379,12507,12529,22
1,380,12540,12562,22
2,125,12500,12571,27
1,381,12573,12595,22
1,382,12606,12628,22
2,126,12600,12638,16
1,383,12639,12661,22
1,384,12672,12694,22
1,385,12705,12727,22
2,127,12700,12734,12
1,386,12738,12760,22
1,387,12771,12793,22
3,3,6264,12797,751
1,388,12804,12826,22
2,128,12800,12836,14
1,389,12837,12859,22
1,390,12870,12892,22
1,391,12903,12925,22
2,129,12900,12933,11
1,392,12936,12958,22
1,393,12969,12991,22
1,395,13035,13101,1
1,396,13068,13134,1
2,131,13100,13300,1
1,397,13101,13167,1
1,398,13134,13200,1
0,13,13000,13159,159
1,399,13167,13233,1
1,394,13159,13181,22
2,130,13181,13194,13
1,400,13200,13222,22
1,401,13233,13255,22
1,402,13266,13288,22
2,132,13222,13289,23
1,403,13299,13321,22
1,404,13332,13354,22
2,133,13321,13359,16
1,405,13365,13387,22
1,406,13398,13420,22
1,407,13431,13453,22
2,134,13420,13456,14
1,408,13464,13486,22
1,409,13497,13519,22
1,410,13530,13552,22
2,135,13519,13554,13
1,411,13563,13585,22
1,412,13596,13618,22
1,413,13629,13651,22
2,136,13618,13653,13
1,414,13662,13684,22
1,415,13695,13717,22
1,416,13728,13750,22
2,137,13717,13761,22
1,417,13761,13783,22
1,418,13794,13816,22
1,419,13827,13849,22
2,138,13816,13855,17
1,420,13860,13882,22
1,421,13893,13915,22
2,139,13915,13921,6
1,422,13926,13948,22
1,423,13959,13981,22
1,425,14025,14091,1
1,426,14058,14124,1
1,427,14091,14157,1
2,141,14100,14300,1
1,428,14124,14190,1
0,14,14000,14152,152
1,429,14157,14223,1
1,424,13992,14166,22
2,140,14166,14172,6
1,430,14190,14212,22
2,142,14212,14222,10
1,431,14223,14245,22
1,432,14256,14278,22
1,433,14289,14311,22
1,434,14322,14344,22
2,143,14311,14347,14
1,435,14355,14377,22
1,436,14388,14410,22
1,437,14421,14443,22
2,144,14410,14449,17
1,438,14454,14476,22
1,439,14487,14509,22
1,440,14520,14542,22
2,145,14509,14546,15
1,441,14553,14575,22
1,442,14586,14608,22
1,443,14619,14641,22
2,146,14608,14642,12
1,444,14652,14674,22
1,445,14685,14707,22
1,446,14718,14740,22
2,147,14707,14744,15
1,447,14751,14773,22
1,448,14784,14806,22
1,449,14817,14839,22
2,148,14806,14850,22
1,450,14850,14872,22
1,451,14883,14905,22
1,452,14916,14938,22
2,149,14905,14944,17
1,453,14949,14971,22
1,455,15015,15081,1
1,456,15048,15114,1
1,457,15081,15147,1
2,151,15100,15300,1
1,458,15114,15180,1
1,459,15147,15213,1
0,15,15000,15149,149
1,454,14982,15153,22
2,150,15153,15169,16
1,460,15180,15202,22
1,461,15213,15235,22
2,152,15202,15240,16
1,462,15246,15268,22
1,463,15279,15301,22
1,464,15312,15334,22
2,153,15301,15340,17
1,465,15345,15367,22
1,466,15378,15400,22
1,467,15411,15433,22
2,154,15400,15439,17
1,468,15444,15466,22
1,469,15477,15499,22
1,470,15510,15532,22
2,155,15500,15542,20
1,471,15543,15565,22
1,472,15576,15598,22
1,473,15609,15631,22
2,156,15600,15639,17
1,474,15642,15664,22
1,475,15675,15697,22
1,476,15708,15730,22
1,477,15741,15763,22
2,157,15700,15769,25
1,478,15774,15796,22
1,479,15807,15829,22
1,480,15840,15862,22
2,158,15800,15869,25
1,481,15873,15895,22
1,482,15906,15928,22
2,159,15900,15939,17
1,483,15939,15961,22
1,484,15972,15994,22
3,8,16000,20000,1
1,486,16038,16104,1
1,487,16071,16137,1
2,161,16100,16300,1
1,488,16104,16170,1
1,489,16137,16203,1
0,16,16000,16161,161
1,490,16170,16236,1
1,485,16161,16183,22
2,160,16183,16198,15
1,491,16203,16225,22
1,492,16236,16258,22
2,162,16200,16263,19
1,493,16269,16291,22
1,494,16302,16324,22
2,163,16300,16335,13
1,495,16335,16357,22
1,496,16368,16390,22
1,497,16401,16423,22
1,498,16434,16456,22
2,164,16400,16461,17
1,499,16467,16489,22
1,500,16500,16522,22
1,501,16533,16555,22
2,165,16522,16556,12
1,502,16566,16588,22
1,503,16599,16621,22
2,166,16621,16632,11
1,504,16632,16654,22
1,505,16665,16687,22
1,506,16698,16720,22
1,507,16731,16753,22
2,167,16720,16757,15
1,508,16764,16786,22
1,509,16797,16819,22
1,510,16830,16852,22
2,168,16819,16858,17
1,511,16863,16885,22
1,512,16896,16918,22
1,513,16929,16951,22
2,169,16918,16955,15
1,514,16962,16984,22
1,516,17028,17094,1
1,517,17061,17127,1
1,518,17094,17160,1
2,171,17100,17300,1
1,519,17127,17193,1
0,17,17000,17143,143
1,515,16995,17160,22
1,520,17160,17182,22
2,172,17200,17400,1
1,521,17193,17215,22
2,170,17182,17221,17
1,522,17226,17248,22
1,523,17259,17281,22
1,524,17292,17314,22
1,525,17325,17347,22
2,173,17314,17357,21
1,526,17358,17380,22
1,527,17391,17413,22
1,528,17424,17446,22
2,174,17413,17447,12
1,529,17457,17479,22
1,530,17490,17512,22
1,531,17523,17545,22
2,175,17512,17552,18
1,532,17556,17578,22
1,533,17589,17611,22
1,534,17622,17644,22
1,535,17655,17677,22
2,176,17611,17678,23
1,536,17688,17710,22
1,537,17721,17743,22
2,177,17710,17746,14
1,538,17754,17776,22
3,7,14172,17782,536
1,539,17787,17809,22
1,540,17820,17842,22
2,178,17809,17844,13
1,541,17853,17875,22
1,542,17886,17908,22
1,543,17919,17941,22
2,179,17908,17943,13
1,544,17952,17974,22
1,546,18018,18084,1
1,547,18051,18117,1
1,548,18084,18150,1
2,181,18100,18300,1
0,18,18000,18104,104
1,545,17985,18111,22
1,549,18117,18139,22
2,180,18111,18150,17
1,550,18150,18172,22
1,551,18183,18205,22
1,552,18216,18238,22
2,182,18205,18242,15
1,553,18249,18271,22
1,554,18282,18304,22
1,555,18315,18337,22
2,183,18304,18340,14
1,556,18348,18370,22
1,557,18381,18403,22
1,558,18414,18436,22
2,184,18403,18444,19
1,559,18447,18469,22
1,560,18480,18502,22
1,561,18513,18535,22
2,185,18502,18542,18
1,562,18546,18568,22
1,563,18579,18601,22
1,564,18612,18634,22
2,186,18601,18644,21
1,565,18645,18667,22
1,566,18678,18700,22
1,567,18711,18733,22
2,187,18700,18743,21
1,568,18744,18766,22
1,569,18777,18799,22
1,570,18810,18832,22
2,188,18800,18839,17
1,571,18843,18865,22
1,572,18876,18898,22
1,573,18909,18931,22
2,189,18900,18936,14
1,574,18942,18964,22
1,575,18975,18997,22
1,577,19041,19107,1
1,578,19074,19140,1
2,191,19100,19300,1
1,579,19107,19173,1
0,19,19000,19129,129
1,580,19140,19206,1
1,576,19129,19151,22
2,190,19151,19171,20
1,581,19173,19195,22
1,582,19206,19228,22
2,192,19200,19237,15
1,583,19239,19261,22
1,584,19272,19294,22
1,585,19305,19327,22
1,586,19338,19360,22
2,193,19300,19362,18
1,587,19371,19393,22
1,588,19404,19426,22
1,589,19437,19459,22
2,194,19400,19462,18
1,590,19470,19492,22
1,591,19503,19525,22
1,592,19536,19558,22
2,195,19500,19559,15
1,593,19569,19591,22
1,594,19602,19624,22
1,595,19635,19657,22
2,196,19600,19661,17
1,596,19668,19690,22
1,597,19701,19723,22
1,598,19734,19756,22
2,197,19700,19757,13
1,599,19767,19789,22
1,600,19800,19822,22
1,601,19833,19855,22
2,198,19822,19866,22
1,602,19866,19888,22
1,603,19899,19921,22
1,604,19932,19954,22
2,199,19921,19960,17
1,605,19965,19987,22
3,10,20000,24000,1
1,607,20031,20097,1
1,608,20064,20130,1
1,609,20097,20163,1
2,201,20100,20300,1
1,610,20130,20196,1
1,611,20163,20229,1
0,20,20000,20191,191
1,612,20196,20262,1
2,202,20200,20400,1
1,606,19998,20211,22
1,613,20229,20251,22
2,200,20211,20257,24
1,614,20262,20284,22
1,615,20295,20317,22
1,616,20328,20350,22
1,617,20361,20383,22
2,203,20317,20392,31
1,618,20394,20416,22
1,619,20427,20449,22
2,204,20416,20459,21
1,620,20460,20482,22
1,621,20493,20515,22
1,622,20526,20548,22
1,623,20559,20581,22
2,205,20515,20584,25
1,624,20592,20614,22
1,625,20625,20647,22
2,206,20614,20656,20
1,626,20658,20680,22
1,627,20691,20713,22
1,628,20724,20746,22
1,629,20757,20779,22
2,207,20713,20782,25
1,630,20790,20812,22
1,631,20823,20845,22
1,632,20856,20878,22
2,209,20900,21100,1
1,633,20889,20911,22
1,634,20922,20944,22
2,208,20812,20950,50
1,635,20955,20977,22
1,637,21021,21087,1
1,638,21054,21120,1
1,639,21087,21153,1
2,211,21100,21300,1
1,640,21120,21186,1
1,641,21153,21219,1
1,642,21186,21252,1
0,21,21000,21189,189
1,636,20988,21199,22
2,212,21200,21400,1
2,210,21199,21217,18
1,643,21219,21241,22
1,644,21252,21274,22
1,645,21285,21307,22
1,646,21318,21340,22
1,647,21351,21373,22
2,213,21307,21375,24
1,648,21384,21406,22
1,649,21417,21439,22
1,650,21450,21472,22
2,214,21406,21481,31
1,651,21483,21505,22
2,215,21505,21514,9
1,652,21516,21538,22
1,653,21549,21571,22
1,654,21582,21604,22
2,216,21604,21613,9
1,655,21615,21637,22
1,656,21648,21670,22
1,657,21681,21703,22
1,658,21714,21736,22
2,217,21703,21742,17
1,659,21747,21769,22
1,660,21780,21802,22
1,661,21813,21835,22
1,662,21846,21868,22
2,218,21802,21870,24
1,663,21879,21901,22
1,664,21912,21934,22
1,665,21945,21967,22
1,666,21978,22000,22
2,220,22000,22200,1
3,11,22000,26000,1
1,668,22044,22110,1
1,669,22077,22143,1
2,221,22100,22300,1
1,670,22110,22176,1
1,671,22143,22209,1
1,672,22176,22242,1
2,222,22200,22400,1
1,673,22209,22275,1
1,674,22242,22308,1
1,675,22275,22341,1
0,22,22000,22287,287
2,223,22300,22500,1
1,676,22308,22374,1
1,667,22287,22309,22
2,219,21901,22312,36
1,677,22341,22363,22
1,678,22374,22396,22
1,679,22407,22429,22
2,224,22400,22438,16
1,680,22440,22462,22
1,681,22473,22495,22
1,682,22506,22528,22
1,683,22539,22561,22
2,225,22500,22568,24
1,684,22572,22594,22
1,685,22605,22627,22
1,686,22638,22660,22
2,226,22600,22669,25
1,687,22671,22693,22
1,688,22704,22726,22
1,689,22737,22759,22
2,227,22700,22765,21
1,690,22770,22792,22
1,691,22803,22825,22
1,692,22836,22858,22
2,228,22800,22868,24
1,693,22869,22891,22
1,694,22902,22924,22
1,695,22935,22957,22
2,229,22900,22961,17
1,696,22968,22990,22
1,698,23034,23100,1
1,699,23067,23133,1
1,700,23100,23166,1
2,231,23100,23300,1
1,701,23133,23199,1
1,702,23166,23232,1
0,23,23000,23177,177
1,697,23177,23199,22
2,232,23200,23400,1
1,703,23199,23221,22
2,230,23221,23232,11
1,704,23232,23254,22
1,705,23265,23287,22
1,706,23298,23320,22
1,707,23331,23353,22
2,233,23320,23360,18
1,708,23364,23386,22
1,709,23397,23419,22
1,710,23430,23452,22
2,234,23419,23459,18
1,711,23463,23485,22
1,712,23496,23518,22
1,713,23529,23551,22
1,714,23562,23584,22
2,235,23518,23592,30
1,715,23595,23617,22
1,716,23628,23650,22
1,717,23661,23683,22
2,236,23617,23687,26
1,718,23694,23716,22
1,719,23727,23749,22
2,237,23716,23759,21
1,720,23760,23782,22
1,721,23793,23815,22
1,722,23826,23848,22
1,723,23859,23881,22
2,238,23815,23887,28
1,724,23892,23914,22
1,725,23925,23947,22
2,239,23914,23955,19
1,726,23958,23980,22
3,12,24000,28000,1
1,728,24024,24090,1
1,729,24057,24123,1
1,730,24090,24156,1
2,241,24100,24300,1
1,731,24123,24189,1
1,732,24156,24222,1
1,733,24189,24255,1
2,242,24200,24400,1
0,24,24000,24212,212
1,734,24222,24288,1
1,727,23991,24225,22
2,240,24225,24250,25
1,735,24255,24277,22
1,736,24288,24310,22
1,737,24321,24343,22
2,243,24310,24353,21
1,738,24354,24376,22
1,739,24387,24409,22
1,740,24420,24442,22
1,741,24453,24475,22
2,244,24409,24481,28
1,742,24486,24508,22
1,743,24519,24541,22
2,245,24508,24551,21
1,744,24552,24574,22
3,9,18172,24575,713
1,745,24585,24607,22
1,746,24618,24640,22
2,246,24607,24645,16
1,747,24651,24673,22
1,748,24684,24706,22
1,749,24717,24739,22
2,247,24706,24749,21
1,750,24750,24772,22
1,751,24783,24805,22
1,752,24816,24838,22
2,248,24805,24847,20
1,753,24849,24871,22
1,754,24882,24904,22
1,755,24915,24937,22
1,756,24948,24970,22
2,249,24904,24974,26
1,758,25014,25080,1
1,759,25047,25113,1
1,760,25080,25146,1
2,251,25100,25300,1
1,761,25113,25179,1
0,25,25000,25137,137
1,757,24981,25140,22
1,762,25146,25168,22
2,252,25200,25400,1
1,763,25179,25201,22
1,764,25212,25234,22
2,250,25140,25240,34
1,765,25245,25267,22
1,766,25278,25300,22
2,253,25300,25309,9
1,767,25311,25333,22
1,768,25344,25366,22
1,769,25377,25399,22
1,770,25410,25432,22
2,254,25400,25441,19
1,771,25443,25465,22
1,772,25476,25498,22
1,773,25509,25531,22
2,255,25500,25534,12
1,774,25542,25564,22
1,775,25575,25597,22
1,776,25608,25630,22
2,256,25600,25638,16
1,777,25641,25663,22
1,778,25674,25696,22
1,779,25707,25729,22
2,257,25700,25740,18
1,780,25740,25762,22
1,781,25773,25795,22
1,782,25806,25828,22
1,783,25839,25861,22
2,258,25800,25868,24
1,784,25872,25894,22
1,785,25905,25927,22
2,259,25900,25931,9
1,786,25938,25960,22
1,787,25971,25993,22
1,789,26037,26103,1
1,790,26070,26136,1
2,261,26100,26300,1
1,791,26103,26169,1
1,792,26136,26202,1
1,793,26169,26235,1
0,26,26000,26172,172
1,788,26172,26194,22
2,262,26200,26400,1
1,794,26202,26224,22
2,260,26194,26231,15
1,795,26235,26257,22
1,796,26268,26290,22
1,797,26301,26323,22
1,798,26334,26356,22
2,263,26300,26362,18
1,799,26367,26389,22
1,800,26400,26422,22
2,264,26422,26431,9
1,801,26433,26455,22
1,802,26466,26488,22
1,803,26499,26521,22
1,804,26532,26554,22
2,265,26521,26557,14
1,805,26565,26587,22
1,806,26598,26620,22
2,266,26620,26629,9
1,807,26631,26653,22
1,808,26664,26686,22
1,809,26697,26719,22
1,810,26730,26752,22
2,267,26719,26756,15
1,811,26763,26785,22
1,812,26796,26818,22
2,268,26818,26829,11
1,813,26829,26851,22
1,814,26862,26884,22
1,815,26895,26917,22
1,816,26928,26950,22
2,269,26917,26956,17
1,817,26961,26983,22
1,819,27027,27093,1
1,820,27060,27126,1
1,821,27093,27159,1
2,271,27100,27300,1
1,822,27126,27192,1
0,27,27000,27128,128
1,818,26994,27144,22
1,823,27159,27181,22
2,270,27144,27185,19
1,824,27192,27214,22
1,825,27225,27247,22
2,272,27214,27248,12
1,826,27258,27280,22
1,827,27291,27313,22
1,828,27324,27346,22
2,273,27313,27349,14
1,829,27357,27379,22
1,830,27390,27412,22
1,831,27423,27445,22
2,274,27412,27451,17
1,832,27456,27478,22
1,833,27489,27511,22
2,275,27511,27522,11
1,834,27522,27544,22
1,835,27555,27577,22
1,836,27588,27610,22
1,837,27621,27643,22
2,276,27610,27649,17
1,838,27654,27676,22
1,839,27687,27709,22
1,840,27720,27742,22
2,277,27709,27747,16
1,841,27753,27775,22
1,842,27786,27808,22
1,843,27819,27841,22
2,278,27808,27851,21
1,844,27852,27874,22
1,845,27885,27907,22
1,846,27918,27940,22
2,279,27907,27943,14
1,847,27951,27973,22
3,14,28000,32000,1
1,849,28017,28083,1
1,850,28050,28116,1
1,851,28083,28149,1
2,281,28100,28300,1
1,852,28116,28182,1
0,28,28000,28125,125
1,848,27984,28131,22
2,280,28131,28145,14
1,853,28149,28171,22
1,854,28182,28204,22
1,855,28215,28237,22
2,282,28204,28243,17
1,856,28248,28270,22
1,857,28281,28303,22
1,858,28314,28336,22
2,283,28303,28337,12
1,859,28347,28369,22
1,860,28380,28402,22
1,861,28413,28435,22
2,284,28402,28437,13
1,862,28446,28468,22
1,863,28479,28501,22
2,285,28501,28509,8
1,864,28512,28534,22
1,865,28545,28567,22
1,866,28578,28600,22
1,867,28611,28633,22
2,286,28600,28638,16
1,868,28644,28666,22
1,869,28677,28699,22
1,870,28710,28732,22
2,287,28700,28736,14
1,871,28743,28765,22
1,872,28776,28798,22
1,873,28809,28831,22
2,288,28800,28841,19
1,874,28842,28864,22
1,875,28875,28897,22
1,876,28908,28930,22
2,289,28900,28938,16
1,877,28941,28963,22
3,13,26231,28968,471
1,878,28974,28996,22
1,880,29040,29106,1
1,881,29073,29139,1
2,291,29100,29300,1
1,882,29106,29172,1
1,883,29139,29205,1
0,29,29000,29150,150
1,879,29150,29172,22
1,884,29172,29194,22
2,292,29200,29400,1
2,290,29194,29203,9
1,885,29205,29227,22
1,886,29238,29260,22
1,887,29271,29293,22
1,888,29304,29326,22
2,293,29300,29331,9
1,889,29337,29359,22
1,890,29370,29392,22
1,891,29403,29425,22
1,892,29436,29458,22
2,294,29400,29464,20
1,893,29469,29491,22
1,894,29502,29524,22
1,895,29535,29557,22
2,295,29500,29561,17
1,896,29568,29590,22
1,897,29601,29623,22
1,898,29634,29656,22
2,296,29600,29665,21
1,899,29667,29689,22
1,900,29700,29722,22
1,901,29733,29755,22
1,902,29766,29788,22
2,297,29722,29793,27
1,903,29799,29821,22
1,904,29832,29854,22
2,298,29821,29864,21
1,905,29865,29887,22
1,906,29898,29920,22
1,907,29931,29953,22
2,299,29920,29964,22
1,908,29964,29986,22
1,910,30030,30096,1
1,911,30063,30129,1
1,912,30096,30162,1
2,301,30100,30300,1
1,913,30129,30195,1
1,914,30162,30228,1
1,915,30195,30261,1
2,302,30200,30400,1
1,916,30228,30294,1
0,30,30000,30239,239
1,909,29997,30258,22
1,917,30261,30283,22
2,303,30300,30500,1
1,918,30294,30316,22
2,300,30258,30324,22
1,919,30327,30349,22
1,920,30360,30382,22
1,921,30393,30415,22
1,922,30426,30448,22
1,923,30459,30481,22
2,304,30415,30482,23
1,924,30492,30514,22
1,925,30525,30547,22
2,305,30514,30548,12
1,926,30558,30580,22
1,927,30591,30613,22
1,928,30624,30646,22
1,929,30657,30679,22
2,306,30613,30681,24
1,930,30690,30712,22
1,931,30723,30745,22
2,307,30712,30749,15
1,932,30756,30778,22
1,933,30789,30811,22
1,934,30822,30844,22
1,935,30855,30877,22
2,308,30811,30878,23
1,936,30888,30910,22
1,937,30921,30943,22
1,938,30954,30976,22
2,309,30910,30980,26
1,940,31020,31086,1
1,941,31053,31119,1
1,942,31086,31152,1
2,311,31100,31300,1
1,943,31119,31185,1
1,944,31152,31218,1
1,945,31185,31251,1
2,312,31200,31400,1
0,31,31000,31213,213
1,946,31218,31284,1
1,939,30987,31222,22
2,310,31222,31239,17
1,947,31251,31273,22
1,948,31284,31306,22
1,949,31317,31339,22
2,313,31306,31342,14
1,950,31350,31372,22
1,951,31383,31405,22
1,952,31416,31438,22
1,953,31449,31471,22
2,314,31405,31472,23
1,954,31482,31504,22
1,955,31515,31537,22
2,315,31504,31543,17
1,956,31548,31570,22
1,957,31581,31603,22
1,958,31614,31636,22
2,316,31603,31640,15
1,959,31647,31669,22
1,960,31680,31702,22
1,961,31713,31735,22
2,317,31702,31746,22
1,962,31746,31768,22
1,963,31779,31801,22
1,964,31812,31834,22
2,318,31801,31841,18
1,965,31845,31867,22
1,966,31878,31900,22
1,967,31911,31933,22
1,968,31944,31966,22
2,319,31900,31967,23
1,969,31977,31999,22
3,16,32000,36000,1
1,971,32043,32109,1
1,972,32076,32142,1
2,321,32100,32300,1
1,973,32109,32175,1
1,974,32142,32208,1
0,32,32000,32170,170
1,975,32175,32241,1
1,970,32170,32192,22
2,322,32200,32400,1
1,976,32208,32230,22
2,320,32192,32231,17
1,977,32241,32263,22
1,978,32274,32296,22
1,979,32307,32329,22
1,980,32340,32362,22
2,323,32300,32368,24
1,981,32373,32395,22
1,982,32406,32428,22
1,983,32439,32461,22
2,324,32400,32470,26
1,984,32472,32494,22
1,985,32505,32527,22
1,986,32538,32560,22
1,987,32571,32593,22
2,325,32500,32594,28
1,988,32604,32626,22
1,989,32637,32659,22
2,326,32600,32664,20
1,990,32670,32692,22
1,991,32703,32725,22
1,992,32736,32758,22
2,327,32700,32759,15
1,993,32769,32791,22
1,994,32802,32824,22
1,995,32835,32857,22
2,328,32800,32864,20
1,996,32868,32890,22
1,997,32901,32923,22
2,329,32900,32933,11
1,998,32934,32956,22
1,999,32967,32989,22
1,1001,33033,33099,1
1,1002,33066,33132,1
1,1003,33099,33165,1
2,331,33100,33300,1
1,1004,33132,33198,1
1,1005,33165,33231,1
0,33,33000,33195,195
1,1006,33198,33264,1
2,332,33200,33400,1
1,1000,33195,33217,22
2,330,33217,33226,9
1,1007,33231,33253,22
1,1008,33264,33286,22
1,1009,33297,33319,22
1,1010,33330,33352,22
2,333,33319,33359,18
1,1011,33363,33385,22
1,1012,33396,33418,22
1,1013,33429,33451,22
2,334,33418,33457,17
1,1014,33462,33484,22
1,1015,33495,33517,22
1,1016,33528,33550,22
2,335,33517,33561,22
1,1017,33561,33583,22
1,1018,33594,33616,22
1,1019,33627,33649,22
2,336,33616,33654,16
1,1020,33660,33682,22
1,1021,33693,33715,22
1,1022,33726,33748,22
2,337,33715,33755,18
1,1023,33759,33781,22
1,1024,33792,33814,22
1,1025,33825,33847,22
2,338,33814,33857,21
1,1026,33858,33880,22
1,1027,33891,33913,22
1,1028,33924,33946,22
2,339,33913,33951,16
1,1029,33957,33979,22
3,17,34000,38000,1
1,1031,34023,34089,1
1,1032,34056,34122,1
1,1033,34089,34155,1
2,341,34100,34300,1
1,1034,34122,34188,1
1,1035,34155,34221,1
0,34,34000,34183,183
1,1036,34188,34254,1
1,1030,33990,34195,22
2,342,34200,34400,1
2,340,34195,34219,24
1,1037,34221,34243,22
1,1038,34254,34276,22
1,1039,34287,34309,22
1,1040,34320,34342,22
2,343,34309,34353,22
1,1041,34353,34375,22
1,1042,34386,34408,22
1,1043,34419,34441,22
2,344,34408,34450,20
1,1044,34452,34474,22
1,1045,34485,34507,22
2,345,34507,34516,9
1,1046,34518,34540,22
1,1047,34551,34573,22
1,1048,34584,34606,22
1,1049,34617,34639,22
2,346,34606,34642,14
1,1050,34650,34672,22
1,1051,34683,34705,22
1,1052,34716,34738,22
2,347,34705,34749,22
1,1053,34749,34771,22
1,1054,34782,34804,22
1,1055,34815,34837,22
2,348,34804,34838,12
1,1056,34848,34870,22
1,1057,34881,34903,22
1,1058,34914,34936,22
2,349,34903,34937,12
1,1059,34947,34969,22
1,1061,35013,35079,1
1,1062,35046,35112,1
1,1063,35079,35145,1
2,351,35100,35300,1
0,35,35000,35104,104
1,1060,34980,35106,22
1,1064,35112,35134,22
1,1065,35145,35167,22
2,350,35106,35175,25
1,1066,35178,35200,22
1,1067,35211,35233,22
2,352,35200,35237,15
1,1068,35244,35266,22
1,1069,35277,35299,22
2,353,35300,35309,9
1,1070,35310,35332,22
1,1071,35343,35365,22
1,1072,35376,35398,22
1,1073,35409,35431,22
2,354,35400,35433,11
1,1074,35442,35464,22
1,1075,35475,35497,22
1,1076,35508,35530,22
2,355,35500,35538,16
1,1077,35541,35563,22
1,1078,35574,35596,22
1,1079,35607,35629,22
2,356,35600,35633,11
1,1080,35640,35662,22
1,1081,35673,35695,22
1,1082,35706,35728,22
2,357,35700,35731,9
1,1083,35739,35761,22
1,1084,35772,35794,22
1,1085,35805,35827,22
2,358,35800,35832,10
1,1086,35838,35860,22
1,1087,35871,35893,22
1,1088,35904,35926,22
2,359,35900,35932,10
1,1089,35937,35959,22
1,1090,35970,35992,22
3,18,36000,40000,1
1,1092,36036,36102,1
1,1093,36069,36135,1
0,36,36000,36099,99
2,361,36100,36300,1
1,1094,36102,36168,1
1,1091,36099,36121,22
2,360,36121,36134,13
1,1095,36135,36157,22
1,1096,36168,36190,22
1,1097,36201,36223,22
1,1098,36234,36256,22
2,362,36200,36260,16
1,1099,36267,36289,22
1,1100,36300,36322,22
2,363,36322,36329,7
1,1101,36333,36355,22
1,1102,36366,36388,22
3,15,30324,36393,860
1,1103,36399,36421,22
1,1104,36432,36454,22
2,364,36421,36459,16
1,1105,36465,36487,22
1,1106,36498,36520,22
1,1107,36531,36553,22
2,365,36520,36556,14
1,1108,36564,36586,22
1,1109,36597,36619,22
1,1110,36630,36652,22
2,366,36619,36659,18
1,1111,36663,36685,22
1,1112,36696,36718,22
1,1113,36729,36751,22
2,367,36718,36754,14
1,1114,36762,36784,22
1,1115,36795,36817,22
2,368,36817,36828,11
1,1116,36828,36850,22
1,1117,36861,36883,22
1,1118,36894,36916,22
2,369,36916,36924,8
1,1119,36927,36949,22
1,1120,36960,36982,22
1,1122,37026,37092,1
1,1123,37059,37125,1
1,1124,37092,37158,1
2,371,37100,37300,1
0,37,37000,37116,116
1,1125,37125,37191,1
1,1121,36993,37131,22
2,370,37131,37148,17
1,1126,37158,37180,22
1,1127,37191,37213,22
2,372,37213,37218,5
1,1128,37224,37246,22
1,1129,37257,37279,22
1,1130,37290,37312,22
1,1131,37323,37345,22
2,373,37312,37350,16
1,1132,37356,37378,22
1,1133,37389,37411,22
1,1134,37422,37444,22
2,374,37411,37447,14
1,1135,37455,37477,22
1,1136,37488,37510,22
1,1137,37521,37543,22
2,375,37510,37545,13
1,1138,37554,37576,22
1,1139,37587,37609,22
1,1140,37620,37642,22
2,376,37609,37646,15
1,1141,37653,37675,22
1,1142,37686,37708,22
1,1143,37719,37741,22
2,377,37708,37744,14
1,1144,37752,37774,22
1,1145,37785,37807,22
2,378,37807,37817,10
1,1146,37818,37840,22
1,1147,37851,37873,22
1,1148,37884,37906,22
1,1149,37917,37939,22
2,379,37906,37940,12
1,1150,37950,37972,22
1,1152,38016,38082,1
1,1153,38049,38115,1
1,1154,38082,38148,1
2,381,38100,38300,1
1,1155,38115,38181,1
0,38,38000,38120,120
1,1151,37983,38125,22
2,380,38125,38140,15
1,1156,38148,38170,22
1,1157,38181,38203,22
2,382,38203,38213,10
1,1158,38214,38236,22
1,1159,38247,38269,22
1,1160,38280,38302,22
1,1161,38313,38335,22
2,383,38302,38342,18
1,1162,38346,38368,22
1,1163,38379,38401,22
1,1164,38412,38434,22
2,384,38401,38441,18
1,1165,38445,38467,22
1,1166,38478,38500,22
1,1167,38511,38533,22
2,385,38500,38539,17
1,1168,38544,38566,22
1,1169,38577,38599,22
1,1170,38610,38632,22
2,386,38600,38633,11
1,1171,38643,38665,22
1,1172,38676,38698,22
1,1173,38709,38731,22
2,387,38700,38737,15
1,1174,38742,38764,22
1,1175,38775,38797,22
1,1176,38808,38830,22
2,388,38800,38837,15
1,1177,38841,38863,22
1,1178,38874,38896,22
1,1179,38907,38929,22
2,389,38900,38931,9
1,1180,38940,38962,22
1,1181,38973,38995,22
1,1183,39039,39105,1
1,1184,39072,39138,1
2,391,39100,39300,1
0,39,39000,39104,104
1,1185,39105,39171,1
1,1182,39104,39126,22
1,1186,39138,39160,22
2,390,39126,39164,16
1,1187,39171,39193,22
1,1188,39204,39226,22
1,1189,39237,39259,22
2,392,39200,39261,17
1,1190,39270,39292,22
1,1191,39303,39325,22
2,393,39300,39330,8
1,1192,39336,39358,22
1,1193,39369,39391,22
1,1194,39402,39424,22
2,394,39400,39432,10
1,1195,39435,39457,22
1,1196,39468,39490,22
1,1197,39501,39523,22
2,395,39500,39529,7
1,1198,39534,39556,22
1,1199,39567,39589,22
1,1200,39600,39622,22
1,1201,39633,39655,22
2,396,39622,39657,13
3,19,38140,39664,290
1,1202,39666,39688,22
1,1203,39699,39721,22
1,1204,39732,39754,22
2,397,39721,39755,12
1,1205,39765,39787,22
1,1206,39798,39820,22
2,398,39820,39828,8
1,1207,39831,39853,22
1,1208,39864,39886,22
1,1209,39897,39919,22
2,399,39919,39930,11
1,1210,39930,39952,22
1,1211,39963,39985,22
1,1213,40029,40095,1
1,1214,40062,40128,1
1,1215,40095,40161,1
2,401,40100,40300,1
1,1216,40128,40194,1
1,1217,40161,40227,1
0,40,40000,40167,167
1,1212,39996,40185,22
2,402,40200,40400,1
1,1218,40194,40216,22
2,400,40185,40225,18
1,1219,40227,40249,22
1,1220,40260,40282,22
1,1221,40293,40315,22
1,1222,40326,40348,22
1,1223,40359,40381,22
2,404,40400,40600,1
1,1224,40392,40414,22
2,403,40315,40417,36
1,1225,40425,40447,22
1,1226,40458,40480,22
1,1227,40491,40513,22
1,1228,40524,40546,22
2,405,40513,40549,14
1,1229,40557,40579,22
1,1230,40590,40612,22
1,1231,40623,40645,22
1,1232,40656,40678,22
2,406,40612,40682,26
1,1233,40689,40711,22
1,1234,40722,40744,22
2,407,40711,40755,22
1,1235,40755,40777,22
1,1236,40788,40810,22
1,1237,40821,40843,22
2,408,40810,40847,15
1,1238,40854,40876,22
1,1239,40887,40909,22
2,409,40909,40917,8
1,1240,40920,40942,22
1,1241,40953,40975,22
1,1243,41019,41085,1
1,1244,41052,41118,1
1,1245,41085,41151,1
2,411,41100,41300,1
1,1246,41118,41184,1
1,1247,41151,41217,1
0,41,41000,41165,165
1,1242,40986,41173,22
2,412,41200,41400,1
1,1248,41184,41206,22
2,410,41173,41207,12
1,1249,41217,41239,22
1,1250,41250,41272,22
1,1251,41283,41305,22
1,1252,41316,41338,22
2,413,41305,41346,19
1,1253,41349,41371,22
1,1254,41382,41404,22
1,1255,41415,41437,22
2,414,41404,41440,14
1,1256,41448,41470,22
1,1257,41481,41503,22
1,1258,41514,41536,22
1,1259,41547,41569,22
2,415,41503,41573,26
1,1260,41580,41602,22
1,1261,41613,41635,22
2,416,41602,41643,19
1,1262,41646,41668,22
1,1263,41679,41701,22
1,1264,41712,41734,22
2,417,41701,41739,16
1,1265,41745,41767,22
1,1266,41778,41800,22
1,1267,41811,41833,22
2,418,41800,41840,18
1,1268,41844,41866,22
1,1269,41877,41899,22
1,1270,41910,41932,22
1,1271,41943,41965,22
2,419,41900,41966,22
1,1272,41976,41998,22
3,21,42000,46000,1
1,1274,42042,42108,1
1,1275,42075,42141,1
2,421,42100,42300,1
1,1276,42108,42174,1
0,42,42000,42134,134
1,1277,42141,42207,1
1,1273,42134,42156,22
2,420,42156,42174,18
1,1278,42174,42196,22
1,1279,42207,42229,22
2,422,42200,42236,14
1,1280,42240,42262,22
1,1281,42273,42295,22
1,1282,42306,42328,22
2,423,42300,42336,14
1,1283,42339,42361,22
1,1284,42372,42394,22
1,1285,42405,42427,22
1,1286,42438,42460,22
2,424,42400,42464,20
1,1287,42471,42493,22
1,1288,42504,42526,22
1,1289,42537,42559,22
2,425,42500,42561,17
1,1290,42570,42592,22
1,1291,42603,42625,22
1,1292,42636,42658,22
2,426,42600,42666,22
1,1293,42669,42691,22
1,1294,42702,42724,22
2,427,42700,42728,6
1,1295,42735,42757,22
1,1296,42768,42790,22
1,1297,42801,42823,22
2,428,42800,42831,9
1,1298,42834,42856,22
1,1299,42867,42889,22
1,1300,42900,42922,22
1,1301,42933,42955,22
1,1302,42966,42988,22
2,429,42922,42989,23
1,1304,43032,43098,1
1,1305,43065,43131,1
1,1306,43098,43164,1
2,431,43100,43300,1
1,1307,43131,43197,1
0,43,43000,43150,150
1,1308,43164,43230,1
1,1303,42999,43171,22
2,430,43171,43183,12
1,1309,43197,43219,22
1,1310,43230,43252,22
2,432,43219,43255,14
1,1311,43263,43285,22
1,1312,43296,43318,22
1,1313,43329,43351,22
2,433,43318,43355,15
1,1314,43362,43384,22
1,1315,43395,43417,22
1,1316,43428,43450,22
2,434,43417,43455,16
1,1317,43461,43483,22
1,1318,43494,43516,22
1,1319,43527,43549,22
2,435,43516,43552,14
1,1320,43560,43582,22
3,20,40225,43588,497
1,1321,43593,43615,22
1,1322,43626,43648,22
2,436,43615,43655,18
1,1323,43659,43681,22
1,1324,43692,43714,22
1,1325,43725,43747,22
2,437,43714,43757,21
1,1326,43758,43780,22
1,1327,43791,43813,22
1,1328,43824,43846,22
2,438,43813,43855,20
1,1329,43857,43879,22
1,1330,43890,43912,22
1,1331,43923,43945,22
2,439,43912,43951,17
1,1332,43956,43978,22
1,1334,44022,44088,1
1,1335,44055,44121,1
1,1336,44088,44154,1
2,441,44100,44300,1
1,1337,44121,44187,1
0,44,44000,44122,122
1,1333,43989,44133,22
2,440,44133,44147,14
1,1338,44154,44176,22
1,1339,44187,44209,22
1,1340,44220,44242,22
2,442,44209,44252,21
1,1341,44253,44275,22
1,1342,44286,44308,22
1,1343,44319,44341,22
2,443,44308,44348,18
1,1344,44352,44374,22
1,1345,44385,44407,22
1,1346,44418,44440,22
2,444,44407,44447,18
1,1347,44451,44473,22
1,1348,44484,44506,22
1,1349,44517,44539,22
2,445,44506,44546,18
1,1350,44550,44572,22
1,1351,44583,44605,22
1,1352,44616,44638,22
2,446,44605,44645,18
1,1353,44649,44671,22
1,1354,44682,44704,22
1,1355,44715,44737,22
1,1356,44748,44770,22
2,447,44704,44773,25
