3.33333
3.33333
3.33333
3.33333
3.33333
3.33333
3.33333
3.33333
3.33333
3.33333
3.33333
3.33333
3.33333
3.33333
3.33333
3.33333
3.33333
3.33333
3.33333
3.33333
3.33333
3.33333
3.33333
3.33333
3.33333
3.33333
3.33333
3.33333
3.33333
3.33333
3.33333
3.33333
3.33333
3.33333
3.33333
3.33333
3.33333
3.33333
3.33333
3.33333
3.33333
3.33333
3.33333
3.33333
3.33333
3.33333
3.33333
3.33333
3.33333
3.33333
3.33333
3.33333
3.33333
3.33333
3.33333
3.33333
3.33333
3.33333
3.33333
3.33333
3.33333
3.33333
3.33333
3.33333
3.33333
3.33333
3.33333
3.33333
3.33333
3.33333
3.33333
3.33333
3.33333
3.33333
3.33333
3.33333
3.33333
3.33333
3.33333
3.33333
3.33333
3.33333
3.33333
3.33333
3.33333
3.33333
3.33333
3.33333
3.33333
3.33333
3.33333
3.33333
3.33333
3.33333
3.33333
3.33333
3.33333
3.33333
3.33333
