3.12693
3.30211
3.10554
3.24958
3.09677
3.05025
2.77008
3.03946
2.96852
2.83361
2.7353
2.82442
2.77512
2.64387
2.59957
2.72253
2.75322
2.70872
2.51525
2.75427
2.77791
2.95947
2.10261
2.51752
2.7867
3.03217
2.26105
2.96999
2.74094
3.05854
2.91634
3.11653
2.97623
3.26735
3.12765
3.28672
3.13694
3.24197
3.12765
3.30211
3.12356
3.30281
3.12356
3.29985
3.1098
3.28369
3.11397
3.14034
3.08685
3.1276
2.95374
3.25028
2.98248
3.19338
2.79891
3.18599
3.04669
2.79074
2.98726
2.26438
2.76022
2.85539
2.88024
2.1152
2.18846
2.23993
2.57529
2.75641
2.95292
2.9681
2.91395
3.06525
2.93508
3.03007
2.09669
3.09542
2.64121
3.1056
2.93474
2.68153
