3.01954
3.26343
3.12868
2.92161
3.08206
2.78655
2.95488
3.04854
2.43831
3.17942
2.85534
2.90873
2.77272
2.78524
2.79116
2.94471
2.42827
2.93692
2.34575
2.81205
2.81216
2.82105
2.51552
3.04426
2.80545
3.02823
2.85867
3.03821
2.94003
2.98693
2.90797
3.09298
2.91634
2.89785
3.02019
3.19647
2.79043
3.24197
3.12765
3.2806
3.12765
3.29636
3.12356
3.30281
3.10554
3.29373
3.09677
3.19511
3.09226
3.25383
2.98867
3.20146
2.95235
2.91009
3.10049
3.1972
3.08233
3.05307
2.45647
2.19438
2.80575
2.76313
2.79717
2.64054
2.8366
3.00631
2.95847
2.61274
2.82886
2.74501
2.52092
2.91529
2.92235
2.90857
2.71939
3.10971
2.81654
3.08702
2.89673
2.97016
