3.10483
3.29544
3.12356
2.75628
2.83239
3.13276
2.82979
3.03782
2.90788
2.89273
2.51925
2.92587
2.74987
2.67889
2.67579
2.87918
2.56445
2.86547
2.00355
2.63574
2.61619
2.90979
2.77442
3.01058
2.80189
3.05697
2.72765
3.08779
2.9542
3.03931
2.85354
3.10335
2.92596
3.28259
3.00848
3.18402
3.12356
3.29926
3.12356
3.30211
3.12765
3.28569
3.12765
3.30572
3.06148
3.28369
3.10554
3.27566
2.61872
3.101
2.89673
3.17268
2.76022
3.213
2.19487
3.17268
2.32546
2.91088
2.87473
2.78495
2.0
2.50613
2.53441
2.82518
2.78462
2.86173
2.77971
2.68871
2.59558
2.69571
2.84339
3.09444
2.87053
3.00337
2.91882
2.73513
2.58109
2.98816
2.88781
3.01995
