3.13621
3.24958
3.09128
3.13718
2.94494
2.62398
2.77857
3.06378
2.89149
3.02526
2.75082
2.79362
2.68298
2.99972
2.90505
2.8515
2.80801
2.93487
2.77076
2.88645
2.59872
2.65883
2.5023
2.83936
2.54164
3.04509
2.91882
2.91761
2.62444
3.08936
2.90467
3.10879
2.9054
3.2659
2.60279
3.15493
3.12765
3.30211
3.08685
3.30211
3.12765
3.29926
3.11397
3.29259
3.10405
3.30281
3.1012
3.23076
2.97696
3.10746
2.92303
3.23207
2.87474
3.11895
2.70536
3.13505
3.03367
2.83687
2.74542
2.90548
2.25218
2.9852
2.54983
2.39328
2.84282
2.23235
2.16363
2.97531
2.18689
2.95529
2.85117
2.89036
2.8233
2.69431
2.79394
3.07271
2.6766
2.95324
2.14298
3.05127
