3.11734
3.26343
2.72953
3.07585
3.08206
3.26765
2.84107
2.94252
2.95795
2.86697
2.61242
2.67832
2.85025
2.95229
2.65772
2.89079
2.81654
2.68471
2.63733
2.46697
2.0734
3.01439
2.95251
3.01421
2.08905
3.10991
2.85052
3.07014
2.8403
3.02779
2.95915
3.03187
2.98725
3.23867
2.98629
3.27679
3.13694
3.21219
2.35075
3.30211
3.12356
3.18886
3.02019
3.30281
3.11397
3.03932
2.9507
3.2536
3.05687
3.25019
3.04737
3.22471
3.00552
3.24282
3.05764
3.21399
3.07703
3.22545
2.62584
2.52013
2.5145
2.64299
2.81283
3.15897
2.19582
2.28099
3.00362
2.8481
2.22489
2.93981
2.46241
2.99479
2.93534
2.96343
2.89405
2.88369
2.9723
3.07734
2.80106
2.92908
