3.13621
3.27982
2.73748
2.97884
3.0101
3.22032
2.85784
3.0572
3.00761
2.73909
2.44067
3.00026
2.75476
2.94149
2.87853
2.8938
2.67512
2.76808
2.27163
2.97957
2.77442
2.91752
2.46018
2.98783
2.71734
2.95152
2.70554
3.08751
2.92363
2.96402
2.9269
3.07271
2.97891
3.13357
3.02509
3.16328
3.13694
3.30211
3.12765
3.28968
3.09788
3.30572
3.1012
3.30857
3.1098
3.28672
2.96486
3.27424
2.98867
3.18017
2.98789
3.14203
3.09677
3.13961
3.02586
2.87639
2.93886
3.23281
2.3196
3.01595
2.85558
2.93624
2.64412
2.23162
2.13994
2.66702
2.67068
2.61896
2.25366
2.8266
2.88865
2.85694
2.69677
3.08927
2.92447
2.92825
2.88507
2.92035
2.7012
2.78302
