3.12285
3.29636
3.06148
3.19647
3.02019
3.05307
2.65217
3.06043
2.92815
2.9606
2.7234
2.77991
2.58211
3.04232
2.75295
3.005
2.84038
2.7624
2.79841
2.92301
2.6608
2.64311
2.75785
2.98625
2.91124
3.04648
2.80447
2.89339
2.90008
3.06985
2.9682
2.73042
2.9542
3.0974
2.80575
3.30211
3.08685
3.30211
3.02019
3.30211
3.12765
3.27982
3.10637
3.25019
3.11939
3.25694
3.07043
3.26735
3.1012
3.20857
3.04247
3.02107
2.84817
3.24666
3.09606
2.87032
3.10909
3.09461
2.64161
2.9509
2.22427
2.68183
2.73822
2.95629
2.98095
3.01006
2.97001
3.02618
2.84703
2.77945
2.90393
3.0717
2.90277
3.08317
2.68233
3.06854
2.94003
2.89339
2.77016
2.9393
