3.12693
3.26967
3.10405
3.15401
3.09534
2.87852
2.83263
3.0717
3.02128
2.5968
2.34737
2.90611
2.78695
2.83954
2.82357
2.63088
2.70293
2.6643
2.76083
2.88768
2.19793
2.86294
2.70565
3.05436
2.79758
3.00584
2.89936
2.92255
2.78009
3.10971
2.9834
3.11083
2.97027
3.21114
3.02509
3.20016
3.13694
3.14034
3.12356
3.18779
3.11805
3.29259
3.10554
3.30281
2.99839
3.29544
3.09128
3.28728
3.05797
3.19338
3.1098
3.20146
2.24614
3.08923
3.05239
2.87032
3.10049
2.82629
2.41734
2.44762
2.86864
3.15401
2.19688
2.20321
2.12225
2.91629
2.52462
3.10043
2.46135
3.05773
2.6903
2.85487
2.86025
2.99531
2.87652
3.0565
2.85651
2.93171
2.65687
2.84746
