11,8,200.0
11,9,273.53194598491325
11,9,246.27628227088573
11,8,207.46946723295184
11,8,283.372204432975
10,8,200.0
10,8,278.7582349141583
10,7,200.0
10,7,200.0
10,6,275.4192997645606
10,6,337.40805084279185
10,5,200.0
10,5,339.117744306743
9,5,231.76831031628953
9,5,248.4737078347404
9,4,312.5327342006814
9,4,291.24044597894533
9,3,278.43350209619655
9,3,284.3955181653043
9,2,285.27155211892847
9,2,306.9216195421035
8,2,255.1627549564725
8,2,200.0
8,3,342.1390131919385
8,3,319.1900373642927
8,4,363.4604307387321
8,4,260.94014075407125
7,4,217.7414956499859
7,4,322.0958389385966
6,4,387.6431664268506
6,4,371.17741723233934
6,3,200.0
6,3,301.95665650945193
6,2,344.45903977692194
6,2,294.2825606472463
6,1,200.0
6,1,340.85935218773113
6,2,200.0
6,2,303.2512221795704
6,1,360.9560867015223
6,1,307.4267899590744
7,1,352.97063008992274
7,1,304.8053672423421
7,2,206.45122948404872
7,2,321.7279546451611
7,1,249.24238311155648
7,1,272.2361212109261
7,0,233.87503600609145
7,0,329.77929341185467
7,1,200.0
7,1,312.5771255095243
7,0,248.98906893066368
7,0,254.63645465135411
7,1,223.23571469404732
7,1,270.46849198052115
7,0,372.89687563536745
7,0,300.76934792310306
7,-1,312.92452537797715
7,-1,345.50881436191503
6,-1,216.52373552234334
6,-1,200.0
6,-2,230.78871527717973
6,-2,241.99142795455913
6,-3,276.2948252866637
6,-3,273.38537622923695
6,-4,266.0704675696089
6,-4,223.20809723909554
6,-5,400.51538443815264
6,-5,209.95628387050772
6,-6,278.431275219576
6,-6,200.0
6,-7,346.5548963376441
6,-7,392.4359788880594
6,-8,378.0163527763235
6,-8,232.9774186239812
5,-8,306.52523336177677
5,-8,340.2628876538454
4,-8,269.9301760688823
4,-8,216.7152021523692
4,-9,428.58935295907986
4,-9,200.0
4,-10,286.50878314663277
4,-10,386.23322960383365
4,-11,200.0
4,-11,325.14542701258415
4,-12,246.44265329989423
4,-12,262.4927578147002
5,-12,269.3434934966101
5,-12,301.024679182915
4,-12,237.094365001316
4,-12,229.18204909804317
5,-12,200.0
5,-12,302.2800791333761
6,-12,318.9007282328214
6,-12,263.93762307617243
5,-12,234.49627282236665
5,-12,200.0
6,-12,246.97375820490672
6,-12,200.0
7,-12,317.17943733011487
7,-12,209.49828814899575
8,-12,200.0
8,-12,217.10814687914925
9,-12,214.51181617636246
9,-12,216.7152021523692
10,-12,228.04847501323232
10,-12,238.41879855610796
11,-12,357.6842367031268
11,-12,333.4571422108969
12,-12,200.0
12,-12,343.8979149697291
13,-12,235.6265662522876
13,-12,200.0
14,-12,216.7152021523692
14,-12,200.0
15,-12,200.0
15,-12,319.8179877077797
16,-12,200.0
16,-12,235.76190884917114
16,-11,294.76149374896585
16,-11,289.1890504942821
16,-10,200.0
16,-10,216.99798177598547
16,-9,200.0
16,-9,221.52055512332487
16,-8,285.3819500210044
16,-8,312.3512180375311
17,-8,200.0
17,-8,200.0
18,-8,200.0
18,-8,236.81742112058242
18,-9,200.0
18,-9,301.4644959933612
18,-8,203.5554261442664
18,-8,216.7152021523692
17,-8,298.1936354934117
17,-8,200.0
16,-8,274.4712236152986
16,-8,288.46982289110775
15,-8,245.9354703599825
15,-8,216.7152021523692
15,-7,220.67395289029037
15,-7,259.8410087929411
14,-7,214.65794343138046
14,-7,250.93278958443173
13,-7,339.05535465301523
13,-7,200.0
12,-7,265.6056116120265
12,-7,251.988923799739
11,-7,323.5815993166993
11,-7,239.05828242565372
12,-7,200.0
12,-7,204.99742732500366
11,-7,210.56716311207828
11,-7,200.0
10,-7,313.30135519266065
10,-7,292.85298397273857
9,-7,334.74171254086014
9,-7,283.4403928142779
9,-6,280.17675961876995
9,-6,258.3801131267582
10,-6,204.26927357317874
10,-6,259.6293521078574
10,-7,251.20061424701345
10,-7,388.08205035494274
10,-6,278.6944783182124
10,-6,202.81298896698505
10,-5,351.16489114701204
10,-5,307.0820251597366
10,-4,317.8016002663042
10,-4,228.71728201836356
9,-4,292.92583595606015
9,-4,202.85324779606606
8,-4,325.4931214060647
8,-4,200.0
7,-4,363.97873020172676
7,-4,320.57539967348197
7,-3,319.8841535506373
7,-3,243.99200456101613
7,-2,200.0
7,-2,200.0
6,-2,339.0382729583874
6,-2,373.76807229215814
6,-1,325.00606556239
6,-1,267.20508392613334
6,0,200.0
6,0,215.3914173914767
5,0,296.7655604177642
5,0,356.3030535165488
4,0,200.0
4,0,386.52660125694166
3,0,200.0
3,0,433.7196066422665
2,0,334.50837631724386
2,0,200.0
1,0,313.7923807564526
1,0,427.88502873537203
1,1,369.5222788266943
1,1,304.92223534918065
0,1,226.8965770324882
0,1,376.69183657281144
0,2,344.00362168739167
0,2,332.81892463921685
-1,2,323.90995635831393
-1,2,304.49142833342233
-1,3,338.1481635485897
-1,3,300.99966178657826
-2,3,356.5663752769211
-2,3,343.1873518248835
-3,3,283.290104274052
-3,3,227.3040162045307
-4,3,317.44790264693825
-4,3,332.110112161453
-5,3,340.4929895780829
-5,3,292.6967534907855
-6,3,336.5098172307533
-6,3,377.42354459645503
-5,3,276.6531064062588
-5,3,276.7902258222618
-5,4,200.0
-5,4,260.3779384039939
-6,4,310.4816196793729
-6,4,386.41332827685784
-5,4,200.0
-5,4,361.5332234508158
-5,3,318.6443099849525
-5,3,321.3570910858147
-6,3,200.0
-6,3,362.16527442738675
-5,3,348.780985133511
-5,3,471.12084681133445
-6,3,346.08757477272053
-6,3,332.42194769834236
-7,3,332.7929354101174
-7,3,200.0
-8,3,240.17413949300197
-8,3,314.46381153337126
-8,4,209.9452892181063
-8,4,286.6417669513599
-9,4,200.0
-9,4,267.4585716447743
-9,5,312.9883439991155
-9,5,305.3463102794635
-10,5,258.54585135997536
-10,5,291.4762693900104
-9,5,306.01901257240223
-9,5,200.0
-8,5,209.60701861556726
-8,5,307.99764196894705
-8,6,298.91639580375937
