11,8,100.0
11,8,100.0
11,9,100.0
11,9,100.0
11,9,100.0
11,8,100.0
11,8,100.0
11,8,100.0
10,8,100.0
10,8,107.84078853948093
10,8,100.0
10,7,107.12217230382473
10,7,100.0
10,7,100.0
10,6,106.921583418057
10,6,110.22941053542736
10,6,119.86993742538166
10,5,100.0
10,5,100.0
10,5,100.0
9,5,127.71995935450711
9,5,100.0
9,5,100.0
9,4,100.0
9,4,100.90196769199686
9,4,106.60639546013293
9,3,165.42257263028475
9,3,100.0
9,3,102.78421430419874
9,2,128.50537675108757
9,2,162.0217594595411
9,2,100.0
8,2,100.0
8,2,125.41733705556088
8,2,100.0
8,3,104.89872216878584
8,3,100.0
8,3,103.1505122982354
8,4,109.28900299076142
8,4,138.35685580795368
8,4,147.7953097448214
7,4,124.03802118285907
7,4,119.05536358886629
7,4,138.27756846531287
6,4,115.11211311720996
6,4,113.89078673332041
6,4,118.2939452227196
6,3,117.91642253101635
6,3,100.0
6,3,139.57609620637822
6,2,107.4879213327772
6,2,126.76147786528571
6,2,125.98574881320219
6,1,149.04686217471507
6,1,134.7751353782367
6,1,112.45396863638359
6,2,104.90179253797189
6,2,103.11935324423048
6,2,110.5313787733942
6,1,133.56448811699352
6,1,102.95819046630506
6,1,122.21314083496294
7,1,104.38698119218505
7,1,100.0
7,1,138.45114060572976
7,2,120.2376235748535
7,2,131.33199205304928
7,2,100.0
7,1,121.7859210570335
7,1,100.0
7,1,164.0686334325353
7,0,125.3007414479083
7,0,139.54618937164096
7,0,155.9695066201886
7,1,116.89437641937985
7,1,109.91170888467059
7,1,100.0
7,0,120.65313176432046
7,0,123.93547275072696
7,0,120.02429458165992
7,1,127.55143957514089
7,1,168.7898956933202
7,1,111.15787901870819
7,0,120.21964537083186
7,0,100.0
7,0,100.0
7,-1,107.16624866844201
7,-1,111.88631323057879
7,-1,103.04950276598194
6,-1,144.9830037614282
6,-1,100.0
6,-1,117.96964444760067
6,-2,116.2635493351194
6,-2,100.0
6,-2,136.4855996876922
6,-3,134.98591499107988
6,-3,155.37875433667614
6,-3,100.0
6,-4,114.45944389193025
6,-4,105.3516340963109
6,-4,178.6455368200962
6,-5,133.42915243711897
6,-5,137.303303179052
6,-5,166.5827834796642
6,-6,100.0
6,-6,156.58108089724095
6,-6,133.35967452313727
6,-7,122.18586358458954
6,-7,141.74756133069394
6,-7,130.59264420408306
6,-8,100.0
6,-8,100.0
6,-8,107.30725859814302
5,-8,135.20701407876533
5,-8,100.0
5,-8,107.16508342869912
4,-8,108.70504186667587
4,-8,137.22076040971433
4,-8,100.0
4,-9,100.0
4,-9,113.54759481632735
4,-9,100.0
4,-10,115.03244152806136
4,-10,100.0
4,-10,100.0
4,-11,135.50736073477952
4,-11,118.6932879823578
4,-11,132.03484309559317
4,-12,105.39739235363477
4,-12,132.4721655560618
4,-12,145.0047909912861
5,-12,124.79135212028554
5,-12,100.0
5,-12,100.0
4,-12,100.19025261450736
4,-12,111.75409405934514
4,-12,119.27561834229788
5,-12,100.0
5,-12,100.0
5,-12,100.0
6,-12,126.59095614416822
6,-12,117.97498270284251
6,-12,100.0
5,-12,100.0
5,-12,100.0
5,-12,100.0
6,-12,100.0
6,-12,102.65028763997634
6,-12,113.9335312463584
7,-12,100.0
7,-12,113.91010415028964
7,-12,100.0
8,-12,100.0
8,-12,106.58622762808741
8,-12,100.0
9,-12,104.46405400242038
9,-12,100.1422396272425
9,-12,131.41195263326756
10,-12,100.0
10,-12,108.36197505600504
10,-12,108.3071876136682
11,-12,121.92856235069533
11,-12,125.46718304298392
11,-12,100.0
12,-12,100.0
12,-12,123.5825517547811
12,-12,100.0
13,-12,100.0
13,-12,126.80636795909027
13,-12,104.45376040464497
14,-12,100.0
14,-12,100.0
14,-12,100.0
15,-12,100.0
15,-12,100.0
15,-12,100.0
16,-12,100.0
16,-12,100.0
16,-12,100.0
16,-11,111.5860464278909
16,-11,100.0
16,-11,100.0
16,-10,100.0
16,-10,100.0
16,-10,115.23875696215984
16,-9,100.0
16,-9,100.0
16,-9,100.0
16,-8,130.06565002638564
16,-8,100.0
16,-8,100.0
17,-8,100.0
17,-8,100.0
17,-8,100.0
18,-8,100.0
18,-8,100.0
18,-8,115.28699660583452
18,-9,100.0
18,-9,100.0
18,-9,100.0
18,-8,100.0
18,-8,100.0
18,-8,100.0
17,-8,100.0
17,-8,100.0
17,-8,100.0
16,-8,100.0
16,-8,100.0
16,-8,100.0
15,-8,100.0
15,-8,100.0
15,-8,100.0
15,-7,119.36288626264783
15,-7,100.0
15,-7,100.6428619907956
14,-7,100.0
14,-7,100.0
14,-7,100.03410580954566
13,-7,100.0
13,-7,100.0
13,-7,104.26068987870092
12,-7,100.0
12,-7,100.0
12,-7,100.0
11,-7,136.96807997755678
11,-7,100.0
11,-7,122.7187875754873
12,-7,125.92983346247043
12,-7,100.0
12,-7,100.25301974822132
11,-7,100.0
11,-7,100.0
11,-7,130.2232783618402
10,-7,100.0
10,-7,100.0
10,-7,117.74846987599902
9,-7,100.0
9,-7,100.0
9,-7,100.0
9,-6,117.95214266723083
9,-6,100.0
9,-6,100.0
10,-6,120.54906745669318
10,-6,100.80700870861386
10,-6,147.7264310207765
10,-7,108.95241317359277
10,-7,110.45793010834589
10,-7,100.0
10,-6,119.57095093020216
10,-6,116.59670798386891
10,-6,120.35104909480877
10,-5,119.17552900241448
10,-5,116.8580916557223
10,-5,117.51511510434162
10,-4,130.7208624205495
10,-4,100.0
10,-4,107.6279227620831
9,-4,100.0
9,-4,100.83505418249088
9,-4,158.51554537184384
8,-4,119.48085395432703
8,-4,100.0
8,-4,100.0
7,-4,116.53877355397711
7,-4,125.32998349665114
7,-4,100.0
7,-3,100.46570217756984
7,-3,142.5488580522246
7,-3,118.6114119063099
7,-2,129.68294142900876
7,-2,123.69984116814787
7,-2,100.0
6,-2,101.86229029322999
6,-2,100.0
6,-2,100.0
6,-1,142.5926623525137
6,-1,100.0
6,-1,100.0
6,0,144.8759839385347
6,0,116.60301975989867
6,0,100.67214269642103
5,0,133.7016102448681
5,0,118.0936126152905
5,0,125.66068499669952
4,0,123.85278906101115
4,0,100.0
4,0,129.31496609405286
3,0,100.0
3,0,148.9665099661713
3,0,112.8626961396294
2,0,120.81841969392796
2,0,128.10277763331894
2,0,123.98379366389045
1,0,143.6615605868043
1,0,162.62820581795364
1,0,142.6500991211078
1,1,139.4186171006672
1,1,104.91325022573383
1,1,131.63305061512577
0,1,127.95763760271686
0,1,180.90760832688457
0,1,124.43953048986361
0,2,155.19294792219782
0,2,117.51873157844116
0,2,134.15604074627038
-1,2,108.12620544200112
-1,2,104.33972035975643
-1,2,131.93788595213476
-1,3,125.88142232041118
-1,3,116.54809217570472
-1,3,139.495743799782
-2,3,130.4703714517393
-2,3,127.82509579361043
-2,3,113.51346115941831
-3,3,118.17533149860533
-3,3,129.01886112694814
-3,3,127.50971708643358
-4,3,133.7691034498798
-4,3,100.0
-4,3,143.11743500547954
-5,3,111.55078766662601
-5,3,138.59736495702202
-5,3,116.02982178104563
-6,3,100.0
-6,3,142.5985558366216
-6,3,100.0
-5,3,116.2010695034953
-5,3,114.233642825735
-5,3,100.0
-5,4,113.41452855914146
-5,4,126.11295687615518
-5,4,120.38734421026138
-6,4,120.69065726232745
-6,4,120.76825382476186
-6,4,130.23616645104906
-5,4,165.35056002609673
-5,4,102.85495572219074
-5,4,110.4379180386429
-5,3,163.10775945933526
-5,3,105.42559899805163
-5,3,112.30032005387903
-6,3,100.0
-6,3,137.10148889739185
-6,3,119.90024458356726
-5,3,122.10961721669224
-5,3,114.67362824997706
-5,3,102.42048780906596
-6,3,120.97340838661462
-6,3,112.48297150352111
-6,3,130.54268744001027
-7,3,100.0
-7,3,100.0
-7,3,105.97889198729743
-8,3,121.08220837609653
-8,3,117.69438246544102
-8,3,111.08633985989209
-8,4,125.62831455955808
-8,4,113.52081073095722
-8,4,127.37176434633861
-9,4,100.0
-9,4,111.33597013117696
-9,4,100.0
-9,5,148.14950568118067
-9,5,103.21629198432551
-9,5,125.10462366798127
-10,5,125.24799838374045
-10,5,100.0
-10,5,100.18984447925074
-9,5,133.4644211589825
-9,5,150.19526039127683
-9,5,100.0
-8,5,105.6974491740282
-8,5,112.93555117522756
-8,5,124.14324093034095
-8,6,100.14520460875315
-8,6,100.0
-8,6,100.0
-9,6,100.0
-9,6,109.60824764967899
-9,6,100.0
-8,6,100.0
-8,6,107.78872204849321
-8,6,100.0
-8,5,134.91046643663444
-8,5,100.0
-8,5,130.18828621908685
-9,5,100.0
-9,5,100.01340571023539
-9,5,108.06909783074043
-10,5,148.4281432559719
-10,5,116.11192968421905
-10,5,143.61515008235244
-11,5,100.0
-11,5,100.0
-11,5,101.93015255002491
-12,5,100.0
-12,5,100.0
-12,5,100.0
-13,5,100.0
-13,5,100.0
-13,5,100.0
-14,5,100.0
-14,5,100.0
-14,5,119.95213771723587
-14,6,100.0
-14,6,124.52019271524543
-14,6,100.0
-14,7,100.0
-14,7,100.0
-14,7,186.24293107814822
-15,7,106.40142914894543
-15,7,117.18702004826991
-15,7,106.64577516268824
-14,7,100.0
-14,7,100.0
-14,7,116.88373498374395
-13,7,100.0
-13,7,100.0
-13,7,100.0
-14,7,100.0
-14,7,100.0
-14,7,110.77084904257352
-15,7,100.0
-15,7,100.0
-15,7,100.0
-16,7,100.0
-16,7,100.0
-16,7,100.0
-16,8,100.0
-16,8,100.0
-16,8,109.95952513634425
-15,8,100.0
-15,8,100.0
-15,8,100.0
-14,8,100.0
-14,8,100.0
-14,8,111.94721350823255
-13,8,111.01373752523423
-13,8,100.0
-13,8,100.0
-12,8,100.0
-12,8,100.0
-12,8,133.5876379715464
-11,8,100.0
-11,8,101.98031014669637
-11,8,145.23513509434818
-10,8,129.37469185631477
-10,8,100.0
-10,8,100.0
-9,8,100.0
-9,8,100.0
-9,8,108.44088986009655
-8,8,132.29654834014056
-8,8,132.84732731731324
-8,8,115.91471382726392
-9,8,107.16589448061505
-9,8,100.0
-9,8,162.4589435760656
-8,8,102.76816138103592
-8,8,100.0
-8,8,131.9763090171723
-9,8,101.43680717216293
-9,8,100.0
-9,8,100.0
-9,7,137.08694680329154
-9,7,100.0
-9,7,100.0
-8,7,100.0
-8,7,100.0
-8,7,100.0
-8,6,126.75010127419736
-8,6,101.45883093593432
-8,6,120.77929600060185
-8,5,126.43608932647311
-8,5,107.09068993988593
-8,5,100.0
-7,5,107.0632754995942
-7,5,129.95585686902015
-7,5,140.62921659070483
-6,5,104.46992943097058
-6,5,118.35628518672767
-6,5,126.44017972300739
-5,5,100.0
-5,5,145.8841606189746
-5,5,111.80636009041888
-4,5,106.22650683208408
-4,5,100.0
-4,5,151.69622998152113
-3,5,102.5536233618273
-3,5,146.34891971888672
-3,5,174.0656353649678
-4,5,115.01125907755788
-4,5,146.1695213417623
-4,5,127.8368044068831
-5,5,105.33435207208696
-5,5,109.3559969201397
-5,5,102.89993275544207
-4,5,139.9818622365689
-4,5,100.0
-4,5,113.15403802883287
