11,8,100.0
11,8,100.0
11,9,108.74537016571404
11,9,100.0
11,9,116.68905136181986
11,8,100.0
11,8,100.0
11,8,100.0
10,8,134.7582952728803
10,8,117.79135104342531
10,8,100.0
10,7,125.67579197680541
10,7,103.36013816343791
10,7,100.0
10,6,100.0
10,6,100.0
10,6,100.0
10,5,100.3459592532448
10,5,108.65414888096092
10,5,100.0
9,5,100.0
9,5,156.16926825762732
9,5,143.64877573280094
9,4,114.68494900574471
9,4,110.17345812794939
9,4,120.69050439503732
9,3,110.40996227342649
9,3,109.37423080752706
9,3,131.72064302425989
9,2,106.40359014726289
9,2,166.78420854269825
9,2,100.0
8,2,121.20390321959471
8,2,120.61944114774772
8,2,100.0
8,3,100.0
8,3,119.24238122103205
8,3,144.65161629357883
8,4,117.16133086571816
8,4,104.3706735870427
8,4,100.0
7,4,132.0629149898753
7,4,161.98415405185375
7,4,100.0
6,4,130.02599088972278
6,4,135.7790120133107
6,4,100.0
6,3,111.5343219651173
6,3,130.94874530710203
6,3,124.84472748414254
6,2,127.11048715009949
6,2,103.73272616592634
6,2,101.61414175280541
6,1,152.54668875213588
6,1,158.84078523318846
6,1,131.5780185367802
6,2,115.10329505599925
6,2,134.8420483156264
6,2,127.54333003550006
6,1,120.70914080297618
6,1,100.0
6,1,178.0548111584917
7,1,102.94597035518892
7,1,110.21851139740575
7,1,119.36535238177181
7,2,102.30589785331433
7,2,102.05586503269741
7,2,145.6094800208284
7,1,115.50711739138377
7,1,127.91709185653612
7,1,149.4710914719491
7,0,113.64269415996353
7,0,100.0
7,0,165.3953541227049
7,1,147.16254633839847
7,1,122.20276911734877
7,1,103.61568448620939
7,0,122.5343617653074
7,0,141.03374745438677
7,0,108.65413173062727
7,1,105.32336716627918
7,1,104.55983880347031
7,1,117.68332491073943
7,0,100.0
7,0,154.2911977378753
7,0,107.51686512098561
7,-1,127.49453504341032
7,-1,145.37488646710074
7,-1,101.60801634417979
6,-1,126.9375546486602
6,-1,100.0
6,-1,136.2458995659538
6,-2,158.54015881261213
6,-2,133.5249819785441
6,-2,100.0
6,-3,163.8575252893264
6,-3,100.0
6,-3,141.8409457897987
6,-4,169.32477772906574
6,-4,100.0
6,-4,132.28635867083614
6,-5,111.35822431763673
6,-5,124.29955646976241
6,-5,118.3104223796978
6,-6,104.09380082210963
6,-6,102.756209176407
6,-6,103.96462191122733
6,-7,100.0
6,-7,147.19621697802222
6,-7,100.0
6,-8,116.27974770143038
6,-8,101.9220160295328
6,-8,100.0
5,-8,104.06031638329767
5,-8,100.0
5,-8,100.0
4,-8,156.09938497525755
4,-8,118.20523495938487
4,-8,136.84345173222536
4,-9,103.22268534204682
4,-9,101.00692755790328
4,-9,134.88388722201378
4,-10,100.0
4,-10,100.0
4,-10,100.0
4,-11,100.0
4,-11,100.0
4,-11,128.74696420805597
4,-12,100.0
4,-12,100.0
4,-12,100.0
5,-12,100.0
5,-12,111.99172989184538
5,-12,100.0
4,-12,111.90843743788747
4,-12,104.86682742357874
4,-12,100.0
5,-12,100.0
5,-12,115.87039635816673
5,-12,100.0
6,-12,100.0
6,-12,124.47091088053773
6,-12,100.0
5,-12,100.0
5,-12,100.0
5,-12,100.0
6,-12,152.2535156593387
6,-12,116.99609754996793
6,-12,100.0
7,-12,100.0
7,-12,100.0
7,-12,119.06432335181228
8,-12,100.0
8,-12,117.38646778287233
8,-12,119.42688700008856
9,-12,100.0
9,-12,100.0
9,-12,100.0
10,-12,100.0
10,-12,100.95007808104567
10,-12,100.0
11,-12,127.43530866797185
11,-12,100.0
11,-12,100.0
12,-12,125.88574659806831
12,-12,100.0
12,-12,100.0
13,-12,108.87531881553434
13,-12,108.79537691493849
13,-12,100.0
14,-12,100.0
14,-12,100.0
14,-12,100.0
15,-12,100.0
15,-12,100.0
15,-12,100.0
16,-12,108.20584626856825
16,-12,102.05338496812757
16,-12,118.65080808549581
16,-11,104.37865475498323
16,-11,100.0
16,-11,100.0
16,-10,110.37413519023379
16,-10,100.0
16,-10,100.0
16,-9,100.0
16,-9,100.0
16,-9,100.0
16,-8,100.0
16,-8,100.0
16,-8,100.27028063586157
17,-8,100.0
17,-8,100.0
17,-8,100.0
18,-8,100.0
18,-8,122.64049727442135
18,-8,100.0
18,-9,100.0
18,-9,100.0
18,-9,100.0
18,-8,100.0
18,-8,100.0
18,-8,100.0
17,-8,100.0
17,-8,100.0
17,-8,100.0
16,-8,100.0
16,-8,100.0
16,-8,131.87350372649874
15,-8,100.0
15,-8,100.0
15,-8,100.0
15,-7,110.30611749617078
15,-7,108.35308421462514
15,-7,100.0
14,-7,100.0
14,-7,100.0
14,-7,100.0
13,-7,100.0
13,-7,100.0
13,-7,100.0
12,-7,113.50240456727626
12,-7,100.0
12,-7,100.0
11,-7,100.0
11,-7,115.28538213212616
11,-7,100.0
12,-7,100.0
12,-7,100.0
12,-7,100.0
11,-7,131.23555335803024
11,-7,115.88095448392264
11,-7,100.0
10,-7,100.0
10,-7,120.55790654981472
10,-7,144.76121260161577
9,-7,135.702715176991
9,-7,158.0832768630109
9,-7,117.05145010454518
9,-6,100.0
9,-6,100.0
9,-6,100.0
10,-6,132.27745453803433
10,-6,132.79807149071667
10,-6,150.93742181580598
10,-7,141.84223808924588
10,-7,117.54908769346427
10,-7,100.0
10,-6,106.42185962972928
10,-6,100.0
10,-6,150.83989687965823
10,-5,143.21972675965952
10,-5,116.18485483892391
10,-5,100.0
10,-4,115.42201366645753
10,-4,100.0
10,-4,145.19405592469582
9,-4,100.0
9,-4,100.0
9,-4,108.1965818373964
8,-4,100.0
8,-4,100.0
8,-4,106.99125465853682
7,-4,103.99560433432055
7,-4,112.38868065199284
7,-4,164.34281084919644
7,-3,100.0
7,-3,100.0
7,-3,100.0
7,-2,103.18890566850799
7,-2,140.2438308032678
7,-2,141.88788516692154
6,-2,122.8349226483429
6,-2,155.58459116617982
6,-2,121.18296195426251
6,-1,133.67172852133237
6,-1,100.0
6,-1,100.0
6,0,157.48566265122693
6,0,116.40186632269538
6,0,129.2380338226551
5,0,134.14558529635457
5,0,117.71602760188343
5,0,102.83414185572494
4,0,102.88980773604445
4,0,109.91401375575279
4,0,129.747207237801
3,0,130.21302381616835
3,0,143.1481885227861
3,0,119.31253593108096
2,0,140.0898207775215
2,0,115.38436105021253
2,0,123.78977970536067
1,0,135.85193972248962
1,0,130.42520121926646
1,0,126.8046695078932
1,1,179.86156381758667
1,1,123.20212697092921
1,1,122.57207415501375
0,1,110.43452638758174
0,1,115.08487903203773
0,1,127.92719006121274
0,2,114.00826535172078
0,2,121.87808149306541
0,2,102.80647824302848
-1,2,123.63959270559452
-1,2,151.8309598491582
-1,2,163.47601472666494
-1,3,100.0
-1,3,106.0587101830613
-1,3,117.18380965207416
-2,3,106.21729050132457
-2,3,100.0
-2,3,117.84888360456728
-3,3,112.16154734036847
-3,3,132.21395280559662
-3,3,111.25996727348581
-4,3,119.25641871775365
-4,3,113.43189002981806
-4,3,125.20879898753125
-5,3,145.93423183875518
-5,3,152.05918160867196
-5,3,137.65774416809205
-6,3,127.70346470997782
-6,3,100.0
-6,3,100.0
-5,3,100.0
-5,3,100.0
-5,3,100.0
-5,4,118.70150617039593
-5,4,141.95165524137175
-5,4,100.0
-6,4,104.48634022644494
-6,4,142.64412484998067
-6,4,149.75183453600548
-5,4,129.29905026115367
-5,4,111.81598263425204
-5,4,100.0
-5,3,136.57719841861262
-5,3,100.0
-5,3,100.48897818473309
-6,3,127.31376169626893
-6,3,150.11007049266493
-6,3,108.38477782902588
-5,3,110.94718509228751
-5,3,111.40025740168376
-5,3,100.0
-6,3,118.77316142990878
-6,3,123.80912142554838
-6,3,101.00911590665217
-7,3,149.75424164986188
-7,3,151.6236058900413
-7,3,145.87880818583287
-8,3,149.39467514215306
-8,3,100.0
-8,3,100.0
-8,4,115.01887699258701
-8,4,101.95091079656683
-8,4,105.46053690989326
-9,4,125.72222205593377
-9,4,111.57423756485571
-9,4,112.22889319710136
-9,5,107.55868489653298
-9,5,153.014045304767
-9,5,120.25466768405256
-10,5,106.55894826419747
-10,5,100.0
-10,5,109.60996012748059
-9,5,100.0
-9,5,120.88168006817278
-9,5,100.0
-8,5,100.0
-8,5,113.63642968154929
-8,5,155.0662550192346
-8,6,124.622593748658
-8,6,115.76531203106981
-8,6,100.0
-9,6,100.0
-9,6,100.0
-9,6,100.0
-8,6,107.42493034319483
-8,6,117.83841056347318
-8,6,100.0
-8,5,114.48461665939978
-8,5,142.42774398337167
-8,5,114.41789113002815
-9,5,100.0
-9,5,100.0
-9,5,114.40997618640527
-10,5,100.0
-10,5,109.65978987166804
-10,5,100.0
-11,5,100.0
-11,5,113.87429935317388
-11,5,100.0
-12,5,130.25409653060774
-12,5,115.7241080531127
-12,5,102.55644529847395
-13,5,100.0
-13,5,132.8078977117041
-13,5,100.0
-14,5,111.50794953307341
-14,5,146.02745128659572
-14,5,104.57157066876728
-14,6,101.58479812436448
-14,6,100.0
-14,6,100.0
-14,7,100.0
-14,7,102.19828244378635
-14,7,100.0
-15,7,100.0
-15,7,100.0
-15,7,100.0
-14,7,107.62755856278326
-14,7,100.96187676265073
-14,7,118.45618577846555
-13,7,136.20361111266817
-13,7,100.0
-13,7,100.0
-14,7,100.0
-14,7,119.83071284693965
-14,7,148.0043577829211
-15,7,100.0
-15,7,100.0
-15,7,100.0
-16,7,100.0
-16,7,100.0
-16,7,117.00713323017261
-16,8,103.19491538839952
-16,8,100.0
-16,8,100.0
-15,8,122.43544561415702
-15,8,100.0
-15,8,100.0
-14,8,100.0
-14,8,100.0
-14,8,100.0
-13,8,100.0
-13,8,117.95137435629614
-13,8,100.0
-12,8,146.37457524309684
-12,8,100.0
-12,8,101.27310465267243
-11,8,100.0
-11,8,101.4016273307717
-11,8,151.25796315138876
-10,8,100.0
-10,8,100.0
-10,8,100.0
-9,8,100.0
-9,8,100.0
-9,8,154.3570552840178
-8,8,114.6786889005725
-8,8,100.0
-8,8,105.3453571752727
-9,8,123.249423214256
-9,8,114.13398516051724
-9,8,100.0
-8,8,100.0
-8,8,100.0
-8,8,100.0
-9,8,100.0
-9,8,104.85525079781942
-9,8,110.1836721139119
-9,7,134.16721015024922
-9,7,124.86796244212074
-9,7,126.14802844099857
-8,7,167.38221906934365
-8,7,100.0
-8,7,110.1245289396307
-8,6,100.0
-8,6,100.0
-8,6,100.0
-8,5,126.41599444407657
-8,5,108.94421177202834
-8,5,100.0
-7,5,110.58193708734179
-7,5,105.5551302861677
-7,5,131.58338878024176
-6,5,128.51804849339527
-6,5,100.0
-6,5,125.201282801381
-5,5,100.0
-5,5,193.2788048554275
-5,5,100.0
-4,5,100.0
-4,5,121.22641647472427
-4,5,134.7581129973603
-3,5,100.0
-3,5,100.0
-3,5,159.52236710702002
-4,5,100.0
-4,5,103.89782250180815
-4,5,152.8210203515686
-5,5,103.34019163486268
-5,5,100.0
-5,5,146.87336027148817
-4,5,100.0
-4,5,102.90947780685141
-4,5,131.0124677992996
