11,8,365.4888703068083
11,9,292.371873931686
11,9,260.3380471091931
11,8,292.1338855338728
11,8,261.7890671247503
10,8,250.31350836016045
10,8,203.47000787559597
10,7,291.8365035320749
10,7,200.0
10,6,224.90253559681656
10,6,297.1178179168062
10,5,323.7465794926009
10,5,307.2952061965183
9,5,253.34239571487763
9,5,200.0
9,4,200.0
9,4,304.46156845448155
9,3,248.8682192080432
9,3,273.23113780400075
9,2,293.01438729923154
9,2,312.3759462642927
8,2,200.0
8,2,323.64540214796494
8,3,312.7278896788864
8,3,275.8637145186348
8,4,270.0511749890508
8,4,267.47433601855
7,4,283.28329097217176
7,4,237.95641145397298
6,4,293.76430687529574
6,4,449.6226660987843
6,3,200.0
6,3,251.50005590129993
6,2,315.84200447101574
6,2,312.7255429804959
6,1,200.0
6,1,338.49696873801753
6,2,301.8015520754229
6,2,393.5661130009651
6,1,318.2097558624463
6,1,277.77542663316603
7,1,220.57006085753306
7,1,359.25226239723077
7,2,217.51985922046708
7,2,204.14959870083504
7,1,353.9248575652523
7,1,300.88918405287757
7,0,271.64457512345984
7,0,338.58974263986977
7,1,374.0092381996723
7,1,200.0
7,0,412.04828681396685
7,0,200.0
7,1,251.01922683278553
7,1,306.11850961130676
7,0,200.0
7,0,290.5802646650226
7,-1,246.1980921313786
7,-1,332.32126328224916
6,-1,283.7388870428178
6,-1,278.37103398383624
6,-2,369.5639024131123
6,-2,307.9888061010087
6,-3,326.35454884550575
6,-3,205.62663441159665
6,-4,443.01465339680067
6,-4,200.0
6,-5,307.7858885836847
6,-5,355.43123450425554
6,-6,200.0
6,-6,317.62697732986805
6,-7,343.4331296135336
6,-7,340.486671713974
6,-8,276.73269804982004
6,-8,230.02133356219804
5,-8,299.9186151969667
5,-8,253.93040875359125
4,-8,311.31376468473354
4,-8,286.3315916836718
4,-9,344.383610998306
4,-9,297.46143029685766
4,-10,233.5988978982469
4,-10,246.2160960226889
4,-11,200.0
4,-11,243.16812250148803
4,-12,226.92306568229117
4,-12,291.35019881765317
5,-12,258.1736685306332
5,-12,244.35692295703774
4,-12,200.0
4,-12,241.14667612489438
5,-12,225.31185624159735
5,-12,295.2367465783251
6,-12,237.09485913269714
6,-12,356.3298465960286
5,-12,253.93836713282337
5,-12,261.6861740232639
6,-12,283.13055765103076
6,-12,212.73705496112245
7,-12,322.4671874174435
7,-12,200.0
8,-12,253.59742876751721
8,-12,247.3235862998776
9,-12,346.9188107603803
9,-12,243.15301052900503
10,-12,259.66802364048056
10,-12,207.16907532882735
11,-12,200.0
11,-12,200.0
12,-12,200.0
12,-12,313.9240199321015
13,-12,203.19422488891433
13,-12,200.0
14,-12,300.2839894481729
14,-12,290.948222907281
15,-12,214.64126346897157
15,-12,252.71830696953754
16,-12,200.0
16,-12,262.5105803265669
16,-11,208.24491142380913
16,-11,200.0
16,-10,306.67143717978234
16,-10,200.0
16,-9,200.96213001506993
16,-9,219.91978330443288
16,-8,294.54339930342644
16,-8,220.4194629124217
17,-8,200.0
17,-8,325.46491068877384
18,-8,204.7758705706897
18,-8,230.9765672562914
18,-9,216.7152021523692
18,-9,259.74208861307835
18,-8,200.0
18,-8,200.0
17,-8,200.0
17,-8,232.21662071456444
16,-8,200.0
16,-8,200.0
15,-8,200.0
15,-8,200.0
15,-7,215.7102443819032
15,-7,200.0
14,-7,317.10015397577047
14,-7,281.3212921356173
13,-7,200.0
13,-7,258.11351416208055
12,-7,309.73167154785756
12,-7,200.0
11,-7,275.5373184117782
11,-7,237.7068206963015
12,-7,222.75070366206117
12,-7,339.3437980665648
11,-7,203.65294867795077
11,-7,244.0785261734608
10,-7,200.0
10,-7,208.09723905516532
9,-7,200.0
9,-7,345.5637039168292
9,-6,251.60764552494442
9,-6,394.53146817283346
10,-6,365.9619825503505
10,-6,200.0
10,-7,274.9765893296651
10,-7,283.90368885384447
10,-6,206.91876671015623
10,-6,349.7346661282231
10,-5,294.86207111743056
10,-5,273.36347444791744
10,-4,342.26129208602833
10,-4,364.63766192767457
9,-4,295.10197932878873
9,-4,319.68904564949213
8,-4,200.0
8,-4,254.25256777267654
7,-4,200.0
7,-4,362.26727374589933
7,-3,251.09927472236257
7,-3,264.57138014034103
7,-2,227.40894796910223
7,-2,256.49564297214556
6,-2,374.3886137286753
6,-2,200.0
6,-1,341.18385839811486
6,-1,245.30222514320022
6,0,403.62763201497853
6,0,322.5911992642539
5,0,302.8017159958397
5,0,200.0
4,0,386.1135258856107
4,0,281.40329566784646
3,0,200.0
3,0,352.7595670823325
2,0,293.6281651453249
2,0,331.4274409575373
1,0,341.68913043616465
1,0,200.0
1,1,250.37662036827368
1,1,382.2723629903731
0,1,361.29783057720556
0,1,426.51043846706295
0,2,269.3759332086637
0,2,390.3220483503367
-1,2,336.74590318291405
-1,2,276.6206719661147
-1,3,313.95097998559294
-1,3,294.66819275288793
-2,3,410.48747882178975
-2,3,414.41244692880133
-3,3,304.51978479822446
-3,3,336.6005078298297
-4,3,216.08545903647894
-4,3,314.15725609350267
-5,3,271.8593349510713
-5,3,347.8537496282737
-6,3,269.61073810447624
-6,3,200.0
-5,3,344.1223746242955
-5,3,200.0
-5,4,259.0905079688016
-5,4,331.35966376623156
-6,4,200.0
-6,4,307.14013922970804
-5,4,287.77392184057294
-5,4,338.6507164602449
-5,3,298.74736582617356
-5,3,350.2966206458556
-6,3,408.9938307531286
-6,3,260.6037383045623
-5,3,244.149858253537
-5,3,291.6690945496293
-6,3,200.0
-6,3,387.2522688256145
-7,3,299.07788416897404
-7,3,299.55378243893756
-8,3,315.5187807572395
-8,3,219.329983770254
-8,4,307.8769496499711
-8,4,293.72256615654976
-9,4,248.20231945409395
-9,4,362.05547856682017
-9,5,351.3386311412472
-9,5,313.95381430964954
-10,5,289.30347267905336
-10,5,215.4533472203588
-9,5,360.54398211043986
-9,5,200.0
-8,5,271.36098488133155
-8,5,322.82532321985894
-8,6,293.25957691780576
