11,8,379.47871229309595
11,9,312.9937785719279
11,9,281.08743332944675
11,8,358.96338264509376
11,8,286.212761144522
10,8,230.1531204613123
10,8,200.0
10,7,233.23620975187345
10,7,200.0
10,6,301.42468345231913
10,6,337.3338252000928
10,5,300.311978726109
10,5,297.84648330985596
9,5,271.647601126713
9,5,271.305128260031
9,4,316.8437230301935
9,4,301.3656366200916
9,3,300.05062460827975
9,3,258.3385625046599
9,2,302.068666808816
9,2,314.5088952741692
8,2,317.44004468158687
8,2,288.30265358025014
8,3,329.3768309511868
8,3,200.0
8,4,278.45706529703153
8,4,248.58300014382334
7,4,274.3689571039872
7,4,276.9510261549045
6,4,317.81053024874234
6,4,284.03096627118333
6,3,200.0
6,3,298.3056569184576
6,2,337.14859895068645
6,2,360.2251077679807
6,1,284.49316836912334
6,1,280.05268891494006
6,2,269.57215112726993
6,2,353.1931666727868
6,1,338.517825309806
6,1,200.0
7,1,297.68673090071974
7,1,298.5634612652565
7,2,230.58460407917923
7,2,234.57053634291782
7,1,358.3989935280499
7,1,368.27451934728674
7,0,326.125927090468
7,0,343.72723188573724
7,1,292.9216744917768
7,1,246.83909332762667
7,0,200.0
7,0,294.2165546898658
7,1,215.7459092623426
7,1,200.0
7,0,239.97637440291635
7,0,326.6869027052676
7,-1,335.68201243154334
7,-1,249.27474109185616
6,-1,281.92833805632205
6,-1,328.05714196455733
6,-2,233.02619240734253
6,-2,239.0706555368223
6,-3,268.9329895894461
6,-3,379.8047355250798
6,-4,336.6750763603126
6,-4,243.6603653717479
6,-5,259.18394772575806
6,-5,319.5842556254361
6,-6,270.96132274341045
6,-6,358.43365509587454
6,-7,225.7760981707615
6,-7,234.8304646724063
6,-8,203.73891925202554
6,-8,318.7753571597694
5,-8,365.1435259581549
5,-8,313.19208603246676
4,-8,266.23230618364295
4,-8,260.8362047597169
4,-9,273.0094688388227
4,-9,324.37794854827956
4,-10,200.0
4,-10,352.9064909720256
4,-11,281.4328215178405
4,-11,200.0
4,-12,200.0
4,-12,291.4130824286926
5,-12,200.0
5,-12,255.076763009679
4,-12,241.2038919081546
4,-12,339.9382477540238
5,-12,235.51136052540005
5,-12,206.1779343142491
6,-12,282.14568906140977
6,-12,317.79818526648955
5,-12,209.15232156312965
5,-12,225.590795999137
6,-12,328.8639488231511
6,-12,237.7192580862409
7,-12,236.06758898427628
7,-12,277.6076212425547
8,-12,315.8200765082042
8,-12,324.0557138601051
9,-12,218.74113572278387
9,-12,200.0
10,-12,220.36660218773426
10,-12,235.8468456062123
11,-12,227.5473868435924
11,-12,233.58170045651224
12,-12,285.9327777377531
12,-12,288.03143374860133
13,-12,307.70482694258527
13,-12,201.05250126471117
14,-12,244.6820319016094
14,-12,284.99481828954606
15,-12,267.93518432233896
15,-12,200.0
16,-12,262.1828046317297
16,-12,200.0
16,-11,217.8082763459669
16,-11,236.4094078871948
16,-10,216.7152021523692
16,-10,200.0
16,-9,210.98799683496634
16,-9,253.4295776860534
16,-8,216.7152021523692
16,-8,273.8023618849019
17,-8,246.53847092403808
17,-8,217.72100392569052
18,-8,237.22676800290725
18,-8,234.20082668966555
18,-9,232.89561258057913
18,-9,233.69927533310909
18,-8,217.2888274369539
18,-8,200.0
17,-8,216.7152021523692
17,-8,200.0
16,-8,277.39549532039564
16,-8,216.7152021523692
15,-8,278.20503887760503
15,-8,326.6188348896635
15,-7,200.0
15,-7,317.2415472714988
14,-7,200.0
14,-7,200.0
13,-7,216.7152021523692
13,-7,200.0
12,-7,264.5562295364762
12,-7,370.79776305069566
11,-7,246.1702261147324
11,-7,265.3622523611702
12,-7,220.5274185655239
12,-7,218.8008576240173
11,-7,260.79197069332224
11,-7,200.0
10,-7,202.14801060866105
10,-7,279.82036257832914
9,-7,200.0
9,-7,200.0
9,-6,293.44258709777944
9,-6,273.30965136653936
10,-6,200.0
10,-6,268.8050502629265
10,-7,245.20614088311459
10,-7,246.899584853826
10,-6,200.0
10,-6,257.81909651447074
10,-5,279.17524699959716
10,-5,274.2336192249336
10,-4,249.98809701639024
10,-4,251.07975560591584
9,-4,263.82033252055123
9,-4,353.399025057239
8,-4,251.42785602925764
8,-4,385.62895884503905
7,-4,246.45075924055436
7,-4,222.14742499879057
7,-3,350.63220676138417
7,-3,302.78999073813947
7,-2,316.44037553885744
7,-2,314.0024570483058
6,-2,266.9228408212797
6,-2,314.17391224401024
6,-1,377.3619429011077
6,-1,340.9968393707649
6,0,225.31822999056533
6,0,259.77067511373514
5,0,342.2448511249672
5,0,200.0
4,0,278.1915943035477
4,0,311.18588117033204
3,0,374.76748516153344
3,0,200.0
2,0,404.5147483170015
2,0,200.0
1,0,394.72799750962355
1,0,284.8468430786159
1,1,289.6852737871593
1,1,280.5438081792363
0,1,330.27062445105685
0,1,342.80412111464875
0,2,200.0
0,2,353.9385749346411
-1,2,240.67156026882913
-1,2,263.4879014004531
-1,3,366.77028640484593
-1,3,364.5465727979261
-2,3,273.23188399900556
-2,3,385.6727420858857
-3,3,200.0
-3,3,340.6086543672377
-4,3,389.84665073920223
-4,3,299.66075932818023
-5,3,245.73249467247268
-5,3,372.624153674435
-6,3,357.6532178537459
-6,3,217.6451725795432
-5,3,361.5891275232313
-5,3,317.9074277787243
-5,4,239.64267357787685
-5,4,319.18162394826334
-6,4,285.80319139316924
-6,4,365.7949935729417
-5,4,361.556628478424
-5,4,259.98778429383566
-5,3,366.32304226143526
-5,3,241.64423731660307
-6,3,247.68784972263606
-6,3,200.0
-5,3,289.013456438965
-5,3,255.26956971264542
-6,3,280.6008467913281
-6,3,285.4413775490155
-7,3,347.8160353519409
-7,3,372.9002107342698
-8,3,200.0
-8,3,322.6221304171677
-8,4,207.6071894084959
-8,4,369.8230101335537
-9,4,254.6788452103532
-9,4,367.4432896675527
-9,5,351.2007773457457
-9,5,305.5076201579979
-10,5,325.40599491754864
-10,5,265.0215453331346
-9,5,364.61987278984674
-9,5,298.38093422680583
-8,5,316.4613615677508
-8,5,200.0
-8,6,284.1774457360096
