11,8,100.0
11,8,100.0
11,9,100.8824832913422
11,9,105.79735550639454
11,9,100.0
11,8,118.20038891704802
11,8,100.0
11,8,100.0
10,8,100.0
10,8,102.08372736454442
10,8,100.98247142065205
10,7,113.2061407426862
10,7,112.14781555289113
10,7,129.0149999361959
10,6,119.63378184468039
10,6,100.0
10,6,100.0
10,5,112.63642017222197
10,5,100.0
10,5,100.0
9,5,100.0
9,5,122.77270428100482
9,5,100.0
9,4,102.95169706986988
9,4,111.08566163563968
9,4,100.0
9,3,100.0
9,3,106.99852227869147
9,3,129.2518050579457
9,2,100.0
9,2,100.0
9,2,119.75553324117804
8,2,129.30442113511708
8,2,125.27816553486747
8,2,121.2396947580349
8,3,102.7849431169462
8,3,101.48055853131547
8,3,128.73026406030294
8,4,107.5836442660728
8,4,100.0
8,4,133.5965171409286
7,4,111.66045146072932
7,4,100.0
7,4,133.49604693698618
6,4,125.48946642237162
6,4,121.28365228562592
6,4,141.3037391611828
6,3,119.33122117796096
6,3,123.14297751431027
6,3,150.9636475005965
6,2,118.88337553902532
6,2,107.06805082021695
6,2,117.90761460536983
6,1,118.95037299534478
6,1,116.783596226674
6,1,100.0
6,2,100.0
6,2,115.96506154860865
6,2,118.0642561119184
6,1,103.88986652416264
6,1,109.10938877614831
6,1,105.38617305211083
7,1,134.162209865505
7,1,119.08248777528912
7,1,114.59890548234519
7,2,100.75105507985384
7,2,100.0
7,2,100.0
7,1,133.3895115340495
7,1,108.90077578598179
7,1,107.45493533738237
7,0,121.38523402967479
7,0,136.60251885342905
7,0,127.91563563784239
7,1,122.04478011581645
7,1,136.88218164477254
7,1,117.64709564351094
7,0,126.15167245732798
7,0,134.0912833228782
7,0,101.1651985959679
7,1,134.47163510867495
7,1,122.1553083965211
7,1,110.2839079512346
7,0,100.77997665183582
7,0,105.00764354286036
7,0,151.3776076003872
7,-1,157.64552762088934
7,-1,134.93293669787488
7,-1,119.19951727390855
6,-1,105.45700400916353
6,-1,108.66711283663246
6,-1,109.31583116322446
6,-2,128.6689326502175
6,-2,115.65005234865019
6,-2,135.8902090585506
6,-3,107.77515564284549
6,-3,108.73155604769632
6,-3,100.0
6,-4,154.193003083476
6,-4,124.24340151101497
6,-4,100.0
6,-5,100.0
6,-5,100.0
6,-5,100.0
6,-6,100.0
6,-6,137.0877130198101
6,-6,106.20439576847991
6,-7,133.10279686634516
6,-7,133.0667503637243
6,-7,114.05136430945072
6,-8,100.0
6,-8,100.13223859925293
6,-8,131.16268902299407
5,-8,115.66149801800125
5,-8,100.0
5,-8,112.14063296280129
4,-8,134.85148877211762
4,-8,129.02132629383223
4,-8,105.91582443021267
4,-9,100.0
4,-9,131.56494218712447
4,-9,123.93259479486332
4,-10,104.87210666299355
4,-10,120.7047289976095
4,-10,103.50196048041133
4,-11,109.45818827635462
4,-11,117.10647957971891
4,-11,100.0
4,-12,162.24796407923702
4,-12,100.0
4,-12,113.24368839481444
5,-12,100.0
5,-12,116.04838362347309
5,-12,100.0
4,-12,100.0
4,-12,112.91289606961439
4,-12,100.0
5,-12,100.0
5,-12,100.0
5,-12,100.0
6,-12,100.0
6,-12,100.05097640176812
6,-12,100.0
5,-12,100.0
5,-12,107.90933026858016
5,-12,100.0
6,-12,100.0
6,-12,135.7469755825151
6,-12,100.0
7,-12,100.0
7,-12,100.0
7,-12,106.66257314506039
8,-12,100.0
8,-12,100.0
8,-12,100.0
9,-12,100.0
9,-12,100.0
9,-12,100.0
10,-12,100.47097119931303
10,-12,100.0
10,-12,101.20620850146183
11,-12,119.5461845451527
11,-12,128.06572548158078
11,-12,100.0
12,-12,100.0
12,-12,100.0
12,-12,102.73164236045211
13,-12,154.55653207246314
13,-12,100.0
13,-12,100.0
14,-12,100.0
14,-12,100.0
14,-12,100.0
15,-12,100.0
15,-12,100.0
15,-12,100.0
16,-12,100.0
16,-12,100.0
16,-12,100.0
16,-11,100.0
16,-11,100.0
16,-11,100.0
16,-10,113.93641773976321
16,-10,100.0
16,-10,100.0
16,-9,100.0
16,-9,100.0
16,-9,100.0
16,-8,100.0
16,-8,100.0
16,-8,100.0
17,-8,100.0
17,-8,100.0
17,-8,100.0
18,-8,100.0
18,-8,127.68003300835049
18,-8,100.0
18,-9,100.0
18,-9,100.0
18,-9,116.52270372701555
18,-8,100.0
18,-8,100.0
18,-8,120.60857554791379
17,-8,100.0
17,-8,131.59264603491923
17,-8,100.0
16,-8,100.0
16,-8,100.0
16,-8,100.0
15,-8,128.00457701418298
15,-8,100.0
15,-8,100.0
15,-7,126.01422579651256
15,-7,107.46535103264772
15,-7,105.82273716569232
14,-7,108.85845604814263
14,-7,100.0
14,-7,100.65494500256938
13,-7,100.0
13,-7,100.0
13,-7,140.26386581494705
12,-7,100.0
12,-7,100.0
12,-7,100.02906044528035
11,-7,100.0
11,-7,100.0
11,-7,104.14684785893229
12,-7,113.57104842811273
12,-7,129.38127334764948
12,-7,100.0
11,-7,121.69269993779218
11,-7,100.0
11,-7,109.96766277256388
10,-7,124.33217908009078
10,-7,100.0
10,-7,100.0
9,-7,104.40986265866269
9,-7,107.56469362393791
9,-7,100.0
9,-6,100.0
9,-6,140.49017807066224
9,-6,100.0
10,-6,108.10947248133527
10,-6,104.051658129182
10,-6,131.28039709258564
10,-7,110.02877658379201
10,-7,114.42696173268818
10,-7,100.0
10,-6,100.0
10,-6,103.35093766114046
10,-6,121.6188740277511
10,-5,108.4985460708607
10,-5,113.37553076383496
10,-5,100.0
10,-4,107.29126159964338
10,-4,128.33691806946382
10,-4,123.66762733990596
9,-4,100.0
9,-4,101.33518559612904
9,-4,107.79110927050213
8,-4,114.28822583862136
8,-4,100.0
8,-4,109.99914748500605
7,-4,121.27744795086053
7,-4,109.09941098405088
7,-4,124.4592114350126
7,-3,124.95813143324162
7,-3,110.73571778473467
7,-3,138.05354516414315
7,-2,148.36742288307477
7,-2,143.17452972395947
7,-2,129.47551346781196
6,-2,114.54051627167902
6,-2,124.08613925699723
6,-2,153.9291357753445
6,-1,100.0
6,-1,100.0
6,-1,122.90327131385031
6,0,126.4645727986268
6,0,100.0
6,0,114.90939452781498
5,0,123.70467906068207
5,0,138.60409568313526
5,0,100.0
4,0,142.64370999226685
4,0,109.8753580294518
4,0,142.6784496278239
3,0,113.66847161285422
3,0,135.89946558374677
3,0,111.17692043349503
2,0,121.4035074203093
2,0,100.0
2,0,132.91574062900895
1,0,117.61299225405241
1,0,140.81365995731596
1,0,112.64553944052622
1,1,146.46747029311868
1,1,127.64731241594197
1,1,125.6711074148634
0,1,134.404201778576
0,1,150.207191080065
0,1,142.75193988580048
0,2,128.16474744908714
0,2,100.0
0,2,149.64853141884205
-1,2,155.18784015378358
-1,2,114.78746735032486
-1,2,157.0092950233086
-1,3,113.15702346008496
-1,3,145.54337381308918
-1,3,116.12039854799225
-2,3,100.0
-2,3,125.67411479334486
-2,3,167.04252612762687
-3,3,142.74021435901898
-3,3,100.0
-3,3,119.94374173817235
-4,3,135.13934762485457
-4,3,170.7367924802116
-4,3,120.45368777848648
-5,3,119.49356959633236
-5,3,128.1942793581093
-5,3,127.99954520360605
-6,3,113.07185244928021
-6,3,100.0
-6,3,130.72833022343727
-5,3,102.17706086966179
-5,3,133.2659839377152
-5,3,131.20413414594915
-5,4,112.57941306936473
-5,4,100.0
-5,4,114.70293838258111
-6,4,119.92889551927821
-6,4,139.84629599506988
-6,4,120.51894864393275
-5,4,102.67653261878472
-5,4,100.0
-5,4,107.55437546731734
-5,3,100.0
-5,3,100.0
-5,3,151.2329315347406
-6,3,116.89553528331999
-6,3,105.62555134088532
-6,3,100.0
-5,3,132.307749238732
-5,3,118.97064234372678
-5,3,119.40419146668133
-6,3,121.24344434204738
-6,3,142.67862723676265
-6,3,100.0
-7,3,129.8631705387058
-7,3,110.13313538607794
-7,3,106.62076583375693
-8,3,106.51635728162634
-8,3,141.5531565596616
-8,3,100.0
-8,4,122.79107509107001
-8,4,100.0
-8,4,128.22604464324476
-9,4,103.28630067632025
-9,4,100.0
-9,4,152.945108370869
-9,5,113.94946992824477
-9,5,100.0
-9,5,135.85890693032871
-10,5,100.0
-10,5,103.73302633845516
-10,5,154.35994436848065
-9,5,125.54963387526891
-9,5,100.0
-9,5,119.01269140312294
-8,5,129.57243633746998
-8,5,115.73502013663175
-8,5,117.61817348954139
-8,6,100.0
-8,6,100.0
-8,6,100.0
-9,6,106.21552695691761
-9,6,106.72697268550539
-9,6,100.0
-8,6,112.24685838744716
-8,6,101.53448309507448
-8,6,108.60330407743587
-8,5,100.0
-8,5,100.0
-8,5,116.21080409876153
-9,5,136.9208625674206
-9,5,101.51661258787378
-9,5,129.63848813121368
-10,5,100.0
-10,5,125.30973990708738
-10,5,100.0
-11,5,104.61851024237112
-11,5,100.0
-11,5,110.83082862464155
-12,5,100.0
-12,5,100.0
-12,5,110.08866331383386
-13,5,109.87717793638535
-13,5,103.36093570673823
-13,5,100.0
-14,5,100.0
-14,5,100.95218261530546
-14,5,101.64695190248166
-14,6,119.32386653544768
-14,6,100.0
-14,6,100.0
-14,7,100.0
-14,7,100.0
-14,7,100.0
-15,7,104.9296742697528
-15,7,100.0
-15,7,100.0
-14,7,126.29866497050638
-14,7,100.0
-14,7,129.33450042594296
-13,7,100.0
-13,7,100.0
-13,7,100.0
-14,7,100.0
-14,7,119.58314805448369
-14,7,102.34405471983577
-15,7,111.35821878855755
-15,7,100.0
-15,7,102.01470931585241
-16,7,100.0
-16,7,110.76985079577892
-16,7,106.6875596362919
-16,8,100.0
-16,8,106.22274556858983
-16,8,100.0
-15,8,100.0
-15,8,116.47722604629706
-15,8,100.0
-14,8,100.0
-14,8,100.0
-14,8,100.0
-13,8,100.0
-13,8,113.29632126586733
-13,8,100.0
-12,8,100.0
-12,8,123.89771470160038
-12,8,133.63872856851415
-11,8,100.0
-11,8,132.61713008129618
-11,8,100.0
-10,8,135.05070310449824
-10,8,105.00940821973731
-10,8,100.0
-9,8,117.94144460732016
-9,8,100.0
-9,8,130.77944707124274
-8,8,100.0
-8,8,100.0
-8,8,100.0
-9,8,100.0
-9,8,107.11553716332338
-9,8,100.0
-8,8,100.0
-8,8,100.0
-8,8,122.20283089413972
-9,8,101.29834210003945
-9,8,105.87444796265709
-9,8,105.96545933279468
-9,7,116.82004196132118
-9,7,106.02947021673589
-9,7,102.4788072431025
-8,7,100.0
-8,7,150.93082685723274
-8,7,102.35133081413605
-8,6,133.405596055249
-8,6,121.25228876699049
-8,6,100.0
-8,5,109.69051640243038
-8,5,100.0
-8,5,101.4250287922692
-7,5,126.47439503838149
-7,5,137.900214677009
-7,5,129.0460417774543
-6,5,100.0
-6,5,100.0
-6,5,108.73900456349529
-5,5,133.13066246482873
-5,5,105.33784130588329
-5,5,122.50460632847322
-4,5,100.0
-4,5,112.55077193436587
-4,5,136.15043120685226
-3,5,102.64473145316623
-3,5,133.20892772997132
-3,5,142.72615591329333
-4,5,113.19136197080827
-4,5,123.45957204461567
-4,5,114.56534798246317
-5,5,108.75843563782375
-5,5,100.0
-5,5,100.0
-4,5,145.69983879527337
-4,5,100.0
-4,5,100.0
