11,8,100.0
11,8,102.20679984671855
11,9,100.0
11,9,100.0
11,9,143.6205554279803
11,8,104.04779961539855
11,8,100.0
11,8,127.4942230618114
10,8,100.0
10,8,130.64035892096123
10,8,100.0
10,7,120.01766537725558
10,7,106.6145723559582
10,7,100.0
10,6,117.71542848608624
10,6,108.88870983504529
10,6,141.0225067141446
10,5,140.8704969400229
10,5,104.25148562348066
10,5,100.0
9,5,100.0
9,5,104.37070273863307
9,5,100.0
9,4,100.0
9,4,112.68233492413161
9,4,139.0221441233296
9,3,138.86506495538188
9,3,100.0
9,3,132.88925760929163
9,2,100.0
9,2,100.0
9,2,100.0
8,2,114.4895616737908
8,2,129.7660963455713
8,2,119.9732432116791
8,3,100.0
8,3,129.31132049564602
8,3,100.0
8,4,104.14584725462096
8,4,100.0
8,4,130.03308395978152
7,4,134.02760498882026
7,4,104.59942631618587
7,4,100.0
6,4,100.0
6,4,106.12225276041802
6,4,130.6581083413582
6,3,144.37003126074643
6,3,112.07684546102612
6,3,130.91858360173188
6,2,135.9977393007896
6,2,123.62664641022441
6,2,144.67753375328454
6,1,111.85355635866065
6,1,143.9170379503588
6,1,123.48634193185842
6,2,123.53406807126944
6,2,104.3714996762207
6,2,125.90307733783736
6,1,100.0
6,1,120.34763447852258
6,1,140.85965695140214
7,1,118.3503365317528
7,1,103.20549958386275
7,1,111.03629982476703
7,2,134.5366439934615
7,2,108.70238244201369
7,2,113.57332638286306
7,1,112.02043395306752
7,1,113.99337511709177
7,1,147.1096238541318
7,0,112.91815310431983
7,0,114.73280384697223
7,0,100.0
7,1,118.27887409853062
7,1,100.0
7,1,105.6282150389034
7,0,114.78243469059369
7,0,137.87440851560314
7,0,100.0
7,1,149.72964148240442
7,1,107.57025241264111
7,1,104.37503390693064
7,0,123.57990527312147
7,0,117.62904279473162
7,0,119.30147447503116
7,-1,135.72168331977906
7,-1,131.77587552990087
7,-1,106.50743345107355
6,-1,115.4237610863698
6,-1,148.82141443738504
6,-1,100.0
6,-2,100.0
6,-2,130.3875624207257
6,-2,100.44098093258626
6,-3,102.99017925105454
6,-3,119.92564537848956
6,-3,145.4716778554979
6,-4,106.21363364156468
6,-4,117.5234098927307
6,-4,135.58148459422256
6,-5,101.47993379612765
6,-5,143.84661094837466
6,-5,135.64768751793366
6,-6,102.39063994397563
6,-6,110.17961435014273
6,-6,123.95439838043987
6,-7,100.0
6,-7,100.0
6,-7,132.4703782611061
6,-8,100.0
6,-8,118.05057120084527
6,-8,101.14995437198858
5,-8,146.67230601946113
5,-8,106.52886335254153
5,-8,100.0
4,-8,133.51490765203457
4,-8,113.49114253857756
4,-8,100.0
4,-9,100.0
4,-9,129.3624444870592
4,-9,100.0
4,-10,140.45566768727176
4,-10,111.60224373139377
4,-10,126.811298652604
4,-11,162.42511733255685
4,-11,101.64286825432221
4,-11,100.0
4,-12,100.0
4,-12,128.54266451572107
4,-12,100.0
5,-12,137.83533093548647
5,-12,100.0
5,-12,100.0
4,-12,100.0
4,-12,100.0
4,-12,125.70786666717336
5,-12,134.24781289351557
5,-12,130.27521293031597
5,-12,100.0
6,-12,100.0
6,-12,113.82355508231566
6,-12,105.8350791464097
5,-12,123.85255142128031
5,-12,159.9406740601988
5,-12,100.0
6,-12,169.59108774523816
6,-12,107.76867398392251
6,-12,100.0
7,-12,100.0
7,-12,100.0
7,-12,100.0
8,-12,110.13651324256837
8,-12,100.0
8,-12,100.0
9,-12,100.0
9,-12,100.0
9,-12,100.0
10,-12,113.23301529809983
10,-12,100.0
10,-12,100.0
11,-12,100.0
11,-12,100.76428775925001
11,-12,103.7880046577621
12,-12,129.68207198435397
12,-12,100.0
12,-12,100.0
13,-12,100.0
13,-12,100.0
13,-12,127.55866011341631
14,-12,100.0
14,-12,100.0
14,-12,108.90872993704134
15,-12,100.0
15,-12,100.0
15,-12,100.0
16,-12,100.0
16,-12,100.0
16,-12,100.0
16,-11,115.17038802243272
16,-11,100.68904673051499
16,-11,100.0
16,-10,100.0
16,-10,100.0
16,-10,111.29177902389165
16,-9,100.0
16,-9,100.0
16,-9,100.0
16,-8,119.80906565925979
16,-8,100.0
16,-8,100.0
17,-8,100.0
17,-8,135.827234240508
17,-8,100.0
18,-8,100.0
18,-8,100.0
18,-8,100.0
18,-9,100.0
18,-9,100.0
18,-9,100.0
18,-8,100.0
18,-8,100.0
18,-8,100.0
17,-8,115.69293497754538
17,-8,110.42375113469046
17,-8,124.45231236902785
16,-8,115.8034974209561
16,-8,100.0
16,-8,100.0
15,-8,100.0
15,-8,100.0
15,-8,100.0
15,-7,121.705371566739
15,-7,100.0
15,-7,116.20742158884762
14,-7,104.14043102292962
14,-7,100.0
14,-7,107.95527794482925
13,-7,107.79717383521809
13,-7,172.86643063026247
13,-7,103.35040956146851
12,-7,112.14127506865225
12,-7,100.0
12,-7,100.0
11,-7,110.48866989044349
11,-7,100.0
11,-7,136.86159215312503
12,-7,136.20961074826008
12,-7,100.0
12,-7,113.3824381109455
11,-7,100.0
11,-7,100.0
11,-7,100.0
10,-7,118.07199947779789
10,-7,122.12145166331673
10,-7,125.43283646437918
9,-7,100.0
9,-7,100.0
9,-7,100.0
9,-6,101.13101580771081
9,-6,100.0
9,-6,122.13723860671314
10,-6,100.0
10,-6,121.82225777223253
10,-6,100.0
10,-7,103.88179259490579
10,-7,114.64675240812267
10,-7,121.1079860419064
10,-6,123.18335051670834
10,-6,100.0
10,-6,100.0
10,-5,110.56540444273035
10,-5,119.44610031108071
10,-5,143.12998607808078
10,-4,126.2480725189726
10,-4,113.13227420802994
10,-4,149.89785889100062
9,-4,100.0
9,-4,125.44487579789002
9,-4,106.22688433317485
8,-4,100.0
8,-4,112.93111108692656
8,-4,100.0
7,-4,131.97046264648137
7,-4,131.53790278911094
7,-4,121.23984682803678
7,-3,115.44617352509849
7,-3,103.12507012649152
7,-3,138.57577339646198
7,-2,164.74688296607755
7,-2,106.59291753065912
7,-2,100.0
6,-2,100.0
6,-2,144.35426250220956
6,-2,145.86795242168233
6,-1,114.91968500847824
6,-1,149.19890761944959
6,-1,100.0
6,0,114.47474690842145
6,0,100.0
6,0,130.70642397375644
5,0,164.85046515064306
5,0,117.1898449605347
5,0,118.34406357230185
4,0,125.50496238840819
4,0,100.0
4,0,127.46347278514216
3,0,118.99076403433456
3,0,104.98327693761405
3,0,111.38727760548404
2,0,120.98949841461402
2,0,132.01967971110955
2,0,138.49908602082743
1,0,124.53359042078378
1,0,134.26856633544404
1,0,134.52138215352105
1,1,143.519989053098
1,1,126.50835595276436
1,1,150.36495561320916
0,1,100.0
0,1,160.61560424093994
0,1,111.9861847543306
0,2,148.69674102181332
0,2,147.69748601233954
0,2,123.1110248122256
-1,2,130.18884241023846
-1,2,100.0
-1,2,127.8370262544262
-1,3,131.87295600474005
-1,3,100.0
-1,3,107.61849976930833
-2,3,122.87833103258919
-2,3,131.94963159652045
-2,3,118.96767299301187
-3,3,117.25256314757593
-3,3,163.2016577912643
-3,3,134.95618325949977
-4,3,136.36750671812032
-4,3,125.3569857432213
-4,3,124.29584870361393
-5,3,107.61638989591904
-5,3,140.0615235791908
-5,3,131.7682689219531
-6,3,105.25294235395502
-6,3,100.0
-6,3,160.59132342646055
-5,3,126.79741183121531
-5,3,148.23462109584062
-5,3,139.963054951481
-5,4,100.0
-5,4,140.03944096730697
-5,4,122.28310424810641
-6,4,109.59601524965201
-6,4,117.94284222086426
-6,4,124.23603338148838
-5,4,129.85629467961738
-5,4,100.0
-5,4,113.05347792149377
-5,3,100.0
-5,3,126.47815614222151
-5,3,138.24530780684682
-6,3,126.5101941493105
-6,3,100.0
-6,3,100.0
-5,3,100.0
-5,3,126.51377909865847
-5,3,129.9120266664389
-6,3,131.86439300960728
-6,3,193.55860163982163
-6,3,100.0
-7,3,100.0
-7,3,100.0
-7,3,100.0
-8,3,115.41030979504612
-8,3,100.0
-8,3,121.36728959884545
-8,4,101.25786999711622
-8,4,131.93676609736997
-8,4,103.17231109542158
-9,4,100.0
-9,4,100.0
-9,4,126.42903716427793
-9,5,100.0
-9,5,139.21924120099447
-9,5,104.64036151245918
-10,5,110.24857915738411
-10,5,100.0
-10,5,101.46341493969877
-9,5,102.0349582917361
-9,5,111.38877442196475
-9,5,105.98182803282423
-8,5,154.4323985300203
-8,5,124.81186768940856
-8,5,109.68414701041675
-8,6,100.0
-8,6,100.0
-8,6,111.78040757601781
-9,6,116.20853186343523
-9,6,135.91672238258002
-9,6,150.46271757069078
-8,6,100.0
-8,6,100.0
-8,6,100.0
-8,5,100.0
-8,5,120.54373049764818
-8,5,108.37995731683124
-9,5,108.13601818238065
-9,5,101.1605811869658
-9,5,115.72417278327106
-10,5,100.0
-10,5,135.7340338995055
-10,5,100.0
-11,5,114.88066175075112
-11,5,148.55673859187294
-11,5,126.36321223603531
-12,5,124.24750795903311
-12,5,100.0
-12,5,100.0
-13,5,104.30373454366712
-13,5,100.0
-13,5,127.4432523409447
-14,5,100.0
-14,5,143.92589586435076
-14,5,100.0
-14,6,134.9432432450249
-14,6,110.74748207339982
-14,6,109.21007871870717
-14,7,100.0
-14,7,110.30709578992123
-14,7,100.0
-15,7,100.0
-15,7,100.0
-15,7,100.0
-14,7,100.0
-14,7,100.0
-14,7,122.5188709282531
-13,7,111.42890758775476
-13,7,112.499960660808
-13,7,100.0
-14,7,100.0
-14,7,100.0
-14,7,100.0
-15,7,100.0
-15,7,100.0
-15,7,100.0
-16,7,100.0
-16,7,100.0
-16,7,100.0
-16,8,103.13655211226967
-16,8,100.0
-16,8,102.170535920993
-15,8,115.33660614127264
-15,8,100.0
-15,8,100.0
-14,8,103.15687758289761
-14,8,100.0
-14,8,100.0
-13,8,100.0
-13,8,108.51314495658525
-13,8,100.0
-12,8,100.0
-12,8,109.77495276503433
-12,8,131.19621300364685
-11,8,106.36330939995217
-11,8,140.77601912178127
-11,8,100.0
-10,8,107.74620451223433
-10,8,106.89313624828445
-10,8,113.16092279806482
-9,8,100.0
-9,8,100.0
-9,8,120.08972029061474
-8,8,100.0
-8,8,140.48095369486015
-8,8,100.0
-9,8,120.51927436688295
-9,8,100.0
-9,8,114.94199844081876
-8,8,118.21370653896922
-8,8,129.3605334178913
-8,8,101.24281066475193
-9,8,100.0
-9,8,100.0
-9,8,100.0
-9,7,109.10022423480568
-9,7,119.4648156828516
-9,7,105.61277432136917
-8,7,103.20266292192949
-8,7,100.0
-8,7,100.0
-8,6,100.0
-8,6,100.0
-8,6,134.32097207520755
-8,5,107.00147418640445
-8,5,156.868913154389
-8,5,100.0
-7,5,100.0
-7,5,103.72220070779024
-7,5,136.8373177924097
-6,5,129.3531295840876
-6,5,106.2376863181739
-6,5,133.88945790055868
-5,5,116.7338995943698
-5,5,113.1302090741219
-5,5,144.26420812654757
-4,5,102.13415990129928
-4,5,100.82471303204167
-4,5,103.9651894618085
-3,5,146.73329487821198
-3,5,108.82826640696653
-3,5,141.13419070218202
-4,5,100.0
-4,5,145.92026145769833
-4,5,156.80706141189285
-5,5,125.86700407274871
-5,5,151.4205182108471
-5,5,119.26863110611833
-4,5,119.94657940244119
-4,5,149.19212826688317
-4,5,113.26224527572111
