11,8,315.4095980098911
11,9,291.33852571864946
11,9,204.7322215908951
11,8,282.70806377653935
11,8,203.96866960607417
10,8,266.27808975647486
10,8,330.87514647196946
10,7,302.7356011041152
10,7,295.56549801385563
10,6,257.1506941068768
10,6,218.60954978390632
10,5,287.13844268254417
10,5,312.94665221854035
9,5,389.6387133117528
9,5,374.9658485174433
9,4,262.9906541880416
9,4,200.0
9,3,306.26891221987285
9,3,297.43874442110814
9,2,266.4465022058236
9,2,226.2198715912333
8,2,343.15223633402957
8,2,245.6092299168675
8,3,385.92483168708867
8,3,277.1159926432353
8,4,313.66268696409753
8,4,278.2498861835457
7,4,313.6960399741145
7,4,366.31307677556856
6,4,370.97333321080293
6,4,446.34974522996083
6,3,200.0
6,3,304.6025237850228
6,2,303.36816700747113
6,2,200.0
6,1,244.81714729531654
6,1,377.3682951455944
6,2,299.3333049814508
6,2,212.08780338745913
6,1,354.18837072903193
6,1,200.0
7,1,216.29349046069802
7,1,378.894515477594
7,2,383.2393546346811
7,2,252.00762079088832
7,1,244.75744760844444
7,1,340.9600473592109
7,0,320.90022813620135
7,0,287.22329468396566
7,1,253.88386893090365
7,1,333.1284727165019
7,0,280.30812765828404
7,0,306.006055541011
7,1,328.55715249038167
7,1,324.4624060609386
7,0,200.0
7,0,350.0406680941833
7,-1,200.15466242864034
7,-1,253.5745814815675
6,-1,212.17839740341878
6,-1,377.8434879726183
6,-2,392.65669658521625
6,-2,296.4719415067119
6,-3,282.7080670699953
6,-3,326.49551794581333
6,-4,279.44373858787407
6,-4,297.92096893123363
6,-5,308.31439591884055
6,-5,326.8283995124768
6,-6,200.0
6,-6,200.0
6,-7,314.19816752857525
6,-7,280.28857171102186
6,-8,200.0
6,-8,293.84421880943756
5,-8,349.26456292606224
5,-8,320.7486875384995
4,-8,361.00488527085184
4,-8,275.2973748427536
4,-9,209.9128780429648
4,-9,381.02978303507484
4,-10,200.0
4,-10,216.30543382755945
4,-11,200.0
4,-11,302.5968101247789
4,-12,376.4193536963887
4,-12,348.5856037561812
5,-12,310.47356193358866
5,-12,214.39019782947804
4,-12,287.6117813908404
4,-12,356.86010387209024
5,-12,200.0
5,-12,281.09179112490216
6,-12,200.0
6,-12,302.8604811488817
5,-12,200.0
5,-12,277.4196253212514
6,-12,247.58023440921073
6,-12,208.22647515962515
7,-12,200.0
7,-12,200.0
8,-12,200.0
8,-12,297.42585381172955
9,-12,226.0699203003259
9,-12,200.0
10,-12,299.4386274146532
10,-12,200.0
11,-12,296.09700983467116
11,-12,304.9760320928521
12,-12,200.0
12,-12,200.0
13,-12,269.24395173900746
13,-12,271.35513580093146
14,-12,200.0
14,-12,240.31515006572585
15,-12,225.1927466745016
15,-12,231.2346531819275
16,-12,230.90772231601966
16,-12,200.0
16,-11,200.0
16,-11,200.0
16,-10,278.85583909987787
16,-10,200.0
16,-9,209.45502979003822
16,-9,200.0
16,-8,269.9187855671451
16,-8,200.0
17,-8,200.0
17,-8,293.43501615597006
18,-8,231.52165781116082
18,-8,272.08432613987276
18,-9,200.0
18,-9,274.0900464165583
18,-8,219.91849295532012
18,-8,200.0
17,-8,226.43986214341078
17,-8,279.23028443886767
16,-8,200.0
16,-8,320.4717531824499
15,-8,200.0
15,-8,240.4195009896013
15,-7,200.0
15,-7,253.76502612821488
14,-7,260.4375659582572
14,-7,224.99204710342758
13,-7,265.08606621899503
13,-7,200.0
12,-7,202.3032214211675
12,-7,229.60952411470316
11,-7,370.4362629922923
11,-7,244.8805712768857
12,-7,200.0
12,-7,200.0
11,-7,231.08156249665723
11,-7,356.5003850266389
10,-7,334.6255457300844
10,-7,379.49079720256566
9,-7,284.26251137081243
9,-7,230.39239298149403
9,-6,200.0
9,-6,236.97741764883003
10,-6,229.01511008669445
10,-6,280.73782266401383
10,-7,318.09116345077155
10,-7,221.51794794019466
10,-6,400.4975991606011
10,-6,346.8034314681193
10,-5,228.4019679439676
10,-5,200.38118777477385
10,-4,200.0
10,-4,200.0
9,-4,200.0
9,-4,269.28213074323804
8,-4,284.7112635121867
8,-4,293.8390928354674
7,-4,200.0
7,-4,300.2492638659095
7,-3,331.40995553931754
7,-3,319.2020213527724
7,-2,200.0
7,-2,259.7463185271414
6,-2,371.0985867245487
6,-2,275.00057724930696
6,-1,273.3958193247348
6,-1,332.98232178289516
6,0,383.8218346429416
6,0,269.81173802052183
5,0,322.31685560875684
5,0,240.88562630659885
4,0,287.2185589822458
4,0,350.0548005862834
3,0,280.4621423577856
3,0,247.59410634304533
2,0,310.5641690457817
2,0,349.5598994286022
1,0,326.01023070352863
1,0,486.8153915536567
1,1,381.69128035790294
1,1,378.770316284685
0,1,296.2595694379922
0,1,364.9409233757154
0,2,357.3697506257938
0,2,344.40552876969457
-1,2,367.7025931632069
-1,2,330.5295931455022
-1,3,368.6179749498052
-1,3,374.59572112681246
-2,3,200.0
-2,3,392.9767013846196
-3,3,284.35812991532913
-3,3,245.03168440467056
-4,3,200.0
-4,3,288.7624081704015
-5,3,306.86675793276277
-5,3,334.4373752620417
-6,3,382.22083570458915
-6,3,336.20664223715073
-5,3,306.2373125355884
-5,3,361.4415032503834
-5,4,340.58445299827355
-5,4,338.6807715623524
-6,4,247.62604988628482
-6,4,200.0
-5,4,290.3034700058102
-5,4,290.11627252015893
-5,3,257.5486636194126
-5,3,200.0
-6,3,213.12550165622758
-6,3,273.5333972365716
-5,3,314.9418053890319
-5,3,297.6387957388887
-6,3,285.8138934409791
-6,3,200.0
-7,3,233.56416746180372
-7,3,307.80140813856946
-8,3,255.00830225971504
-8,3,275.24272134740914
-8,4,299.95284818078215
-8,4,306.0245387791799
-9,4,262.38228086177486
-9,4,200.21290159411004
-9,5,279.8359843675485
-9,5,255.30105145644632
-10,5,230.81758201262548
-10,5,287.17321843308446
-9,5,362.5796271727053
-9,5,200.0
-8,5,270.9343893777668
-8,5,270.8794527790018
-8,6,375.53902552299064
