11,8,264.5115000506931
11,9,289.94903937180857
11,9,234.63573283048956
11,8,200.0
11,8,249.0080654015487
10,8,247.08006542772782
10,8,200.0
10,7,268.3321739648289
10,7,337.4523574286933
10,6,200.0
10,6,298.9908839213183
10,5,289.5532712616706
10,5,222.6037257651351
9,5,232.15502509695614
9,5,252.87362386353152
9,4,312.1850887356059
9,4,327.8319272061278
9,3,300.34564345550837
9,3,329.8170169783131
9,2,316.94540849389705
9,2,323.84108691432135
8,2,310.3124940245695
8,2,230.45886372060016
8,3,370.15979766321897
8,3,306.10326025290385
8,4,271.70193528407646
8,4,200.0
7,4,322.1609773696602
7,4,231.20134036460593
6,4,355.3001332217864
6,4,304.15862108804095
6,3,344.0401710554827
6,3,324.0326140572916
6,2,208.2538191143758
6,2,281.0127388866161
6,1,200.0
6,1,223.55884732446356
6,2,295.5258687299044
6,2,325.8803318282376
6,1,329.8184680230302
6,1,206.585395595639
7,1,200.0
7,1,278.3989902281205
7,2,297.0802873913473
7,2,292.8523173021912
7,1,219.96232804097653
7,1,309.2699415042585
7,0,315.22499676564837
7,0,237.03855530014278
7,1,209.62478706938876
7,1,354.8453389907701
7,0,329.01426409430906
7,0,200.0
7,1,200.0
7,1,297.91975285536734
7,0,285.25997239502715
7,0,295.6207232325676
7,-1,200.0
7,-1,277.30496231447563
6,-1,354.5650080273011
6,-1,370.54493970998703
6,-2,375.5829218337757
6,-2,248.7620195285873
6,-3,333.75481746807986
6,-3,248.4943762735424
6,-4,337.2261406693475
6,-4,343.13849297101126
6,-5,261.9525349388914
6,-5,321.6643094018721
6,-6,310.920115069609
6,-6,200.0
6,-7,239.5211521810293
6,-7,283.20565403088796
6,-8,203.6226792291677
6,-8,223.76797987598522
5,-8,297.7504153267244
5,-8,238.0853256193156
4,-8,278.5850035121624
4,-8,272.3859753838305
4,-9,226.0707784581574
4,-9,301.0814649180203
4,-10,261.361892160417
4,-10,248.48578127630108
4,-11,200.0
4,-11,340.25368005960985
4,-12,253.44407402405236
4,-12,240.14858583840845
5,-12,273.64393137600973
5,-12,247.1511295663884
4,-12,200.0
4,-12,200.0
5,-12,347.2704967218964
5,-12,200.0
6,-12,332.0043455761114
6,-12,200.0
5,-12,200.0
5,-12,207.76078737499947
6,-12,200.0
6,-12,263.1455901799053
7,-12,297.6633929243035
7,-12,364.2104868772442
8,-12,272.5229365502057
8,-12,231.8332066230039
9,-12,233.9887281803787
9,-12,281.95555601942135
10,-12,352.5851031051757
10,-12,296.7334236258946
11,-12,213.36237580365182
11,-12,256.3790476766925
12,-12,244.998400419424
12,-12,215.87390348940704
13,-12,200.0
13,-12,230.82794575260203
14,-12,218.94993925846543
14,-12,200.0
15,-12,225.1741958105912
15,-12,200.0
16,-12,216.7152021523692
16,-12,280.42719711721054
16,-11,200.0
16,-11,278.7021683436754
16,-10,220.32342555662643
16,-10,359.98976059686424
16,-9,275.5778522653653
16,-9,281.87868732204686
16,-8,200.0
16,-8,304.00185122856016
17,-8,200.0
17,-8,261.85722990403497
18,-8,254.13314502190826
18,-8,299.36706437892735
18,-9,203.76624874403805
18,-9,243.47287646038507
18,-8,200.0
18,-8,240.3786646634087
17,-8,215.2753407954092
17,-8,267.26361654611617
16,-8,283.900835466475
16,-8,200.0
15,-8,200.0
15,-8,325.119754652398
15,-7,200.0
15,-7,200.0
14,-7,291.07903294786576
14,-7,200.0
13,-7,236.50418548255362
13,-7,282.7024685256995
12,-7,249.9802172876713
12,-7,258.57590728859793
11,-7,265.82255996452164
11,-7,247.11160368003422
12,-7,200.0
12,-7,200.0
11,-7,200.0
11,-7,200.0
10,-7,308.3118597586846
10,-7,248.16682165860593
9,-7,302.47079501789483
9,-7,287.2483903733077
9,-6,200.0
9,-6,309.13397632609656
10,-6,327.048796139615
10,-6,247.94579622339126
10,-7,256.9078857050415
10,-7,390.81772822350047
10,-6,298.153749759854
10,-6,414.6112601806361
10,-5,200.0
10,-5,200.0
10,-4,327.05323194909056
10,-4,279.86410595348787
9,-4,219.47909956917647
9,-4,244.01851844331
8,-4,288.0964471046844
8,-4,240.84761952935733
7,-4,336.0682068081431
7,-4,293.51339637110175
7,-3,263.47313835511255
7,-3,212.63247073013764
7,-2,200.0
7,-2,200.0
6,-2,200.0
6,-2,200.0
6,-1,200.0
6,-1,339.3074307483679
6,0,367.1095005604154
6,0,261.7980724103958
5,0,354.7568028798944
5,0,386.9407278049788
4,0,332.05071792996245
4,0,350.53158294556005
3,0,200.0
3,0,234.8648707562234
2,0,246.05573355521267
2,0,235.45297596205472
1,0,325.9335114443192
1,0,412.0854076893645
1,1,318.54668412603274
1,1,277.294681393908
0,1,324.42306191249344
0,1,426.718912101631
0,2,274.31909555664276
0,2,322.0526584402744
-1,2,326.5888918489854
-1,2,307.539421946326
-1,3,200.0
-1,3,358.03272966454597
-2,3,355.581649664895
-2,3,350.6093519454372
-3,3,319.5291215382221
-3,3,371.7231917400291
-4,3,331.08027135047314
-4,3,340.27143016444387
-5,3,204.98409452060233
-5,3,356.7360203843311
-6,3,200.0
-6,3,358.534007106055
-5,3,279.9386659964211
-5,3,200.0
-5,4,265.61700136121476
-5,4,261.3451499317665
-6,4,256.5350596432934
-6,4,376.77994609912764
-5,4,259.172994204316
-5,4,248.38096979045054
-5,3,427.5533234801649
-5,3,209.27999993386058
-6,3,335.7991266207072
-6,3,330.91935868892745
-5,3,288.78017634470496
-5,3,317.57088374323644
-6,3,261.890068529828
-6,3,348.5194260644904
-7,3,323.19073395431985
-7,3,275.05557380475415
-8,3,200.0
-8,3,206.86234906079093
-8,4,205.81928926906093
-8,4,200.0
-9,4,290.10941460284977
-9,4,200.0
-9,5,244.02768292538858
-9,5,293.48644949832834
-10,5,328.3395161691477
-10,5,221.10089465590266
-9,5,223.7462443926681
-9,5,320.36117621136844
-8,5,305.58864653008015
-8,5,290.63154319636755
-8,6,322.1738381344255
