11,8,100.0
11,8,100.0
11,9,104.48692809383853
11,9,122.30288061700644
11,9,100.0
11,8,100.0
11,8,135.44342792794242
11,8,100.0
10,8,100.0
10,8,100.0
10,8,139.04579840539748
10,7,100.0
10,7,100.0
10,7,100.0
10,6,104.12949684168079
10,6,102.80179940790669
10,6,100.17327107562386
10,5,100.0
10,5,100.0
10,5,100.0
9,5,100.0
9,5,129.8993060682547
9,5,100.0
9,4,114.82543144427584
9,4,116.45525259434206
9,4,119.7719205951895
9,3,116.6136823375672
9,3,117.66040855781169
9,3,107.27797782011953
9,2,100.0
9,2,100.0
9,2,100.0
8,2,109.5245628715924
8,2,100.0
8,2,125.34544764572809
8,3,124.92399811292091
8,3,148.72335270345394
8,3,112.00831420769404
8,4,141.61335980131588
8,4,134.06273043640164
8,4,113.6866713501825
7,4,120.61042093251798
7,4,137.263327964991
7,4,100.23616921707713
6,4,126.17355937941065
6,4,100.0
6,4,100.0
6,3,118.92685273633703
6,3,128.41624859997327
6,3,132.5313279334506
6,2,135.80803113961778
6,2,146.4612077944775
6,2,134.9625642582734
6,1,146.91472157731187
6,1,110.16904344430444
6,1,124.09631836819105
6,2,133.85084146905865
6,2,143.47301549635543
6,2,126.85252490658863
6,1,100.0
6,1,107.15327852677535
6,1,133.26980388495082
7,1,100.0
7,1,108.37518833282955
7,1,124.73795417460398
7,2,102.84466057009764
7,2,123.48081424074624
7,2,168.29202982774305
7,1,106.57179839688348
7,1,105.19486553709274
7,1,137.10280537383693
7,0,107.20321122242343
7,0,100.0
7,0,107.05237073488215
7,1,146.04815547816307
7,1,108.54568805034626
7,1,101.98927753237649
7,0,109.24442991177588
7,0,127.51207751949808
7,0,156.22512866817178
7,1,111.94092719879909
7,1,151.9447621508228
7,1,123.49685734158932
7,0,118.12713799459122
7,0,147.5872448803929
7,0,100.0
7,-1,100.0
7,-1,133.20277501999288
7,-1,121.711371641286
6,-1,127.73704227711971
6,-1,117.04980420072312
6,-1,139.21092986891875
6,-2,105.74894252420967
6,-2,114.4344993755853
6,-2,100.0
6,-3,100.0
6,-3,132.61826026443148
6,-3,100.0
6,-4,122.8218666009513
6,-4,155.48598273524772
6,-4,123.30631346412918
6,-5,100.0
6,-5,138.31014406065773
6,-5,100.0
6,-6,105.30754586633228
6,-6,100.0
6,-6,100.0
6,-7,104.46094034986908
6,-7,108.86660721966295
6,-7,109.52005089639529
6,-8,110.52355550403581
6,-8,103.34511404966024
6,-8,124.6697995412899
5,-8,131.53318976060902
5,-8,100.0
5,-8,152.17529974246955
4,-8,100.0
4,-8,100.0
4,-8,122.38172424475901
4,-9,113.3744749552836
4,-9,100.0
4,-9,100.0
4,-10,100.0
4,-10,100.0
4,-10,100.0
4,-11,123.1622059737247
4,-11,106.078074017285
4,-11,130.04102214950262
4,-12,122.75315258742735
4,-12,110.70143640233523
4,-12,100.0
5,-12,111.63018544967791
5,-12,100.0
5,-12,100.0
4,-12,100.0
4,-12,100.0
4,-12,119.85174330812973
5,-12,111.32515246280747
5,-12,100.0
5,-12,111.36316419808551
6,-12,100.0
6,-12,100.0
6,-12,129.48966094399557
5,-12,115.75701056701021
5,-12,100.0
5,-12,122.51357857344317
6,-12,100.0
6,-12,121.51592644224681
6,-12,100.0
7,-12,101.89563725749122
7,-12,112.88230077891043
7,-12,116.37870195516489
8,-12,113.92206341063321
8,-12,100.0
8,-12,100.0
9,-12,134.44158247914072
9,-12,102.93284980109215
9,-12,100.0
10,-12,100.0
10,-12,161.75145094115393
10,-12,136.538253451592
11,-12,100.0
11,-12,100.0
11,-12,100.0
12,-12,100.0
12,-12,100.0
12,-12,100.0
13,-12,103.09049327373108
13,-12,100.0
13,-12,100.0
14,-12,111.13150388942884
14,-12,100.0
14,-12,100.0
15,-12,100.0
15,-12,100.0
15,-12,100.0
16,-12,100.0
16,-12,110.1346774310352
16,-12,100.0
16,-11,100.0
16,-11,100.0
16,-11,100.0
16,-10,100.0
16,-10,107.72100820225509
16,-10,100.0
16,-9,100.0
16,-9,100.0
16,-9,100.0
16,-8,100.0
16,-8,100.0
16,-8,100.0
17,-8,100.0
17,-8,100.0
17,-8,122.88501837371982
18,-8,100.0
18,-8,100.0
18,-8,108.25206623002614
18,-9,108.24303748948564
18,-9,100.0
18,-9,110.16291851376165
18,-8,100.0
18,-8,100.0
18,-8,100.0
17,-8,100.0
17,-8,100.0
17,-8,100.0
16,-8,106.22890964526289
16,-8,100.0
16,-8,100.0
15,-8,132.60391517917523
15,-8,113.50112335127818
15,-8,103.69606428469464
15,-7,100.0
15,-7,100.0
15,-7,100.0
14,-7,100.0
14,-7,100.0
14,-7,138.86167916159417
13,-7,100.0
13,-7,100.0
13,-7,100.0
12,-7,100.0
12,-7,110.36115508232875
12,-7,107.60018060522562
11,-7,140.69631115234344
11,-7,104.1153903274103
11,-7,132.2589627842255
12,-7,100.0
12,-7,100.0
12,-7,100.0
11,-7,131.10822903854475
11,-7,100.0
11,-7,120.35611210125391
10,-7,100.0
10,-7,100.0
10,-7,114.51127072115503
9,-7,105.24469056923783
9,-7,108.73647769165929
9,-7,100.0
9,-6,124.68028822507571
9,-6,100.0
9,-6,117.59995113371964
10,-6,100.0
10,-6,100.0
10,-6,124.21962946144401
10,-7,120.932629507901
10,-7,100.0
10,-7,100.0
10,-6,100.0
10,-6,120.10113879103812
10,-6,108.56527073675814
10,-5,100.0
10,-5,112.51410480773745
10,-5,105.93899844457225
10,-4,100.0
10,-4,100.0
10,-4,116.38724208714534
9,-4,100.0
9,-4,100.0
9,-4,100.0
8,-4,110.85491434425525
8,-4,100.0
8,-4,100.0
7,-4,116.95891337606591
7,-4,100.0
7,-4,100.0
7,-3,129.6238944515657
7,-3,100.0
7,-3,100.0
7,-2,139.39053298343882
7,-2,147.000145915769
7,-2,100.22407018891988
6,-2,124.22330477494707
6,-2,100.0
6,-2,119.64227856052786
6,-1,152.60378157128102
6,-1,100.0
6,-1,155.6189774220752
6,0,104.53424678813013
6,0,119.52308122288072
6,0,146.4034447605908
5,0,107.49384470131014
5,0,111.0313617916407
5,0,149.40504020779682
4,0,118.76789012166157
4,0,113.24020926016811
4,0,112.02891125407412
3,0,136.2624581026158
3,0,126.3716538974461
3,0,147.79692851556283
2,0,125.48124652173942
2,0,146.00873822611607
2,0,108.42832002940027
1,0,131.71990679797094
1,0,158.67634348869296
1,0,100.0
1,1,112.95974027027465
1,1,138.4339348698743
1,1,146.2682737698837
0,1,136.37096606513592
0,1,129.23160500255506
0,1,137.64184564882817
0,2,147.62154737612025
0,2,125.40690509458707
0,2,117.0397157531034
-1,2,108.85437472393656
-1,2,111.79018792450474
-1,2,155.55662463314542
-1,3,142.6391694648182
-1,3,128.9739661160735
-1,3,131.71542712565847
-2,3,115.47552052275626
-2,3,116.58787074581147
-2,3,107.97918380663037
-3,3,112.65554224582449
-3,3,117.99873728101838
-3,3,139.43459189953677
-4,3,112.89438844210808
-4,3,129.55013946076295
-4,3,121.19967084212975
-5,3,135.24581461154912
-5,3,100.0
-5,3,129.3279638282931
-6,3,111.10039053639207
-6,3,119.52184782624128
-6,3,100.39514959419192
-5,3,103.30218838980059
-5,3,191.8254698557388
-5,3,108.83715792542371
-5,4,131.15807635399463
-5,4,101.55799702412071
-5,4,129.4440992744099
-6,4,124.62913806638451
-6,4,131.97421271262985
-6,4,108.76877569834991
-5,4,134.1758886574006
-5,4,120.05787199176707
-5,4,121.50802476203195
-5,3,127.63617359546572
-5,3,100.0
-5,3,139.12826996953132
-6,3,147.70647734545875
-6,3,116.58881245832423
-6,3,133.40829401658192
-5,3,152.72908223452677
-5,3,130.1789117571444
-5,3,141.43768158785065
-6,3,146.02456741754995
-6,3,157.90600784180322
-6,3,146.18786618156312
-7,3,122.10129883660254
-7,3,135.64527007753333
-7,3,113.0584965265
-8,3,107.34292338255231
-8,3,134.93219658164872
-8,3,109.67639417208973
-8,4,123.48485792826715
-8,4,153.81259859077494
-8,4,120.4553306092188
-9,4,106.75889450979005
-9,4,100.0
-9,4,118.50166658542094
-9,5,100.0
-9,5,107.54676048090215
-9,5,100.0
-10,5,102.35683957560417
-10,5,104.20997472518495
-10,5,124.50623131470911
-9,5,100.0
-9,5,100.0
-9,5,133.94832097614764
-8,5,105.41258490962521
-8,5,102.08792709140818
-8,5,121.98734820838176
-8,6,100.0
-8,6,100.26841487342884
-8,6,100.0
-9,6,100.0
-9,6,100.0
-9,6,100.0
-8,6,100.0
-8,6,100.0
-8,6,103.78492104866278
-8,5,100.0
-8,5,129.45893060629362
-8,5,100.0
-9,5,124.95886151122168
-9,5,100.0
-9,5,106.1589773113871
-10,5,100.0
-10,5,100.0
-10,5,100.0
-11,5,100.0
-11,5,140.9856365193251
-11,5,152.5196235340429
-12,5,118.94742952825983
-12,5,100.0
-12,5,100.0
-13,5,100.0
-13,5,104.01908485934786
-13,5,100.0
-14,5,100.0
-14,5,117.79117011650914
-14,5,100.0
-14,6,100.0
-14,6,100.0
-14,6,100.0
-14,7,100.0
-14,7,100.0
-14,7,119.29938203040908
-15,7,100.0
-15,7,100.0
-15,7,100.0
-14,7,100.0
-14,7,100.0
-14,7,100.0
-13,7,100.9219947004061
-13,7,120.28711104888448
-13,7,100.0
-14,7,102.1075138560844
-14,7,106.29671946513288
-14,7,111.63837612173687
-15,7,100.0
-15,7,100.0
-15,7,100.0
-16,7,100.0
-16,7,100.0
-16,7,100.0
-16,8,102.52531969481477
-16,8,100.0
-16,8,100.0
-15,8,100.0
-15,8,110.5694155564284
-15,8,100.0
-14,8,100.0
-14,8,115.80257150682064
-14,8,111.63740598928229
-13,8,100.0
-13,8,100.0
-13,8,100.0
-12,8,107.01412399500346
-12,8,100.0
-12,8,108.16779821308562
-11,8,100.0
-11,8,120.29117499153918
-11,8,137.03597958935512
-10,8,100.0
-10,8,100.0
-10,8,111.51002791888996
-9,8,100.7700966586552
-9,8,100.0
-9,8,107.13493633554839
-8,8,120.75969361869579
-8,8,127.14851096353226
-8,8,114.0976958570387
-9,8,116.6905243874701
-9,8,100.0
-9,8,100.99767937698446
-8,8,100.0
-8,8,124.6551100702923
-8,8,100.0
-9,8,100.0
-9,8,124.20554537166232
-9,8,106.42669813749863
-9,7,124.420095276085
-9,7,149.21020089403015
-9,7,116.07822882842699
-8,7,119.99557143911099
-8,7,100.0
-8,7,104.38994889314051
-8,6,100.5677394599454
-8,6,119.24507918675262
-8,6,100.0
-8,5,113.52280893890021
-8,5,127.79472978895384
-8,5,104.32714715443986
-7,5,103.00142070402468
-7,5,110.07289307350523
-7,5,100.0
-6,5,100.0
-6,5,100.0
-6,5,122.30957361580163
-5,5,135.9541842054494
-5,5,134.0679341484
-5,5,106.02058221642264
-4,5,100.0
-4,5,105.82660973377392
-4,5,104.28239095153677
-3,5,100.0
-3,5,111.61657088258616
-3,5,134.89482720388952
-4,5,110.1027272337431
-4,5,132.8811645045112
-4,5,116.17958729382266
-5,5,144.38782190764462
-5,5,100.0
-5,5,121.11839024267265
-4,5,100.0
-4,5,134.48124333458296
-4,5,115.19719681772811
