11,8,100.0
11,8,100.0
11,9,100.0
11,9,100.0
11,9,103.69807559902597
11,8,115.30036119040749
11,8,100.0
11,8,100.0
10,8,100.0
10,8,100.0
10,8,100.0
10,7,106.05787311795669
10,7,112.31973292864839
10,7,101.48266077315301
10,6,100.0
10,6,100.0
10,6,105.94512375462409
10,5,125.57789032016993
10,5,108.73238180992506
10,5,121.88914374580649
9,5,136.66737092312619
9,5,100.0
9,5,100.0
9,4,100.0
9,4,100.0
9,4,100.0
9,3,109.0882237704151
9,3,123.03965736465426
9,3,124.34928022586193
9,2,118.98869776318288
9,2,140.1140352591547
9,2,105.97277413887437
8,2,102.30514025572353
8,2,133.22960446215293
8,2,143.9291599885325
8,3,100.0
8,3,128.24852579736392
8,3,123.39620850411671
8,4,142.9108710039478
8,4,111.97123823067804
8,4,113.00183019296121
7,4,100.0
7,4,108.65148031478303
7,4,115.13746241747654
6,4,130.53008865801633
6,4,132.82620885772724
6,4,107.79557491412683
6,3,100.0
6,3,124.3892960266165
6,3,129.94009411369692
6,2,125.61858593817497
6,2,100.0
6,2,118.78248234664255
6,1,101.26062098623142
6,1,146.16792811603614
6,1,100.0
6,2,121.83134206303336
6,2,100.0
6,2,188.7893314858561
6,1,101.6447767139049
6,1,122.78485645722263
6,1,104.90025757137674
7,1,134.96788263309182
7,1,158.76775629733243
7,1,100.0
7,2,130.22985875125585
7,2,123.26398701492393
7,2,100.0
7,1,110.06740724013427
7,1,119.5528224371168
7,1,100.0
7,0,100.0
7,0,100.0
7,0,113.7188711545956
7,1,133.1551562110932
7,1,146.58873895174463
7,1,128.256231446507
7,0,131.1088956057206
7,0,116.51602345159111
7,0,121.06898801655916
7,1,113.79031862993277
7,1,100.0
7,1,134.6849644677768
7,0,154.94150281162436
7,0,130.39328273676705
7,0,110.95091127680797
7,-1,100.0
7,-1,100.0
7,-1,109.02149676874252
6,-1,126.03711191306272
6,-1,129.29434298020595
6,-1,110.10969086738574
6,-2,110.14189311505844
6,-2,182.8723476870032
6,-2,100.0
6,-3,116.30342658966687
6,-3,100.0
6,-3,100.28707699529302
6,-4,131.47212307229793
6,-4,103.2383019444823
6,-4,100.0
6,-5,115.15596020097033
6,-5,100.0
6,-5,100.0
6,-6,121.62233101036188
6,-6,100.0
6,-6,153.3122691170155
6,-7,100.0
6,-7,132.47860061166597
6,-7,137.76293591051504
6,-8,118.67392296136462
6,-8,100.0
6,-8,100.0
5,-8,100.0
5,-8,121.33599871735204
5,-8,141.42342781030862
4,-8,101.76674195659577
4,-8,114.44792454245663
4,-8,105.2419549636364
4,-9,115.41807241601498
4,-9,100.0
4,-9,132.74027111813913
4,-10,110.89410751733432
4,-10,100.0
4,-10,109.6559478841467
4,-11,100.0
4,-11,109.81097008237833
4,-11,135.2597222446304
4,-12,100.0
4,-12,100.0
4,-12,100.0
5,-12,137.41075795533027
5,-12,100.0
5,-12,103.94079496248169
4,-12,132.91746700893233
4,-12,100.0
4,-12,110.97583099224532
5,-12,116.50406055876431
5,-12,100.0
5,-12,106.36276287978855
6,-12,100.0
6,-12,100.0
6,-12,100.0
5,-12,138.33401526581017
5,-12,109.23465311991419
5,-12,100.0
6,-12,100.0
6,-12,182.78439702501507
6,-12,105.39366225874613
7,-12,100.0
7,-12,100.0
7,-12,100.0
8,-12,101.90974738412869
8,-12,100.0
8,-12,130.88169191342507
9,-12,130.3001217456911
9,-12,100.0
9,-12,100.0
10,-12,100.0
10,-12,100.0
10,-12,146.60345813788473
11,-12,100.0
11,-12,125.49123900573642
11,-12,118.50588989814831
12,-12,100.0
12,-12,100.0
12,-12,100.0
13,-12,109.30734095319798
13,-12,100.0
13,-12,100.0
14,-12,100.0
14,-12,127.68190203223524
14,-12,100.0
15,-12,100.0
15,-12,100.0
15,-12,100.0
16,-12,100.0
16,-12,100.0
16,-12,100.0
16,-11,100.0
16,-11,100.0
16,-11,100.0
16,-10,100.50567363352486
16,-10,100.0
16,-10,100.0
16,-9,101.36481195355653
16,-9,100.0
16,-9,100.0
16,-8,100.0
16,-8,100.0
16,-8,100.0
17,-8,100.0
17,-8,100.0
17,-8,100.0
18,-8,100.0
18,-8,100.0
18,-8,136.73736145036764
18,-9,100.0
18,-9,100.0
18,-9,100.0
18,-8,100.0
18,-8,100.0
18,-8,100.12317022855109
17,-8,109.37007134031793
17,-8,124.49810678347902
17,-8,100.0
16,-8,100.0
16,-8,100.0
16,-8,140.51426646306928
15,-8,100.0
15,-8,115.12664421597748
15,-8,100.0
15,-7,100.0
15,-7,118.42614361595794
15,-7,100.0
14,-7,103.88775381519507
14,-7,107.88517845392523
14,-7,100.0
13,-7,100.0
13,-7,100.0
13,-7,100.0
12,-7,100.0
12,-7,100.0
12,-7,100.0
11,-7,100.0
11,-7,100.0
11,-7,100.0
12,-7,100.0
12,-7,112.5748526059926
12,-7,100.0
11,-7,100.0
11,-7,109.3297201977424
11,-7,140.48037892261058
10,-7,128.58923538721734
10,-7,111.4934856491122
10,-7,100.0
9,-7,100.0
9,-7,105.54015973987393
9,-7,142.34250717974444
9,-6,102.78353100277246
9,-6,100.0
9,-6,100.0
10,-6,100.0
10,-6,108.04634049105988
10,-6,100.0
10,-7,110.91869083181115
10,-7,100.0
10,-7,100.44812244504878
10,-6,100.0
10,-6,130.2930107838788
10,-6,100.0
10,-5,117.63831978059963
10,-5,147.43483098461954
10,-5,111.51169139102048
10,-4,100.0
10,-4,101.89172711033547
10,-4,130.8755247556836
9,-4,120.83058492920725
9,-4,130.25132586801521
9,-4,102.0064183077673
8,-4,100.0
8,-4,100.0
8,-4,100.0
7,-4,133.66648427309377
7,-4,125.32702017717892
7,-4,100.0
7,-3,110.16009320518515
7,-3,176.77017292077272
7,-3,100.55007229844298
7,-2,100.0
7,-2,100.0
7,-2,118.9924537940529
6,-2,107.92822915258796
6,-2,118.69497377646016
6,-2,111.3624049632986
6,-1,167.7459553497804
6,-1,112.12035678506432
6,-1,109.09847467448878
6,0,139.4139554045267
6,0,122.0724605558088
6,0,112.62818541730513
5,0,126.20444176699894
5,0,115.17538976027588
5,0,140.77650553296135
4,0,148.6231512619835
4,0,120.74186728915416
4,0,105.93940203827007
3,0,144.16034069293116
3,0,130.16155580116353
3,0,124.719038729001
2,0,119.96937539792081
2,0,114.12890021690309
2,0,100.0
1,0,118.45067190716969
1,0,112.17764695180196
1,0,118.55450578835192
1,1,143.48594211343547
1,1,153.4626419938812
1,1,123.05558456131932
0,1,158.84566420008832
0,1,132.37672805292516
0,1,150.12944159342288
0,2,151.77762357722014
0,2,148.4415700186501
0,2,138.42481814911957
-1,2,145.9120130295466
-1,2,144.25375791608167
-1,2,120.07007294417573
-1,3,121.25143718531271
-1,3,156.065596749439
-1,3,122.28014035133347
-2,3,125.20199344527693
-2,3,120.07884902394937
-2,3,113.98657019667192
-3,3,127.53416208397822
-3,3,122.01160788439039
-3,3,116.44509491944987
-4,3,135.27834154209035
-4,3,118.23003470725641
-4,3,134.25821368671933
-5,3,100.0
-5,3,160.70203250150647
-5,3,193.2652713764168
-6,3,137.6147951515956
-6,3,100.0
-6,3,124.67458808009026
-5,3,122.14970824922169
-5,3,109.3534011735523
-5,3,136.34977192809663
-5,4,116.8226799119784
-5,4,100.0
-5,4,141.32619874800744
-6,4,100.0
-6,4,100.0
-6,4,130.99587113042912
-5,4,121.97756058834364
-5,4,140.38592080315848
-5,4,140.37936218989046
-5,3,100.0
-5,3,157.74394864751415
-5,3,115.59344752244017
-6,3,134.1034174563775
-6,3,149.42153504105542
-6,3,114.77500602578507
-5,3,136.33040940001703
-5,3,128.2333048684597
-5,3,100.0
-6,3,136.52215650968472
-6,3,110.70841052294139
-6,3,100.0
-7,3,148.78780646719687
-7,3,112.43302335065468
-7,3,100.0
-8,3,100.0
-8,3,116.5109235381358
-8,3,100.0
-8,4,102.316237992051
-8,4,102.51562634222029
-8,4,134.72332956654046
-9,4,100.0
-9,4,119.05028463246228
-9,4,100.0
-9,5,108.14377784118166
-9,5,100.0
-9,5,116.06115935543981
-10,5,100.0
-10,5,100.10479308926473
-10,5,145.49300110677157
-9,5,100.0
-9,5,119.25897335559308
-9,5,100.0
-8,5,100.0
-8,5,100.0
-8,5,149.81275824570255
-8,6,144.92028597233494
-8,6,131.07705811682644
-8,6,100.0
-9,6,129.01642334469352
-9,6,103.79518039351316
-9,6,100.0
-8,6,133.19975335456303
-8,6,100.0
-8,6,100.0
-8,5,107.74061148397836
-8,5,130.02562229082713
-8,5,147.56811119382763
-9,5,100.0
-9,5,112.96981945456542
-9,5,100.0
-10,5,108.4542757992747
-10,5,113.34779731629324
-10,5,100.0
-11,5,121.75004191759287
-11,5,100.0
-11,5,100.0
-12,5,131.6334577557203
-12,5,100.0
-12,5,100.0
-13,5,100.0
-13,5,117.39825195909746
-13,5,100.0
-14,5,100.0
-14,5,100.0
-14,5,101.03324627825204
-14,6,100.0
-14,6,120.47192930767673
-14,6,113.32966330762297
-14,7,129.8080573587493
-14,7,115.58667834959692
-14,7,100.0
-15,7,100.0
-15,7,108.83124567255503
-15,7,100.0
-14,7,133.22948616837257
-14,7,129.6013126138743
-14,7,100.0
-13,7,100.0
-13,7,100.0
-13,7,100.0
-14,7,112.09238773119287
-14,7,100.0
-14,7,100.0
-15,7,100.0
-15,7,100.0
-15,7,114.5335073895345
-16,7,100.0
-16,7,100.0
-16,7,100.0
-16,8,100.0
-16,8,105.85787176314885
-16,8,100.0
-15,8,100.0
-15,8,100.0
-15,8,104.58348912965835
-14,8,101.69195877757974
-14,8,100.0
-14,8,100.0
-13,8,100.0
-13,8,100.0
-13,8,101.91722671398875
-12,8,120.3970091060514
-12,8,145.88128049944902
-12,8,107.4126391309427
-11,8,100.37576437459313
-11,8,113.75028196956855
-11,8,100.0
-10,8,144.307021145424
-10,8,130.24197408488678
-10,8,117.20576494373609
-9,8,116.63530889524621
-9,8,100.0
-9,8,122.70231546051599
-8,8,100.0
-8,8,100.0
-8,8,104.45644414622743
-9,8,112.19054359964123
-9,8,120.8231935876203
-9,8,130.11881386866222
-8,8,158.11779263179466
-8,8,113.54259989607236
-8,8,100.0
-9,8,109.7635471256368
-9,8,102.11191930805765
-9,8,125.12521016306252
-9,7,103.07041248964805
-9,7,115.81456200577313
-9,7,100.0
-8,7,100.0
-8,7,116.68101064248783
-8,7,100.0
-8,6,126.09623184327721
-8,6,100.0
-8,6,104.77568438643311
-8,5,103.66385733713543
-8,5,107.55502686457467
-8,5,100.0
-7,5,104.29835688230392
-7,5,100.0
-7,5,118.55102911336326
-6,5,100.07162291295806
-6,5,145.77867504737168
-6,5,100.0
-5,5,143.7303597372864
-5,5,151.7447415189057
-5,5,109.99824987185814
-4,5,135.70423916642173
-4,5,149.5880981738123
-4,5,125.81930001488801
-3,5,100.0
-3,5,100.0
-3,5,118.95125457672559
-4,5,125.172598113056
-4,5,145.0197796265704
-4,5,115.67620199320265
-5,5,110.86998916716277
-5,5,100.0
-5,5,126.02792023049457
-4,5,100.0
-4,5,150.01988129586405
-4,5,124.77712537986012
