11,8,215.51897537774389
11,9,239.14576098648922
11,9,257.4281571383935
11,8,257.76990280039627
11,8,262.39000017931426
10,8,207.93843297597246
10,8,200.0
10,7,307.9769967738386
10,7,266.6008663735809
10,6,334.04827033775683
10,6,348.88201621682845
10,5,200.0
10,5,200.0
9,5,304.0689517796423
9,5,280.51687182706866
9,4,263.8046432301459
9,4,276.60888772170824
9,3,378.24765336992044
9,3,358.8442089137509
9,2,200.0
9,2,296.81201334155116
8,2,268.4296510662709
8,2,348.3117288513616
8,3,305.2617501716211
8,3,270.78174693577023
8,4,264.196166144868
8,4,284.18017502893656
7,4,265.16771437628984
7,4,298.0774304146654
6,4,255.95075713378625
6,4,254.7847237770821
6,3,376.04388739455067
6,3,200.0
6,2,304.77259684463536
6,2,261.58061037116187
6,1,349.38213053261
6,1,268.01567603526786
6,2,298.58559246933646
6,2,243.18046012426277
6,1,273.84288422219026
6,1,410.05334992191376
7,1,287.09458827798585
7,1,339.2712322262891
7,2,361.85943251730265
7,2,223.85619544934437
7,1,274.3634171105678
7,1,270.79513449447586
7,0,283.2331340815379
7,0,286.17986005089136
7,1,337.86614171074393
7,1,323.4850147588834
7,0,200.0
7,0,335.96627559036716
7,1,200.0
7,1,330.15965025227507
7,0,370.21887285140093
7,0,208.17735840659455
7,-1,311.8841228846622
7,-1,299.6541443750993
6,-1,351.0253793529917
6,-1,280.9181984025673
6,-2,366.8829374194984
6,-2,342.7010615912566
6,-3,265.44702919255315
6,-3,397.75546802973565
6,-4,353.2607034398391
6,-4,301.2119535297222
6,-5,281.9597816170981
6,-5,292.1097715041273
6,-6,240.37442658577947
6,-6,225.6968461071782
6,-7,257.30528401612355
6,-7,259.49934450006924
6,-8,255.03232536977885
6,-8,309.4227272845799
5,-8,251.87136104046948
5,-8,349.8989941470137
4,-8,296.5533268426796
4,-8,322.01317199597185
4,-9,200.0
4,-9,217.57033755927387
4,-10,259.13180064886257
4,-10,335.2592815300689
4,-11,327.0427860612611
4,-11,237.10597596431788
4,-12,327.7249776362724
4,-12,204.6250740046998
5,-12,236.49122439624063
5,-12,358.2655230951343
4,-12,313.94775154315766
4,-12,263.25430580946806
5,-12,200.0
5,-12,243.12617945531906
6,-12,200.0
6,-12,200.0
5,-12,247.84994251561272
5,-12,314.25479066884066
6,-12,215.4003049109167
6,-12,200.0
7,-12,215.10818796939827
7,-12,261.571356911896
8,-12,245.72455325891514
8,-12,239.777868610679
9,-12,312.2164871161079
9,-12,200.0
10,-12,200.0
10,-12,200.0
11,-12,200.0
11,-12,218.69041524508242
12,-12,200.0
12,-12,325.7941127187388
13,-12,229.12600781589217
13,-12,223.84643445079794
14,-12,200.0
14,-12,200.0
15,-12,200.0
15,-12,235.14006602658725
16,-12,352.02925588924046
16,-12,200.0
16,-11,216.7152021523692
16,-11,200.0
16,-10,200.12848386318052
16,-10,255.1577558929952
16,-9,286.5949475762393
16,-9,258.2298239359428
16,-8,200.0
16,-8,200.0
17,-8,200.0
17,-8,200.0
18,-8,302.2533203178466
18,-8,216.7152021523692
18,-9,235.94443196028203
18,-9,200.0
18,-8,218.6794799490703
18,-8,215.85937138673717
17,-8,249.1677405779504
17,-8,251.60869458519468
16,-8,202.84180157246303
16,-8,204.88349255314503
15,-8,298.0483626374201
15,-8,259.94767004010964
15,-7,200.0
15,-7,369.17258785789863
14,-7,200.0
14,-7,296.29717205953517
13,-7,223.2317628624281
13,-7,200.0
12,-7,309.50782936278847
12,-7,317.14840490179176
11,-7,230.70387444570386
11,-7,254.73643437286879
12,-7,296.75878584137087
12,-7,200.0
11,-7,304.7030069949899
11,-7,205.94697230256608
10,-7,208.1700030487239
10,-7,273.2741697872986
9,-7,329.7326076992758
9,-7,347.17582053893534
9,-6,235.8183184489707
9,-6,200.0
10,-6,200.0
10,-6,355.1556795479866
10,-7,200.50172342841685
10,-7,318.82513753581065
10,-6,271.3259159334398
10,-6,274.58978555675907
10,-5,367.2523026090522
10,-5,384.55588102734146
10,-4,415.6465459608671
10,-4,243.0782551051187
9,-4,334.463770802089
9,-4,338.32863410813684
8,-4,200.0
8,-4,346.66630926004495
7,-4,200.0
7,-4,345.6244656451719
7,-3,259.17845829419616
7,-3,267.6146362662451
7,-2,309.57341040576915
7,-2,308.624332702432
6,-2,415.71080365812924
6,-2,205.36140091434757
6,-1,284.2847390261073
6,-1,408.86112099151177
6,0,303.7494935892142
6,0,306.39278467100127
5,0,205.82849559872315
5,0,302.48314843724023
4,0,330.0099080334761
4,0,200.0
3,0,216.064033234763
3,0,406.3655667872101
2,0,214.24119049755475
2,0,285.4185574524781
1,0,329.2875496273088
1,0,325.3538200486716
1,1,200.0
1,1,428.14179065123227
0,1,354.16775327001045
0,1,282.7350354379978
0,2,314.6236261923461
0,2,345.721662915483
-1,2,353.4428208555063
-1,2,403.61465607858935
-1,3,238.75701505820464
-1,3,342.0410131807319
-2,3,373.55580165699564
-2,3,418.8590357673907
-3,3,315.4288289513649
-3,3,200.0
-4,3,347.7142467028445
-4,3,315.46311653549276
-5,3,333.7234412101318
-5,3,307.54033396733075
-6,3,274.34059928916304
-6,3,343.87134012634215
-5,3,394.2461858798743
-5,3,359.504159681715
-5,4,348.27551998746986
-5,4,200.0
-6,4,286.6079106052819
-6,4,315.3700938959863
-5,4,292.8766975606081
-5,4,347.6210922186921
-5,3,298.82790316582685
-5,3,352.7975838946658
-6,3,254.97841731779653
-6,3,372.439596205335
-5,3,297.0879835526464
-5,3,250.20045617621838
-6,3,223.59623713106433
-6,3,313.6367123735059
-7,3,212.8362868884678
-7,3,307.169024277524
-8,3,302.8110648477598
-8,3,332.4445601088955
-8,4,300.40362933173014
-8,4,200.0
-9,4,284.59183769610974
-9,4,329.43652760558643
-9,5,231.1368142461866
-9,5,329.8547926183337
-10,5,228.47782650453274
-10,5,213.8954180736321
-9,5,383.4891633677047
-9,5,343.4779079442529
-8,5,223.74147104842024
-8,5,256.09073072222526
-8,6,200.0
