11,8,294.6819854674408
11,9,203.71420772102363
11,9,200.0
11,8,231.8273612501747
11,8,200.0
10,8,245.47983776607322
10,8,226.56699502649633
10,7,237.5493467892228
10,7,306.5254173449098
10,6,200.0
10,6,282.1364452878046
10,5,324.7077451735744
10,5,200.0
9,5,207.8394679255815
9,5,361.26469664716
9,4,290.67603039104705
9,4,314.0905281956404
9,3,324.2952153797826
9,3,200.0
9,2,329.12490659660835
9,2,277.38214435209045
8,2,385.66315495002226
8,2,200.4094373937067
8,3,223.1480400692942
8,3,319.950617849026
8,4,200.0
8,4,200.0
7,4,277.1249822635921
7,4,225.09791537025734
6,4,315.1966225113566
6,4,332.61495182579756
6,3,222.19304286683442
6,3,338.2808309355622
6,2,327.3226982117664
6,2,262.8960147651522
6,1,200.0
6,1,338.1901240280313
6,2,300.2022241258552
6,2,317.83564890893587
6,1,325.83387989345556
6,1,225.89659110757447
7,1,307.2208739336297
7,1,371.74808665294665
7,2,275.00798941089363
7,2,278.66282207485574
7,1,308.07922160062986
7,1,326.0889793624314
7,0,355.42934044634313
7,0,348.1115068589852
7,1,381.7386304911473
7,1,346.8240095744088
7,0,349.276559231948
7,0,243.98149016684988
7,1,275.07070640613915
7,1,315.22664136803655
7,0,200.0
7,0,321.78605027636587
7,-1,298.7107872016581
7,-1,388.08785774435785
6,-1,279.88579259403036
6,-1,300.9703803787127
6,-2,211.55647811887997
6,-2,281.24092862482553
6,-3,442.03634945803674
6,-3,284.6940921723495
6,-4,285.1310978045969
6,-4,204.45098592545747
6,-5,347.9014045338076
6,-5,312.1001900724997
6,-6,267.39006182673154
6,-6,313.75787557520704
6,-7,327.18107438576914
6,-7,245.62092556250929
6,-8,285.4357069589179
6,-8,302.4962158491582
5,-8,406.4722365662156
5,-8,299.58796255770284
4,-8,334.6550353832829
4,-8,222.98839063062806
4,-9,308.2485865979291
4,-9,200.0
4,-10,299.50278479613985
4,-10,244.72975406329343
4,-11,241.04404205663002
4,-11,200.0
4,-12,289.423377103074
4,-12,200.0
5,-12,200.0
5,-12,200.0
4,-12,310.027737268627
4,-12,236.4924175696076
5,-12,232.18544289103104
5,-12,260.9814289920994
6,-12,283.2792413611231
6,-12,253.403234469744
5,-12,200.0
5,-12,249.04512033627117
6,-12,215.47271393961066
6,-12,231.89433016288004
7,-12,229.83337364002395
7,-12,246.76850105866848
8,-12,253.44090210389925
8,-12,200.0
9,-12,200.0
9,-12,200.0
10,-12,200.0
10,-12,212.4877267039713
11,-12,307.47990240513013
11,-12,219.60049047476278
12,-12,265.93293938513915
12,-12,274.61249827859416
13,-12,200.0
13,-12,200.0
14,-12,200.0
14,-12,253.19933059490805
15,-12,217.29438819293614
15,-12,295.2106961636661
16,-12,259.9232907039369
16,-12,255.25115493650947
16,-11,200.0
16,-11,275.33215725839256
16,-10,200.0
16,-10,200.0
16,-9,200.0
16,-9,232.6937866513136
16,-8,332.43525797572136
16,-8,309.6129475967659
17,-8,216.7152021523692
17,-8,200.0
18,-8,200.0
18,-8,200.0
18,-9,250.09185215412657
18,-9,200.0
18,-8,232.10829911895223
18,-8,200.0
17,-8,302.43894988097605
17,-8,281.79676654874913
16,-8,200.0
16,-8,200.0
15,-8,218.00664228044505
15,-8,306.4085731247951
15,-7,200.0
15,-7,306.7996152311265
14,-7,227.3792431788229
14,-7,200.0
13,-7,200.0
13,-7,303.09330788999745
12,-7,228.29128213189324
12,-7,200.0
11,-7,200.0
11,-7,280.8328513597175
12,-7,255.6912889655332
12,-7,281.95764724319673
11,-7,200.0
11,-7,262.48065824245407
10,-7,259.6572618983801
10,-7,203.19349878620648
9,-7,281.40699990202097
9,-7,320.8380286351592
9,-6,394.7428910205592
9,-6,205.29198361030228
10,-6,278.6187367816715
10,-6,235.80104189385892
10,-7,312.6360491775363
10,-7,278.55574005785667
10,-6,353.1533060135625
10,-6,200.0
10,-5,285.997450689519
10,-5,339.52683120822564
10,-4,225.43835545270022
10,-4,274.02622616969313
9,-4,301.8578986139593
9,-4,344.8627369802304
8,-4,246.3725068677609
8,-4,342.9653734092751
7,-4,302.88165856160794
7,-4,200.0
7,-3,305.2781620453464
7,-3,326.93822335317805
7,-2,295.8354235161528
7,-2,385.98525574424514
6,-2,332.07416859006133
6,-2,261.28485854244036
6,-1,247.54476979894764
6,-1,255.0150686149671
6,0,294.2017455668976
6,0,252.5871090439734
5,0,368.79234278892545
5,0,366.97827955808395
4,0,355.87065099886746
4,0,311.6800526683387
3,0,236.70685693529776
3,0,334.3686776710813
2,0,204.26199643303235
2,0,265.00798673619823
1,0,360.5618326018802
1,0,248.76533993199095
1,1,229.94229548248103
1,1,234.98088969183743
0,1,423.8004072546257
0,1,412.22459335369706
0,2,272.5900570452016
0,2,380.45310868133515
-1,2,303.09722444228555
-1,2,369.638260454071
-1,3,369.8393135006719
-1,3,369.14564303448674
-2,3,356.8016609529986
-2,3,368.48687449276355
-3,3,310.68585264694406
-3,3,291.76514929971603
-4,3,218.89578127632203
-4,3,326.3052506206642
-5,3,365.7051328772878
-5,3,298.79244182287823
-6,3,243.48810456856668
-6,3,213.62932060642245
-5,3,333.7907876345991
-5,3,338.86174048890564
-5,4,261.9150505855742
-5,4,200.0
-6,4,302.294819832178
-6,4,266.97796413411527
-5,4,290.3259933465184
-5,4,271.8636429528865
-5,3,200.0
-5,3,399.6393183644854
-6,3,301.0572165564503
-6,3,200.0
-5,3,400.28758260491946
-5,3,334.0407182144495
-6,3,329.2131389405554
-6,3,268.2461777321154
-7,3,398.707206006055
-7,3,200.0
-8,3,243.839990230975
-8,3,375.07943393880765
-8,4,304.7646105248299
-8,4,310.20248248819007
-9,4,341.65651212193563
-9,4,295.2034319226034
-9,5,216.07698978029055
-9,5,316.005803110438
-10,5,200.0
-10,5,200.0
-9,5,327.2823544139123
-9,5,316.579222818616
-8,5,355.90829322653275
-8,5,308.48309786376456
-8,6,211.52345743439895
