11,8,355.2755611349439
11,9,232.0301277965544
11,9,200.0
11,8,352.7903295442932
11,8,224.31581848332902
10,8,204.9665169001245
10,8,223.92458427878336
10,7,200.0
10,7,200.0
10,6,276.8354412325005
10,6,255.99534978615566
10,5,315.47153991423454
10,5,200.0
9,5,390.2038341597375
9,5,200.0
9,4,200.0
9,4,274.387378411833
9,3,249.47412790805728
9,3,262.95416067132567
9,2,299.1778275130743
9,2,350.27882642717105
8,2,301.4384429772918
8,2,304.57388689288445
8,3,250.52023470511025
8,3,358.203269910348
8,4,257.64800800508135
8,4,322.6437095712392
7,4,298.02372974385656
7,4,311.84301635850954
6,4,384.3919234074813
6,4,304.39366669098183
6,3,295.94819470795903
6,3,375.7723608696251
6,2,329.6971666960982
6,2,289.99587698116784
6,1,261.0245998016014
6,1,310.6666714878542
6,2,323.95529072390707
6,2,200.0
6,1,391.13556870221714
6,1,379.6964645974567
7,1,264.29719899503004
7,1,200.0
7,2,393.33655780674894
7,2,318.9688201521143
7,1,253.26829021433932
7,1,270.08358644227076
7,0,319.957869559189
7,0,318.8293508907112
7,1,262.3205729871438
7,1,329.3631938263926
7,0,279.2957528103372
7,0,200.0
7,1,200.0
7,1,309.8346259477971
7,0,460.38206384339355
7,0,294.38028342627007
7,-1,366.3684777055306
7,-1,268.5441213129982
6,-1,265.2990999453237
6,-1,271.0196450272717
6,-2,342.8432170161263
6,-2,274.5348973125376
6,-3,287.184471582941
6,-3,392.9238378499602
6,-4,252.80687275082965
6,-4,250.46274554462428
6,-5,255.03297482662856
6,-5,217.17254481550535
6,-6,336.77500999721565
6,-6,396.7111729605956
6,-7,301.8763024108361
6,-7,400.4634664008942
6,-8,341.5810268393155
6,-8,355.3642200104263
5,-8,201.397325461044
5,-8,200.0
4,-8,251.65453646367897
4,-8,289.7122454235623
4,-9,334.4008006180627
4,-9,261.33807273803694
4,-10,292.8477615666972
4,-10,214.14758839128186
4,-11,200.0
4,-11,337.504547593919
4,-12,290.11299991556865
4,-12,216.71560634674395
5,-12,326.32259815347004
5,-12,242.7202434723822
4,-12,323.2826451013797
4,-12,252.82975915238438
5,-12,284.0144656152095
5,-12,270.1397862875123
6,-12,200.0
6,-12,204.60453267643697
5,-12,290.8819827220444
5,-12,200.0
6,-12,301.71734652439903
6,-12,239.44307137278318
7,-12,280.5226371715201
7,-12,277.9921539240155
8,-12,216.7152021523692
8,-12,242.3468432575532
9,-12,204.67253189342443
9,-12,305.52825771858784
10,-12,262.33821625716587
10,-12,330.08679372990264
11,-12,200.0
11,-12,225.315611969351
12,-12,200.0
12,-12,200.0
13,-12,200.0
13,-12,200.0
14,-12,295.1719075739151
14,-12,200.0
15,-12,200.0
15,-12,214.6545880460244
16,-12,200.0
16,-12,200.0
16,-11,258.28205290241664
16,-11,200.0
16,-10,200.0
16,-10,295.2718544861386
16,-9,216.7152021523692
16,-9,200.0
16,-8,204.25980031509704
16,-8,276.90081961425824
17,-8,200.0
17,-8,200.0
18,-8,200.0
18,-8,200.0
18,-9,221.2365409655924
18,-9,200.0
18,-8,241.8328425635894
18,-8,200.0
17,-8,200.0
17,-8,200.0
16,-8,200.0
16,-8,272.3756614528573
15,-8,200.0
15,-8,200.0
15,-7,200.0
15,-7,256.3944343037835
14,-7,253.29496834616575
14,-7,222.63749628850613
13,-7,231.7661245772228
13,-7,200.0
12,-7,200.0
12,-7,246.9812933983623
11,-7,216.7236288739001
11,-7,225.43926450718345
12,-7,200.0
12,-7,339.6627289983722
11,-7,294.44952485643034
11,-7,200.0
10,-7,300.4778699485961
10,-7,261.45787334287826
9,-7,232.89382870850727
9,-7,298.3959665980619
9,-6,300.35390430347076
9,-6,323.09569058399364
10,-6,272.7694679313031
10,-6,416.7202224023017
10,-7,294.03118476016806
10,-7,271.77576000480417
10,-6,200.0
10,-6,203.31754472163692
10,-5,257.44192244162815
10,-5,352.40361253556597
10,-4,272.4891074396695
10,-4,220.03834664333132
9,-4,264.18732297681095
9,-4,311.66967561738454
8,-4,229.21648659472496
8,-4,401.201930749498
7,-4,200.0
7,-4,310.7418860498389
7,-3,217.95509242100235
7,-3,355.61116152059174
7,-2,356.79931260317625
7,-2,297.35373412425935
6,-2,200.0
6,-2,374.98745530243434
6,-1,370.03605811208155
6,-1,356.4009241356178
6,0,214.0543248068527
6,0,385.4799577989438
5,0,394.31357185476406
5,0,321.74298348918165
4,0,319.49630253419014
4,0,317.5990163183544
3,0,387.7610040172011
3,0,306.3673254644657
2,0,380.18422722604134
2,0,313.0157049338476
1,0,362.9180161900595
1,0,358.96146392721903
1,1,210.92358167248182
1,1,382.82400942694557
0,1,274.06955207332305
0,1,362.40689573721716
0,2,332.48304564751305
0,2,349.8170026204059
-1,2,335.1508065029492
-1,2,409.08906539292127
-1,3,347.0333063701263
-1,3,401.6422243088972
-2,3,328.1574905902232
-2,3,349.10600743066783
-3,3,229.90649238163317
-3,3,232.66587111574324
-4,3,200.0
-4,3,365.1010168562725
-5,3,384.31035549314
-5,3,329.18295575281985
-6,3,200.0
-6,3,299.4486651881197
-5,3,348.20043844354706
-5,3,290.65872772072424
-5,4,284.40977703008474
-5,4,205.93857619302634
-6,4,211.9929596893079
-6,4,277.0305948623579
-5,4,278.3956419179579
-5,4,315.39337455022917
-5,3,359.5126901804067
-5,3,200.0
-6,3,200.0
-6,3,365.4730725926525
-5,3,355.9854385596939
-5,3,226.25825220606288
-6,3,383.87134627958807
-6,3,265.8846564997164
-7,3,297.16976296853824
-7,3,307.8112084771873
-8,3,240.5855013321334
-8,3,355.65865007723596
-8,4,297.84175576593395
-8,4,200.0
-9,4,317.5297246036033
-9,4,200.0
-9,5,278.7531586642228
-9,5,338.30513361819465
-10,5,200.0
-10,5,268.7804881632432
-9,5,305.2299418803661
-9,5,204.91433580042408
-8,5,212.80849591559462
-8,5,237.1150523263703
-8,6,263.56998720721776
