11,8,116.28183369116269
11,8,100.0
11,9,169.29037926278096
11,9,100.0
11,9,100.0
11,8,100.0
11,8,100.0
11,8,126.20562174320534
10,8,112.63425454373098
10,8,100.0
10,8,100.0
10,7,100.0
10,7,100.0
10,7,124.16201610519336
10,6,107.95126239207552
10,6,100.0
10,6,100.0
10,5,111.83113433171951
10,5,100.0
10,5,135.41436137540464
9,5,143.49294967261503
9,5,107.5387126192409
9,5,105.07723404001308
9,4,127.64264519639838
9,4,124.14886344567755
9,4,101.04651931913119
9,3,129.69428421329567
9,3,125.14355564426782
9,3,147.55878549428311
9,2,111.82407714317321
9,2,127.18127444319498
9,2,127.63524565402342
8,2,111.83555713931639
8,2,156.33026972693122
8,2,100.0
8,3,106.07318178530815
8,3,121.99264444871145
8,3,130.17775236732655
8,4,114.63250367491992
8,4,111.5366189162222
8,4,107.47926560395061
7,4,100.0
7,4,125.57871775008032
7,4,100.0
6,4,100.0
6,4,100.0
6,4,100.0
6,3,147.4829171380906
6,3,100.0
6,3,100.0
6,2,128.2622373871426
6,2,144.09290966520894
6,2,115.06134038963168
6,1,150.06407727468556
6,1,107.26939960712184
6,1,140.80336465491945
6,2,100.0
6,2,131.5547775073465
6,2,124.52166987658701
6,1,137.08139747200306
6,1,120.35762225972356
6,1,118.5807343876813
7,1,121.46831608337135
7,1,100.0
7,1,105.39175863314824
7,2,100.0
7,2,111.32585828630964
7,2,120.4864248097045
7,1,100.0
7,1,132.71144924798242
7,1,100.0
7,0,108.63572066443885
7,0,100.0
7,0,165.5926405263756
7,1,100.0
7,1,120.18620175272905
7,1,153.35059371051256
7,0,111.87541829808188
7,0,100.0
7,0,100.0
7,1,116.62047004184105
7,1,127.00906940527166
7,1,137.50916143997568
7,0,100.0
7,0,111.33760314568572
7,0,143.98789716055967
7,-1,123.79370920160787
7,-1,130.23442889457465
7,-1,188.02777120341833
6,-1,116.97623333139092
6,-1,102.56983207535643
6,-1,128.84657455444508
6,-2,120.85474404096696
6,-2,125.73781233320827
6,-2,100.0
6,-3,154.08422142132474
6,-3,139.00206662771018
6,-3,133.58180382928964
6,-4,157.0323217008713
6,-4,122.62728381440425
6,-4,139.3240961364144
6,-5,109.78260816587635
6,-5,115.45031982161204
6,-5,155.90675295061058
6,-6,100.0
6,-6,100.0
6,-6,100.0
6,-7,110.44620519969726
6,-7,103.17945899317465
6,-7,100.0
6,-8,100.0
6,-8,114.99170506759707
6,-8,149.1463459340039
5,-8,100.0
5,-8,100.0
5,-8,100.0
4,-8,117.18947821319736
4,-8,110.34169889183674
4,-8,129.28481092888268
4,-9,151.3925583525702
4,-9,100.0
4,-9,112.41926780533794
4,-10,100.0
4,-10,130.19327918186545
4,-10,100.0
4,-11,100.0
4,-11,126.29604928147255
4,-11,100.0
4,-12,122.16129121722308
4,-12,117.72100267469452
4,-12,111.626076758404
5,-12,100.0
5,-12,100.97432993863833
5,-12,132.10414277532695
4,-12,100.0
4,-12,100.0
4,-12,100.0
5,-12,129.60529955280995
5,-12,127.63831225844154
5,-12,100.0
6,-12,110.73140555659621
6,-12,100.0
6,-12,100.0
5,-12,106.69203758859773
5,-12,100.0
5,-12,110.3326938639513
6,-12,100.0
6,-12,100.0
6,-12,121.19166854131494
7,-12,118.65750351415574
7,-12,100.0
7,-12,100.0
8,-12,100.0
8,-12,120.53529624516763
8,-12,100.0
9,-12,100.0
9,-12,100.0
9,-12,100.0
10,-12,100.0
10,-12,123.40224622601897
10,-12,100.0
11,-12,100.0
11,-12,100.0
11,-12,100.0
12,-12,115.08815935576305
12,-12,126.682371831237
12,-12,100.0
13,-12,100.0
13,-12,100.0
13,-12,130.98594784742767
14,-12,100.0
14,-12,114.60602860924925
14,-12,100.0
15,-12,100.0
15,-12,100.0
15,-12,100.0
16,-12,100.0
16,-12,100.0
16,-12,100.0
16,-11,100.0
16,-11,100.0
16,-11,100.0
16,-10,100.0
16,-10,100.0
16,-10,100.0
16,-9,100.0
16,-9,100.0
16,-9,116.74137406086047
16,-8,100.0
16,-8,100.0
16,-8,100.0
17,-8,100.0
17,-8,132.35906822795957
17,-8,100.0
18,-8,100.0
18,-8,100.0
18,-8,100.0
18,-9,128.24783306647205
18,-9,100.0
18,-9,100.0
18,-8,100.0
18,-8,100.0
18,-8,102.9986405605134
17,-8,100.0
17,-8,100.0
17,-8,100.0
16,-8,136.43258943163087
16,-8,100.0
16,-8,115.38157099531792
15,-8,100.0
15,-8,100.0
15,-8,102.91773992582927
15,-7,100.0
15,-7,120.80850716267464
15,-7,100.0
14,-7,100.0
14,-7,147.18828445866603
14,-7,110.18101322042315
13,-7,100.0
13,-7,100.0
13,-7,100.0
12,-7,100.0
12,-7,100.0
12,-7,100.0
11,-7,100.0
11,-7,118.00938433872756
11,-7,104.88538520514294
12,-7,106.29738165752383
12,-7,137.56825114433738
12,-7,100.0
11,-7,103.86943227608188
11,-7,110.52515439811532
11,-7,102.15355923775391
10,-7,100.0
10,-7,125.60443026036288
10,-7,100.0
9,-7,100.0
9,-7,100.0
9,-7,100.0
9,-6,100.0
9,-6,100.0
9,-6,120.95123008564693
10,-6,100.0
10,-6,100.0
10,-6,100.0
10,-7,100.0
10,-7,100.0
10,-7,100.0
10,-6,100.0
10,-6,124.73541241499589
10,-6,112.75196463714184
10,-5,123.7381724050988
10,-5,111.55733010984022
10,-5,100.0
10,-4,100.0
10,-4,100.0
10,-4,139.44893484292024
9,-4,135.35615393245698
9,-4,141.4680292051425
9,-4,100.0
8,-4,113.5951663085087
8,-4,100.0
8,-4,100.0
7,-4,107.75642431666925
7,-4,100.0
7,-4,100.0
7,-3,100.0
7,-3,134.26211379140742
7,-3,104.40167413928882
7,-2,160.71494622788188
7,-2,102.18632854644362
7,-2,108.90426170770358
6,-2,109.78616695342427
6,-2,126.98750824723199
6,-2,118.10072609891047
6,-1,135.59183508067068
6,-1,110.42707044784154
6,-1,100.0
6,0,120.43563312027838
6,0,103.82698934661309
6,0,134.30962762804756
5,0,109.63114717698784
5,0,134.13051871274587
5,0,115.77946185911576
4,0,126.42890319855833
4,0,147.5711281576631
4,0,133.14761326481656
3,0,136.27221272262523
3,0,122.98160624435927
3,0,140.28953983735408
2,0,154.11035878913268
2,0,119.45789293961217
2,0,110.38399217517023
1,0,118.94561855519842
1,0,144.60989389058415
1,0,159.2649332943571
1,1,118.72554825653481
1,1,162.0319841434941
1,1,146.21539307111024
0,1,135.66291437535534
0,1,128.23285286653308
0,1,114.27145099535956
0,2,106.54099199237167
0,2,119.7589222639213
0,2,129.5279471046546
-1,2,121.02495125775228
-1,2,110.78133670490439
-1,2,115.12067266383848
-1,3,112.77595665824197
-1,3,161.05408058919105
-1,3,103.9394530392839
-2,3,124.16792990616275
-2,3,102.51438235312017
-2,3,124.87249511387489
-3,3,146.43022211797376
-3,3,123.0594732439624
-3,3,113.73926633398754
-4,3,124.07013563549398
-4,3,121.62669430726271
-4,3,135.64773161821472
-5,3,135.10994615973152
-5,3,100.95931682468574
-5,3,170.38770584752865
-6,3,118.85204314435933
-6,3,111.23294037543428
-6,3,139.48316469730906
-5,3,124.01883654434687
-5,3,117.66811146824548
-5,3,159.88913447489753
-5,4,127.32010957072026
-5,4,102.96054587554565
-5,4,100.0
-6,4,102.59983828261466
-6,4,100.0
-6,4,100.0
-5,4,143.22814986377142
-5,4,116.52727454325259
-5,4,149.27927415494256
-5,3,104.573972585511
-5,3,106.01308613566832
-5,3,121.93202110552699
-6,3,104.16264863490429
-6,3,118.39260155798863
-6,3,100.0
-5,3,112.96192540315624
-5,3,130.56477043521897
-5,3,126.272980336829
-6,3,107.40326828450814
-6,3,150.03547837246953
-6,3,140.30406620763938
-7,3,100.0
-7,3,100.0
-7,3,108.29289677031608
-8,3,109.99230355703207
-8,3,100.0
-8,3,100.0
-8,4,102.25427907889943
-8,4,100.0
-8,4,118.05647538183851
-9,4,112.85869981711011
-9,4,100.0
-9,4,101.60780863301744
-9,5,160.1069505699953
-9,5,122.25769954780017
-9,5,100.0
-10,5,100.0
-10,5,133.6084623200371
-10,5,100.0
-9,5,100.0
-9,5,132.17094018890603
-9,5,126.13683189609041
-8,5,114.67321693228102
-8,5,119.4828379073021
-8,5,140.64387852846485
-8,6,100.0
-8,6,124.5369762648824
-8,6,110.65136687396914
-9,6,100.78687452927878
-9,6,101.78156284881541
-9,6,111.9895405990389
-8,6,100.0
-8,6,106.42172732459393
-8,6,100.0
-8,5,152.50244110605905
-8,5,126.77818269256929
-8,5,106.55135109611896
-9,5,102.91243331911807
-9,5,111.8997173557712
-9,5,111.7917991646968
-10,5,100.0
-10,5,100.74814722011233
-10,5,104.94701644881061
-11,5,100.0
-11,5,105.600054195404
-11,5,100.0
-12,5,100.5773484633755
-12,5,100.0
-12,5,100.0
-13,5,100.0
-13,5,112.20628783369484
-13,5,143.82041140274418
-14,5,106.509946603311
-14,5,100.0
-14,5,100.0
-14,6,128.48800401507248
-14,6,100.0
-14,6,127.82557871756666
-14,7,162.92265330466608
-14,7,108.82363216051428
-14,7,102.89017383765422
-15,7,100.0
-15,7,100.0
-15,7,100.0
-14,7,100.0
-14,7,107.23661661967877
-14,7,103.4030417173872
-13,7,132.10140779522195
-13,7,132.8420027261069
-13,7,104.1066621162643
-14,7,100.0
-14,7,100.0
-14,7,100.0
-15,7,112.6015763464899
-15,7,100.0
-15,7,136.36290206378922
-16,7,100.0
-16,7,114.05969318841764
-16,7,100.0
-16,8,100.0
-16,8,100.0
-16,8,103.17627502026394
-15,8,100.0
-15,8,100.0
-15,8,100.0
-14,8,100.0
-14,8,100.0
-14,8,100.0
-13,8,109.07775199764308
-13,8,100.0
-13,8,135.38361414050635
-12,8,103.92545477926865
-12,8,100.0
-12,8,100.0
-11,8,142.61619612954593
-11,8,121.93534739396786
-11,8,140.47561809189085
-10,8,121.78815674430953
-10,8,117.6273574011083
-10,8,100.0
-9,8,101.08168883960619
-9,8,100.0
-9,8,100.0
-8,8,102.8258206618519
-8,8,101.37049001631452
-8,8,137.5158382300125
-9,8,124.83705374120386
-9,8,100.0
-9,8,116.9610506562638
-8,8,128.4806434383568
-8,8,100.0
-8,8,100.0
-9,8,100.0
-9,8,100.0
-9,8,100.0
-9,7,126.34134179713328
-9,7,142.8329029846256
-9,7,127.4161053045665
-8,7,100.0
-8,7,119.95623700379133
-8,7,100.0
-8,6,125.36745168565994
-8,6,100.0
-8,6,100.62098851262603
-8,5,109.03083965190307
-8,5,122.73130526562791
-8,5,158.991355725248
-7,5,101.99566199753082
-7,5,100.0
-7,5,111.61467525100731
-6,5,135.15657738537482
-6,5,131.0108907658327
-6,5,101.40526237391461
-5,5,153.74432984573897
-5,5,109.10940712179251
-5,5,113.02291377908169
-4,5,122.48083410448207
-4,5,110.16680088040857
-4,5,110.75993983550275
-3,5,113.31643508920139
-3,5,127.2510420383002
-3,5,143.71375477955456
-4,5,105.99534749007474
-4,5,100.0
-4,5,100.92389354650432
-5,5,150.13324664960638
-5,5,100.0
-5,5,100.0
-4,5,137.8796840897863
-4,5,100.67592755658265
-4,5,108.02118274730739
