11,8,131.0633784371164
11,8,103.26633833649828
11,9,100.0
11,9,113.36538876494589
11,9,100.0
11,8,104.74795183876478
11,8,144.9535300752697
11,8,100.0
10,8,117.128524985931
10,8,100.0
10,8,100.0
10,7,111.03539909610289
10,7,100.0
10,7,109.09824949651143
10,6,100.0
10,6,100.0
10,6,100.0
10,5,100.0
10,5,100.0
10,5,122.35366227999816
9,5,108.94909666407344
9,5,112.39602781797376
9,5,127.71198320248553
9,4,128.18525058074
9,4,106.17306585021353
9,4,102.85578009088502
9,3,100.0
9,3,100.0
9,3,107.62504089862038
9,2,100.0
9,2,100.0
9,2,118.69622229960405
8,2,149.60445703842288
8,2,107.54882588930882
8,2,100.0
8,3,100.0
8,3,100.0
8,3,144.1238242711645
8,4,131.6232879132462
8,4,100.0
8,4,105.13804056594046
7,4,137.08700483409166
7,4,119.3130466252431
7,4,136.04924947366823
6,4,132.456084262002
6,4,120.9293449939728
6,4,100.0
6,3,110.40314073351401
6,3,100.0
6,3,103.17408016462664
6,2,121.01844291133182
6,2,147.9013101093908
6,2,109.3824923993879
6,1,100.0
6,1,115.0617712054593
6,1,127.66107117899634
6,2,138.3767412029677
6,2,127.50636923967876
6,2,176.15017766337075
6,1,100.0
6,1,104.4974191105788
6,1,145.8619826784395
7,1,149.2229151542614
7,1,112.7320721886342
7,1,103.66811973445697
7,2,116.53011959631331
7,2,130.31175525719476
7,2,100.0
7,1,100.0
7,1,126.94257119725255
7,1,124.61433859779441
7,0,128.03589490182057
7,0,103.186031610236
7,0,114.67519985328246
7,1,107.53076059002106
7,1,101.11320842498229
7,1,139.93190528523456
7,0,114.83200511269202
7,0,117.76246067357235
7,0,144.12008200842092
7,1,100.0
7,1,138.27621958258732
7,1,100.0
7,0,133.73739300806398
7,0,112.49811574886563
7,0,100.0
7,-1,131.1949026500495
7,-1,104.42062856866173
7,-1,144.50608924515464
6,-1,107.36413092135142
6,-1,111.86644172421215
6,-1,118.78817220689035
6,-2,100.0
6,-2,100.0
6,-2,114.51144131260503
6,-3,132.79571216228305
6,-3,106.45491189501674
6,-3,134.96435916319012
6,-4,140.19924609766667
6,-4,101.21999410850371
6,-4,121.78994061299606
6,-5,124.42678419101438
6,-5,100.0
6,-5,100.0
6,-6,145.7937976846139
6,-6,136.23398829227466
6,-6,100.0
6,-7,108.12207314340343
6,-7,100.0
6,-7,124.19935925785751
6,-8,101.79676933887062
6,-8,124.3380098021777
6,-8,129.00805350033144
5,-8,113.05398723746781
5,-8,100.0
5,-8,103.00631330911324
4,-8,100.0
4,-8,100.0
4,-8,100.0
4,-9,128.71462119328214
4,-9,100.0
4,-9,126.76515163805438
4,-10,100.0
4,-10,100.0
4,-10,143.45605103886862
4,-11,100.0
4,-11,100.0
4,-11,100.0
4,-12,100.0
4,-12,126.52614601493025
4,-12,132.90949059653715
5,-12,100.0
5,-12,100.0
5,-12,100.0
4,-12,137.4428464256726
4,-12,118.26895062024629
4,-12,149.35465447965444
5,-12,105.67862818883029
5,-12,120.66868390848286
5,-12,100.0
6,-12,129.46440725724494
6,-12,100.0
6,-12,100.0
5,-12,100.0
5,-12,100.0
5,-12,121.05994051630616
6,-12,100.0
6,-12,100.0
6,-12,104.86423639275795
7,-12,100.0
7,-12,100.0
7,-12,100.0
8,-12,127.72020746767623
8,-12,130.09978803567154
8,-12,100.0
9,-12,136.5731367678866
9,-12,100.0
9,-12,104.91144959672513
10,-12,129.92331307434839
10,-12,119.49900244720847
10,-12,100.0
11,-12,100.0
11,-12,104.87541591175531
11,-12,100.0
12,-12,148.4538321423362
12,-12,114.83703233054459
12,-12,100.0
13,-12,114.4536050882615
13,-12,100.0
13,-12,100.0
14,-12,100.0
14,-12,100.0
14,-12,120.17399421614806
15,-12,100.0
15,-12,111.1159757111476
15,-12,100.0
16,-12,108.62065860727273
16,-12,100.0
16,-12,100.0
16,-11,100.0
16,-11,100.0
16,-11,121.85900046429083
16,-10,100.0
16,-10,100.0
16,-10,100.0
16,-9,101.87435146048608
16,-9,100.0
16,-9,100.0
16,-8,109.61859601200474
16,-8,116.39529582794376
16,-8,116.46769734224462
17,-8,100.0
17,-8,100.0
17,-8,100.0
18,-8,100.0
18,-8,100.0
18,-8,100.0
18,-9,100.0
18,-9,100.0
18,-9,100.0
18,-8,100.0
18,-8,103.54869304953249
18,-8,100.0
17,-8,100.0
17,-8,123.26179468981222
17,-8,100.0
16,-8,100.0
16,-8,129.3953199663658
16,-8,103.39376797021829
15,-8,100.0
15,-8,100.0
15,-8,107.86218929030751
15,-7,111.54647190063997
15,-7,100.0
15,-7,100.0
14,-7,100.0
14,-7,100.0
14,-7,100.0
13,-7,100.0
13,-7,100.0
13,-7,121.52973800203567
12,-7,129.4569659157736
12,-7,100.0
12,-7,111.70481427002557
11,-7,112.27017206444853
11,-7,116.85892601003192
11,-7,100.0
12,-7,100.0
12,-7,100.0
12,-7,100.0
11,-7,123.54511536709742
11,-7,126.83518217294153
11,-7,135.8412965158326
10,-7,133.8226446510063
10,-7,100.0
10,-7,108.90597473135806
9,-7,100.0
9,-7,134.54597657284532
9,-7,100.0
9,-6,126.83587226107433
9,-6,100.0
9,-6,100.0
10,-6,114.94966283919
10,-6,100.0
10,-6,100.99985479343692
10,-7,115.87236519077904
10,-7,100.0
10,-7,113.12435550623042
10,-6,100.0
10,-6,102.76136243692432
10,-6,108.40034458257297
10,-5,117.52133729387278
10,-5,100.0
10,-5,141.45729453717388
10,-4,120.51524152335566
10,-4,127.91354464532391
10,-4,100.0
9,-4,169.12382626365132
9,-4,121.63035699827851
9,-4,100.0
8,-4,101.15530642494662
8,-4,108.70379812946283
8,-4,138.837527746906
7,-4,100.0
7,-4,143.25754436421565
7,-4,100.0
7,-3,112.55064084546612
7,-3,115.5401967102885
7,-3,153.1734587604339
7,-2,108.81889795226347
7,-2,100.0
7,-2,114.48578121862948
6,-2,121.72627663916845
6,-2,111.07664715160263
6,-2,147.2877616977285
6,-1,100.0
6,-1,103.1396986089398
6,-1,121.26728751586008
6,0,103.97268858556654
6,0,113.84061154904293
6,0,106.83523082934869
5,0,107.72332791015346
5,0,134.45026151779894
5,0,115.59685603271447
4,0,147.22542914368742
4,0,116.80162905497495
4,0,100.0
3,0,125.93084408418471
3,0,135.52857482198442
3,0,127.17162338058304
2,0,120.96542605033206
2,0,151.12741197538793
2,0,171.63915116177108
1,0,112.571414009674
1,0,116.61328807571316
1,0,169.54197734842663
1,1,124.48797009981132
1,1,100.0
1,1,114.96891427831255
0,1,123.9746958120315
0,1,106.59089578335158
0,1,119.19297576463745
0,2,110.26366832955358
0,2,133.05861393607478
0,2,169.2468808010145
-1,2,137.48310827722116
-1,2,125.87710896134176
-1,2,159.39430729436185
-1,3,148.969278082458
-1,3,135.3358469779928
-1,3,138.0340800177177
-2,3,126.13915422793987
-2,3,139.61372594487992
-2,3,100.0
-3,3,114.08846439752116
-3,3,125.66058483923445
-3,3,147.53400233550164
-4,3,127.0045589116084
-4,3,120.80142559124253
-4,3,100.0
-5,3,124.78087671291445
-5,3,116.74300797467154
-5,3,121.18591770160197
-6,3,101.18628811144724
-6,3,151.81009851646579
-6,3,105.72653387177355
-5,3,132.66843812731335
-5,3,201.41519059889413
-5,3,100.0
-5,4,143.1111636745349
-5,4,122.17222474320806
-5,4,114.69025452814174
-6,4,117.86338488127848
-6,4,112.06724435147021
-6,4,114.34504548134252
-5,4,122.02199412637133
-5,4,107.37453412916732
-5,4,131.81331826850248
-5,3,103.28934573510307
-5,3,117.99958285749268
-5,3,119.93055587692604
-6,3,113.0846947744467
-6,3,142.47453204398667
-6,3,102.4009754407238
-5,3,119.88329543311345
-5,3,118.27655879524238
-5,3,116.41769087634741
-6,3,125.66699978784575
-6,3,145.4413357549053
-6,3,127.2927253825466
-7,3,138.70605118074855
-7,3,126.40779679952576
-7,3,142.24026932321107
-8,3,103.75806168056675
-8,3,100.0
-8,3,100.0
-8,4,128.41279229536045
-8,4,176.74784497995256
-8,4,124.73145257937996
-9,4,114.84478629728946
-9,4,140.41063597509395
-9,4,107.89001364692787
-9,5,127.17102796268739
-9,5,137.0351044712431
-9,5,100.0
-10,5,100.0
-10,5,100.0
-10,5,147.18764681995884
-9,5,114.28113232838905
-9,5,111.7060278064458
-9,5,100.0
-8,5,131.00149306453855
-8,5,100.0
-8,5,115.12312709011444
-8,6,100.0
-8,6,100.0
-8,6,114.11504479402195
-9,6,120.81528138581426
-9,6,100.74329964050638
-9,6,136.0794071364112
-8,6,130.61724056633852
-8,6,100.0
-8,6,100.0
-8,5,164.77366584941825
-8,5,100.0
-8,5,100.0
-9,5,137.0797618754205
-9,5,106.57261034058233
-9,5,100.0
-10,5,127.0835173986936
-10,5,100.0
-10,5,103.13457733020299
-11,5,103.71894358363724
-11,5,100.0
-11,5,116.0161486110738
-12,5,100.0
-12,5,100.0
-12,5,119.76745832978142
-13,5,100.0
-13,5,100.0
-13,5,100.0
-14,5,100.0
-14,5,101.93428291647271
-14,5,100.0
-14,6,100.0
-14,6,100.0
-14,6,100.0
-14,7,100.0
-14,7,100.0
-14,7,100.0
-15,7,100.0
-15,7,100.0
-15,7,100.0
-14,7,104.056444065355
-14,7,100.0
-14,7,103.3499068254983
-13,7,100.0
-13,7,100.0
-13,7,100.0
-14,7,140.31536728849457
-14,7,112.4261562879473
-14,7,100.0
-15,7,145.63255941128867
-15,7,100.0
-15,7,100.0
-16,7,100.0
-16,7,100.0
-16,7,100.0
-16,8,100.0
-16,8,108.71865913088064
-16,8,100.0
-15,8,109.27001012496731
-15,8,100.0
-15,8,100.0
-14,8,114.95252059554488
-14,8,128.4474726180332
-14,8,109.37867384287485
-13,8,100.0
-13,8,113.00525268670336
-13,8,100.0
-12,8,141.40996296834874
-12,8,100.0
-12,8,100.0
-11,8,123.21065065124952
-11,8,106.33687077851052
-11,8,100.0
-10,8,100.0
-10,8,100.0
-10,8,133.72766912613343
-9,8,109.570099156543
-9,8,100.0
-9,8,100.0
-8,8,108.38901394273395
-8,8,100.0
-8,8,100.0
-9,8,102.51135864508689
-9,8,123.45630882277432
-9,8,100.0
-8,8,100.0
-8,8,102.02819374448376
-8,8,135.00079705812283
-9,8,100.0
-9,8,121.04822231101784
-9,8,132.433486075178
-9,7,100.0
-9,7,123.87586043845425
-9,7,119.83588597712252
-8,7,100.0
-8,7,100.0
-8,7,100.0
-8,6,144.25191126865522
-8,6,105.57549155762808
-8,6,100.0
-8,5,114.89860754046467
-8,5,129.82586471473962
-8,5,104.67412411078404
-7,5,110.72240454704225
-7,5,100.0
-7,5,100.0
-6,5,110.5438767894384
-6,5,113.07688649337796
-6,5,118.69549040704425
-5,5,100.0
-5,5,142.65375366909868
-5,5,162.98272254382533
-4,5,142.09744505365367
-4,5,136.76092895403667
-4,5,114.31487811494311
-3,5,121.90307268191609
-3,5,100.0
-3,5,141.0525301491586
-4,5,122.53113581668767
-4,5,154.95361620877634
-4,5,145.24761727728995
-5,5,115.14464817688345
-5,5,150.5902886812492
-5,5,126.55206574177805
-4,5,145.35665942581502
-4,5,100.0
-4,5,106.43118950983464
