3,1,20,60,1
7,1,20,60,1
2,1,33,99,1
6,1,33,99,1
8,1,33,99,1
3,2,40,80,1
7,2,40,80,1
5,1,50,150,1
9,1,50,150,1
3,3,60,100,1
7,3,60,100,1
2,2,66,132,1
6,2,66,132,1
8,2,66,132,1
3,4,80,120,1
7,4,80,120,1
2,3,99,165,1
6,3,99,165,1
8,3,99,165,1
3,5,100,140,1
4,1,100,300,1
5,2,100,200,1
7,5,100,140,1
9,2,100,200,1
3,6,120,160,1
7,6,120,160,1
0,0,0,123,123
2,4,132,198,1
6,4,132,198,1
8,4,132,198,1
3,7,140,180,1
7,7,140,180,1
5,3,150,250,1
9,3,150,250,1
3,8,160,200,1
7,8,160,200,1
2,5,165,231,1
6,5,165,231,1
8,5,165,231,1
1,0,123,173,50
2,0,173,175,2
3,0,175,176,1
7,9,180,220,1
3,9,180,181,1
4,0,176,184,7
5,0,184,187,3
6,0,187,189,2
7,0,189,190,1
8,0,190,194,4
9,0,194,197,3
2,6,198,202,4
3,10,202,204,2
4,2,204,211,7
5,4,211,214,3
6,6,214,217,3
7,10,217,218,1
8,6,218,220,2
3,11,220,222,2
7,11,222,223,1
9,4,223,226,3
2,7,231,233,2
6,7,233,235,2
8,7,235,237,2
3,12,240,241,1
7,12,241,242,1
5,5,250,253,3
9,5,253,257,4
3,13,260,261,1
7,13,261,262,1
2,8,264,267,3
6,8,267,269,2
8,8,269,271,2
3,14,280,281,1
7,14,281,282,1
2,9,297,300,3
3,15,300,301,1
4,3,301,310,9
5,6,310,313,3
6,9,313,315,2
7,15,315,316,1
8,9,316,319,3
3,16,320,321,1
7,16,321,322,1
9,6,319,325,4
2,10,330,332,2
6,10,332,334,2
8,10,334,337,3
3,17,340,341,1
7,17,341,342,1
5,7,350,355,5
9,7,355,358,3
3,18,360,361,1
7,18,361,362,1
2,11,363,366,3
6,11,366,368,2
8,11,368,370,2
3,19,380,381,1
7,19,381,382,1
2,12,396,399,3
3,20,400,402,2
4,4,402,407,5
5,8,407,410,3
6,12,399,411,2
7,20,411,412,1
8,12,412,414,2
9,8,414,417,3
3,21,420,421,1
7,21,421,422,1
2,13,429,432,3
6,13,432,434,2
8,13,434,438,4
3,22,440,441,1
7,22,441,443,2
5,9,450,453,3
9,9,453,456,3
3,23,460,461,1
7,23,461,462,1
2,14,462,466,4
6,14,466,468,2
8,14,468,470,2
3,24,480,482,2
7,24,482,483,1
2,15,495,497,2
6,15,497,499,2
3,25,500,501,1
4,5,501,507,6
5,10,507,510,3
7,25,510,511,1
8,15,499,512,2
9,10,512,515,3
3,26,520,521,1
7,26,521,522,1
2,16,528,531,3
6,16,531,533,2
8,16,533,536,3
3,27,540,541,1
7,27,541,542,1
5,11,550,553,3
9,11,553,556,3
2,17,561,564,3
3,28,560,565,2
6,17,565,567,2
7,28,567,569,2
8,17,569,571,2
3,29,580,581,1
7,29,581,583,2
2,18,594,597,3
6,18,597,599,2
3,30,600,602,2
4,6,602,610,8
5,12,610,613,3
7,30,613,614,1
8,18,599,617,4
9,12,617,620,3
3,31,620,622,2
7,31,622,623,1
2,19,627,630,3
6,19,630,632,2
8,19,632,634,2
3,32,640,641,1
7,32,641,642,1
5,13,650,653,3
9,13,653,657,4
2,20,660,662,2
3,33,662,664,2
6,20,664,666,2
7,33,666,667,1
8,20,667,670,3
3,34,680,681,1
7,34,681,683,2
2,21,693,695,2
6,21,695,697,2
8,21,697,700,3
3,35,700,702,2
4,7,702,709,7
5,14,709,713,4
7,35,713,715,2
9,14,715,718,3
3,36,720,722,2
7,36,722,723,1
2,22,726,729,3
6,22,729,731,2
8,22,731,733,2
3,37,740,741,1
7,37,741,742,1
5,15,750,754,4
9,15,754,757,3
2,23,759,762,3
3,38,762,763,1
6,23,763,766,3
7,38,766,767,1
8,23,767,769,2
3,39,780,781,1
7,39,781,782,1
2,24,792,794,2
6,24,794,796,2
8,24,796,800,4
3,40,800,801,1
4,8,801,808,7
5,16,808,811,3
7,40,811,812,1
9,16,812,815,3
3,41,820,821,1
7,41,821,822,1
2,25,825,829,4
6,25,829,831,2
8,25,831,834,3
3,42,840,842,2
7,42,842,843,1
5,17,850,853,3
9,17,853,856,3
2,26,858,860,2
3,43,860,861,1
6,26,861,863,2
7,43,863,865,2
8,26,865,867,2
3,44,880,881,1
7,44,881,882,1
2,27,891,894,3
6,27,894,896,2
8,27,896,898,2
3,45,900,901,1
4,9,901,910,9
5,18,910,913,3
7,45,913,914,1
9,18,914,917,3
3,46,920,922,2
7,46,922,924,2
2,28,924,928,4
6,28,928,930,2
8,28,930,932,2
3,47,940,942,2
7,47,942,943,1
5,19,950,954,4
2,29,957,960,3
3,48,960,961,1
6,29,961,963,2
7,48,963,964,1
8,29,964,966,2
9,19,954,967,4
3,49,980,981,1
7,49,981,982,1
2,30,990,993,3
6,30,993,996,3
8,30,996,999,3
