0.11091709137
0.0818159580231
0.0866439342499
0.0789089202881
0.0807979106903
0.138962030411
0.0710461139679
0.0732791423798
0.0702219009399
0.0728919506073
0.0710570812225
0.0678169727325
0.0689589977264
0.0720870494843
0.0697710514069
0.0855441093445
0.0732400417328
0.0715630054474
0.0722651481628
0.0694630146027
0.074627161026
0.0680720806122
0.0670239925385
0.0683360099792
0.0662059783936
0.21327996254
0.0713500976562
0.0803458690643
0.074079990387
0.0717191696167
0.0730590820312
0.0724539756775
0.0869281291962
0.068498134613
0.0806760787964
0.0850760936737
0.0869781970978
0.0715901851654
0.0810360908508
0.0746641159058
0.0818719863892
0.0785050392151
0.0750250816345
0.0709660053253
0.0890161991119
0.0754120349884
0.0710620880127
0.0996189117432
0.0790359973907
0.0777089595795
0.0671699047089
0.086373090744
0.0739450454712
0.0691571235657
0.0690240859985
0.0705671310425
0.071151971817
0.0744540691376
0.0732011795044
0.0728440284729
0.0758149623871
0.0694870948792
0.0759181976318
0.0726840496063
0.0671150684357
0.066398859024
0.0717360973358
0.0723271369934
0.0682139396667
0.0752911567688
0.0720071792603
0.075395822525
0.067990064621
0.0700800418854
0.0666520595551
0.0723130702972
0.079283952713
0.0728919506073
0.0804660320282
0.0688440799713
0.0697989463806
0.0780830383301
0.0725729465485
0.0788929462433
0.0783641338348
0.0798070430756
0.0801010131836
0.117732048035
0.126639127731
0.122076034546
0.0929481983185
0.132963895798
0.155960083008
0.119855165482
0.131922006607
0.0833208560944
0.0784101486206
0.0924079418182
0.153416156769
0.0883250236511
0.209151983261
0.271063089371
0.230384111404
0.081582069397
0.236719846725
0.372908115387
0.229570150375
0.259645938873
0.123508214951
0.301446199417
0.209429979324
0.353818893433
0.108979225159
0.194566011429
0.163805246353
0.200731992722
0.129529953003
0.122341156006
0.112602949142
0.133408069611
0.0962209701538
0.189344167709
0.146214008331
0.204272031784
0.157711029053
0.0981919765472
0.06778383255
0.0710868835449
0.0851402282715
0.0743100643158
0.0842380523682
0.0867478847504
0.0681140422821
0.0766501426697
0.0745940208435
0.119631052017
0.160667896271
0.0805811882019
0.0708410739899
0.0784802436829
0.0753109455109
0.0733840465546
0.0807240009308
0.071524143219
0.0790920257568
0.0783610343933
0.219691991806
0.0820372104645
0.0815451145172
0.0772461891174
0.0973460674286
0.0717928409576
0.076954126358
0.0719909667969
0.0696232318878
0.0730700492859
0.209203004837
0.0850610733032
0.0748698711395
0.0778179168701
0.0760500431061
0.0757281780243
0.0776271820068
0.0800700187683
0.0833930969238
0.0910329818726
0.206639051437
0.0765421390533
0.0827569961548
0.0824370384216
0.0914950370789
0.0863242149353
0.0819091796875
0.0905730724335
0.0716989040375
0.080826997757
0.224776029587
0.0772638320923
0.0720880031586
0.0743341445923
0.0727510452271
0.0716080665588
0.0724821090698
0.0817210674286
0.0777189731598
0.0841391086578
0.228926181793
0.0814559459686
0.0737631320953
0.0808651447296
0.0841100215912
0.0801610946655
0.0836939811707
0.0757441520691
0.0793440341949
0.0830819606781
0.229532003403
0.0809109210968
0.0764310359955
0.0777699947357
0.0784029960632
0.0789480209351
0.072478055954
0.0699760913849
0.0688450336456
0.102868080139
0.0931239128113
0.0811200141907
0.0839931964874
0.0836699008942
0.0731630325317
0.0733320713043
0.0806078910828
0.0727560520172
0.0687680244446
0.0826740264893
0.0763020515442
0.191299200058
0.079320192337
0.0778300762177
0.0920581817627
0.086254119873
0.0737030506134
0.0693938732147
0.0775649547577
0.0817692279816
0.0735671520233
0.221888065338
0.0727190971375
0.0733640193939
0.0753231048584
0.0698211193085
0.08016705513
0.0795540809631
0.0829119682312
0.0702002048492
0.0720770359039
0.0760190486908
0.077733039856
0.092520236969
0.0840530395508
0.0796740055084
0.0883600711823
0.0852410793304
0.104886054993
0.0874030590057
0.0706861019135
0.0827479362488
0.0832509994507
0.0845608711243
0.0846819877625
0.114984035492
0.080185174942
0.0911870002747
0.0792779922485
0.0788819789886
0.0870840549469
0.174373865128
0.0673952102661
0.0790829658508
0.0868408679962
0.0822942256927
0.0947160720825
0.128760099411
0.116334915161
0.0736231803894
0.0833570957184
0.0798280239105
0.0957741737366
0.146678924561
0.0867969989777
0.0852291584015
0.0756130218506
0.0835268497467
0.0726189613342
0.0911781787872
0.0943920612335
0.08061003685
0.0764980316162
0.0930681228638
0.0829830169678
0.0732901096344
0.0874240398407
0.0873770713806
0.0976870059967
0.076523065567
0.0698001384735
0.0700080394745
0.090567111969
0.0705962181091
0.0896179676056
0.0821561813354
0.084949016571
0.076366186142
0.0718321800232
0.0728039741516
0.134397983551
0.0809869766235
0.0748472213745
0.109970092773
0.10368013382
0.130916118622
0.071485042572
0.072026014328
0.0898139476776
0.0931792259216
0.10477399826
0.0996239185333
0.0926320552826
0.0705370903015
0.0812599658966
0.0703780651093
0.0833101272583
0.080591917038
0.0692882537842
0.0798599720001
0.093024969101
0.0878970623016
0.0828542709351
0.207942962646
0.0732522010803
0.0792279243469
0.0777609348297
0.0874378681183
0.0790219306946
0.0839691162109
0.0856029987335
0.104362010956
0.0796291828156
0.202747106552
0.0674889087677
0.0874819755554
0.0888602733612
0.0806288719177
0.0708529949188
0.0755178928375
0.099317073822
0.0696270465851
0.0695791244507
0.222164154053
0.110599040985
0.073890209198
0.0752420425415
0.070748090744
0.0689761638641
0.0696811676025
0.0676941871643
0.070543050766
0.0797979831696
0.220229148865
0.0799989700317
0.0810830593109
0.0852890014648
0.0801329612732
0.0762429237366
0.0915589332581
0.0937662124634
0.0878798961639
0.0742950439453
0.246012926102
0.0785980224609
0.0862362384796
0.0905380249023
0.0742740631104
0.075366973877
0.0767822265625
0.0879890918732
0.0863330364227
0.0735762119293
0.211975097656
0.0855021476746
0.087473154068
0.111160039902
0.0947480201721
0.0800399780273
0.0952959060669
0.0886261463165
0.0719311237335
0.0835680961609
0.222368001938
0.070953130722
0.089812040329
0.0748229026794
0.119286060333
0.0888240337372
0.0970151424408
0.0979700088501
0.0763621330261
0.0862832069397
0.241425037384
0.0926640033722
0.0726850032806
0.0841579437256
0.0822529792786
0.0796310901642
0.0890941619873
0.0788850784302
0.0732750892639
0.0902681350708
0.0784480571747
