523.035049438
1379.99296188
2370.97215652
1215.88110924
2732.12814331
2094.49315071
1861.78016663
2953.5150528
5247.04384804
1226.72104836
1912.18614578
5191.00308418
1994.23193932
3212.93497086
2152.9250145
468.827962875
823.594093323
1027.21405029
1248.85797501
2022.95899391
1371.17099762
686.47313118
1541.61596298
2425.5771637
1001.27506256
1294.20113564
469.216108322
385.272979736
1480.94511032
3712.38517761
2790.42601585
827.866077423
2675.46606064
1174.08394814
1740.95797539
2391.18313789
2754.25386429
1458.88590813
3172.3408699
886.766195297
4423.05207253
2627.35509872
2290.97604752
3120.54300308
1432.56902695
1424.28898811
1688.56906891
5599.23005104
1807.50393867
1889.91904259
1347.5291729
1810.77694893
980.874061584
355.417966843
2446.60019875
3619.76718903
1781.51106834
1833.99605751
1960.99805832
1930.85503578
1430.50909042
1718.21212769
3975.65412521
806.300163269
1165.35210609
1896.27289772
1750.29826164
1840.72208405
1573.86517525
1982.34295845
2545.68719864
914.931058884
160.728216171
2593.17493439
2381.02293015
1641.38197899
1438.01903725
1533.08916092
1085.63303947
466.998100281
688.788175583
3628.24010849
2598.75011444
4241.40119553
2988.51108551
616.020202637
1029.24203873
767.188072205
1233.88910294
2092.26512909
1547.32203484
3301.25212669
2050.79007149
1921.14901543
2331.41708374
1123.87824059
1265.48814774
1048.09403419
2549.82495308
2704.87523079
2368.13807487
2122.37215042
4438.10296059
1583.08887482
1043.23601723
790.988922119
4014.06097412
590.250015259
2332.12327957
1736.07087135
1697.26991653
1673.65002632
4552.60491371
1355.55410385
1242.61403084
1266.09110832
3826.00307465
379.105091095
170.455932617
3289.56103325
1611.59110069
1964.59722519
2046.94890976
1728.67107391
2257.98726082
559.855937958
584.356069565
601.397037506
2239.60208893
4849.07007217
1609.8408699
1963.2730484
2686.90395355
3114.72201347
