584.492921829
731.58788681
664.671897888
605.971813202
557.83200264
674.208879471
680.966854095
678.524971008
683.090686798
607.508897781
672.487974167
764.389038086
751.546859741
752.502918243
763.111829758
1839.5857811
754.889011383
763.598918915
762.865066528
750.030994415
706.542730331
980.980873108
7725.63076019
6995.14889717
10197.7889538
10510.8389854
9374.50695038
1649.41501617
969.762802124
966.30191803
957.31306076
952.73900032
1486.98997498
1446.60496712
1454.44488525
972.585916519
956.504821777
959.888935089
1420.16196251
1381.05773926
1417.4759388
963.805913925
5815.62590599
683.803796768
685.06193161
668.426990509
681.040763855
677.148103714
675.432920456
705.127000809
691.154003143
674.580097198
657.244920731
594.301700592
1503.08799744
668.040752411
668.138027191
682.14392662
656.169891357
660.286903381
656.780004501
652.11892128
7423.62380028
993.038892746
654.73985672
8127.41184235
1408.74576569
692.380905151
10026.1027813
654.003858566
654.401779175
655.580997467
964.072942734
8138.204813
7614.68672752
7891.16692543
