1.13471722603
1.21568012238
1.38324117661
1.53976893425
1.70785689354
1.87658405304
2.00171303749
1.16675710678
1.3314781189
1.49796414375
1.50636506081
1.65031599998
1.796833992
1.94330883026
2.15021514893
1.17307305336
1.31617212296
1.45885396004
1.60342812538
1.74821901321
1.89270210266
2.03819894791
1.1666328907
1.30787324905
1.45202612877
1.59676027298
1.74161601067
1.88726091385
2.03364396095
1.17486596107
1.32013010979
1.46572685242
1.61289811134
1.7557580471
1.90042924881
2.04546904564
1.16719913483
1.20524597168
1.37712621689
1.6076631546
1.94360208511
2.18501806259
1.41952395439
1.70545291901
3.07857894897
2.34256505966
2.38056921959
1.70081996918
1.89773702621
2.05313706398
1.24730396271
1.28368496895
1.49571919441
1.67479205132
1.820333004
1.96590423584
2.10843205452
1.25732302666
1.40901112556
1.64769697189
1.67343115807
1.75480604172
1.90371203423
2.04696798325
1.20597720146
1.35482215881
1.5316221714
1.70330405235
1.8459842205
2.03225493431
1.20766806602
1.39139008522
1.65055799484
1.71377420425
1.90872120857
2.09909319878
1.25636100769
1.40706515312
1.55287599564
1.74460101128
1.93401408195
2.1460249424
1.29458904266
1.4445939064
1.52956724167
1.67840218544
1.82305908203
1.97128820419
2.118090868
1.26382994652
1.44418501854
1.59659790993
1.74469304085
1.94154620171
2.13815188408
1.2012591362
1.38156414032
1.52341890335
1.71717405319
1.87381505966
2.02166390419
1.17082023621
1.18537926674
1.34692215919
1.51959609985
1.6683409214
1.81764388084
1.96587514877
2.13695001602
1.16593003273
1.38712501526
1.54934501648
1.72110009193
1.88321304321
2.04483389854
1.19549298286
1.34356594086
1.50864911079
1.5232360363
1.71493506432
1.86933898926
2.07093405724
1.21750593185
1.40214300156
1.57604312897
1.86643815041
1.93286299706
2.15084409714
1.23156690598
1.38460707664
1.61705684662
1.80396795273
1.97631597519
2.12851715088
1.322026968
1.51689624786
1.66249299049
1.9077641964
2.140417099
1.15574502945
1.30508995056
1.46023106575
1.61044597626
1.82215690613
2.04660606384
1.20110702515
1.38886618614
1.53890395164
1.68760609627
1.85135912895
2.03602004051
1.29444789886
1.44158792496
1.51824903488
1.66232514381
1.81691002846
1.96088814735
2.10459709167
1.24977421761
1.39458608627
1.53841805458
1.68940782547
1.83872699738
2.02311515808
1.17764496803
1.33590507507
1.55505013466
1.73713803291
1.92242503166
2.05938100815
