3.49965
3.49906
3.49766
3.5
3.49965
3.49754
3.5
3.49906
3.49731
3.5
3.48991
3.49755
3.48334
3.49428
3.49513
3.49836
3.49504
3.49825
3.49906
3.5
3.5
3.5
3.5
3.5
3.4959
3.5
3.49722
3.49814
3.49882
3.49755
3.49227
3.49523
3.49812
3.4959
3.5
3.5
3.5
3.5
3.49941
3.5
3.5
3.5
3.49965
3.5
3.5
3.5
3.5
3.5
3.49871
3.5
3.49886
3.5
3.49882
3.5
3.49965
3.5
3.49941
3.5
3.5
3.49882
3.49906
3.49886
3.49941
3.5
3.49941
3.49766
3.49825
3.5
3.49649
3.5
3.5
3.5
3.5
3.49649
3.49825
3.5
3.49965
3.5
3.5
3.5
3.49965
3.49766
3.49825
3.49519
3.49847
3.4959
3.49348
3.49555
3.49472
3.49754
3.49941
3.49965
3.49941
3.5
3.49965
3.5
3.5
3.49965
3.5
