3.49965
3.5
3.49847
3.5
3.4993
3.49825
3.5
3.49965
3.49965
3.49941
3.4993
3.49759
3.48626
3.49335
3.49131
3.49941
3.49319
3.5
3.49965
3.5
3.49873
3.5
3.5
3.5
3.49941
3.49906
3.49402
3.49766
3.49531
3.49789
3.49731
3.49941
3.49894
3.5
3.5
3.49908
3.5
3.49941
3.5
3.49908
3.5
3.49941
3.5
3.5
3.5
3.5
3.5
3.5
3.5
3.5
3.5
3.5
3.5
3.5
3.5
3.5
3.5
3.5
3.49965
3.5
3.5
3.5
3.49965
3.48886
3.5
3.5
3.5
3.49941
3.49882
3.5
3.49825
3.49772
3.5
3.5
3.5
3.5
3.5
3.5
3.49965
3.5
3.5
3.49941
3.49713
3.5
3.49908
3.5
3.49429
3.4926
3.49463
3.5
3.49894
3.5
3.49906
3.5
3.5
3.5
3.5
3.5
3.49965
