3.49941
3.49965
3.49847
3.5
3.49613
3.5
3.49894
3.4993
3.49941
3.5
3.49873
3.49731
3.49648
3.49295
3.49312
3.49825
3.49557
3.49731
3.49941
3.5
3.5
3.49766
3.49882
3.5
3.49789
3.49849
3.49779
3.49617
3.49755
3.49941
3.49779
3.49586
3.49825
3.49882
3.5
3.5
3.49941
3.5
3.5
3.5
3.49965
3.5
3.5
3.5
3.5
3.5
3.5
3.5
3.5
3.5
3.5
3.5
3.49941
3.5
3.5
3.5
3.49941
3.49965
3.49941
3.5
3.5
3.49789
3.49894
3.49941
3.5
3.49941
3.49941
3.5
3.49965
3.4993
3.49965
3.5
3.5
3.5
3.5
3.5
3.5
3.49965
3.5
3.5
3.5
3.49707
3.5
3.5
3.49605
3.49941
3.49122
3.49605
3.4959
3.49695
3.5
3.5
3.49965
3.5
3.49965
3.5
3.5
3.5
3.5
