3.49965
3.5
3.49766
3.49649
3.49825
3.49965
3.49649
3.5
3.4993
3.5
3.4957
3.49825
3.49349
3.49765
3.49637
3.49765
3.49674
3.5
3.5
3.5
3.4993
3.5
3.49886
3.5
3.49731
3.49906
3.49791
3.49789
3.49135
3.5
3.49402
3.48994
3.49463
3.5
3.49825
3.49965
3.49754
3.49906
3.49941
3.5
3.5
3.49965
3.49906
3.49965
3.5
3.5
3.5
3.5
3.5
3.5
3.5
3.5
3.5
3.5
3.5
3.5
3.5
3.49649
3.49908
3.5
3.4993
3.5
3.5
3.5
3.49825
3.5
3.49908
3.5
3.49941
3.5
3.49613
3.5
3.5
3.5
3.5
3.5
3.49886
3.5
3.5
3.5
3.5
3.5
3.5
3.49472
3.49824
3.5
3.49906
3.5
3.49578
3.49789
3.5
3.49789
3.5
3.5
3.5
3.5
3.5
3.5
3.5
