3.5
3.5
3.49965
3.49794
3.49825
3.49886
3.5
3.49965
3.49755
3.5
3.49731
3.49882
3.4937
3.49792
3.48733
3.49343
3.49059
3.5
3.49882
3.5
3.5
3.5
3.49711
3.5
3.5
3.5
3.4964
3.49185
3.5
3.49641
3.49496
3.5
3.49545
3.49965
3.49941
3.5
3.5
3.49941
3.49941
3.5
3.5
3.5
3.5
3.5
3.5
3.5
3.5
3.49941
3.5
3.5
3.5
3.5
3.5
3.5
3.5
3.5
3.49965
3.5
3.49894
3.5
3.49825
3.5
3.49825
3.5
3.5
3.5
3.5
3.5
3.49906
3.4993
3.49941
3.5
3.5
3.5
3.5
3.5
3.5
3.5
3.49965
3.49941
3.5
3.5
3.49754
3.49965
3.49453
3.5
3.49086
3.49965
3.48789
3.49825
3.49941
3.49965
3.49557
3.5
3.5
3.49941
3.5
3.5
3.5
