3.49825
3.5
3.5
3.5
3.5
3.49941
3.5
3.49825
3.5
3.49908
3.49941
3.49236
3.48506
3.5
3.49698
3.49648
3.49766
3.5
3.49965
3.49825
3.5
3.5
3.49941
3.49941
3.49965
3.49613
3.49766
3.49965
3.49707
3.49825
3.48657
3.49941
3.49555
3.49766
3.5
3.49941
3.5
3.5
3.5
3.5
3.5
3.5
3.5
3.5
3.5
3.5
3.5
3.5
3.49965
3.5
3.5
3.5
3.5
3.5
3.5
3.49965
3.5
3.49908
3.5
3.5
3.49882
3.49965
3.5
3.49908
3.5
3.49965
3.49649
3.49965
3.49941
3.5
3.5
3.49873
3.5
3.49965
3.5
3.5
3.5
3.5
3.5
3.49825
3.49965
3.4993
3.5
3.5
3.49812
3.49825
3.49369
3.49366
3.49744
3.49825
3.49825
3.49965
3.49941
3.5
3.49941
3.5
3.5
3.49965
3.5
