3.5
3.49941
3.49871
3.5
3.49941
3.5
3.49941
3.49941
3.49965
3.5
3.49757
3.49894
3.49392
3.49678
3.49218
3.49531
3.49696
3.5
3.4993
3.49825
3.49965
3.5
3.49965
3.5
3.49649
3.49295
3.4958
3.49461
3.49941
3.49824
3.49449
3.49766
3.49825
3.49906
3.49413
3.5
3.49941
3.49674
3.5
3.49695
3.5
3.49941
3.5
3.5
3.49965
3.5
3.5
3.5
3.5
3.5
3.5
3.5
3.5
3.5
3.5
3.5
3.49965
3.5
3.5
3.5
3.5
3.4959
3.49906
3.49733
3.5
3.5
3.49766
3.5
3.49871
3.49965
3.5
3.49965
3.5
3.5
3.5
3.5
3.5
3.5
3.4993
3.5
3.49519
3.49906
3.49385
3.49825
3.4938
3.49965
3.49871
3.49649
3.48947
3.49441
3.49871
3.4993
3.49941
3.5
3.5
3.5
3.5
3.5
3.5
