3.49873
3.5
3.49766
3.49965
3.49965
3.49941
3.49965
3.5
3.4993
3.49908
3.49965
3.49118
3.4959
3.49873
3.49521
3.49941
3.49941
3.5
3.49827
3.49825
3.5
3.5
3.5
3.5
3.49613
3.49886
3.49789
3.49472
3.49791
3.49521
3.49233
3.49696
3.49882
3.5
3.5
3.49941
3.5
3.49847
3.5
3.49965
3.49941
3.5
3.5
3.5
3.5
3.5
3.49825
3.5
3.5
3.5
3.5
3.5
3.5
3.5
3.49965
3.5
3.5
3.49941
3.5
3.5
3.4993
3.5
3.49731
3.5
3.49596
3.5
3.4959
3.49825
3.49824
3.49851
3.5
3.5
3.49873
3.5
3.49965
3.5
3.5
3.49965
3.5
3.5
3.49941
3.4993
3.49825
3.5
3.5
3.5
3.49182
3.49754
3.49707
3.48577
3.49766
3.49965
3.5
3.49941
3.5
3.5
3.5
3.5
3.5
