3.66667
3.58333
3.5
3.5
3.5
3.58333
3.51638
3.51638
3.58333
3.5
3.5
3.5
3.5
3.5
3.5
3.5
3.5
3.58333
3.5
3.5
3.5
3.5
3.5
3.5
3.58333
3.5
3.5
3.5
3.58333
3.58333
3.58333
3.66667
3.66667
3.66667
3.66667
3.75
3.66667
3.75
3.75
3.75
3.75
3.66667
3.58333
3.58333
3.58333
3.66667
3.66667
3.58333
3.66667
3.56234
3.59953
3.66667
3.58333
3.58333
3.58333
3.5
3.58333
3.58333
3.58333
3.66667
3.75
3.75
3.66667
3.75
3.75
3.66667
3.66667
3.58333
3.5
3.5
3.58333
3.58333
3.58333
3.58333
3.66667
3.58333
3.58333
3.58333
3.66667
3.58333
3.58333
3.58333
3.58333
3.66667
3.66667
3.66667
3.66667
3.58333
3.5
3.66667
3.58333
3.58333
3.5
3.5
3.5
3.5
3.5
3.5
3.58333
