59,-20,458.2243640043827
58,-20,254.47236537289987
57,-20,262.8811539320451
56,-20,512.506152112475
56,-19,512.433426039395
57,-19,292.6578295215316
57,-18,303.25117927012525
57,-19,601.8663114976127
56,-19,562.0916799625486
57,-19,547.3171816156985
57,-20,773.3105890189755
56,-20,919.3406768344034
56,-21,448.49559842821736
56,-22,511.9406123250874
55,-22,441.3024845779659
54,-22,659.7516097554984
53,-22,811.2705441635638
53,-23,437.8976275334894
53,-24,494.5185787054717
53,-25,515.3374526463087
53,-26,547.9011411903953
54,-26,404.9218173397546
55,-26,411.43618615603134
56,-26,544.3612705419742
55,-26,444.8256635968544
54,-26,631.3791683382454
53,-26,975.0538361988241
53,-25,1123.2832546049956
52,-25,479.1869719110844
51,-25,647.2797860650138
51,-26,431.41959104453986
50,-26,404.65410051794254
49,-26,593.1414028511049
48,-26,302.158217327621
47,-26,506.2891316595984
46,-26,620.6585068035968
45,-26,397.7118077301585
45,-27,490.4578842556831
44,-27,438.6851635372792
44,-28,784.3245515294482
44,-27,448.08013834439845
45,-27,637.2920910370301
45,-28,479.4132166802162
46,-28,632.744028944639
46,-29,338.60941825562804
45,-29,400.3920878637908
46,-29,328.12368334384814
45,-29,599.2386410418312
46,-29,705.8501156982203
47,-29,315.9306481564859
46,-29,891.8488940954558
46,-30,827.4357820802337
45,-30,561.2305894935942
44,-30,271.33407571169926
43,-30,252.8615130184557
42,-30,615.9294287768008
41,-30,769.6709032093166
40,-30,400.43090503536456
39,-30,417.9873706277499
39,-31,762.1071640595384
38,-31,682.5490535829146
37,-31,686.8775461201662
36,-31,637.2510466357921
35,-31,511.33547669348854
36,-31,308.6886976490915
36,-32,528.4476845285958
35,-32,572.9071097088217
34,-32,963.0129585037596
34,-33,436.15880108627925
33,-33,640.6835325759707
33,-34,761.1109233893916
32,-34,355.1574527556196
32,-35,892.6484716643381
32,-36,641.1974664112471
31,-36,441.55106120331476
31,-37,613.1247378428332
31,-38,649.6027081439213
31,-39,671.5346020686884
32,-39,859.366393178565
31,-39,916.2872138838381
30,-39,832.4644917250514
31,-39,609.0051487717425
30,-39,848.0443310881606
30,-40,588.9183100616447
29,-40,866.9246479430695
29,-41,386.87678046326096
28,-41,285.47803541285583
27,-41,376.5517693015641
26,-41,451.0967220431156
27,-41,853.7864035404928
27,-42,667.1167693796724
26,-42,522.4865461076546
25,-42,452.7011754576744
25,-43,497.3523007262439
24,-43,464.9123014850055
24,-44,674.2350920043863
24,-45,628.2053214761655
23,-45,489.21377753559864
22,-45,897.4606568774253
22,-44,865.2276706540696
21,-44,631.3791683382454
20,-44,189.0674672088487
19,-44,529.0810913056686
19,-45,365.36139760350545
18,-45,349.89565298398134
17,-45,585.3130324264216
16,-45,349.0486805722768
16,-46,470.2998887357494
15,-46,268.36591355940465
15,-45,556.4821507631801
15,-46,815.1202604553653
14,-46,645.2313063284791
13,-46,545.3103317878567
12,-46,859.9150241060157
12,-45,445.82642651851205
12,-46,622.8445665749415
12,-47,815.0775821780869
12,-48,1006.2119430499337
11,-48,374.10023306882783
10,-48,447.92015537008814
9,-48,356.13640098757924
10,-48,448.46446402762507
9,-48,399.2162968059004
8,-48,424.5316468431706
8,-49,198.90004012045674
7,-49,841.2634417003804
6,-49,135.0366989730219
5,-49,540.2188452388984
4,-49,806.7439655164411
3,-49,751.0582544167507
4,-49,427.63145292033255
4,-50,660.0794141862979
4,-51,405.39644227058267
3,-51,369.56191739779064
3,-52,317.18373351585655
2,-52,272.7222517123937
2,-53,345.07679916322945
1,-53,534.1549990714425
0,-53,630.7111565980481
-1,-53,574.0821353247152
-2,-53,966.4876301848058
-2,-54,1009.0168728857693
-3,-54,521.886794538824
-4,-54,820.2638513571875
-5,-54,899.117150399416
-6,-54,776.9362580215792
-7,-54,907.2473543919268
-8,-54,915.5714034626917
-8,-55,572.3061079186693
-9,-55,425.0312019853428
-9,-56,340.45404608847787
-9,-57,545.1485689878813
-9,-58,331.51565238603143
-9,-59,348.87022484470083
-9,-60,353.8701930748797
-10,-60,416.9866711547319
-11,-60,753.8563897997655
-12,-60,110.47484854993675
-12,-61,479.1854797520289
-11,-61,492.8398918041726
-12,-61,735.0215664776033
-13,-61,719.7404611532429
-13,-62,481.61391793947905
-14,-62,354.78920325902163
-15,-62,348.92509576955916
-14,-62,521.5633895072717
-15,-62,509.6012527602489
-15,-63,509.6012527602489
-16,-63,336.4283281949867
-16,-64,384.4983970892109
-17,-64,797.3292838903888
-18,-64,891.0573448572895
-19,-64,731.0742472794246
-19,-65,416.2115793456463
-19,-66,554.7896724095477
-19,-67,790.9412716713961
-20,-67,921.8697183669487
-21,-67,536.3174640883867
-22,-67,272.1251376326003
-21,-67,511.9494824364346
-22,-67,295.9645439630163
-22,-68,420.5356395029362
-22,-69,512.9737343568875
-23,-69,850.2654137468394
-24,-69,776.1097180824355
-23,-69,582.7357318408983
-23,-68,594.534794886957
-23,-69,483.98143951153173
-24,-69,594.534794886957
-25,-69,487.27723674470843
-26,-69,490.5099144414305
-27,-69,269.8396863187529
-28,-69,411.86777487968305
-29,-69,720.290345531964
-29,-68,1116.372377232428
-30,-68,448.65026846135765
-31,-68,438.58642885712845
-32,-68,479.5798921517078
-33,-68,228.50890765162245
-34,-68,254.79451670237268
-35,-68,377.3060221791769
-36,-68,667.2400173469446
-35,-68,402.2260790793044
-36,-68,375.8952639247883
-37,-68,598.4064340552447
-38,-68,887.9310600123631
-39,-68,488.25313131308775
-40,-68,796.5814321795958
-39,-68,279.6639840417185
-39,-69,466.115331651355
-40,-69,266.3081993774198
-41,-69,315.6895841691227
-42,-69,257.81077387816083
-43,-69,489.6423954566521
-43,-70,552.8758799842307
-44,-70,246.06621013049028
-44,-71,614.9201172038072
-44,-70,355.1574527556196
-45,-70,656.1959857682393
-45,-71,552.4567722959648
-46,-71,552.4567722959648
-47,-71,653.4624912524378
-47,-72,807.4246237625241
-48,-72,290.2207106934523
-49,-72,265.88974123697443
-49,-73,735.4303362660906
-50,-73,322.0179988647406
-49,-73,813.1448190891441
-50,-73,553.3604439649288
-51,-73,473.53437625368406
-51,-74,243.58124228066683
-52,-74,302.4117564585679
-53,-74,267.6286168653478
-54,-74,323.7150970489464
-55,-74,295.9645439630163
-56,-74,457.37621369382714
-57,-74,689.5578181204933
-57,-75,483.591837245245
-56,-75,305.8074137720593
-57,-75,357.5057145423755
-57,-76,901.1902077102952
-58,-76,809.0826465146487
-59,-76,632.5597751875442
-60,-76,820.5042783998198
-61,-76,394.28443038538865
-62,-76,270.45263492999254
-62,-77,63.12848488567815
-63,-77,265.3647171266516
-64,-77,424.66771063354076
-64,-76,324.44106572694244
-63,-76,420.8690229275868
-64,-76,499.9735899664405
-65,-76,295.9645439630163
-65,-77,816.6497440505177
-64,-77,126.2569697713563
-64,-78,295.9645439630163
-65,-78,540.0118441427535
-66,-78,311.10841441974344
-65,-78,738.4920113472896
-66,-78,429.7655287230566
-65,-78,882.3854135883412
-65,-79,679.2837194294021
-65,-78,473.5432703408261
-66,-78,819.8090722153497
-67,-78,110.47484854993675
-67,-79,459.1405278964825
-67,-80,182.08492692659914
-67,-79,498.41351213663614
-68,-79,394.6119802114034
-69,-79,397.75537614230956
-70,-79,454.8396824166464
-71,-79,448.09942814609224
-72,-79,455.0079062694183
-72,-80,459.72266564785383
-73,-80,247.08831896531848
-74,-80,364.1291315508446
-75,-80,584.5320918722382
-76,-80,578.930133360454
-77,-80,424.66771063354076
-78,-80,394.6119802114034
-79,-80,126.2569697713563
-79,-81,761.2580972575257
-80,-81,728.0868707114025
-79,-81,531.5298965158561
-79,-82,908.4908194978774
-80,-82,473.53437625368406
-80,-83,755.8219660159774
-81,-83,661.8293270490153
-82,-83,709.9692614364105
-82,-84,666.076468955448
-82,-85,516.7131071382553
-82,-86,435.8842331373847
-83,-86,414.35036154822285
-84,-86,295.9645439630163
-85,-86,188.07036418253153
-85,-87,611.7946760882661
-86,-87,319.36699350454336
-86,-88,343.88124637643807
-86,-87,375.16725052071126
-87,-87,315.6895841691227
-88,-87,304.55109357813416
-89,-87,295.9645439630163
-89,-88,306.2562891258583
-90,-88,243.08610767495014
-90,-89,385.8595207026017
-91,-89,590.6132391541353
-92,-89,596.0340099197882
-92,-88,723.5400920514284
-92,-89,344.4099591632024
-92,-90,273.90605617116466
-93,-90,236.77163517041305
-93,-91,315.6895841691227
-94,-91,258.78125686269146
-94,-92,834.0104731182614
-93,-92,552.4567722959648
-94,-92,688.0589353644202
-94,-93,509.6012527602489
-95,-93,487.2989354610902
-96,-93,473.53437625368406
-96,-94,473.53437625368406
-97,-94,496.15659989927514
-98,-94,424.66771063354076
-98,-95,394.6119802114034
-99,-95,63.12848488567815
-99,-96,109.08142424133212
-99,-97,264.8447558198435
-99,-98,236.77163517041305
-98,-98,204.86645095622436
-98,-99,671.0971918035835
-99,-99,414.35036154822285
-99,-100,355.1574527556196
-98,-100,553.0811227947808
-99,-100,605.6037611807051
-100,-100,636.1438064117355
-100,-99,179.36592558460487
-99,-99,260.1590639772623
-99,-98,432.6864646749722
-99,-97,437.90650983252897
-99,-98,394.6119802114034
-99,-97,513.7101415586973
-99,-96,443.02628253194075
-99,-95,540.3552851858329
-98,-95,480.16651624057283
-98,-94,641.75155707709
-98,-93,566.7004998627854
-98,-92,326.85262572918464
-97,-92,394.6119802114034
-96,-92,427.83454198017876
-96,-91,579.9685964868272
-95,-91,427.21863525031756
-94,-91,600.7821130970937
-94,-90,314.3869301495979
-94,-91,344.4235345994085
-94,-90,245.1730153339848
-94,-89,414.35036154822285
-94,-88,728.7342774683611
-94,-87,473.5432703408261
-93,-87,978.9702878222356
-93,-86,224.06437986516772
-93,-85,497.92680307462194
-92,-85,404.810574529852
-92,-86,250.64397488375965
-92,-85,357.21845127133423
-92,-84,656.2756166797461
-92,-83,418.00013839876226
-92,-84,356.9195925845129
-91,-84,63.12848488567815
-90,-84,315.6895841691227
-91,-84,110.47484854993675
-90,-84,594.534794886957
-89,-84,532.5831227196331
-88,-84,475.6729717838354
-87,-84,483.85215031654496
-86,-84,341.5387239251606
-85,-84,253.20703275745592
-85,-83,769.2549827282862
-85,-82,611.7857688742163
-84,-82,414.35036154822285
-84,-81,295.9645439630163
-83,-81,330.6846640732053
-82,-81,580.2988242311741
-81,-81,136.7917002014402
-81,-80,643.1725472676221
-81,-81,604.2090132544731
-80,-81,699.9664449854727
-80,-82,733.483972604735
-80,-81,445.99324941811307
-80,-82,476.97779381516784
-80,-83,509.6012527602489
-80,-82,134.05109644028437
-80,-81,469.9446963074362
-81,-81,579.8991738704008
-80,-81,640.3684676406318
-80,-80,594.534794886957
-80,-81,310.2069286881423
-80,-80,452.61851715557395
-80,-79,424.66771063354076
-79,-79,522.0972609071611
-79,-78,270.93176814517085
-79,-77,393.1483996551035
-79,-78,552.4567722959648
-79,-77,715.4098083909824
-80,-77,773.894313815092
-80,-76,126.2569697713563
-80,-75,509.05827336774144
-80,-74,130.76454185157948
-79,-74,357.18292720247973
-78,-74,355.1574527556196
-78,-73,254.109547872557
-77,-73,282.47745191585426
-78,-73,857.0638060445866
-78,-72,545.5223060277402
-78,-71,527.7614038405658
-77,-71,409.18823890806004
-77,-70,441.93882335743405
-77,-69,236.77163517041305
-76,-69,315.6895841691227
-75,-69,408.50160848847565
-74,-69,473.53437625368406
-74,-68,432.15948282279714
-74,-67,380.3931282542578
-73,-67,399.16395424053394
-73,-66,305.8413131152558
-72,-66,612.9880180270043
-72,-65,714.7410228016481
-71,-65,960.6105182150673
-70,-65,552.4567722959648
-70,-64,456.64604466676474
-70,-63,70.97771385653984
-70,-62,349.2529770412307
-70,-61,295.9645439630163
-69,-61,505.9955446238537
-68,-61,329.573310468708
-67,-61,646.1212746209794
-67,-60,318.7285142735516
-67,-59,691.6702980123761
-67,-58,1089.7102826479995
-66,-58,606.9668061316436
-66,-57,224.6335288641478
-66,-56,474.0443241705895
-67,-56,729.654653813788
-67,-57,308.64752802218743
-66,-57,561.3707271779122
-66,-58,472.38800430099974
-66,-57,617.1590942960927
-65,-57,562.2996620628265
-64,-57,761.6181979797769
-64,-56,511.74791402508976
-64,-55,594.534794886957
-64,-54,830.9166741046853
-63,-54,398.78893415942514
-63,-55,587.3916355489429
-63,-56,496.7067880491687
-63,-55,584.3090864628546
-63,-54,326.2370789368777
-63,-55,641.8793430767062
-62,-55,202.8425905130066
-62,-54,501.4376892859063
-62,-53,804.3649228234099
-62,-54,733.4052791504123
-62,-53,493.1030684118357
-62,-52,555.5621463099002
-62,-51,702.2239199869142
-62,-50,509.7337779078131
-61,-50,756.7084170432715
-61,-49,680.4720660748944
-61,-48,441.5278927605025
-61,-47,944.703946781682
-61,-46,68.30264241850874
-61,-45,284.65239635384125
-60,-45,355.1574527556196
-60,-44,542.5504880076251
-60,-43,509.6012527602489
-60,-44,599.8360059586989
-60,-43,316.9951219499417
-60,-42,355.1574527556196
-60,-41,363.7789959952772
-60,-40,866.4810530908642
-61,-40,640.1713881875958
-62,-40,699.7416258659005
-63,-40,478.9082230624754
-64,-40,597.7961791793209
-65,-40,550.0261122176931
-66,-40,594.534794886957
-65,-40,512.8498894659284
-66,-40,809.4894967434144
-67,-40,793.5534513333836
-68,-40,528.1244380127971
-69,-40,589.2101454310384
-70,-40,355.1574527556196
-69,-40,552.891800466386
-70,-40,598.9211921515979
-71,-40,552.4567722959648
-72,-40,295.9645439630163
-73,-40,328.0845789426528
-74,-40,497.8884272960498
-75,-40,809.1706634512408
-76,-40,607.348566899532
-75,-40,315.6895841691227
-76,-40,315.6895841691227
