0,-99,97.26273528196334
0,-98,103.51980355452004
0,-97,128.6652199718581
0,-96,88.78982022950964
0,-95,97.26273528196334
0,-96,158.82450143455156
0,-95,278.1099483006574
0,-96,285.32357416466033
0,-97,170.20978674343584
0,-98,358.1990922600137
0,-99,179.0506872169671
0,-98,147.24362207773837
0,-99,138.01916688782205
0,-98,121.57841910245418
0,-97,152.74542705913686
0,-96,131.16829496569736
0,-95,169.0620325596404
0,-94,138.61720279926018
0,-95,152.85680822091467
0,-94,174.33762433664384
0,-93,208.3398919825836
0,-92,186.72648165787885
0,-91,225.1641349507517
0,-90,310.13638534297377
0,-89,216.4395275106684
0,-88,163.86615615128366
0,-87,158.79056436552514
0,-86,160.83152496482262
0,-85,159.20456180436616
0,-84,225.41520747542188
0,-83,170.20978674343584
0,-82,170.22746786063652
0,-81,170.20978674343584
0,-80,254.41368972932102
0,-81,417.50229697475424
0,-80,137.2267708364155
0,-79,128.19695926385285
0,-78,108.64731365379258
0,-77,121.3429087529111
0,-76,187.6919233417167
0,-75,138.22963653366202
0,-74,173.5900276629113
0,-73,147.9053472169332
0,-74,253.6042145486478
0,-73,217.81002619678003
0,-72,104.1461459907493
0,-73,155.09846050284074
0,-72,174.66958914916142
0,-71,155.55389016956408
0,-70,152.169989502382
0,-69,218.93622649712387
0,-68,274.00435530371925
0,-67,257.2296890437129
0,-66,194.71473378864354
0,-65,253.00227251016392
0,-64,166.9438089515433
0,-63,154.22273466119205
0,-64,300.651517470004
0,-63,151.80674458924798
0,-64,166.3048247237636
0,-63,209.61712129423753
0,-62,208.82430777995714
0,-61,180.33567076449145
0,-60,239.77339435704081
0,-61,277.0902142578581
0,-60,200.856837756316
0,-59,160.94958359734352
0,-58,275.12685247335116
0,-57,181.1763470362015
0,-56,185.8499329440706
0,-57,236.37741136898188
0,-56,314.0537803616223
0,-57,235.59386139801998
0,-56,292.27899993103335
0,-55,209.27383594241974
0,-56,281.63475217719497
0,-55,190.93088534644494
0,-54,220.676520855526
0,-53,203.6041522071148
0,-52,240.02873562225847
0,-51,252.599382960164
0,-50,269.106094041085
0,-51,247.3777101472868
0,-50,379.13482159655837
0,-49,237.43950731874023
0,-48,179.46164475032532
0,-47,252.97436490562544
0,-46,210.34117923702692
0,-45,199.46163119395564
0,-44,222.97989943361893
0,-43,182.85868686503727
0,-42,297.2391096587073
0,-43,153.08176126991756
0,-42,261.3762104013369
0,-41,152.93984065065305
0,-42,237.0068318049188
0,-41,312.2387893823575
0,-40,231.32730416530524
0,-39,289.18987970300554
0,-38,198.82567587910586
0,-37,262.1441543413404
0,-38,275.9985292336645
0,-37,236.73016861697292
0,-36,202.21125197699124
0,-37,223.94236624804188
0,-36,233.66127710232638
0,-35,174.97526517187927
0,-34,154.9781875071082
0,-33,168.1837086655971
0,-32,142.56241331636178
0,-33,188.41722161410604
0,-32,215.4561883594063
0,-33,257.8709338825796
0,-32,243.48780000994626
0,-31,285.8536057607064
0,-30,205.58180129687057
0,-29,235.22060327285504
0,-28,234.46163602499564
0,-27,300.1725741189993
0,-26,332.2988384983208
0,-27,194.89752589346728
0,-28,203.39240059883264
0,-27,183.9606997233001
0,-26,243.41062461969562
0,-25,216.77651800389185
0,-26,185.40679389696692
0,-25,253.4380897071522
0,-24,224.62046829931612
0,-23,168.707691768112
0,-22,195.1762304191331
0,-21,252.4285340935569
0,-20,369.3872689506496
0,-19,263.20763768354266
0,-18,313.45368616471785
0,-19,293.016553516809
0,-18,295.64483429832785
0,-17,377.9348250471041
0,-18,220.488133200079
0,-17,213.92200516433468
0,-16,244.42933973690361
0,-15,205.13194455790097
0,-16,266.6630167758808
0,-15,217.79332553640867
0,-16,249.19370888865387
0,-17,246.92160885220719
0,-16,254.5309215304473
0,-15,226.97918393671563
0,-16,311.8971760048227
0,-15,306.78154440231697
0,-14,215.78870248834883
0,-13,228.19116214799337
0,-12,207.7152181878035
0,-11,234.24965154456532
0,-12,231.74372189339496
0,-11,279.4034095880177
0,-10,346.5659489630312
0,-9,525.9820581741051
0,-8,239.16468232047853
0,-7,389.22575396436577
0,-6,282.12583307578615
0,-5,148.5677997184642
0,-4,371.8548920858798
0,-3,324.7198500899574
0,-2,256.04016660639013
0,-1,242.28343030225955
0,0,290.3781551914053
0,1,309.539272973935
0,2,372.3819555760146
0,3,272.6148812827804
0,4,635.8779179513756
0,5,148.4027015666779
0,6,141.09210597809712
0,7,144.53475663708667
0,8,167.11942610550693
0,9,174.98086681188602
0,8,360.40262623438105
0,9,269.1011898100955
0,10,263.7977935647644
0,11,287.76682553246974
0,12,297.2723373908963
0,11,231.96550540753893
0,12,296.37669906865665
0,13,285.93749520543133
0,14,356.48271700613225
0,15,262.8229023028329
0,14,148.61234482431772
0,15,174.54296902187394
0,16,255.62413222516932
0,17,145.84138169080074
0,16,114.46652908125935
0,17,303.46862715913346
0,16,269.9289090403307
0,17,255.25329034426812
0,18,383.98794152215635
0,19,433.24213586018607
0,20,258.8786300302592
0,21,297.1698258876804
0,22,442.6052960122529
0,23,320.3687479396358
0,24,432.66427025132293
0,25,304.9547814317351
0,26,278.1261468842723
0,27,404.33856677415184
0,28,265.3531928039806
0,27,298.10304222424355
0,28,318.5870226438781
0,29,331.66801196846933
0,30,233.6422276755481
0,31,191.89338312070186
0,32,231.6193008586016
0,33,199.69428755881896
0,34,189.8510717408007
0,35,144.0023105696813
0,36,289.8723063453041
0,37,163.56169713841564
0,38,241.50437784577971
0,39,217.66081784208242
0,40,303.55931685087216
0,39,251.54120685690845
-1,39,257.367505852711
-1,38,358.5627120883089
-2,38,160.4159435795016
-3,38,276.81023441914385
-4,38,239.9627338827558
-4,39,196.43686208594187
-5,39,202.70385864562127
-6,39,249.66520905264946
-7,39,324.5577616598994
-7,38,281.24747517863517
-6,38,298.97970662234775
-6,37,299.3606068740906
-6,36,284.69609803909015
-7,36,257.8347478868591
-7,35,305.972347145158
-7,34,345.03964983534934
-8,34,242.80258020114613
-9,34,224.02189652758568
-9,33,305.33958172547915
-10,33,293.36388901895276
-11,33,241.52056761035766
-11,32,123.36443713566392
-12,32,157.2969107893365
-13,32,156.32091343562075
-14,32,158.0590424734051
-15,32,149.01854031186372
-15,31,231.88341983572002
-14,31,169.96086538167023
-14,32,204.97058970875003
-15,32,216.46761785381264
-15,31,167.5957952050194
-16,31,242.71227390930076
-17,31,214.47056572593786
-18,31,254.03525126700026
-18,30,256.984260359212
-19,30,357.9719489543455
-18,30,199.06555854957196
-19,30,179.25050769639745
-20,30,261.24174610943726
-21,30,196.57442470958307
-20,30,213.57157602046536
-21,30,157.88917865445683
-22,30,187.55473266294786
-23,30,176.1986223160439
-24,30,265.2345936429949
-25,30,295.7056912363814
-26,30,174.07273989500655
-27,30,184.55130835569037
-28,30,148.30994320717988
-28,29,179.72735668556913
-29,29,192.48387809255024
-29,28,169.73909241519186
-30,28,149.86062285141568
-30,27,225.76599022923307
-30,26,214.46135895557018
-31,26,176.88776078137084
-31,25,262.314940439282
-32,25,187.56750521078436
-32,26,167.155922765404
-32,25,140.24486485823468
-32,24,173.73470043087218
-33,24,279.5831481657406
-33,25,365.6780135121201
-33,24,238.8689981463858
-34,24,308.70328143905755
-34,23,327.2083638179566
-35,23,285.58122228903505
-35,22,251.1136787640951
-34,22,322.02738270054687
-35,22,301.03371034119044
-34,22,258.74322368828484
-35,22,304.063495453311
-36,22,256.20762127848167
-37,22,259.57668484698706
-37,21,232.62207984537824
-37,20,283.8720636669838
-38,20,193.1033991377118
-39,20,299.9069320781792
-40,20,184.9938412367387
-39,20,236.6113298044649
-39,19,354.85207963229215
-38,19,145.23915008784937
-37,19,231.45766301086798
-38,19,205.99027501122202
-38,18,154.88464276161943
-37,18,170.24499987227614
-36,18,185.55886143106778
-35,18,174.64629731032758
-34,18,175.79202081075044
-34,17,271.75154671068975
-34,16,197.31567002280173
-33,16,541.7452636872183
-32,16,275.49760591354027
-32,15,222.76818759300212
-31,15,352.1556060536724
-30,15,260.20386317963863
-29,15,233.28604027225305
-28,15,222.2968388901415
-29,15,239.47834733702047
-29,14,230.7975771833425
-28,14,239.21173728555814
-27,14,448.188221833332
-26,14,347.4491813411439
-26,15,243.96439011033686
-26,14,226.9062525357935
-27,14,233.9737339178748
-26,14,200.9612742065674
-25,14,144.20157057247079
-26,14,177.04482193068088
-27,14,194.3549429799066
-26,14,195.4910709942281
-26,15,327.06332564125773
-26,14,206.04417641983372
-26,15,419.7706416661712
-25,15,233.04286917629898
-24,15,306.9244846681811
-23,15,178.43059423560396
-22,15,165.02491568878617
-22,16,158.27953708996725
-21,16,150.19899793958294
-21,15,194.08861844063537
-22,15,230.8180953285429
-21,15,239.14212418254658
-22,15,272.7124848938182
-22,14,239.78517514366393
-22,13,386.00569322067594
-21,13,216.54003928419223
-20,13,205.03315736447945
-19,13,271.9100274207141
-20,13,244.74057336799677
-19,13,200.60957999158313
-18,13,229.64042797349367
-17,13,232.37426942114325
-18,13,657.4598675880942
-19,13,251.86084005090038
-18,13,350.054668536532
-18,12,228.69319200302948
-19,12,203.36337400760502
-19,11,170.4045696090753
-18,11,184.97419876910453
-17,11,208.50571281187527
-16,11,183.426795830176
-16,10,195.52052830520955
-16,11,171.5804892498933
-16,10,242.1417083154504
-16,9,300.54374970172785
-15,9,460.93256739673336
-14,9,300.0204688088183
-13,9,373.89604886893625
-13,8,457.04522304288577
-14,8,431.5705390968664
-14,9,262.96380654832785
-13,9,282.6571929446749
-12,9,261.5105753576829
-11,9,464.67658217291773
-10,9,239.68716591108043
-9,9,295.7577990338891
-9,8,221.03965688791044
-8,8,399.9388697675681
-8,7,266.9344553110257
-7,7,255.86428845781631
-6,7,179.06656503752623
-6,6,207.5432499276856
-5,6,423.89591990443796
-6,6,202.63565597607678
-5,6,210.68850494186816
-5,5,279.8803176928815
-5,4,457.602115430365
-4,4,521.8924724237629
-4,3,262.6237619394665
-5,3,262.09310786017045
-4,3,337.2049959663224
-4,2,305.637210531224
-4,1,262.21346062584973
-4,0,266.30005482081174
-4,1,262.6398519652135
-3,1,204.50635760252396
-4,1,139.55565385504738
-3,1,164.3205101583876
-3,0,172.4404989083192
-2,0,160.8955325368735
-1,0,166.94567736987608
-1,1,162.55737600121623
-1,2,173.33058492217165
-2,2,274.64287889292785
-1,2,202.67747718260523
0,2,187.7882961123272
1,2,396.36226389528395
1,1,263.15042777289597
2,1,306.4597571349743
2,0,253.52890708958927
2,-1,363.5649442842833
3,-1,318.7419909795302
4,-1,262.6537153961192
5,-1,266.5730478956757
5,-2,299.39789824680025
6,-2,173.1418826183678
7,-2,132.50748237713418
7,-3,248.57895707974419
8,-3,155.32904201089374
9,-3,97.20134499105706
10,-3,152.39816094461773
11,-3,206.92977164470062
12,-3,218.6119000926313
12,-4,148.65212446422905
12,-5,153.21133660691262
11,-5,527.3957651947316
12,-5,314.9848060157032
12,-6,285.7875749025952
13,-6,289.9574759857881
14,-6,443.1094431818135
13,-6,207.93128673531743
13,-7,214.3557502209175
13,-8,261.91677568508317
12,-8,221.2101324959795
13,-8,241.60726505782037
13,-9,410.75989799979317
14,-9,321.01575170115535
15,-9,220.7581130215508
16,-9,236.70414362982643
17,-9,201.47602047843313
17,-10,319.83787497526345
18,-10,262.88433263809645
18,-11,298.15316356169126
19,-11,327.22518577958715
20,-11,258.82214623475977
20,-12,227.13607427240703
21,-12,146.91746736732568
21,-13,163.78995622942222
21,-14,209.40460112690153
22,-14,198.8918016147505
22,-13,251.3168575568144
23,-13,248.51534576239928
24,-13,221.03024457220883
25,-13,402.0534993357184
25,-14,349.22921421068486
26,-14,191.94791206344692
26,-15,226.42173108366552
26,-14,385.44313392057006
26,-15,186.1627861139435
26,-16,230.2447879284146
27,-16,159.42137516629163
27,-17,160.95234985374088
27,-18,150.62822133512705
28,-18,162.67427766946912
29,-18,144.7104843980621
29,-17,243.4568932437286
29,-18,249.07874063541146
28,-18,176.91212310540124
28,-19,154.94559379733465
28,-20,226.5098982588595
27,-20,255.2318691947191
27,-21,355.2587343159127
28,-21,237.52858609258863
28,-22,302.7709993250603
29,-22,273.03025208505045
29,-23,158.92989141172157
30,-23,198.18530207241167
31,-23,243.05875146727067
31,-24,154.7535907874476
31,-25,251.32633323630478
32,-25,281.8060176583184
33,-25,268.2119801598635
33,-24,306.663215825147
34,-24,367.2848096201335
33,-24,319.643406195369
33,-25,451.1419052436902
34,-25,367.29910893833676
35,-25,254.8370411062202
36,-25,298.88401485618255
37,-25,302.7339697677107
38,-25,182.46651518636057
37,-25,155.07634590789266
38,-25,128.93693387087404
39,-25,124.62465579053423
39,-26,106.91577489679986
40,-26,157.29360240277768
41,-26,150.56479916311866
41,-27,164.08312240284377
40,-27,205.82761294488859
40,-28,187.65221496908836
41,-28,179.20816883139923
42,-28,220.25344564868385
43,-28,138.90944570251668
44,-28,161.24414705583433
45,-28,165.57112515081758
46,-28,311.7351097715021
47,-28,244.6677640811294
48,-28,249.28684662078146
48,-29,207.44830861138524
48,-30,230.0730093710157
48,-29,137.457942726422
48,-30,198.91086012316865
48,-31,166.41481725470797
48,-32,197.68457999551504
49,-32,155.0370045620221
48,-32,217.01145229641145
49,-32,156.32631001241407
50,-32,193.03594825015023
51,-32,218.71986323551585
52,-32,199.87182644889236
52,-33,265.9281577472695
52,-34,241.64712147309808
53,-34,258.1085560029762
53,-35,253.0784111190184
54,-35,306.35493810381786
55,-35,344.3776709816244
55,-36,181.5996740847165
56,-36,299.41173951868495
57,-36,212.43741955119935
58,-36,217.2619198776409
58,-37,241.6316327647969
58,-38,128.68907432222483
58,-39,144.62556014357406
59,-39,152.00783222588308
59,-40,129.89766869815523
60,-40,153.88079731527057
61,-40,148.39650251848866
61,-39,154.61171277160452
62,-39,156.63852133265877
62,-38,128.81277687985144
62,-37,214.52721794031365
62,-36,211.58014436720117
63,-36,211.97435062453062
64,-36,218.1675917447436
64,-35,217.1961845883506
64,-34,97.26273528196334
64,-33,123.23406600263405
65,-33,122.60624577429826
66,-33,110.05795683249399
66,-32,112.2388104747951
66,-31,252.13064848661213
66,-30,199.00566378287033
66,-29,259.78286409230657
66,-28,246.4224353570956
66,-27,163.26742252213432
66,-26,124.52332291814578
67,-26,157.32671273034418
68,-26,223.51985894669738
68,-25,142.0531130854632
68,-24,171.47349979064023
68,-23,267.8290689332655
68,-24,231.6889353496432
68,-23,242.41404302076938
68,-22,253.21895507972772
68,-21,238.61038048971122
68,-20,285.5463361865799
68,-21,239.6083795487059
68,-20,323.87739973445247
68,-19,277.7945032506643
68,-18,441.09440946670605
68,-17,170.0574143291383
68,-16,162.58396414796465
68,-15,206.21617146865464
69,-15,154.3393681759648
70,-15,149.1027306752361
71,-15,181.554024818237
71,-14,166.34266852232537
71,-13,267.9851369030783
71,-12,202.53371453815382
71,-11,205.18546681308692
70,-11,336.4446590885213
70,-10,228.06779141612043
71,-10,354.4595018683732
72,-10,202.2229554241635
73,-10,351.4977483954663
73,-9,197.652619397373
73,-8,137.78891429067573
73,-7,154.43770299732194
73,-6,157.79972449825604
72,-6,128.67620341643888
72,-5,138.98087728907495
72,-4,151.93626692864183
72,-3,167.40756465684814
72,-2,169.19461563408956
73,-2,159.83777283768998
73,-1,142.8360952963939
73,0,136.56227742004995
74,0,120.31883605331838
75,0,111.95412886162954
75,1,198.37945896337533
75,2,151.1743664236653
75,3,133.55149860095548
75,4,104.1461459907493
75,5,193.95785541063356
76,5,176.33394416613135
76,6,179.59071263533008
76,5,145.89410292294502
76,4,178.81404532565998
76,5,145.89410292294502
76,6,207.0092346502111
76,5,196.22009657619392
76,4,180.86858350141762
76,5,276.00700695704796
76,6,228.1338882317954
76,7,224.8253215060198
76,6,97.26273528196334
76,7,121.19926609346699
76,8,186.9700078026263
76,9,139.19014469347928
77,9,168.1942351920581
77,10,166.1739595138589
77,11,148.32518575627597
77,12,111.36808913797333
78,12,100.47803579330476
78,13,121.34067830199088
79,13,232.92435124452635
79,14,274.5113908332714
79,15,234.63354476526786
78,15,189.8776324959642
78,16,200.13343376525074
79,16,145.89410292294502
80,16,145.89410292294502
80,17,145.89410292294502
80,18,145.5571525990884
80,17,145.89410292294502
80,18,221.9021625523219
80,19,145.89410292294502
80,20,145.89410292294502
80,19,164.23541896775507
80,18,186.24503453871404
79,18,219.04706826535255
78,18,219.3742481011935
78,17,121.57841910245418
78,16,262.1866899267548
78,15,141.37429864027635
78,14,109.79908871472699
78,13,83.31691679259944
77,13,117.00357960059837
76,13,107.2541278320648
76,12,121.12977379071651
75,12,146.01762066122137
74,12,110.33081871965258
73,12,131.77796785340783
73,13,153.1080814207728
72,13,136.90957949215263
72,12,170.20978674343584
72,13,208.24315553078122
71,13,324.82901777624056
70,13,227.77901848429806
70,12,344.88530947100884
70,13,331.68271895755163
70,12,150.12723019523952
70,11,195.09337699758987
70,12,217.40574710904855
70,11,161.32074579843754
70,10,148.31426102495527
69,10,177.51421831263437
69,11,192.462415281508
69,10,163.02491874015584
69,9,150.2667787510454
68,9,128.45084488017767
68,10,125.55613756494914
68,9,117.7045263660296
68,8,105.0091420841472
68,7,121.33303363683027
68,8,152.25305305328877
68,7,142.5129780859109
67,7,160.83152496482262
67,6,185.19198696145958
68,6,162.304103842898
67,6,144.89902577700104
67,5,121.57841910245418
66,5,153.62666408251258
65,5,195.8635970002257
66,5,123.85520260478147
67,5,204.98583872081102
67,4,211.52106903683662
67,3,236.7459802916018
67,2,254.7460705317451
68,2,189.43098650647192
67,2,145.98036812357998
67,1,165.4460212069115
67,0,136.95337893613083
67,-1,168.52191808274944
66,-1,150.58121184176375
65,-1,276.1499591878246
64,-1,238.0543863869264
64,-2,175.84428221305376
65,-2,288.2243530692096
64,-2,189.07655243217383
63,-2,186.0602361672539
64,-2,207.32812059194805
64,-1,185.77765479733418
64,0,153.6083535994279
63,0,156.1315264796538
63,-1,207.26023766779863
62,-1,283.94474629078667
62,-2,195.59049919545103
62,-3,214.19106014415868
61,-3,207.19142400289033
61,-4,345.1929512527913
61,-3,274.16469107128245
60,-3,166.6338335851989
61,-3,246.21760986834727
60,-3,250.13966643866692
59,-3,368.1739338577978
59,-4,182.59554297745132
59,-3,232.4817491190553
58,-3,174.9711044950389
57,-3,322.5834820218694
57,-4,191.1210706490071
57,-3,129.98276419172305
57,-4,167.5542335016732
56,-4,157.69336376006507
55,-4,130.50051134446446
55,-5,213.2811038146341
55,-6,235.64060627076327
55,-7,177.06888595125795
55,-8,189.07051043067526
54,-8,196.39555574345576
55,-8,133.66599124093707
54,-8,154.93603729269296
53,-8,126.34599916568459
53,-9,150.12087519338496
52,-9,139.52237587287516
51,-9,228.89626789667088
51,-10,256.78738838325035
52,-10,180.70818154456526
51,-10,394.52359085558766
51,-11,376.6366885506619
50,-11,186.75628228419058
50,-12,202.28414025773375
49,-12,152.2381711613898
49,-13,170.3256103390827
49,-14,229.5372521722584
49,-15,191.35763102415135
49,-14,175.29281641483897
48,-14,172.4778191041224
47,-14,129.4388339359286
47,-15,129.16201483850278
46,-15,307.021585615037
46,-16,213.90742985353725
46,-17,255.16534021824668
45,-17,215.33023528555327
45,-18,204.9108947380431
45,-19,191.46411775031288
44,-19,155.811090564808
44,-20,265.7725829190429
44,-21,193.22987770957
44,-22,153.6029845332411
43,-22,353.23868923256435
42,-22,316.53281950809617
41,-22,220.21539150031722
41,-23,353.54634426950014
41,-24,206.7568438748208
40,-24,212.39764969959617
39,-24,241.00255058040347
39,-25,185.9547330393679
40,-25,278.2870024629086
40,-26,302.82446687964983
40,-27,286.47862149251233
41,-27,244.31971999912355
41,-26,170.20978674343584
40,-26,306.3693002427915
39,-26,224.91420169218298
38,-26,201.28907438998556
38,-27,186.53850129398697
37,-27,383.2797250308047
38,-27,212.76711969192723
37,-27,321.47653693875907
38,-27,195.50018643443036
39,-27,271.1315704111072
39,-28,164.6662766156879
38,-28,176.64358474106893
37,-28,126.70368163123541
36,-28,215.33561617689975
36,-27,338.46219701623767
35,-27,210.93818547645785
35,-28,289.68031346481285
35,-29,357.9657104194555
36,-29,187.04665421655852
35,-29,155.75802063007544
36,-29,193.16446384139334
37,-29,285.03742209638966
37,-30,174.2651142499707
37,-31,170.63848612883157
37,-32,143.7685893536085
37,-33,131.06345228633268
36,-33,205.2132312651181
35,-33,134.0765337106568
35,-34,262.1982099855717
34,-34,409.49582929875646
34,-33,224.64266616615498
33,-33,273.9555758777169
33,-32,353.71163370979946
32,-32,282.21320596695404
31,-32,283.13208075266
31,-33,273.77986591538905
30,-33,236.76006335461017
29,-33,421.9961408911344
29,-34,240.97472087772428
29,-35,295.2638629193073
28,-35,257.68841680237927
27,-35,197.62199130452373
26,-35,230.88972472295706
25,-35,185.93668710784087
24,-35,128.5183280664672
24,-36,153.88775648238874
25,-36,154.89856522264034
24,-36,171.39644454403302
23,-36,216.99779899090908
22,-36,268.6500803724675
22,-37,281.47884669391357
21,-37,273.9843718123054
20,-37,260.19781843167084
20,-38,163.81874151120485
20,-37,219.1825950736672
21,-37,159.25861209973004
20,-37,268.549626187933
20,-38,187.11178666150022
21,-38,152.2044115276125
20,-38,152.54595050650195
20,-39,188.41307792308947
20,-40,149.27854881078116
20,-41,154.3012777839059
19,-41,157.2836562582827
19,-42,234.17850878239648
19,-43,252.63892646030925
18,-43,272.2162840043985
18,-44,284.3708256254555
17,-44,271.90619195834734
16,-44,197.9468075210399
15,-44,181.19929143541935
15,-45,192.17794822007318
14,-45,213.5335575907576
14,-46,209.1893096360004
13,-46,255.33263622437445
12,-46,227.76621870710434
12,-47,305.95031125327
12,-48,219.14157135069786
12,-49,244.38073721688528
12,-50,252.95190728895017
13,-50,283.43590080717263
12,-50,239.32162045570686
13,-50,251.89593659370854
13,-51,108.0940551787791
13,-50,143.09639314233823
14,-50,190.9605004098441
13,-50,205.302419732672
13,-51,164.1288601265543
13,-52,154.90868243115017
12,-52,161.11262468637915
11,-52,183.43912207103176
11,-53,152.2381711613898
11,-52,172.63964179570112
10,-52,238.52738954770555
9,-52,154.52926045200573
8,-52,183.98965018704772
8,-51,190.8610170167641
7,-51,187.14527788336866
7,-52,242.91031281792598
7,-53,226.04570809417703
6,-53,233.82625947122548
5,-53,287.63327634219803
5,-52,291.59136463413995
4,-52,585.7207169085499
4,-53,273.57679049210225
4,-54,249.92589955856334
3,-54,486.21623395659753
3,-55,297.7163276395413
4,-55,133.16421035715294
3,-55,184.76434350823925
2,-55,176.2082207201721
2,-54,149.32594917201448
3,-54,184.2592391898803
2,-54,230.98694690159752
1,-54,302.81872790632116
0,-54,230.2008379280162
-1,-54,295.7011138204878
-2,-54,203.74440678595778
-3,-54,295.24020884373135
-4,-54,403.6670701374975
-4,-55,234.8839924779628
-5,-55,198.42728318853923
-5,-56,223.12625910528968
-6,-56,345.05399122979287
-6,-57,260.73715020739894
-5,-57,365.39764472274123
-6,-57,208.04923731844184
-6,-58,251.38151048302365
-7,-58,193.37319749432277
-7,-59,215.68953260774674
-8,-59,195.1185051796112
-8,-60,189.34964329667585
-9,-60,209.99740862273
-10,-60,194.18412158523932
-10,-59,151.67086823049056
-9,-59,180.1532206437703
-10,-59,171.390996591685
-11,-59,210.25399916092977
-11,-60,243.5810738582237
-10,-60,214.2116721553889
-11,-60,221.99061388415765
-10,-60,258.7392926683597
-10,-61,262.9407146668119
-11,-61,237.58925366411253
-11,-60,219.09321182129952
-10,-60,350.9584984755911
-9,-60,333.4587292168041
-8,-60,315.2534622537326
-9,-60,210.35520442874014
-10,-60,243.48289761901975
-11,-60,241.35158647991287
-10,-60,227.20383333859772
-11,-60,369.3731832789045
-10,-60,225.58663224731922
-11,-60,206.78663760387127
-12,-60,187.27042700367497
-13,-60,249.09101616925633
-13,-61,215.8297907501605
-12,-61,209.59420619721612
-13,-61,377.1663092472777
-13,-62,354.123435154982
-13,-63,354.6267394051349
-14,-63,213.35513784367188
-15,-63,157.7085747919369
-16,-63,117.38635262281869
-17,-63,130.64877635636316
-18,-63,156.83663938906204
-19,-63,118.9829994793003
-19,-64,219.6719093823151
-20,-64,273.7020807940947
-21,-64,178.45172141552646
-21,-65,152.60728159628525
-21,-66,179.41551497187254
-22,-66,238.80654247075574
-22,-67,159.90302830981534
-22,-66,143.98214621148102
-23,-66,138.96228857137424
-23,-67,141.41528958095168
-22,-67,230.22138491523577
-22,-68,173.00203219681194
-21,-68,209.78999886765826
-22,-68,189.35917237843358
-21,-68,268.01996647423886
-21,-69,196.83870105027904
-22,-69,163.0162288288334
-23,-69,307.8721546430459
-24,-69,192.99782995778716
-25,-69,158.23174264408087
-25,-70,201.929299881262
-26,-70,199.9510276412642
-26,-69,164.92953755097912
-26,-70,194.4271046504329
-27,-70,193.66735227426432
-28,-70,174.90014473848333
-29,-70,224.83821637648958
-29,-71,203.81446663642026
-29,-72,509.2113346151324
-29,-73,230.18604217607077
-30,-73,297.7394993944605
-31,-73,217.10207236940323
-31,-74,214.6653255659453
-32,-74,198.20154202838742
-32,-75,313.13803851817494
-33,-75,167.23621389583417
-33,-76,165.0427778810703
-34,-76,197.0017972629703
-34,-77,368.02401305552746
-35,-77,199.45453860866502
-36,-77,185.44176743176212
-36,-78,170.20978674343584
-37,-78,175.71265140813466
-38,-78,212.5174889645853
-38,-77,184.9660843111603
-38,-78,200.2246266851621
-38,-79,121.57841910245418
-37,-79,191.37962584942542
-36,-79,139.76814554714142
-37,-79,154.62467488248367
-38,-79,442.2366818741814
-39,-79,399.9204903189051
-40,-79,287.8804183275704
-40,-78,194.5254705639267
-40,-79,297.0002320518292
-40,-78,189.92306244679764
-40,-77,97.26273528196334
-40,-78,151.27578195285707
-40,-79,98.89654883099448
-40,-80,136.46714590215453
