-40,-19,135.1943091851102
-40,-18,235.93952910199278
-40,-17,190.34112146802588
-40,-16,193.73608134448412
-40,-15,122.25541173582475
-40,-14,223.4239716267235
-40,-13,324.4484230776628
-40,-12,228.51941566236025
-40,-11,262.88694306266
-40,-10,257.60948210225854
-40,-9,156.1600126438978
-40,-8,184.073324350304
-40,-7,198.59995147334163
-40,-8,188.89245747511353
-40,-9,139.5857250565079
-40,-8,254.42571370009614
-40,-7,150.69527303516335
-40,-6,158.84698630126337
-40,-5,182.52967539492928
-40,-6,147.56104656689828
-40,-5,217.44952216008897
-40,-6,318.9347832430875
-40,-7,237.00493096111344
-40,-6,289.13019940736973
-40,-5,301.8685370521631
-40,-4,183.92787554341936
-40,-3,184.46300052284275
-40,-2,197.66364427405796
-40,-1,173.99715566282737
-40,0,134.32330016446443
-40,-1,304.6079134965883
-40,-2,247.9209261008076
-40,-3,199.45273191545272
-40,-4,210.9178401470499
-40,-3,305.29212603296514
-41,-3,203.8022355805212
-41,-4,104.88744980909604
-41,-5,133.89625391302238
-41,-4,185.07624706138057
-41,-5,113.35662722480403
-42,-5,167.27779514008319
-42,-6,175.27780318229205
-43,-6,178.29587515990886
-43,-7,326.8621464338157
-43,-8,130.86451906459408
-43,-9,185.0255946425624
-44,-9,188.92838312426647
-44,-10,244.6554627505481
-45,-10,164.9130548382463
-45,-11,125.11864913693076
-45,-12,282.08329368332306
-45,-11,539.496985617702
-45,-12,254.96877069514792
-45,-13,306.3385660646127
-45,-12,406.5685795474367
-45,-13,167.8504778425857
-46,-13,163.37433657641722
-46,-14,185.73327561581448
-46,-15,258.7212796826127
-47,-15,239.81843497848268
-47,-16,273.76136410066437
-47,-17,357.62436463050585
-47,-18,250.814181809488
-47,-19,194.42877825652522
-47,-20,176.82367700400255
-47,-21,171.00737564218576
-47,-22,167.94592898368055
-48,-22,257.0105561540192
-48,-23,157.40832809480608
-48,-24,183.5153864932979
-49,-24,186.46880039444073
-50,-24,158.39243084522576
-51,-24,400.3917184832857
-52,-24,159.69489708061485
-52,-25,177.46323200652492
-52,-24,211.87383661001383
-52,-23,149.57721016461485
-52,-22,189.97775929469867
-52,-21,169.58057692143421
-53,-21,200.56923729087384
-53,-22,282.08387526402794
-53,-23,247.2282417944046
-53,-22,218.27065774371252
-53,-23,235.3819809871871
-53,-24,219.41479497150297
-53,-25,170.7699423797648
-53,-24,125.48972911625908
-53,-25,169.6426495331353
-53,-26,248.43475602424107
-53,-27,137.42378916048995
-53,-28,145.56127885779293
-53,-29,159.61906732979247
-53,-30,137.30588772829174
-53,-31,252.79065936643602
-53,-32,142.69872010040973
-53,-33,246.7893085974701
-53,-34,256.50008808977134
-53,-35,198.13335670864456
-53,-34,218.14393842600558
-53,-33,218.3339241929441
-53,-34,271.61458035994497
-53,-35,300.8030776638825
-53,-36,180.8402039814065
-53,-37,183.0550770685872
-54,-37,204.2138523355184
-54,-38,117.56578512673532
-55,-38,112.52347835990638
-56,-38,164.9104149420446
-55,-38,177.27415371294524
-55,-39,99.53649307921691
-55,-40,313.9049068556158
-55,-41,336.55493792839366
-56,-41,207.331804614603
-56,-40,259.41319319590906
-56,-39,157.6508460370141
-55,-39,298.140867860135
-55,-40,201.82235678477338
-55,-41,242.49413303590535
-55,-40,183.40029373602482
-55,-41,170.71993179139676
-55,-42,272.64028157470193
-55,-43,216.4562907420417
-56,-43,184.31667922746706
-56,-44,151.76721188283597
-56,-45,263.8232507373806
-56,-46,140.42734004744096
-56,-47,175.46626747369046
-56,-48,133.83116199309546
-57,-48,154.13014474405952
-57,-47,134.56836010743626
-57,-48,356.6223855482003
-58,-48,205.73795527465347
-58,-49,278.8913497365437
-58,-50,371.8086039352656
-58,-51,198.3834149910049
-58,-52,205.43768116296522
-59,-52,181.89754586415233
-59,-53,241.19829353646332
-59,-54,220.98502546092953
-59,-55,151.72495920351713
-59,-56,195.59926422109032
-59,-57,237.0236759378143
-59,-56,236.70982383165716
-59,-57,172.39588473418388
-59,-58,249.2395693312842
-59,-57,226.82384478679876
-59,-58,188.60092520378876
-59,-59,163.50163093287256
-59,-60,253.4400109838997
-60,-60,200.08824591474993
-59,-60,192.99782995778716
-59,-59,287.15803663994893
-60,-59,159.41272798289626
-60,-58,271.7294017897988
-59,-58,194.82376561975798
-58,-58,221.0522616835203
-58,-57,233.54755975056088
-59,-57,291.9491819158011
-60,-57,237.36601701270655
-59,-57,272.0648341546449
-58,-57,145.89410292294502
-57,-57,183.910086338114
-56,-57,223.04782187912355
-57,-57,177.93491886822358
-57,-56,183.24959465564064
-56,-56,263.07569380355415
-55,-56,166.6338335851989
-56,-56,204.57776294635227
-57,-56,346.6612749592416
-58,-56,206.12753172884302
-57,-56,207.10580394662122
-56,-56,101.03744330030108
-57,-56,138.58809925671608
-56,-56,97.26273528196334
-55,-56,110.71682820159333
-56,-56,337.1404426719236
-55,-56,212.71588274899767
-54,-56,185.2091495598504
-53,-56,397.9249108136005
-52,-56,285.4296732130491
-51,-56,318.67853437648444
-50,-56,201.07844264606956
-49,-56,270.1456816698634
-49,-55,372.75269170221736
-48,-55,225.1641349507517
-47,-55,188.12164558734702
-46,-55,123.57448471836265
-45,-55,187.83732840573128
-46,-55,111.87361992237892
-45,-55,113.90661992409994
-44,-55,304.36663915106357
-43,-55,269.97213968515575
-42,-55,184.2155351416708
-43,-55,302.3071654030578
-44,-55,221.54043638021065
-43,-55,185.74217356605521
-42,-55,206.2701231935187
-42,-54,219.35157697744887
-41,-54,221.13700481008655
-42,-54,211.3233325667002
-41,-54,188.82696730800686
-40,-54,421.67732342556513
-39,-54,171.1270051544199
-38,-54,194.5254705639267
-39,-54,214.74275685348817
-38,-54,204.34394883188662
-37,-54,174.63766536052765
-36,-54,254.77558189452526
-37,-54,160.39196984459238
-36,-54,203.33893361791144
-35,-54,170.83647677755437
-34,-54,155.98099021935627
-34,-53,146.01432351620338
-33,-53,152.65869764506093
-33,-52,121.57841910245418
-32,-52,266.0335171599765
-31,-52,247.65056470469546
-30,-52,277.5526081178911
-29,-52,250.04143363300662
-28,-52,319.36647010370996
-27,-52,206.14372568055214
-26,-52,214.471315773255
-25,-52,212.99461568384265
-24,-52,255.3403693122558
-23,-52,191.3589385166046
-23,-51,268.12001383832956
-24,-51,227.44090235959055
-23,-51,215.32052557846768
-22,-51,389.5120951083918
-21,-51,237.7319727412608
-20,-51,225.74348694591725
-21,-51,327.3369599724682
-22,-51,257.3304399437162
-23,-51,282.16220249643777
-22,-51,231.71770688041568
-21,-51,155.94280294949937
-21,-50,294.5528945511697
-22,-50,184.3393298477394
-22,-49,199.00457139729372
-21,-49,268.31156997419384
-22,-49,135.33803768566548
-21,-49,124.1389708143964
-20,-49,119.24755015642985
-19,-49,170.9607217339301
-18,-49,132.61765806454272
-17,-49,139.66438699776228
-17,-48,142.80117509372138
-16,-48,127.23926215741159
-16,-47,191.0924840992064
-15,-47,129.65042687576175
-14,-47,282.2110758373112
-13,-47,265.9397796197919
-14,-47,310.16328137593456
-13,-47,289.0885605493876
-12,-47,259.14037689880695
-11,-47,213.8424155612634
-12,-47,215.6440304145648
-12,-46,279.00664713775114
-11,-46,250.33491014435953
-10,-46,312.76839122302266
-9,-46,205.35327663360823
-8,-46,210.73984618129342
-7,-46,187.45914628427684
-6,-46,223.01224194056186
-5,-46,219.0796396464413
-4,-46,203.01538187921878
-3,-46,174.94831060640564
-2,-46,164.3749844930792
-3,-46,218.0789046817979
-4,-46,226.49954555125848
-3,-46,150.557774615837
-2,-46,161.91342800331213
-1,-46,223.13400897079498
-2,-46,104.1461459907493
-1,-46,213.1404790196217
0,-46,175.54441478669074
1,-46,230.39607895429464
2,-46,180.2719938122218
2,-45,154.30350007387187
2,-44,246.72209074835513
3,-44,244.26324037392237
4,-44,258.73840542162844
5,-44,385.94637595824315
6,-44,257.7154113875845
6,-43,343.92073782782325
7,-43,310.9811894276762
8,-43,267.73421375949266
8,-42,301.02046958057605
9,-42,242.3626853779429
10,-42,283.18451374781245
11,-42,260.37591068396705
12,-42,412.961154170659
13,-42,318.6141891548544
14,-42,402.59193051117137
15,-42,615.4025758644226
14,-42,124.97537518889916
15,-42,305.2568324428998
16,-42,238.57971997298557
17,-42,178.28845744914213
18,-42,218.54900945759874
19,-42,154.08294630500728
19,-41,235.5559282212119
20,-41,104.1461459907493
21,-41,168.70186493187305
22,-41,231.17686301369974
22,-40,160.89893972960624
23,-40,214.2795903003306
24,-40,155.05913786409826
25,-40,153.3016521187926
24,-40,166.93794674602378
25,-40,230.9766669857725
26,-40,258.40160024110327
27,-40,246.7440288499856
28,-40,190.26581133348566
29,-40,374.67252019724475
30,-40,165.84678131657242
31,-40,251.38659359880862
32,-40,249.12217786917546
33,-40,280.8408925197076
34,-40,219.32054795010188
35,-40,206.28863247831555
34,-40,300.5732299578398
35,-40,227.89245572696927
34,-40,369.76790771807816
35,-40,228.2528423867597
36,-40,160.36090221100378
37,-40,170.5712500975682
38,-40,228.50001099924444
39,-40,167.72034144380623
40,-40,159.93345600337975
41,-40,221.27084550350702
40,-40,157.7994313270236
39,-40,211.56836686984502
39,-39,265.6119349951167
38,-39,189.14521261609718
38,-38,191.7983815211469
38,-37,186.44936832187582
37,-37,209.18797205584156
36,-37,190.72555871665426
35,-37,160.3997130006297
34,-37,254.82915283200992
34,-36,341.08731615806437
34,-35,403.24347421010583
33,-35,213.5688965943444
32,-35,234.05256376162197
31,-35,224.5060381700754
31,-34,189.09039036177614
30,-34,225.1222087475884
30,-33,178.1594460907536
29,-33,222.80767739200155
28,-33,282.3644993366687
28,-32,286.18914644043275
29,-32,258.3965531767794
29,-31,290.2237672369066
28,-31,458.8592437763011
28,-30,206.19014234368888
28,-29,254.85885995465793
29,-29,194.62535647838396
28,-29,221.8499290189642
27,-29,228.16958659728058
27,-28,181.89028500717558
26,-28,180.74306508313
27,-28,221.30475804288469
26,-28,179.42394672722045
26,-27,200.23503058683542
25,-27,260.81291558471366
25,-26,293.7461431854374
26,-26,327.92300354887345
27,-26,244.49111758694792
26,-26,291.75702537563296
25,-26,407.58056320103327
25,-25,254.87421995030513
24,-25,228.69654375551528
23,-25,265.3763542356661
23,-24,278.5415592172024
22,-24,275.7575543556548
21,-24,331.900377221304
20,-24,239.1741238629684
21,-24,264.41130181128756
20,-24,253.18546735543464
21,-24,196.40767038359695
20,-24,243.19909841835397
20,-23,194.15272720913686
19,-23,147.61994093910505
18,-23,246.5986800416023
19,-23,302.761835826008
18,-23,404.661786607712
17,-23,380.5025320865374
16,-23,321.17150390865334
15,-23,254.8325852081083
14,-23,295.9687814329274
13,-23,233.4912330126792
12,-23,284.13886806962296
12,-22,280.28776163628316
11,-22,270.77096389783765
10,-22,154.27375090928567
9,-22,122.48670081250279
8,-22,147.14823977074386
8,-21,209.28446578897794
7,-21,103.19594342513683
6,-21,202.53825895654285
5,-21,160.27841681699232
6,-21,180.7971851336631
5,-21,286.13279515544934
4,-21,196.2748530764941
3,-21,236.85377456586536
2,-21,217.52138529629428
2,-20,222.7481136085197
1,-20,234.40720656942827
0,-20,220.53186289978495
1,-20,318.3170033284708
0,-20,225.08235870693665
0,-21,264.03084430464327
-1,-21,343.8253211520549
-1,-22,248.68010965560313
-1,-21,183.5006402405882
-2,-21,192.58099676449436
-3,-21,129.96887045894462
-2,-21,162.09689303418793
-3,-21,117.60224440223132
-4,-21,140.52230532287794
-5,-21,163.82889175136745
-4,-21,137.70053275031484
-4,-22,176.5821377246025
-5,-22,136.18371801756737
-5,-23,480.73250151508677
-6,-23,385.52711656566015
-7,-23,379.3072628342643
-7,-22,264.2029539253882
-8,-22,437.92952833340314
-9,-22,188.1241722268255
-10,-22,197.59766003572446
-11,-22,338.8926747375772
-12,-22,269.05792582850273
-13,-22,244.53394972412227
-13,-23,311.3881978674701
-13,-24,399.59882688258193
-12,-24,312.53765307125025
-13,-24,308.0094108309297
-14,-24,268.9680555271568
-14,-25,278.88744117555717
-15,-25,265.9906491697599
-15,-26,271.90544373788475
-15,-27,251.47915921857933
-15,-28,365.43433724106274
-16,-28,275.3453188133496
-17,-28,147.2281539803481
-18,-28,252.9039370680902
-18,-29,139.17996153475514
-18,-30,155.0908479638613
-18,-31,247.7819236733181
-19,-31,271.28024194049107
-20,-31,282.29616493726115
-21,-31,215.28646628321798
-22,-31,217.74392489184544
-23,-31,218.28878279759226
-23,-32,434.5933455936207
-24,-32,356.7839745182836
-23,-32,182.55514749057625
-23,-33,198.68492471645607
-24,-33,270.80693980156065
-25,-33,161.77474279974246
-26,-33,139.52287411026327
-27,-33,205.5487155604723
-28,-33,129.34399525749342
-29,-33,288.50452252042817
-30,-33,275.57839900566984
-31,-33,155.13862674559078
-32,-33,178.32817296976586
-33,-33,146.5189357085476
-34,-33,371.88974725220913
-35,-33,240.4870204444121
-36,-33,241.66824096591935
-37,-33,226.88340396718027
-37,-34,249.74459169717227
-38,-34,168.43791888535486
-38,-35,170.09458723792307
-39,-35,257.6361745299329
-40,-35,127.65024542957192
-40,-36,169.28126141639095
-41,-36,250.42545160259925
-41,-37,234.82511217648013
-42,-37,315.0888409453042
-42,-36,452.7695400512988
-43,-36,403.5078810668232
-44,-36,364.42463509291946
-45,-36,238.00916906225416
-46,-36,198.17658398717217
-47,-36,320.5090896277333
-48,-36,241.06196578738897
-49,-36,140.85499956291247
-49,-37,133.97141534878156
-50,-37,142.83876061154822
-51,-37,267.5698471835901
-51,-38,153.15879361914264
-52,-38,149.48827894611884
-53,-38,264.35062837737246
-54,-38,204.0822717950133
-54,-37,123.60760553263816
-54,-36,142.3204453429953
-54,-35,205.25480090280308
-54,-34,130.3470133831059
-54,-35,204.7276404860612
-55,-35,121.57841910245418
-55,-36,176.81460996117346
-56,-36,257.3304399437162
-57,-36,252.62202166755097
-57,-37,255.60026335149513
-58,-37,232.97325077479445
-58,-36,281.6140486544629
-58,-37,153.0304528568451
-58,-38,161.1810764563053
-58,-39,183.16728392279228
-59,-39,193.5680768668849
-60,-39,173.79125635692805
-60,-40,181.69539923658851
-59,-40,145.89410292294502
-58,-40,190.50760678092075
-57,-40,174.49124429222772
-56,-40,184.76338651055113
-57,-40,267.989653818268
-56,-40,265.0468827212761
-56,-39,214.441793298676
-55,-39,365.5248839922513
-54,-39,252.70457719899457
-53,-39,267.57005241448235
-54,-39,216.04059921339345
-53,-39,407.39586747252633
-52,-39,365.76684257000665
-51,-39,292.6485194876088
-52,-39,126.86164339379044
-51,-39,155.57882951662293
-50,-39,237.6949252254181
-49,-39,166.8717683472841
-49,-38,227.88123279879215
-48,-38,180.24722540748422
-47,-38,132.12168041577965
-46,-38,252.24651034739543
-45,-38,193.34004817534583
-44,-38,299.7792243919849
-43,-38,296.79584666397756
-44,-38,182.8914360463726
-43,-38,227.90109758402008
-42,-38,334.24677204447084
-41,-38,295.4797246691384
-40,-38,162.58758054577092
-39,-38,184.1645040798056
-38,-38,145.44680467743018
-37,-38,185.46017430836105
-36,-38,189.75926878644896
-35,-38,188.3443570928173
-34,-38,238.13879388379868
-33,-38,193.24555535029992
-32,-38,207.1111725388792
-31,-38,208.32771482050111
-30,-38,161.53060616686957
-29,-38,186.1193371215684
-28,-38,187.44638056555397
-28,-37,153.07946103789715
-29,-37,162.53459837557818
-30,-37,421.52499042776515
-30,-36,348.31468751102733
-29,-36,418.8176243057583
-28,-36,410.9669276844041
-27,-36,278.55885661086853
-28,-36,410.809290445085
-27,-36,293.9663702203388
-28,-36,323.39480765446996
-27,-36,403.0768166778899
-26,-36,288.2010755185946
-25,-36,212.7981388628446
-24,-36,185.65726640858904
-23,-36,241.21653160716414
-22,-36,277.47469565615745
-23,-36,345.0946180248742
-22,-36,249.07398474355716
-22,-35,245.5737554715268
-21,-35,192.72710485917713
-21,-34,214.42790786656536
-22,-34,215.09445156516688
-21,-34,274.52815597893914
-20,-34,250.6058263797615
-19,-34,267.60735008044594
-18,-34,219.84745186511753
-19,-34,220.5207369544406
-20,-34,183.3089487561263
-19,-34,195.90058828891296
-19,-35,180.0423491616852
-18,-35,227.5406877229088
-17,-35,258.1910345150647
-16,-35,113.97624437743558
-15,-35,175.21663868493678
-14,-35,182.4524055237802
-13,-35,237.42149492704016
-12,-35,227.16111901285905
-11,-35,119.6717974880669
-10,-35,258.4946222006601
-9,-35,122.60085409763259
-9,-34,139.68254239750388
-10,-34,144.14873417722154
-11,-34,208.01101184452
-10,-34,139.90023395592988
-9,-34,190.9695144680545
-8,-34,277.1780144379552
-7,-34,147.63849703936916
-8,-34,418.7055057899617
-8,-33,276.7436765811848
-7,-33,208.0949473297754
-6,-33,183.98416292486334
-5,-33,221.5894608597152
-4,-33,264.14762368930553
-3,-33,355.714248537744
-3,-34,237.67498921600588
-3,-33,227.06460960605594
-2,-33,265.78758632746934
-2,-34,149.04601755819073
-1,-34,225.80824538479754
0,-34,127.13618974376085
1,-34,150.85744015971733
0,-34,175.96829743342363
0,-33,106.44516893602992
0,-32,211.01637082293414
1,-32,144.731252699325
2,-32,230.74516200070278
3,-32,238.87131210562455
4,-32,412.2747966794634
5,-32,376.80170639445095
6,-32,282.69270139169794
6,-31,212.03622396132877
7,-31,389.33526999830724
8,-31,180.05923933133224
9,-31,224.13473126184027
10,-31,252.8662226944024
10,-30,271.2929339944629
11,-30,264.3861546858909
12,-30,233.6684703230032
12,-29,357.7965804119438
13,-29,236.1582043596701
14,-29,205.4587815277384
15,-29,296.8283135041397
15,-28,157.38606410929827
16,-28,172.70379992377616
17,-28,276.9433498592274
17,-27,175.15539579750595
16,-27,155.35049503974182
17,-27,161.64930733500887
16,-27,168.3539800186287
17,-27,152.59132464456468
17,-26,129.37148538810305
18,-26,127.73842840112655
19,-26,128.84919324903413
18,-26,118.20108122734479
19,-26,136.68479879776916
19,-27,179.86118524136168
20,-27,129.69199370519706
20,-26,239.14519831365536
21,-26,283.2812860704727
22,-26,233.5673245180161
23,-26,401.90359564097935
23,-25,430.0836819114737
24,-25,342.1806836015687
25,-25,291.8348529161752
26,-25,220.58968282502093
27,-25,206.20758748563912
28,-25,239.0748717484023
29,-25,232.4142084548389
30,-25,303.2364288182241
31,-25,294.94648671057126
30,-25,182.83386252609256
31,-25,189.1369279122256
32,-25,125.56995829042835
31,-25,147.81315648233715
32,-25,140.23753287044107
33,-25,141.28087023049366
33,-24,122.12494448645788
34,-24,201.47260180058652
35,-24,189.0620985436616
36,-24,250.19942824712646
37,-24,195.91610455313045
37,-23,167.45704725590423
36,-23,169.88950246152518
36,-22,179.01219444330644
37,-22,185.6141017697395
38,-22,172.0742088278805
39,-22,221.14664303522346
40,-22,306.70850175523117
41,-22,267.06700404049775
41,-21,196.4128206741895
42,-21,210.2193080614374
43,-21,247.2410936015861
44,-21,307.55980040997343
45,-21,224.27574305102067
44,-21,305.7309390846352
43,-21,194.2025927020706
44,-21,167.22145287442456
45,-21,201.86289615615442
45,-20,361.344169676251
44,-20,225.78066807610895
43,-20,231.33493282494672
42,-20,345.74054830377355
43,-20,229.28363956155783
42,-20,229.1863126172392
43,-20,192.35356293588072
42,-20,165.18546525837183
43,-20,181.01220173806567
44,-20,245.579998459103
45,-20,219.09104498375365
46,-20,273.12511690895406
45,-20,260.9012756073939
46,-20,246.16344919966565
47,-20,283.9020808203768
48,-20,371.45052162633056
49,-20,251.79640332631678
50,-20,249.96954492616734
51,-20,402.59737685367236
52,-20,187.949584935411
53,-20,178.56927149514036
54,-20,188.94470926484715
55,-20,220.20035763130818
56,-20,197.92727995246668
55,-20,127.0745551155461
56,-20,128.44539806649811
55,-20,125.79671245989705
56,-20,123.71089561714037
57,-20,152.3766064489661
58,-20,178.96835545699543
57,-20,180.05067387388522
58,-20,296.04805112524394
57,-20,163.18181602398448
58,-20,188.2955018527618
59,-20,150.02174805112958
60,-20,151.56987984415795
61,-20,144.47875013191165
62,-20,159.98703845446434
62,-21,124.46912464564541
61,-21,265.03261614663836
60,-21,301.0748613519024
61,-21,244.7942523974398
60,-21,221.26135555775818
59,-21,299.7267874895983
58,-21,167.1810953516893
57,-21,185.92494518323042
56,-21,222.15425035433668
57,-21,159.6506658929173
57,-22,154.21478892298333
57,-23,97.26273528196334
57,-24,83.31691679259944
57,-25,167.59265476474994
57,-26,253.20041469813322
57,-25,153.32792241017776
57,-26,364.9319996474544
58,-26,225.9318253374791
58,-27,209.24678981325158
58,-28,339.57555669375586
57,-28,237.68913431222927
56,-28,166.21125476734284
55,-28,197.11585329126208
55,-29,174.12150031537553
54,-29,179.04751899612904
53,-29,158.95284548541827
52,-29,337.48605456822196
52,-30,276.17976598503185
52,-31,346.29666711525294
51,-31,225.1641349507517
51,-32,151.17678353435974
50,-32,189.63074590558307
50,-33,206.8594261286213
49,-33,364.2724540914159
48,-33,170.80108546007963
49,-33,346.3233267222585
49,-34,304.6708528792897
48,-34,229.4043510306136
48,-35,206.43030229360028
47,-35,201.31154095737176
46,-35,260.46530625609716
46,-34,244.7637541799345
46,-35,191.9832389322433
46,-34,309.63074335185945
45,-34,231.52899791395683
44,-34,188.0464341404271
43,-34,197.94441973480025
42,-34,145.41329178547733
41,-34,182.31322052604096
40,-34,155.0603756664928
39,-34,257.2947642724196
39,-35,281.95569838423546
39,-36,291.99764534901425
38,-36,218.1577241857974
38,-37,251.29280491918553
38,-38,251.08539999455482
38,-39,184.61569694027924
37,-39,342.43651862749124
38,-39,157.1651147151166
37,-39,150.66339592864801
36,-39,167.9975949362746
35,-39,182.31979476967078
35,-40,110.46515240293942
34,-40,122.6684133835835
33,-40,140.93558360102614
34,-40,128.46125293940543
33,-40,241.4698687038062
34,-40,309.081486587208
35,-40,247.01718486592884
34,-40,365.8008524104443
33,-40,359.94667829839915
33,-41,552.9776162862785
32,-41,278.1234291163044
31,-41,264.9348361779522
31,-42,368.406983067956
30,-42,248.33346276481842
30,-43,237.46360613299169
30,-44,258.9887479719089
29,-44,302.6225398906837
29,-45,200.56253215955286
28,-45,182.1716528375268
28,-46,107.8784610377864
28,-47,143.76888314161113
27,-47,157.54238629525676
26,-47,136.3554527574056
25,-47,108.59277762870109
24,-47,222.80679813528462
24,-48,209.0834643537791
25,-48,244.7227328786772
24,-48,393.2762961119398
23,-48,252.8662252109638
22,-48,161.11067770308466
22,-47,234.15817432396193
21,-47,158.5443186911784
21,-48,203.63617905374056
20,-48,134.49512378625616
19,-48,113.79573424664741
19,-49,144.71241159542953
18,-49,119.42553270022188
19,-49,146.9284828581059
18,-49,145.19598624916887
18,-48,282.51154344654094
17,-48,217.94240014719338
17,-49,204.60691367706173
16,-49,326.6302840626058
15,-49,210.73866933898864
15,-50,171.1472755804833
15,-49,283.99381581085527
15,-50,214.80270406882295
15,-51,220.47528531151227
14,-51,171.90434596529929
13,-51,216.42484084153804
12,-51,249.3539648966563
12,-50,205.3404147165933
11,-50,222.30531219087692
10,-50,307.9103273172386
9,-50,312.4848174724269
8,-50,215.81591318650973
8,-51,263.36295037577815
7,-51,330.13441813232197
6,-51,247.0294885051238
5,-51,239.48842251004217
4,-51,126.10532528063044
3,-51,143.122369946275
3,-52,210.0741020750607
2,-52,138.98278984881094
2,-51,196.44016596862826
1,-51,164.74899465055987
0,-51,183.2953823795865
-1,-51,184.6393055898796
-2,-51,181.08962431119596
-3,-51,148.25597168499579
-4,-51,176.8405383074268
-5,-51,147.88862641809405
-6,-51,161.78102865731557
-7,-51,271.18521640331016
-6,-51,230.00415240772233
-7,-51,203.03986334104204
-7,-52,359.50487055002304
-8,-52,406.3727417434218
-9,-52,251.7632942867528
-9,-53,194.5254705639267
-10,-53,221.00956819088452
-10,-54,209.69910339779304
-11,-54,267.263498331136
-12,-54,194.5254705639267
-13,-54,170.64756924318903
-13,-55,138.15130876506427
-14,-55,167.52608160281142
-15,-55,138.2038427104919
-15,-54,170.42509419773376
-16,-54,240.24420601912652
-17,-54,201.85252181354946
-18,-54,211.19784846249797
-18,-55,220.27144797617356
-18,-56,201.87455655123347
-18,-57,229.7214537094754
-18,-58,230.7071493596499
-19,-58,206.66041733296024
-20,-58,213.88128157568502
-20,-57,228.3903024724215
-21,-57,195.2875988026431
-22,-57,285.5958578614177
-23,-57,252.45622958477398
-24,-57,218.06469658003334
-24,-58,313.9553479484519
-24,-59,231.49597716918413
-25,-59,192.71260841987083
-26,-59,261.12573294724297
-25,-59,191.3884939675073
-25,-60,202.03243344070245
-26,-60,175.36840911433706
-26,-59,148.76804983708158
-27,-59,254.54612394148552
-28,-59,226.83648515762374
-28,-60,156.70879930193888
-29,-60,254.05190300684168
-30,-60,228.30646420330456
-29,-60,194.5254705639267
-30,-60,244.5531389425775
-31,-60,270.4689835494429
-32,-60,145.80460438704904
-33,-60,219.22930203034812
-34,-60,246.8169836236804
-33,-60,218.96717688331606
-34,-60,235.43389146243697
-35,-60,202.9732521198398
-35,-61,239.3077348399977
-35,-62,145.80460438704904
-35,-61,363.03731132252574
-36,-61,178.7563575767163
-37,-61,206.16092995086458
-36,-61,200.4209823538402
-37,-61,289.7118500127723
-37,-60,338.04640365645844
-37,-59,251.11266766008688
-37,-60,246.41342706705584
-37,-61,231.25590961574895
-38,-61,193.3204718634264
-38,-62,285.6755983663254
-39,-62,349.9176426018141
-40,-62,107.82196697171928
-41,-62,186.95178683057014
-42,-62,210.38090527587977
-43,-62,135.18792634933197
-44,-62,120.68318701806463
-45,-62,124.97537518889916
-44,-62,207.09299530550214
-45,-62,175.2100758488657
-46,-62,163.4868624992675
-46,-63,185.6724023092922
-47,-63,209.40384951381787
-48,-63,205.73575209215704
-48,-64,157.2118136375585
-49,-64,187.5516821649373
-50,-64,245.1591494523688
-50,-65,145.89410292294502
-50,-66,156.17432955464582
-51,-66,303.8076534797393
-50,-66,154.3223443219981
-51,-66,199.81298942067997
-52,-66,171.2611476921767
-52,-67,151.22240331287176
-51,-67,204.29620699151513
-52,-67,200.89532929759895
-53,-67,198.25220342729298
-54,-67,177.09856212631436
-53,-67,178.24822901082922
-54,-67,278.37591235207896
-55,-67,275.5546821154292
-56,-67,189.96023913046776
-56,-68,210.55094601025243
-57,-68,218.47985212049426
-58,-68,206.79438190326496
-59,-68,306.6610327529652
-60,-68,170.20978674343584
-61,-68,227.4934782215699
-62,-68,170.20978674343584
-62,-69,266.92080508751394
-63,-69,218.93689115196216
-63,-70,282.77974731164204
-64,-70,179.0184947783386
-64,-69,182.7371159993249
-65,-69,145.89410292294502
-66,-69,191.6143596205775
-66,-70,215.01784043330744
-67,-70,214.69829243665666
-66,-70,181.34258568497094
-67,-70,199.55078824308515
-68,-70,227.36917046179332
-69,-70,170.20978674343584
-69,-71,169.7056389628513
-69,-72,121.57841910245418
-69,-73,158.50968333689997
-70,-73,132.3865687045953
-71,-73,140.99654621774454
-71,-74,339.84559846891256
-72,-74,314.4904971539671
-72,-75,166.6338335851989
-72,-76,166.6338335851989
-72,-77,166.6338335851989
-72,-78,128.6652199718581
-73,-78,97.26273528196334
-74,-78,97.26273528196334
-75,-78,131.51233492576597
-76,-78,104.02770583877818
