-99,-20,315.6895841691227
-99,-21,70.01173550776436
-99,-20,315.6895841691227
-99,-21,594.534794886957
-99,-20,753.19449391065
-99,-19,511.03772024675544
-99,-18,184.8116144141989
-99,-17,418.3374061379013
-98,-17,424.66771063354076
-97,-17,567.529316520562
-97,-16,712.4187933032306
-97,-15,629.8540587867701
-96,-15,425.6674216222517
-96,-14,367.87906674656705
-96,-13,601.0333930021288
-96,-12,233.58545095646508
-96,-11,477.3866762311778
-96,-10,628.2823357940855
-96,-9,407.6514415783114
-97,-9,263.49712119125786
-97,-8,335.58596218967045
-97,-7,366.5921978938094
-97,-8,511.1465364778842
-98,-8,477.1596209813992
-98,-9,626.2882205535977
-99,-9,788.7772048871864
-98,-9,872.2924350442097
-97,-9,898.4545489897795
-97,-8,432.89555965866555
-96,-8,442.53398008089516
-95,-8,545.249945374523
-95,-7,427.37071378156867
-95,-6,589.0873282934039
-95,-5,454.425032978468
-94,-5,479.3432684228628
-94,-4,414.79527921638703
-94,-5,527.2403876471413
-94,-4,509.6012527602489
-94,-5,473.53437625368406
-94,-4,355.1574527556196
-94,-3,693.1504016676378
-93,-3,659.8465523481801
-92,-3,697.2214152618237
-91,-3,354.5315023628851
-90,-3,325.60001756254155
-90,-2,284.1814643691407
-90,-1,475.43054074723267
-89,-1,600.2533552665751
-90,-1,296.35102275247846
-89,-1,866.9472235875028
-88,-1,594.534794886957
-88,-2,470.66737446247026
-88,-1,578.3026285496856
-88,0,384.6060413670069
-88,-1,407.7772204484917
-87,-1,672.2117340909008
-87,0,366.9083030708249
-87,-1,751.0317650526416
-86,-1,594.9530183487025
-86,0,684.3238455899432
-87,0,400.4887009002622
-87,1,424.9172039844823
-87,2,369.07446122409937
-86,2,481.69901486442507
-86,3,295.9645439630163
-86,2,519.7823550170208
-85,2,484.94737097389645
-85,1,207.7428786266996
-86,1,394.9503004853619
-86,2,682.2747346148772
-85,2,755.2878263041923
-84,2,608.8241097417058
-84,3,634.4475054730109
-84,4,461.2134988259864
-83,4,697.5556943137021
-82,4,450.4072211296439
-82,5,730.8838561262754
-82,6,674.3749436170156
-82,7,179.9541955384227
-82,8,502.48480885153157
-82,7,415.17820372716
-82,8,593.9037300583751
-82,9,659.2222788093725
-82,10,685.6173875557579
-81,10,763.7852223590535
-81,11,427.44844228371267
-81,12,496.1383477213631
-81,11,236.77163517041305
-81,12,841.5883524923704
-81,13,415.77584291956447
-82,13,669.6944408905201
-82,14,414.35036154822285
-81,14,484.70712527166614
-80,14,412.3027005635597
-80,15,372.26562734314615
-80,14,506.3655609686467
-80,15,473.9170587019516
-79,15,447.37570500501766
-79,16,579.6447443193575
-79,17,491.95496934929264
-78,17,331.8283176435522
-77,17,688.2542560692615
-77,18,901.9175453047462
-77,19,443.79845912292893
-77,20,423.2315435204375
-77,21,646.5228746615583
-77,22,591.3295845040783
-76,22,542.95632783052
-76,23,492.35737222004946
-76,22,472.39412127147057
-76,23,579.9085363877786
-76,24,355.1574527556196
-77,24,625.9516752510475
-77,23,654.9338166624286
-76,23,649.5098721417988
-76,24,513.2667644485061
-75,24,772.7704082462701
-74,24,1072.1238299216284
-74,23,527.4942012064148
-74,24,355.1574527556196
-74,25,517.7117435792262
-73,25,257.6811530188524
-73,26,265.78715057296125
-73,27,265.1788903756737
-73,28,270.33188192030383
-73,29,530.9828756733102
-72,29,638.1376212553342
-71,29,961.0320869218954
-71,30,738.5205455586431
-70,30,511.542556997258
-70,31,592.4387290722759
-70,32,500.693551338088
-70,33,718.8045827017397
-69,33,317.99710990783524
-68,33,394.6119802114034
-67,33,154.82747104548625
-67,32,534.7026070113158
-66,32,521.546676573427
-65,32,611.4262066321318
-65,33,412.48087677670804
-65,32,594.7773475208246
-65,33,679.4683370136652
-65,34,795.9124886744139
-65,35,758.632405854265
-65,34,1041.9440251541823
-65,35,530.9085544650898
-64,35,905.5861018596156
-63,35,1054.8335814671618
-63,36,706.896689647009
-63,35,473.53437625368406
-63,36,434.1118464739974
-62,36,523.0055108590207
-62,35,515.9366560986156
-61,35,363.51949692867345
-61,34,565.3826480064923
-60,34,479.4949551069866
-60,35,853.6392654698377
-60,36,804.7441658737955
-60,37,573.4411391495671
-60,38,724.9698118748572
-60,39,515.5626439470976
-60,40,514.0827175465215
-59,40,414.35036154822285
-58,40,314.5345765246088
-58,41,82.25195385712215
-57,41,377.4539488535688
-56,41,682.659762153613
-55,41,362.9025697723267
-54,41,385.3744475600669
-53,41,376.71530249086965
-54,41,518.8634705080427
-54,42,751.6155482469356
-55,42,728.6546441446293
-54,42,473.53437625368406
-54,43,491.9339550532417
-53,43,542.3558219618433
-52,43,804.0406534668532
-51,43,538.7113652650381
-50,43,628.0319897868981
-49,43,356.8361316646989
-48,43,579.4737617982546
-47,43,370.10848756150784
-47,44,510.6311612047483
-46,44,491.83700789053944
-45,44,543.4859470766121
-44,44,765.9592596625995
-43,44,468.16790593615013
-42,44,464.10793792215304
-42,45,794.8229897644309
-41,45,456.30689105314514
-42,45,369.9287263642821
-41,45,302.3762379286826
-40,45,492.4711927086221
-41,45,500.0098815409861
-42,45,568.6345381643961
-43,45,252.50077225285844
-42,45,507.5651267028503
-42,46,628.8298700179821
-41,46,317.2912616031979
-42,46,436.9904778190999
-41,46,347.7711104859036
-40,46,617.3838996238062
-41,46,569.7019843137343
-42,46,387.76209137944977
-41,46,428.4932345830164
-42,46,851.5589213230357
-42,47,787.4689837885294
-41,47,669.1822968234217
-40,47,405.0169351673915
-40,48,430.2527650009392
-41,48,315.6895841691227
-40,48,459.0258005156543
-39,48,522.9113989006081
-39,49,584.3687224405386
-38,49,798.8323446657807
-37,49,394.6166089232274
-36,49,455.23290419494117
-35,49,765.2656500587238
-34,49,438.55436593031914
-33,49,462.6657053498314
-32,49,815.6618371189232
-31,49,727.2341460886777
-32,49,435.34234044573935
-33,49,247.84876877459797
-33,50,272.5400524641546
-32,50,630.0490120308576
-31,50,717.6218439744375
-30,50,873.801586484198
-29,50,507.2017386428964
-28,50,372.5942966778425
-27,50,273.601668465986
-26,50,361.96241844987355
-25,50,288.75076640564083
-24,50,569.5258557810948
-23,50,505.8421487542786
-22,50,873.4594549930591
-22,49,725.7336075792317
-21,49,536.4657321778785
-21,50,475.0309282819733
-20,50,379.8259568007255
-19,50,574.3119290193373
-18,50,1060.791801796844
-18,51,808.1641265722845
-17,51,741.8143293131168
-16,51,870.130890932987
-15,51,282.6994798333332
-15,52,172.67077947291156
-14,52,318.4757518063278
-13,52,556.4430982672001
-13,51,399.8876710211417
-13,52,376.5211221911949
-14,52,496.92264018900676
-15,52,337.92942086321324
-14,52,672.3244845708318
-13,52,748.8928290122831
-12,52,395.3278058899138
-11,52,163.0225740199561
-10,52,381.6237716356177
-9,52,585.8332538483975
-10,52,821.0539584645658
-11,52,777.7981177163277
-10,52,1003.94959636784
-9,52,679.4683370136652
-10,52,488.8884681631947
-9,52,478.4426363294855
-8,52,295.9645439630163
-7,52,425.6500683221472
-6,52,357.6708147264019
-5,52,275.2463279119264
-4,52,522.219441117078
-3,52,1031.3681918051361
-2,52,790.5222585452033
-1,52,819.2342371930962
0,52,435.66841770534927
-1,52,315.8356292229638
-2,52,379.85315544846395
-1,52,696.6690052306201
0,52,736.4642708258351
1,52,309.070119001531
2,52,378.74862808099385
2,53,644.2169881853498
3,53,619.3660587686238
4,53,1188.6436627560568
4,54,757.7537856156346
5,54,952.1653048369182
6,54,159.91640747303208
7,54,671.0796306611742
8,54,222.64779623454035
7,54,408.8508848429633
8,54,509.6012527602489
9,54,552.4567722959648
10,54,818.4930868921425
11,54,550.8266028776602
11,55,374.0454306762364
12,55,364.80693888010796
13,55,505.78852080353926
14,55,394.6119802114034
15,55,371.7844748459295
16,55,457.0841310176409
17,55,307.7963472576922
18,55,474.80488272356234
19,55,743.7156544978199
20,55,366.4367756320564
21,55,727.7972255946562
21,56,479.3384952040093
22,56,508.1651420652621
23,56,710.4009076393847
24,56,269.06892307837336
25,56,315.6895841691227
24,56,471.3737012894585
25,56,489.5157621430974
26,56,276.04233564570626
26,55,279.14729538066
26,54,526.6843498451252
27,54,728.426171845494
26,54,652.6685376637479
26,55,462.999956529122
27,55,529.4184496783803
28,55,379.6924798136105
28,56,366.08372531595205
29,56,396.6278695637204
30,56,623.4745599305405
31,56,622.2244532289765
31,57,337.10960377201656
32,57,267.34611708705216
33,57,389.65550285940066
34,57,213.0561175928068
34,58,94.25954920774983
33,58,657.219982253642
34,58,655.6241522974234
35,58,614.2144033055157
36,58,455.72015365752793
35,58,906.0840231078645
36,58,482.1396081387919
36,59,355.1574527556196
36,60,488.5541059520036
37,60,254.7433823345125
37,61,252.23418948854007
37,62,394.6119802114034
38,62,375.2975332520345
38,63,270.45246655987165
39,63,318.9809962743159
40,63,561.0528567474875
39,63,496.69744215031716
38,63,313.52997341281605
37,63,564.2752377563734
37,62,586.6143508076132
37,63,518.4554413472337
38,63,427.8218094579937
39,63,411.3725629252116
39,62,490.7508185628788
40,62,552.5341437734022
41,62,561.4860536154641
42,62,882.9034141332916
43,62,720.954375470706
44,62,126.2569697713563
45,62,568.0701902146001
46,62,749.2385512590527
47,62,361.9139251752684
48,62,355.1574527556196
49,62,263.15928430187495
50,62,262.9228489236292
51,62,261.64094221110383
52,62,857.3421262001441
52,63,698.8822171321676
51,63,511.1800626037153
52,63,400.851645968535
52,64,201.56603939771406
53,64,552.4567722959648
54,64,673.7688298611594
54,65,326.99752796580697
54,66,337.64544893930145
55,66,488.2291604495986
54,66,285.8475643627199
55,66,287.5388311423471
56,66,302.8917515034982
57,66,776.1891774860096
56,66,566.7953510328342
57,66,531.0234486686616
58,66,394.6119802114034
59,66,552.4567722959648
59,67,811.3529986698361
60,67,454.9123377114508
61,67,195.40875552919198
62,67,537.2382782871111
62,68,552.4567722959648
63,68,433.3414832325946
62,68,462.87063206649293
63,68,379.17763869780003
64,68,355.1574527556196
65,68,312.4012999117552
64,68,394.6119802114034
65,68,370.60435831211566
66,68,449.4652043996716
66,69,843.974689079269
67,69,372.51349610902355
67,68,495.953828614573
68,68,361.9502488143956
68,69,315.6895841691227
69,69,362.73680601122373
69,70,862.6819909697531
70,70,727.2798045570601
70,71,552.4567722959648
71,71,952.201780495044
72,71,631.3791683382454
73,71,355.1574527556196
74,71,390.6817298904974
75,71,509.6012527602489
76,71,390.46870410761005
77,71,315.6895841691227
77,70,828.9084655967586
78,70,473.5432703408261
79,70,849.5287954556383
80,70,362.30259635596866
80,71,444.0818533812087
80,72,292.6323469648762
81,72,339.7341685068326
82,72,420.7824049948587
82,73,94.69272732851722
83,73,816.8945591156983
84,73,453.4820981742189
85,73,586.9245084193483
85,74,536.0150582731441
85,75,711.3061084465866
86,75,162.68909053039084
87,75,552.4567722959648
88,75,467.50716932178915
89,75,110.47484854993675
90,75,353.1567109112864
91,75,319.5360543450579
92,75,506.0031071372822
92,74,329.2144321078038
93,74,394.6119802114034
94,74,325.84498120826987
95,74,347.4599861720528
95,75,594.534794886957
95,76,552.4567722959648
95,77,630.5989708204935
94,77,631.3791683382454
94,78,215.84175964699529
93,78,345.74608922894237
94,78,303.4400167701639
93,78,416.31842936656085
94,78,498.18438763647487
94,77,473.53437625368406
94,78,602.4601856966649
95,78,454.09725520708184
96,78,552.4567722959648
97,78,414.35036154822285
98,78,492.24972457951804
99,78,392.74927656764066
100,78,473.53437625368406
100,79,424.9458248444299
100,80,394.6119802114034
100,79,522.7994432857414
100,80,903.876730946372
100,79,538.2340580141098
100,78,488.43382857962797
100,77,552.4567722959648
100,78,186.20854579454942
100,77,433.3567655231996
100,76,552.4567722959648
100,77,594.534794886957
100,76,480.8447165636547
100,75,624.388325906706
100,74,110.47484854993675
100,73,710.460087602194
100,72,519.8799692910698
100,71,253.30959355046636
100,70,356.7863105310587
100,69,508.4747162321719
100,68,411.377935572855
100,67,568.1866105991975
100,66,498.0329904903621
100,65,394.6119802114034
100,64,473.53437625368406
100,63,417.21514939644146
100,62,400.32065691984803
100,63,685.9863405964402
100,64,576.0830956112768
100,63,435.4558982529827
100,64,412.5489335911201
100,63,365.1923092424311
100,62,834.3763300823683
100,61,769.8882628244266
100,62,846.79930295451
100,61,685.339224886895
100,60,594.534794886957
100,59,560.6393470450814
100,58,418.1287740947188
100,57,417.4820381354058
100,56,804.8886123934939
100,55,537.3868943906623
100,56,448.7312112317374
100,57,664.4854732579928
100,56,631.3791683382454
100,55,150.88391830280312
100,54,527.0427773226246
100,53,381.2629978310158
100,52,417.57909860347905
