39,0,161.48601566131023
38,0,103.94540259914744
39,0,181.68467407984576
38,0,106.76625620946236
37,0,223.9269613985329
36,0,279.18973362336527
37,0,520.4394379603308
36,0,237.7595500149606
37,0,355.74891103865195
36,0,278.625625581529
35,0,190.54778867440947
36,0,166.64585550950466
35,0,130.11470271153058
35,-1,151.0012613001913
34,-1,193.15335810307835
33,-1,183.29409300679512
32,-1,191.71574122576823
31,-1,173.30020410177357
30,-1,181.11312464700572
30,-2,187.57410233001144
29,-2,244.71828150090042
29,-1,335.14292996047584
28,-1,226.78539544083844
27,-1,337.18570505584034
26,-1,342.1651007359627
26,0,293.8156465041265
25,0,167.3824315115109
24,0,182.33762863848546
23,0,279.5767428119294
24,0,199.89161401800033
23,0,341.69965499698867
22,0,370.5573661555535
23,0,361.21939200267036
22,0,272.45269372403413
22,1,262.51239107654334
21,1,128.34318097682154
20,1,146.99116858709144
19,1,144.30796252455895
18,1,238.5622060674658
17,1,138.88960822175866
18,1,168.20222292222766
17,1,282.9824312222483
18,1,151.47039234818914
17,1,279.6871929844742
16,1,206.8882383867276
15,1,179.03936241779152
14,1,185.81711449488506
13,1,162.44468701497067
14,1,165.72452453929586
13,1,193.09333718026141
12,1,251.61916627285817
13,1,327.612270342076
12,1,382.34732719853594
12,0,294.4835297699332
11,0,254.15123360445915
10,0,180.35054874822907
9,0,198.53301555319663
8,0,228.70575815064586
8,1,345.9052316413439
7,1,195.76497314515737
7,0,251.13038522100732
6,0,226.07692255223867
5,0,211.3603147476503
6,0,178.4514873740148
5,0,232.25505518874752
4,0,183.5963078640094
3,0,166.36432772155857
2,0,217.09796478498225
1,0,331.4498334915909
0,0,184.3442664936487
0,1,332.52535638021425
-1,1,317.59548491624787
-2,1,247.03721847946937
-3,1,372.3568733424478
-4,1,213.060043844779
-4,2,363.8862805212843
-5,2,364.2378933961082
-6,2,438.08616494475154
-6,3,285.91568045976845
-6,4,237.1373069312387
-7,4,273.4577277565281
-6,4,242.3358400486321
-7,4,246.93650104249508
-8,4,242.46438623646472
-9,4,477.88768377630515
-9,5,204.20540972790005
-9,6,195.44551762250842
-9,7,160.1944090996781
-8,7,194.4188660169891
-9,7,287.6355212448629
-8,7,165.27465962616515
-9,7,315.93675644217745
-10,7,218.60206771491676
-11,7,211.0381406955264
-10,7,200.99905526198145
-10,8,280.23437063133656
-9,8,239.844117051526
-10,8,276.1623126198235
-9,8,278.89123757508895
-10,8,265.4802260097023
-11,8,215.00952864167795
-12,8,323.28428193777427
-13,8,225.10860455941275
-12,8,253.4535200699876
-13,8,247.0196588616079
-14,8,169.08863295423754
-13,8,165.7889442060541
-12,8,144.5882228677561
-13,8,197.84714252230498
-14,8,150.0736048132384
-15,8,227.17936661306072
-16,8,217.4758877954411
-17,8,275.7719570928768
-16,8,218.22726989917072
-16,9,307.5776107009046
-17,9,237.19926405374198
-18,9,312.615129639169
-18,10,193.56754397822576
-19,10,294.47131654096233
-20,10,274.43239206873744
-21,10,203.57978117889903
-22,10,254.6614418388298
-23,10,304.1941413768574
-23,11,170.68783494973977
-24,11,378.51709933964696
-25,11,190.00504511402067
-26,11,292.2171713469745
-27,11,181.462849834883
-28,11,298.65446020477856
-29,11,211.90262099414463
-30,11,268.6223021639824
-31,11,234.31454294131143
-32,11,208.98149610271523
-33,11,271.56296912581684
-34,11,266.09758288058947
-35,11,176.1567584507648
-36,11,192.99782995778716
-35,11,244.2353010057293
-36,11,300.7827507089161
-37,11,288.51066464728
-38,11,203.85312517743537
-39,11,363.3672742028496
-39,12,281.88915142209964
-40,12,335.9581260588533
-41,12,179.49885433317723
-42,12,219.13527639793892
-43,12,305.79394386217666
-43,11,221.38783474137702
-44,11,332.07847049999873
-43,11,200.7275792792105
-43,12,206.81870029896817
-44,12,214.6202660943785
-45,12,216.75001570451033
-46,12,218.52136075568802
-45,12,242.52577186163185
-44,12,247.34934864242783
-45,12,199.6718503091671
-46,12,329.96542828807475
-47,12,339.7614989200134
-47,13,198.07395233458635
-48,13,216.21978510403432
-49,13,220.24796497402906
-50,13,263.4963781828483
-51,13,163.52596036007665
-52,13,186.43791561779523
-51,13,347.4292934971001
-52,13,258.959244136048
-52,14,280.083128896039
-53,14,277.3689046365092
-54,14,311.5313448513747
-55,14,157.61464378063715
-56,14,185.40982324221298
-57,14,123.45156041443171
-57,15,146.8517962111851
-56,15,114.79462841463203
-56,16,235.58028100737803
-57,16,435.8406843166232
-57,17,237.35366379163835
-56,17,227.73981916316126
-57,17,234.90923074509334
-58,17,289.03106840353286
-59,17,319.4343660943369
-60,17,247.2097326824453
-61,17,207.53341680055473
-62,17,275.1823260858032
-63,17,162.69438608826832
-64,17,187.81774450159608
-64,16,117.66629970434003
-65,16,113.78953844904959
-66,16,225.02179944406242
-67,16,284.5296889202056
-68,16,379.4601381279863
-69,16,296.5795230769252
-70,16,440.6896745039618
-71,16,170.20978674343584
-72,16,232.90515820834432
-72,17,216.04102395024938
-72,16,279.9340623747638
-73,16,192.1741418063819
-74,16,205.90507016094753
-75,16,357.9527927745697
-75,15,235.1808754533176
-75,16,384.66141675457163
-76,16,271.6276019875369
-77,16,200.40637445887958
-78,16,170.04506947243263
-79,16,201.2667159762325
-80,16,145.89410292294502
-80,17,272.1379665943447
-81,17,192.99782995778716
-80,17,148.55142466169497
-80,18,123.28376264013052
-79,18,243.69288064812753
-80,18,159.88176424188754
-81,18,224.95960562923807
-81,19,305.7522720265752
-82,19,211.0737129747626
-81,19,180.76698414108753
-80,19,219.9146122941806
-79,19,189.4351342036685
-80,19,171.9008075324387
-81,19,165.05813445258434
-82,19,188.03764575080078
-83,19,145.89410292294502
-83,20,201.22237252189797
-82,20,257.571385746702
-83,20,218.08971581094391
-84,20,170.20978674343584
-83,20,204.58531752243118
-84,20,298.37991821903205
-85,20,319.91070406839606
-86,20,207.23283348032936
-87,20,197.6785206982509
-88,20,227.97302786151323
-89,20,203.47587620037484
-90,20,182.68580539366778
-89,20,124.97537518889916
-90,20,171.65373940214903
-91,20,207.87314698953833
-92,20,275.13493234161035
-93,20,158.26560846504614
-94,20,98.53708908684843
-93,20,121.31694416239837
-94,20,99.1214727675708
-95,20,111.45081678218546
-96,20,97.26273528196334
-97,20,97.26273528196334
-98,20,130.92827998898275
-97,20,97.26273528196334
-98,20,97.26273528196334
-99,20,196.71638629965588
-100,20,269.50046997318225
-100,21,229.7424811267389
-99,21,195.16987546419347
-98,21,267.07057445438926
-97,21,145.89410292294502
-96,21,145.89410292294502
-97,21,145.89410292294502
-96,21,145.89410292294502
-95,21,153.61504592786602
-95,22,177.0950824764156
-95,23,145.89410292294502
-95,24,153.3018648288704
-94,24,145.89410292294502
-93,24,182.68580539366778
-93,25,144.4401782791401
-92,25,181.91341008291556
-91,25,129.8708890557966
-90,25,121.57841910245418
-90,26,121.57841910245418
-89,26,140.11921206110497
-88,26,171.27000046357387
-88,27,133.6315594158296
-87,27,139.65981823540287
-86,27,130.80800669501838
-86,28,155.15044356194153
-85,28,197.4948055281247
-84,28,150.5986383116884
-85,28,105.17895414251197
-84,28,211.94442902153074
-84,29,196.48648149100526
-85,29,222.83782320551038
-85,30,225.1677130777591
-84,30,346.21479932681916
-84,31,288.7152589168961
-83,31,205.38792248718727
-82,31,324.0099264521803
-81,31,452.89957204097453
-81,32,239.431299270006
-80,32,251.3310601385221
-79,32,194.5254705639267
-78,32,342.0834460042161
-78,33,312.24204226879766
-77,33,234.87010307262756
-78,33,452.8520603998407
-78,34,286.33669461704676
-79,34,237.27897731570397
-78,34,155.4223714210221
-77,34,145.89410292294502
-78,34,147.0488752719065
-77,34,145.67398792826944
-77,35,183.85563694289604
-76,35,141.43989907984493
-75,35,223.86767008161698
-74,35,121.57841910245418
-73,35,159.17174109886702
-74,35,255.34760886365262
-74,36,121.57841910245418
-73,36,229.78929599747875
-72,36,168.1988691378211
-71,36,246.32842856168244
-70,36,216.66343956871887
-69,36,256.80267739984754
-68,36,232.1133870746507
-67,36,296.0700235267875
-66,36,263.06909681591515
-66,37,174.1879445518931
-65,37,293.0122157879009
-66,37,216.88809229324312
-65,37,170.20978674343584
-64,37,170.20978674343584
-64,38,183.47942884971644
-63,38,152.8029144891025
-63,39,195.33829278819556
-62,39,231.44518437858937
-61,39,173.03013179928016
-60,39,105.44864022002984
-60,40,121.57841910245418
-60,41,305.3125611049265
-59,41,165.88546850543761
-58,41,176.34669811049952
-58,42,182.1496063183686
-57,42,297.37300043805146
-57,43,264.7242134347866
-56,43,179.8849948061977
-55,43,126.62150382614891
-54,43,121.57841910245418
-53,43,152.21865999797808
-54,43,156.89748139723193
-54,44,198.37493638432196
-54,43,196.09236280960135
-53,43,204.3906517153355
-52,43,265.63854286357747
-51,43,189.38673790737417
-50,43,323.3692812336087
-50,44,272.48713040161135
-49,44,291.12384731978403
-50,44,218.51797174031765
-51,44,178.07463894208541
-50,44,164.9631213799026
-51,44,213.21014155065313
-51,45,172.20504290814134
-50,45,232.77548727047463
-49,45,285.9825374208703
-49,46,208.29596117159196
-49,45,172.89153088774276
-48,45,197.20226347781914
-48,46,146.14774263005194
-48,47,188.59208423483312
-48,48,327.0109491908852
-47,48,134.73094058232738
-47,49,165.60035215504794
-47,50,183.43742631627347
-46,50,167.66849479303244
-46,49,188.9055832595775
-46,50,261.9528709290684
-45,50,247.5022543263348
-45,49,220.32638860286693
-45,50,224.25502060650302
-44,50,225.11579804001195
-44,51,234.04668196028715
-44,52,201.802242907712
-43,52,326.87610224769975
-42,52,347.7348625806706
-41,52,267.11692036912535
-42,52,268.5318067617832
-41,52,189.57356621851704
-40,52,339.0014019748094
-40,53,236.8887781595074
-40,54,233.1276278099038
-39,54,169.44972593136075
-38,54,263.6124822794034
-38,55,143.70278574654483
-39,55,223.72768797192978
-40,55,127.71664139903416
-40,56,268.34085833211685
-39,56,233.39163855977154
-38,56,207.34900429798753
-37,56,223.9571696124698
-38,56,350.9447925074297
-38,55,255.41840338808402
-38,56,244.18186234150036
-37,56,232.76307353247404
-37,57,278.79150270021154
-36,57,238.26490856363813
-35,57,119.08107326817903
-34,57,107.54738594616677
-33,57,162.07238919101007
-32,57,115.5405675435475
-31,57,170.09967222946517
-31,58,152.31698137914512
-30,58,130.33094041865192
-30,59,213.55397971581678
-29,59,160.92493394893017
-29,60,121.57841910245418
-29,59,203.9557467713035
-28,59,209.27309488311568
-28,60,154.4375249583247
-28,61,186.56829207601916
-27,61,331.7363606590096
-28,61,189.3046417840199
-27,61,195.21439217700748
-28,61,256.6324757629868
-27,61,298.6694154187312
-26,61,197.64928113446285
-25,61,121.88845495372941
-25,60,176.04124976912135
-24,60,123.1362729609962
-23,60,136.32220603079384
-22,60,123.19715298934456
-21,60,160.7631067995072
-21,61,176.68071367567018
-20,61,170.15013796191175
-19,61,141.03465719530433
-20,61,106.6894229806931
-19,61,251.15696500689432
-18,61,302.94080674571944
-17,61,249.1661579579168
-17,62,166.6338335851989
-16,62,244.68522917491302
-16,63,180.54161113141637
-17,63,253.00163546095212
-16,63,172.15455448796297
-15,63,262.43226734877385
-14,63,156.5613722062816
-13,63,214.12592875775675
-12,63,200.3526514093016
-11,63,243.17936263880205
-10,63,259.8985102824257
-9,63,514.9678845433323
-9,64,225.1641349507517
-9,65,220.04509696784584
-10,65,226.7549996300994
-9,65,257.413828927409
-8,65,185.52739483644586
-7,65,117.36250878485544
-7,66,140.76246759817826
-6,66,97.26273528196334
-5,66,146.26443658440508
-5,65,113.621224292036
-4,65,234.1323486965578
-3,65,261.0411169044341
-3,66,320.96008614073486
-3,65,192.39543118690145
-2,65,326.4486876461705
-2,66,209.821007546795
-1,66,206.76078748802712
0,66,246.66491488831133
1,66,223.67173288722637
1,67,261.33647593774754
2,67,145.93505542240985
3,67,195.57802871261936
4,67,164.7723918488005
5,67,139.17451377761702
4,67,143.34424706369376
5,67,180.95670659969392
5,68,127.98021545393769
6,68,135.59905708392284
7,68,137.56754188267783
7,69,160.83152496482262
7,70,296.12579859765987
8,70,278.8928732210466
9,70,170.20978674343584
10,70,236.3914493536694
10,71,295.5018471182904
10,72,288.21906066478084
11,72,147.53052798919262
11,73,260.338790531779
11,74,160.83152496482262
11,75,131.3090619986475
10,75,268.7217714864546
9,75,260.88935596488994
10,75,247.48507624958654
11,75,228.32266151837086
11,76,224.00749648022511
12,76,220.51514948212176
13,76,352.9553307480163
12,76,372.318694152097
13,76,517.5900987222457
14,76,212.89653213262693
15,76,122.54842334157728
16,76,128.6652199718581
16,77,131.73489646664808
16,78,143.49763906853593
16,79,124.10239919160183
17,79,126.36949560231298
16,79,164.3753994849845
17,79,143.6027335422318
17,80,121.57841910245418
18,80,225.00535957594732
19,80,154.2706535829656
20,80,250.1010045125953
20,81,160.65705613809754
20,80,149.1892703292646
21,80,194.14397336655816
20,80,229.96289316771532
20,79,375.65143336308597
20,78,222.11784454584904
20,77,217.3594972043024
20,76,284.165942852309
21,76,134.26366957358172
22,76,131.44902262202453
22,75,160.83152496482262
22,74,254.3059099269034
22,75,152.61557268593947
22,74,128.34183003773632
22,73,145.89410292294502
21,73,192.99782995778716
22,73,216.25682874832242
22,72,149.08391535560463
22,73,220.58136237021546
22,72,253.235479791409
22,71,177.84803620476282
22,70,196.10896997365285
22,69,302.2932547752408
22,68,225.4388380591595
22,69,259.8997467965536
22,68,248.07889148185566
22,67,287.59568324794236
23,67,204.94322926820112
23,66,143.5781609528836
23,65,121.57841910245418
23,64,136.7180464324821
23,63,161.08349777259494
23,62,153.01070124198822
23,61,172.8132301210175
23,60,167.6050272693978
23,59,215.47828745849247
23,58,153.40959740120596
23,57,157.37617452315303
23,56,193.05347711459217
23,55,207.34611825753467
23,54,197.2357782919542
23,53,188.10625335060456
23,52,200.7790242696761
23,51,127.43563850754985
23,50,188.81653074526665
24,50,133.25966898880048
25,50,117.21363547763939
25,49,178.54125557052322
25,48,170.58374391689915
26,48,150.71690866634276
26,49,275.2071259954067
26,48,163.3012407360522
26,47,167.7402320412904
26,46,168.283391974037
26,45,167.22223232386042
26,44,338.6874646200525
26,43,152.02471355375826
27,43,138.0706554537555
27,42,341.7552021785654
27,43,439.34818890313466
27,42,319.8634476967322
27,41,244.10883501649394
27,40,349.5875015419543
27,39,249.57604121894903
27,38,275.5806949750303
27,37,299.7523420670299
27,36,245.08363188183424
28,36,257.3304399437162
28,35,322.07489849641246
28,36,193.4319296814749
28,35,162.50132243543052
28,36,267.40041100309423
28,35,224.7803207909862
29,35,287.14721655122463
29,36,164.92860790126792
29,35,145.89410292294502
29,34,166.91025885742945
29,33,198.40773274983667
29,32,214.49231123607834
29,31,282.69894717839
29,30,225.1641349507517
30,30,210.85377653912923
30,29,235.79669019308795
31,29,185.77225240817825
31,28,170.9114942329846
31,27,169.55790019077753
31,26,186.50447621941962
31,25,336.24449104546295
31,24,180.0171292370418
31,23,139.53479858402758
31,22,258.5900578245097
31,21,212.27434727989345
31,20,206.63113238297157
31,19,153.41227822746768
31,18,150.28107657050626
31,17,262.8593138991068
31,16,112.86741743422802
31,15,125.36341629579373
31,14,157.46904026592762
31,13,170.04514511773164
31,12,259.71842913245086
31,11,294.8979626628239
31,10,162.54782948211755
31,9,197.75796846909614
31,8,183.6382042285835
31,9,232.91416271894272
31,10,245.1813296249559
31,11,196.8431738035191
31,10,295.34881672908034
31,9,248.24444126894227
31,8,214.5080723420777
31,9,257.7722879467565
31,8,223.77481368392438
31,7,264.32645598345806
31,6,132.23676828624426
31,5,127.23913542819497
31,4,223.9532756732759
31,3,142.57188134749535
31,4,165.59802965893064
31,3,160.58705530080994
31,2,120.02223557988407
31,1,188.15211253829966
31,0,175.81502810976266
31,-1,263.8454462920698
31,-2,247.09997706161857
31,-3,272.4579707058005
31,-4,241.73785505022892
31,-5,357.5843334570804
31,-4,227.85201678521585
31,-3,325.1488231193953
31,-4,207.4082283378607
31,-5,257.06534939269994
31,-6,179.26538573095058
31,-5,240.1678065008357
31,-6,236.7327140404122
31,-7,230.34280960918497
31,-8,340.78164254921626
31,-7,451.82414111085734
31,-6,154.752923617278
31,-7,184.2752591809416
31,-8,198.0659670627967
31,-9,248.64213503702757
31,-10,191.65861567927215
31,-11,124.69298078914858
32,-11,164.48968679682267
32,-12,154.62086521487416
32,-13,159.7850397263389
32,-14,137.89558888051494
32,-15,121.53888286708997
33,-15,119.66533626421547
33,-14,125.97914050617754
33,-15,179.1127352309089
33,-14,249.2279708566271
33,-13,238.81219975293982
33,-14,409.5530024378951
33,-13,305.2427901247926
33,-14,371.6009778282175
33,-13,391.62673243652097
33,-14,238.82534488399853
33,-13,201.18317999961502
33,-14,221.39454785278693
34,-14,291.81221134801206
34,-15,220.9659661045964
34,-16,167.01649426671875
34,-17,275.8719658534727
34,-18,124.97537518889916
34,-19,216.42874634093818
34,-20,203.341012330306
34,-21,126.94677325157141
34,-22,166.06179938232017
34,-21,134.9772179958762
34,-22,197.16815517691413
34,-21,154.21107164394826
34,-22,153.40305725367054
34,-23,159.11997400645265
34,-24,186.8982453230422
34,-25,175.47138774609078
34,-26,198.59420246237687
34,-27,155.6280291553583
35,-27,173.7760357024316
35,-28,135.95916673705585
35,-29,159.52854190203777
35,-28,176.0226693727227
35,-29,236.7313817782255
35,-30,299.3506385805488
35,-31,471.67176161379916
35,-32,328.970219897626
35,-33,187.80292221918245
35,-32,259.85812916068204
36,-32,151.87939903281523
36,-33,190.27868997277773
36,-32,152.10738428443855
36,-33,203.08576353542944
36,-34,182.41004145129776
36,-33,188.9142061957629
36,-32,367.78408278453725
36,-33,214.62478051183956
37,-33,201.5239551222847
37,-32,185.9325430446179
37,-33,200.90846923293958
37,-34,209.35511769364464
38,-34,167.7999102111616
38,-35,168.27116789615215
38,-36,268.880642992733
38,-37,304.2537489217657
38,-38,238.65837836841973
38,-39,273.7066694965947
38,-40,278.7872053181811
38,-41,302.59395381672687
38,-42,306.9615418677983
38,-43,236.0954345722156
38,-42,382.2818375468799
38,-43,249.51899594785556
38,-44,212.39473393638474
38,-45,202.29013942215624
38,-46,198.93855086593965
38,-47,200.34870648068437
38,-48,195.82617108771728
38,-49,147.13438070503656
38,-50,154.66681654152433
38,-51,113.24889377398115
38,-52,164.21308931741459
38,-53,113.65444813688919
38,-54,192.13215516752268
39,-54,194.09340465510286
39,-55,215.5620367453128
39,-54,225.50038392593808
39,-55,150.81722848484193
39,-56,117.67570345907274
39,-57,102.46726795116666
39,-58,182.1570500733697
39,-59,138.51827391482328
39,-60,176.2749296990172
39,-61,181.33194305148788
39,-62,371.602267738239
39,-63,185.06058928717923
39,-64,331.46993943264357
39,-63,170.20978674343584
39,-64,126.49254892442848
39,-65,132.37732223461148
39,-66,143.0784963839471
39,-65,233.8604234421352
39,-64,148.76084064924248
39,-63,125.45708556037108
39,-64,97.26273528196334
39,-63,147.08182941167726
39,-64,145.38624051873225
39,-65,116.41944536769418
39,-66,318.831840306641
39,-67,225.69996568413455
40,-67,174.29750875986787
40,-68,206.2938063044299
40,-69,191.96903312066854
40,-68,221.84846769810574
40,-69,193.38229576168143
40,-70,136.02543488150832
40,-71,170.4507363216917
40,-70,153.06960642299435
40,-71,269.57286058455753
40,-70,225.1641349507517
40,-71,225.1641349507517
40,-70,193.7150519544492
40,-71,212.59815511882974
40,-72,182.68580539366778
40,-71,189.75330527100385
40,-72,284.5563598140141
40,-73,177.211660594685
40,-74,215.2644312999418
40,-75,225.1641349507517
40,-76,170.20978674343584
40,-77,315.22526071662935
40,-78,170.20978674343584
40,-77,200.43095852145998
40,-78,175.59041806774155
40,-79,179.9851366266489
40,-80,152.55419728374127
39,-80,195.68896441263396
39,-79,179.3458081305511
38,-79,260.2746815193817
38,-78,125.61061490678136
37,-78,172.49449701330724
37,-77,273.23044687897044
37,-78,127.3919206437673
37,-77,195.83845250443204
37,-76,253.59511777839944
37,-75,170.20978674343584
37,-74,267.9450649311017
36,-74,195.0418872125849
35,-74,150.4870424897135
34,-74,163.72218458587474
34,-73,155.48142362392517
34,-72,196.16317435682248
34,-71,183.39499318173512
33,-71,83.31691679259944
32,-71,132.56654857768518
31,-71,187.8061861913385
31,-70,128.51167284519187
31,-71,122.97561686617152
30,-71,354.33826643612616
31,-71,170.20978674343584
30,-71,251.00441788206675
31,-71,199.97345558776777
31,-70,222.6878745201292
31,-69,375.49298656097153
31,-68,217.1033283304905
31,-67,314.96856990044955
31,-66,269.66974166612954
30,-66,201.75758736898115
30,-67,182.8120084882279
30,-66,194.54671574976334
30,-65,194.94002551842578
30,-64,244.6156028251947
30,-63,183.36184429999145
30,-62,114.3225409458164
30,-61,168.24516386700466
30,-60,136.69218064031483
29,-60,105.12915024749006
29,-59,101.5640087060967
29,-58,253.6737176268273
29,-57,194.5254705639267
29,-56,394.4478207847525
29,-55,253.17718368107842
28,-55,294.8716757185236
27,-55,193.00412815836384
27,-54,142.1347600934041
27,-53,179.629206143419
26,-53,262.65103546081684
26,-52,176.7560512357666
26,-51,170.98752339522724
26,-52,139.02727327634744
26,-51,142.74102666206068
26,-50,137.38541394449157
27,-50,116.69039533131992
26,-50,193.41245867441546
25,-50,299.5178940134988
24,-50,239.12640885470265
24,-49,328.96173484822515
23,-49,200.74016107490763
22,-49,184.78671377867448
21,-49,219.5253275886497
20,-49,232.78979883079427
21,-49,231.84744568861362
21,-50,180.44135036601313
20,-50,238.89960407238746
20,-49,286.93131911126034
20,-48,214.72723526150054
20,-47,225.37274241597464
19,-47,230.9337662929149
19,-46,222.58678277587254
19,-45,245.36429375989283
19,-44,232.0065375238513
19,-45,194.47743916775042
18,-45,254.15097964097467
18,-46,204.5652527691391
17,-46,163.2170857275453
17,-45,129.1811369218334
17,-44,145.58942501479035
16,-44,143.6263426711033
16,-43,269.75811107906117
16,-42,171.745007761936
16,-41,269.8142069774359
15,-41,260.57818433407556
14,-41,200.15597827818138
14,-40,197.61863644030865
13,-40,344.01662097832525
13,-39,158.89078106286053
14,-39,248.32408280697646
14,-38,188.53405822650714
13,-38,395.31745388313743
12,-38,364.70400897630304
12,-37,260.46682414234795
12,-36,256.04347251773913
12,-35,393.98336833041935
11,-35,371.95089586588836
10,-35,224.5418887677821
10,-34,319.14245661129183
11,-34,228.48390876380557
10,-34,404.037226530715
10,-33,207.82008186056692
9,-33,154.2089372107124
8,-33,169.71838359674135
7,-33,197.14566007927974
6,-33,147.78665882589533
6,-32,247.27678271564938
6,-33,303.3614654266232
7,-33,231.18530154041036
7,-32,212.32646938169853
6,-32,185.9435423991867
6,-31,264.69931037437635
7,-31,175.6263577825809
6,-31,271.68913132482885
5,-31,248.5416672696932
5,-32,221.76045934286586
5,-31,377.43570413312506
5,-30,272.31829460644724
5,-29,233.50365233253146
5,-28,229.2053879989731
4,-28,232.1333335645363
3,-28,188.02818526446111
3,-27,213.20716496240493
3,-26,233.22649203315854
3,-25,203.3713744815887
3,-24,286.9200988173476
4,-24,218.72070674241786
4,-23,203.9439582137012
3,-23,178.62293800020726
2,-23,171.50322947415543
1,-23,300.31658194908465
1,-22,482.134517259667
1,-21,317.8034145843948
0,-21,474.7842004366435
0,-22,333.86450028237385
1,-22,425.10786072137364
1,-21,232.1299563522273
0,-21,289.9415547547622
0,-20,318.25314144839973
-1,-20,285.9759407823082
0,-20,228.63206270152492
0,-19,257.9824645954591
-1,-19,277.69326944309626
-1,-18,346.4705026687499
-1,-17,287.77044698249
-1,-16,248.71073337911747
-1,-15,385.38106691825936
-2,-15,346.96459160224873
-2,-16,354.8501627832193
-3,-16,336.9860217533317
-4,-16,258.129917592669
-5,-16,235.35646112200712
-5,-15,331.81120366269124
-6,-15,329.0437647203915
-5,-15,280.4457268084016
-5,-14,228.0788425719966
-5,-13,245.51887508437937
-5,-14,250.91762639936883
-6,-14,166.05981880182418
-7,-14,209.264760515292
-7,-13,126.81720903034756
-7,-12,311.9841638473795
-8,-12,187.6518242033472
-9,-12,218.03341804597068
-10,-12,238.45708978575112
-11,-12,315.3226578540766
-12,-12,160.76935826435562
-12,-11,264.8397244723235
-12,-10,217.94032898255062
-13,-10,217.97888133400937
-14,-10,308.52833726451763
-14,-9,211.91717473838952
-14,-8,254.78362030657505
-14,-7,182.60896264639445
-14,-6,370.4140716500724
-13,-6,310.54776931447964
-14,-6,331.69723095963286
-14,-7,229.9414915750889
-15,-7,222.5128189310895
-15,-6,279.1123296550145
-15,-5,442.03410973972626
-16,-5,194.35151792070684
-17,-5,442.9020268036366
-17,-4,205.68377529722778
-17,-3,219.69672575035534
-17,-2,330.392473906503
-18,-2,205.2465288962221
-18,-1,276.8743194163098
-18,0,284.3212489676259
-19,0,288.91127198576936
-20,0,252.10272042187688
-20,1,419.06434396413806
-20,0,253.1451968224921
-20,-1,275.5882404322056
-20,0,244.30705031093862
-20,1,350.1529059624506
-20,2,235.69312066833507
-20,1,214.77396337377562
-20,2,267.7635835967171
-20,3,270.10451504869405
-20,4,253.62175407276166
-20,5,362.36778560616034
-20,6,284.5526196467284
-20,7,277.47424357299224
-20,8,220.87643787580726
-20,9,282.8683111568241
-20,10,178.21144895189238
-20,11,167.87056586810013
-20,12,251.9655733279885
-20,13,160.12329344536994
-20,14,186.11189696396022
-20,15,276.18620359827645
-20,14,303.6989360290776
-20,13,259.0032220555655
-20,14,320.6738888243556
-20,15,267.94438487642293
-20,16,155.96903577416398
-20,17,251.7438978258643
-20,16,134.2293670260522
-20,17,125.66142093391579
-20,18,133.51020372093393
