-21,-60,110.17538429738936
-21,-61,177.6134782142919
-22,-61,145.93116404813196
-23,-61,138.74436730087174
-23,-62,113.39000728315253
-24,-62,234.52372583285842
-24,-63,265.8466026308871
-25,-63,239.6555276782377
-25,-64,291.79819487195607
-25,-65,231.0091449733428
-26,-65,167.89827087370895
-26,-66,187.7906794469419
-25,-66,248.5533227873804
-25,-65,176.3608720145972
-26,-65,182.05156832850065
-27,-65,205.23557009482786
-27,-66,122.51916082646837
-28,-66,150.5910688546501
-28,-67,132.1841669313789
-29,-67,153.0838827015918
-29,-68,221.20321723581435
-29,-69,309.2160468328503
-30,-69,231.6929845441269
-31,-69,220.71059423752126
-31,-68,213.13343962594575
-32,-68,121.57841910245418
-33,-68,228.20887982631578
-34,-68,150.45713716701107
-34,-69,177.8841369693708
-34,-70,204.5093254031096
-35,-70,260.2689696811757
-35,-69,218.52677835286474
-35,-70,227.72576633554542
-35,-69,145.80460438704904
-35,-70,190.07498038454497
-35,-71,167.30367266718898
-35,-72,110.62694313401926
-35,-73,116.97586246440568
-35,-74,169.2621257312977
-35,-75,98.87544876613853
-36,-75,161.31894146353207
-37,-75,150.2235383376086
-38,-75,154.08728899171695
-38,-76,169.73160836820455
-39,-76,164.62116862401598
-39,-77,166.41860813389337
-39,-76,223.54534994178263
-40,-76,173.50890980546058
-40,-77,180.31876305617854
-40,-78,155.74505834621763
-40,-77,166.6338335851989
-40,-78,199.68691488955537
-40,-79,194.69118066756582
-40,-80,299.1500088072555
-40,-79,194.5254705639267
-40,-78,285.9616501879856
-40,-79,131.99786252794442
-40,-78,188.73715799440492
-40,-77,154.94586319416857
-40,-76,121.57841910245418
-40,-75,145.89410292294502
-40,-74,216.7412427684995
-39,-74,145.89410292294502
-39,-73,183.52807017910263
-39,-72,202.12860920696733
-39,-71,141.99564413226855
-39,-72,181.44219530006217
-40,-72,228.62352249464183
-41,-72,144.61075154602398
-41,-71,104.1461459907493
-41,-72,182.42410347350466
-41,-71,211.97314492380596
-41,-70,170.27580833216194
-41,-69,259.209120073724
-41,-68,204.67996218106126
-40,-68,421.41014252649177
-40,-67,370.44808820603015
-40,-66,258.92807196144156
-40,-65,351.3920795661894
-40,-64,145.89410292294502
-41,-64,333.8854917904553
-41,-63,206.6188880411051
-41,-62,289.17467414469706
-41,-61,219.9965222250622
-41,-60,290.71310071801076
-41,-59,141.5417860637763
-41,-58,156.88930368790975
-41,-57,154.71919034850282
-41,-56,135.64583066578842
-41,-55,121.57841910245418
-41,-54,156.47595720143514
-41,-53,180.44784977821809
-42,-53,212.4252285325865
-42,-52,126.89765963418276
-42,-51,176.42295197708376
-42,-50,233.99366564558554
-42,-51,173.33589768372178
-42,-50,193.53577122901572
-42,-49,271.1154519262391
-42,-48,195.782048471258
-43,-48,242.66767329899469
-43,-47,212.51201852534388
-43,-46,233.78423986278807
-43,-45,337.1658169894108
-43,-44,309.9232839395061
-44,-44,209.90051782989855
-44,-43,112.3067831797133
-44,-42,114.02074225463525
-45,-42,154.1097975361045
-46,-42,105.8510012111037
-46,-43,170.61094211872899
-46,-42,173.7955567617653
-46,-41,240.24830092155509
-45,-41,269.1860417231239
-45,-42,211.34242794823135
-45,-41,308.1849711818695
-46,-41,251.37137957351172
-46,-40,276.9307084772463
-46,-39,195.47159143058587
-46,-38,203.75134728420588
-45,-38,179.81488922331627
-44,-38,339.93469364423686
-44,-37,124.97537518889916
-44,-36,143.84238697693445
-44,-35,192.99782995778716
-44,-34,258.3420847712818
-44,-33,166.2586735129486
-44,-34,149.29952348195465
-44,-33,172.70051149854882
-44,-34,323.89422211805186
-45,-34,245.34711888922158
-45,-33,298.19373432569034
-45,-32,286.77454807199723
-45,-31,320.1588503123206
-45,-30,325.29545954620806
-45,-29,250.54537435125152
-45,-28,177.54134777960027
-45,-29,188.10063456025622
-45,-28,207.06078206283155
-46,-28,216.99861761906948
-46,-27,209.4322636214161
-46,-26,145.89410292294502
-46,-25,145.89410292294502
-46,-26,197.7208788159491
-46,-27,322.26104101382805
-46,-26,268.84365570659503
-46,-25,215.7650149720405
-46,-26,208.50430123517583
-46,-27,210.18017661698204
-46,-26,334.8293595004344
-46,-27,230.50924799735003
-46,-26,212.14474346769362
-47,-26,176.6013540058376
-47,-25,372.4017640315427
-47,-24,291.22843258664267
-46,-24,219.79574311685363
-46,-23,234.46958583394436
-45,-23,438.9096958756148
-45,-22,278.4971375662009
-45,-23,207.97727875656804
-45,-24,192.5557529300524
-46,-24,193.74417075396943
-46,-23,164.85870205626975
-46,-22,280.2985337315076
-46,-21,293.55453833227426
-46,-20,262.60978134186735
-46,-21,253.23558429469801
-46,-20,252.96339232126167
-46,-19,237.20171840098615
-46,-18,275.33526675376214
-46,-17,159.53689337246445
-46,-16,174.5583779619365
-46,-15,218.65872016353583
-47,-15,102.8837256207155
-47,-14,206.55381113855643
-47,-13,181.91701948998025
-48,-13,284.0320578713666
-48,-12,239.3612665646115
-48,-13,195.98763113450252
-48,-12,250.9075911895252
-48,-11,393.6168928004453
-48,-12,247.17530468540141
-48,-11,236.2875035954174
-48,-10,323.20766419141825
-48,-9,264.65020409900256
-48,-8,136.46921721671015
-48,-7,169.66802713706173
-48,-8,97.26273528196334
-48,-7,99.8717899184752
-48,-6,180.54563984679982
-48,-5,343.3577552805299
-48,-6,263.0549534633934
-48,-7,342.71443967864957
-48,-6,217.56680044400252
-48,-5,377.2859798807962
-48,-6,283.00285493932165
-49,-6,268.8399515851909
-49,-5,223.83620612333047
-48,-5,246.61393414526677
-48,-4,191.77946183973725
-48,-3,257.3304399437162
-48,-4,288.8001117202863
-48,-3,502.1033591295227
-48,-2,335.8584343614144
-48,-1,539.610592648107
-48,0,167.21128085424482
-48,1,201.87405616012518
-49,1,202.7504492523881
-49,2,201.19134360526638
-49,3,299.8109661932761
-49,2,139.41305520624965
-49,3,166.49067843443095
-49,4,154.99493455477167
-48,4,175.19341106067384
-48,3,158.00187028809555
-48,2,267.223789092078
-48,3,193.88750404730533
-48,4,188.1098444219568
-49,4,354.7895060860399
-49,5,202.26084924827683
-49,6,161.15108657313652
-48,6,157.7029020484143
-48,7,159.14428407747232
-48,8,299.8798451562945
-48,9,298.4924961137206
-48,10,302.968469480595
-49,10,211.02099168880744
-49,11,254.30350266481727
-49,12,322.01436911451145
-50,12,244.06361602887233
-50,13,234.17602272367054
-50,14,241.18585729898112
-50,15,414.3323264851588
-50,16,276.14135551135973
-50,17,243.9672422382596
-50,18,254.00003449959573
-50,19,192.34373950964115
-50,18,235.74170805626642
-50,19,214.36914986767914
-50,20,178.370236139462
-50,19,139.0141586856609
-50,20,97.26273528196334
-50,21,139.09840206477173
-50,22,121.20409820391986
-50,21,113.64486010155001
-51,21,114.08048169820684
-51,20,117.00202450749192
-51,21,175.44044442924044
-51,22,125.01717898344435
-52,22,143.74718781386647
-52,23,299.19744812868146
-53,23,395.86358051798845
-53,24,217.65249939870796
-53,25,229.24999070459717
-53,26,190.44983659355262
-54,26,215.04302088970803
-55,26,280.0005154085636
-55,27,264.5014536369091
-55,28,229.45909288564837
-55,29,231.8569886046071
-55,30,224.8907632291356
-56,30,224.16610274445884
-56,31,260.9803546213834
-56,32,247.20315365361014
-56,33,248.3159957266505
-56,32,177.8197538090472
-56,31,152.47196233189953
-56,32,157.84574769991735
-56,33,181.73227720663812
-56,34,143.54551550686358
-57,34,164.09243612368937
-57,35,160.4803828592692
-57,34,123.45987704397973
-57,35,151.3657325002502
-57,36,201.1482669933139
-58,36,176.22531449185618
-58,35,144.37676384842663
-59,35,134.55525800116047
-59,34,150.22754960055818
-60,34,218.67319942767452
-60,35,210.32024788257993
-61,35,371.3403342559794
-61,36,331.75326418614094
-60,36,305.07200821832214
-60,37,360.95330191804703
-60,38,471.6819378947405
-60,37,237.4554652663686
-60,38,216.68313200281443
-60,39,243.5810738582237
-60,40,211.0123393864039
-60,39,243.9420456576839
-61,39,217.36631175693228
-61,40,492.41450902388976
-61,41,194.54517987980685
-62,41,284.4880191929352
-62,42,195.3482462141801
-63,42,170.21426853256926
-64,42,268.60275024406315
-64,41,181.7807779204393
-64,42,261.805664127392
-64,43,167.79137167181742
-64,44,124.2662175141187
-64,45,166.57475185819885
-64,46,145.1105623836329
-64,47,159.97535414336326
-64,46,149.0483590256855
-64,45,208.70869642744321
-64,46,205.7048122110387
-64,47,163.60189893944937
-65,47,192.06206538246727
-65,48,177.54161263476965
-66,48,224.81929907079956
-66,49,209.6011040695969
-67,49,185.37126662680012
-67,50,214.074988186949
-67,51,170.99309693883148
-67,50,149.57987842093956
-67,49,191.07767420017396
-67,50,240.39285294451352
-67,49,263.3043367266273
-67,50,267.5318769965064
-67,49,339.6553457428024
-68,49,179.64887104099836
-69,49,281.68469825409204
-69,48,230.8655442685771
-69,49,151.10034666604287
-69,50,160.83152496482262
-69,51,136.0925369987996
-69,52,168.35275690151218
-69,53,147.4544465810872
-70,53,198.51541311085467
-70,54,178.9102209223276
-70,55,157.2030849517343
-71,55,299.7665351731414
-71,54,257.99926857890716
-71,53,154.3050678406401
-71,54,121.57841910245418
-71,53,165.89629543621243
-71,54,228.849459841644
-71,55,193.04551990304873
-71,54,179.50899929427754
-71,55,273.79334934712307
-72,55,212.68420093505847
-72,56,207.96426368067435
-72,57,186.53371789986085
-72,56,145.89410292294502
-72,57,245.452644253963
-73,57,148.12688415805118
-74,57,145.89410292294502
-74,58,164.8748975922521
-74,59,155.4639903868184
-75,59,200.35228947029427
-76,59,185.46109260564242
-76,58,297.5639445074937
-77,58,175.91675649250504
-77,57,135.6924816547998
-77,58,139.3157631836397
-77,59,139.2320943436619
-77,58,211.77732945970206
-77,59,121.57841910245418
-77,60,132.88065012122564
-77,59,194.86451989482052
-77,60,136.9390429603998
-77,61,160.83152496482262
-77,62,121.57841910245418
-77,63,194.5254705639267
-77,62,201.3650426796388
-77,63,194.5254705639267
-78,63,224.71315777435757
-78,64,194.5254705639267
-78,65,293.06964821724296
-78,66,170.20978674343584
-78,67,171.71172296938738
-78,68,169.67918190414844
-78,69,205.88176887896037
-78,70,203.1149002158556
-78,71,170.20978674343584
-78,72,170.20978674343584
-78,73,192.91673065934887
-79,73,268.0601751399752
-79,74,152.2381711613898
-79,75,160.83152496482262
-79,76,121.57841910245418
-79,75,121.57841910245418
-79,76,129.71513239118667
-79,77,216.85270394336288
-79,78,201.14180033648972
-79,77,166.6338335851989
-79,78,242.74369661174097
-79,79,194.5254705639267
-79,78,216.25577345560265
-79,79,225.1641349507517
-79,80,213.13343962594575
-79,81,145.80460438704904
-79,82,237.09240923245264
-79,83,97.26273528196334
-80,83,97.26273528196334
-80,82,121.79053692911185
-80,83,184.08590666745735
-80,84,108.155331326623
-80,85,130.8153700370676
-80,86,186.34892235359632
-80,87,152.2381711613898
-80,88,328.442156213668
-80,89,104.1461459907493
-80,90,276.32440408141406
-80,91,179.5838983661916
-80,92,145.89410292294502
-80,93,158.62893602843695
-80,94,172.11171323785882
-80,95,240.2571002006605
-80,96,170.20978674343584
-80,95,170.20978674343584
-80,96,236.5765042392357
-80,97,170.20978674343584
-80,98,123.32025769689028
-80,99,125.31487045936234
-80,100,97.26273528196334
-80,99,101.71611828640012
-79,99,173.58872800091228
-78,99,122.45942416418829
-77,99,135.85502888819133
-76,99,105.95251237767097
-76,98,102.73422601925733
-76,97,156.10208020072304
-76,96,207.51968971866737
-77,96,246.0359492398883
-77,95,259.00175138836244
-76,95,194.5254705639267
-76,94,427.9207460126264
-75,94,167.55018771609264
-74,94,162.6799296855086
-74,93,181.8029888515404
-73,93,166.68446166285105
-73,92,162.53967706338597
-72,92,225.1641349507517
-71,92,215.4356082130924
-70,92,170.20978674343584
-69,92,170.20978674343584
-69,91,202.0302486657219
-70,91,155.62560171926023
-70,90,301.01157508911217
-71,90,170.20978674343584
-71,89,230.15724998878719
-71,90,170.20978674343584
-71,91,102.14983728477776
-71,90,119.50969332933758
-71,91,140.27770840571213
-70,91,143.30709139239715
-69,91,180.65179964326347
-69,90,289.4826490764385
-69,89,170.20978674343584
-68,89,185.20135295865572
-67,89,188.8561227435743
-66,89,170.20978674343584
-66,88,169.9503365910727
-66,87,205.82513663540695
-66,86,192.99782995778716
-65,86,145.89410292294502
-64,86,187.7935442224643
-64,85,172.9916404625832
-63,85,97.26273528196334
-62,85,132.57302965347475
-61,85,128.6652199718581
-61,84,100.00761634784241
-61,83,121.83550745117358
-61,82,160.83152496482262
-60,82,121.57841910245418
-59,82,111.18624313273048
-58,82,166.41292864670274
-59,82,170.20978674343584
-58,82,263.8636445022393
-57,82,181.96240768772861
-56,82,247.22085496400223
-56,81,304.40004859319566
-56,80,104.1461459907493
-57,80,190.0363561571041
-56,80,121.57841910245418
-57,80,144.75554587423065
-56,80,208.45009371367897
-56,79,225.16738675729943
-55,79,221.5678082440498
-54,79,224.7122372581633
-54,78,358.37385638589154
-54,77,220.6823390973171
-54,78,282.3442602291412
-55,78,276.35768868205446
-55,77,226.5990653643918
-55,76,284.3458743351953
-54,76,221.0357036228152
-53,76,97.26273528196334
-53,75,127.15626232841578
-53,74,112.63372400806249
-52,74,91.46107254427052
-51,74,97.26273528196334
-51,73,152.2381711613898
-51,72,164.9458268330683
-51,71,105.87495694697998
-50,71,173.10456454112773
-50,72,104.1461459907493
-50,71,217.59057648482047
-50,72,127.51988124636681
-50,71,237.2849941692823
-50,70,178.19247559248598
-51,70,122.47343399610465
-51,71,234.4714744762877
-51,70,297.6320563486992
-51,69,166.6338335851989
-51,68,312.62183139309866
-51,67,194.5254705639267
-51,66,131.60507826804596
-50,66,169.20452047024938
-51,66,142.58757193262014
-51,65,145.24911654181062
-50,65,176.27182908795822
-49,65,192.99782995778716
-49,64,176.4856981887389
-49,63,172.08272884105526
-48,63,212.63674664975173
-47,63,145.9103966994786
-47,62,273.9182390231906
-47,61,257.3304399437162
-47,60,194.5254705639267
-47,59,201.84654670834607
-46,59,238.6427782127956
-45,59,181.37033724560948
-46,59,216.9501100577575
-46,58,220.90530018390248
-45,58,170.20978674343584
-44,58,209.87585166642435
-43,58,164.3413900745058
-43,57,152.9325128426744
-42,57,137.5177384737344
-41,57,174.68653389470006
-40,57,154.39768204178202
-39,57,245.292799349609
-38,57,181.88539643240009
-38,56,256.0411391181956
-39,56,275.7441732583084
-40,56,189.7918128364486
-39,56,170.20978674343584
-38,56,175.98517154322295
-37,56,228.75651045012972
-37,57,203.35491903795983
-37,56,227.01197847526257
-36,56,97.26273528196334
-36,55,277.30325977434416
-36,54,117.52007584033727
-36,53,113.21770552817293
-36,52,120.77647024201504
-35,52,199.19527705777327
-34,52,163.6828961282809
-34,51,196.9177108993858
-34,50,231.71922968558349
-34,49,224.80946400951024
-34,48,191.01668818736619
-35,48,132.8113202136993
-35,47,139.49223347063185
-36,47,152.2381711613898
-35,47,214.89864563882617
-34,47,282.20552464731077
-33,47,273.05146568472543
-32,47,414.20530380973975
-31,47,236.66366814495117
-31,48,209.33701659019968
-30,48,274.1681422840918
-30,47,285.9776917293163
-30,46,420.9910129237818
-29,46,293.51531473371807
-29,45,278.988848304701
-28,45,245.33930602966194
-27,45,164.1362426943102
-27,44,201.40415098994254
-28,44,199.87358669785277
-27,44,186.9796493562144
-26,44,216.85165503928482
-26,43,223.85940749338135
-27,43,213.16173519554172
-26,43,189.7294989012706
-25,43,181.74452001911857
-26,43,300.9023270954447
-25,43,234.93293094997983
-24,43,201.6126250250742
-24,42,216.8627629473009
-24,41,226.57181930116525
-25,41,260.36355228297214
-24,41,169.95360628247244
-24,42,167.45177961970316
-24,41,178.70477208537127
-23,41,157.7215345042174
-22,41,167.27539559397624
-22,40,297.18928557159916
-21,40,146.9083704460247
-20,40,188.75938564616473
-21,40,262.40498603237074
-21,41,207.9160140956472
-20,41,220.03320466238335
-20,42,183.92941776587094
-19,42,131.63876600816045
-18,42,131.60271564891733
-17,42,173.57403777337257
-16,42,168.7841949197889
-17,42,184.0380396084865
-18,42,266.6464780654077
-19,42,154.1569364549428
-18,42,241.00766265768988
-19,42,249.55717191228428
-18,42,155.11853185289766
-19,42,286.9540425630364
-19,43,234.59675604345307
-19,44,324.3046232270232
-18,44,251.55514132588567
-17,44,260.3222049950563
-16,44,287.7000501211586
-15,44,302.72942509218655
-15,45,195.24967106686125
-16,45,133.52352294667892
-15,45,136.8407952500996
-16,45,184.5904827279709
-16,46,156.8341689214579
-15,46,109.46115432484427
-14,46,194.7887563779926
-13,46,83.31691679259944
-13,47,134.93821536384743
-12,47,150.59760032833486
-12,46,217.20035861478658
-11,46,227.56977986684456
-10,46,396.4462548097558
-9,46,203.187227549228
-8,46,251.46676386382367
-7,46,214.16163268505522
-6,46,184.13032746378136
-7,46,389.1955830759683
-7,47,278.03683724024654
-6,47,268.3264818376029
-6,48,267.3290710027605
-6,47,230.9265069399794
-5,47,201.73377127755828
-4,47,232.66410878530138
-3,47,269.2449122103037
-4,47,234.63738072372678
-3,47,190.36092013344384
-2,47,177.4066029211342
-2,48,248.09042745524638
-2,49,175.88810173892364
-1,49,132.4778460702361
0,49,126.6113189619455
1,49,196.84468090206835
2,49,123.07604157803205
1,49,134.96606032143995
2,49,241.42185761555277
3,49,190.91964365992592
4,49,120.27121243443419
3,49,294.39417463450206
3,50,109.7501394843186
4,50,214.34998639712552
5,50,229.61016790706495
5,51,226.6049508355665
5,52,236.4430013665885
6,52,278.31779516285053
7,52,214.18903323229452
8,52,179.6546863923687
9,52,152.80319939443297
10,52,185.62150338763368
9,52,204.76958630547136
9,53,187.28874211868074
10,53,171.87115793937568
11,53,159.64850197799234
12,53,203.79083055786623
12,54,218.76325888864523
13,54,97.26273528196334
13,55,167.3823896995535
13,56,156.50664622817052
14,56,128.8414412702528
15,56,123.09323589888908
16,56,107.78535418860591
17,56,178.0923024225798
18,56,230.62618102078136
19,56,179.02708422925758
20,56,142.99394180857752
19,56,215.50828806756314
19,57,220.22344392620667
20,57,159.61261719216182
21,57,166.11670876019446
21,56,147.1249406322865
22,56,225.1641349507517
21,56,209.90091838779736
21,57,182.57486950473822
22,57,180.26405384703853
23,57,219.9301874268896
24,57,242.66388200659773
25,57,152.05460828251148
25,58,270.4051315577092
26,58,134.69845633596847
27,58,132.7848337475821
27,57,201.54060966534246
28,57,283.8988477127834
29,57,173.0283360332998
30,57,180.78889556527693
31,57,201.51681980721722
31,58,280.85558568525664
32,58,166.12713519078693
33,58,144.67651153539643
33,59,190.03687485952122
33,60,189.82434999696582
34,60,170.20978674343584
35,60,189.61305759658217
36,60,237.0755127118473
37,60,196.17118976682855
37,59,183.85052947117214
38,59,194.5254705639267
37,59,217.87648174825094
38,59,198.32750847457086
39,59,335.2016901507291
40,59,228.57895401734152
41,59,285.44085610095556
42,59,145.89410292294502
43,59,214.60383397675236
44,59,151.8449356250813
45,59,242.38400313411387
45,58,128.6652199718581
46,58,115.56454185453131
46,59,114.13020756920531
46,60,135.52227448107286
47,60,107.81664604890908
47,59,143.18180637705711
46,59,176.18922131708635
47,59,157.24389934701998
48,59,176.39550472931705
49,59,168.07051467699876
50,59,95.58597710816119
51,59,165.5050619657423
51,60,175.03369839199843
51,61,98.93098758662096
50,61,123.1506818199664
51,61,177.51200076062258
51,62,230.0546852332256
51,61,175.62729622685805
52,61,238.2046692454578
52,62,242.51923496845907
53,62,121.57841910245418
52,62,127.49118703892778
53,62,121.57841910245418
53,63,166.1313441695163
54,63,121.57841910245418
55,63,194.16917941677002
56,63,104.86253073576935
56,64,125.75358737125565
56,63,146.6976541850224
56,64,131.6371575747898
57,64,194.027988085742
58,64,270.99593882907726
58,65,193.74807201472606
58,64,187.93371821551676
58,65,177.49134491561918
59,65,240.96708508243404
60,65,135.680940047981
61,65,186.0423571564313
62,65,160.83152496482262
63,65,143.3989730821836
64,65,291.5567492464338
64,66,171.01820296191613
65,66,193.2441230017603
66,66,216.81774801042593
67,66,294.3889519979647
68,66,145.89410292294502
68,67,190.0712716377308
68,68,181.86923268765253
69,68,234.97413971486787
70,68,204.98259754540214
71,68,302.6235728811509
72,68,182.88294201264353
73,68,328.3933363722275
74,68,170.20978674343584
73,68,170.20978674343584
74,68,145.89410292294502
74,69,150.34095958770752
75,69,158.53946346500828
76,69,161.82496857233946
77,69,193.76396771744885
78,69,121.57841910245418
79,69,216.03815766092825
78,69,125.13906081997737
78,68,121.57841910245418
79,68,212.99341030249266
80,68,196.0546142384143
80,67,233.73532142488273
81,67,195.32321972727877
82,67,317.42602580155204
82,68,352.9907799096296
83,68,121.57841910245418
83,69,228.83281962026786
82,69,125.61804833410902
83,69,121.57841910245418
83,70,121.57841910245418
84,70,100.8651747800635
85,70,97.26273528196334
85,71,107.96415113015142
86,71,125.68846421706915
87,71,83.31691679259944
88,71,208.43189259927493
88,72,197.7722114789634
89,72,330.36291734743986
89,73,227.6976210997918
90,73,170.20978674343584
90,72,244.57326841437956
90,73,194.5254705639267
91,73,204.6775089186435
92,73,277.87190658926295
93,73,258.3700068831168
94,73,274.51095940788184
93,73,166.8632892206061
93,74,181.88264963864268
92,74,144.90224022892266
93,74,145.89410292294502
93,75,137.2522740773839
94,75,104.13694787502074
93,75,97.62669349032166
93,76,141.56091899854493
94,76,179.98345597956651
94,77,166.6338335851989
95,77,258.90937568838723
95,78,323.84950643658124
96,78,252.19373472964386
97,78,203.8307589550731
97,77,191.7782873224848
97,78,121.57841910245418
98,78,121.57841910245418
99,78,152.2381711613898
99,79,220.93307729919763
100,79,110.22285307903621
100,80,112.55901294640357
99,80,115.9506283382641
98,80,139.70971589454132
98,79,97.26273528196334
98,78,124.97537518889916
97,78,153.74367530361943
96,78,204.1897746691351
97,78,205.0864245183168
96,78,210.8379784497174
95,78,147.76323040348345
94,78,202.0904642102109
94,77,193.0614152342048
93,77,153.13607600296984
92,77,145.89410292294502
91,77,170.20978674343584
90,77,145.80460438704904
89,77,256.6544429049961
89,76,201.58823610426697
88,76,224.46244186916294
89,76,216.0270611903829
88,76,170.20978674343584
88,75,207.20861568744493
87,75,239.11735335138195
86,75,189.2792857838257
86,74,97.26273528196334
87,74,101.8179431523532
86,74,110.82384289230869
85,74,109.39394935222282
85,73,97.26273528196334
85,72,121.57841910245418
84,72,129.39469610710148
84,71,124.6182796980998
85,71,235.71974238030288
84,71,152.2381711613898
83,71,173.4388388383786
82,71,121.57841910245418
81,71,272.57296845241956
80,71,202.48749349942193
79,71,136.94276160780964
78,71,145.80460438704904
78,70,191.11728888667108
79,70,325.20038275339834
78,70,211.79177699910872
79,70,225.1641349507517
80,70,225.52350766813638
80,69,194.5254705639267
79,69,243.5810738582237
78,69,216.151345266401
77,69,194.5254705639267
76,69,189.22044942428852
75,69,204.58758487544827
74,69,121.57841910245418
75,69,142.39083475333817
74,69,153.80129025104335
73,69,244.59432417033176
73,68,166.84010226372652
72,68,182.759936167461
71,68,235.23445930571012
70,68,190.69464267356207
69,68,225.1641349507517
68,68,368.55262432366055
67,68,210.1865556123623
67,67,170.20978674343584
66,67,183.20700738949978
65,67,233.2971293238391
64,67,207.94526050796642
63,67,212.0666954688534
62,67,180.96935523760504
62,66,170.20978674343584
61,66,145.89410292294502
60,66,190.321712471054
60,65,340.54018315448207
60,64,217.12465407512246
61,64,145.89410292294502
60,64,162.15806497428562
59,64,161.520811059287
58,64,153.04057199504638
57,64,127.92103496179232
57,63,130.11976427258992
56,63,224.40707644622037
55,63,166.6338335851989
55,62,314.48233560274514
54,62,254.87730561512052
53,62,203.12785386557354
52,62,188.1691610878317
51,62,209.3111214983363
51,61,256.2504787215157
51,60,170.20978674343584
50,60,291.852791268894
49,60,289.13620880033045
48,60,298.55870418781336
48,59,425.97567179674104
48,58,166.95321705606477
49,58,262.6912418679799
48,58,170.20978674343584
47,58,242.2854006157364
46,58,248.98056618346482
47,58,199.08513109616806
46,58,220.30546394435197
45,58,365.5099074744701
44,58,241.48756193811653
44,57,179.7396432147766
45,57,198.81338520838926
44,57,297.19790817368585
43,57,111.01264064152836
42,57,111.99807202876198
42,56,126.82623096628605
41,56,184.06619632083195
40,56,143.76241501547076
39,56,280.0239072712492
40,56,169.7405556377825
39,56,178.05557051675618
38,56,160.05961281752914
38,57,145.89410292294502
37,57,173.55405733839788
36,57,196.0621099547202
35,57,134.50804213035462
34,57,180.6685282971519
33,57,122.49827615635034
33,56,188.97483762817234
32,56,145.89410292294502
31,56,153.31030760005558
30,56,183.7723192580168
29,56,191.89619737104866
28,56,317.28370302183953
27,56,187.42929130953513
26,56,213.1404389128035
25,56,179.785976396323
26,56,330.1256616826409
25,56,231.93319546255304
24,56,341.45781445603063
23,56,243.45512728292846
22,56,291.962011365423
21,56,194.9783343147525
20,56,228.01725316219847
19,56,189.91357452021475
18,56,236.10211052516587
18,55,339.1984968475537
17,55,234.48669415774557
16,55,266.9637747519392
15,55,246.94249150526883
14,55,325.38116185214415
15,55,257.01922605597497
14,55,233.6464487696851
13,55,206.10463769330374
12,55,264.96796340575145
11,55,213.2559281432935
11,56,269.1797564773652
10,56,159.5384369755096
11,56,209.85273376262882
10,56,196.08981019961988
9,56,246.04279809506943
8,56,279.24601622028337
7,56,244.33249663617883
7,55,142.618962655383
6,55,170.99113665881788
7,55,160.78488989957535
8,55,176.77799580418082
7,55,162.20342516216232
8,55,306.0397935495977
8,54,243.5810738582237
7,54,417.95403726593725
6,54,194.5254705639267
5,54,204.6398579342405
4,54,128.6652199718581
3,54,154.27381676400094
3,55,184.66136463978899
2,55,157.64290414642494
1,55,124.12170654652074
