-100,79,254.1344455039451
-100,78,250.3474856090696
-100,77,375.2020043539619
-100,76,469.9035649656415
-100,75,710.604575386243
-100,74,327.8068602254495
-99,74,394.6119802114034
-99,75,78.91060610709769
-99,74,487.2771785601075
-99,73,371.3578784548457
-98,73,471.59364010140513
-98,72,482.4608618762145
-98,71,552.4567722959648
-99,71,498.95467919317326
-99,72,462.2599197968573
-99,71,431.431147229069
-99,70,600.0539488356046
-98,70,472.5327206340011
-98,69,280.15969389693583
-98,68,455.4899135040647
-98,69,338.1288970493979
-98,68,556.7262749550846
-98,67,577.2882351891514
-98,66,298.23610260606046
-98,67,557.6909710450783
-98,66,690.0640945751037
-98,65,788.672776938128
-98,64,499.4708678167443
-98,65,173.29603453378124
-98,64,315.0687534053557
-98,63,543.9164905402603
-98,62,586.7302944441716
-98,61,355.1574527556196
-98,62,98.78063627276936
-98,61,309.5612947137651
-98,60,492.9924917898268
-97,60,719.4814108236335
-96,60,581.0303539293873
-96,59,355.1574527556196
-96,60,368.80343982574516
-96,59,845.9538854303803
-96,58,628.243228549768
-96,57,631.0220724901116
-96,58,258.3664670076554
-96,57,438.0937902708298
-96,58,525.5182132723442
-96,57,354.6006363371946
-96,56,435.26871703375707
-95,56,110.47484854993675
-95,55,620.1273477070638
-95,54,414.35036154822285
-95,53,462.35269069181805
-95,52,320.53682642205433
-95,51,258.8042972745069
-95,52,445.6979074136267
-94,52,402.0785702323267
-94,53,647.2474584375052
-94,54,509.6012527602489
-94,53,612.4814431347141
-94,52,529.7233958886792
-93,52,585.2065102445074
-92,52,425.63573008080095
-92,51,473.53437625368406
-92,52,339.5287617439629
-92,51,451.9727022906671
-92,50,749.0473304179591
-92,49,737.2568093253657
-92,48,741.2602905104401
-92,47,355.1574527556196
-92,46,563.5709126342927
-92,47,633.1328623168109
-92,46,382.5987285398438
-92,45,473.53437625368406
-92,44,583.7954455711473
-92,43,412.04435877294287
-91,43,473.53437625368406
-90,43,355.1574527556196
-90,42,509.6012527602489
-90,41,476.54907361742903
-90,40,110.47484854993675
-90,39,647.2307104301266
-90,38,617.4435825870695
-90,39,228.14701555369672
-90,38,473.5432703408261
-90,37,604.7505711826752
-90,36,236.77163517041305
-90,35,339.7341685068326
-90,34,483.12747335010886
-90,33,564.6290082381793
-90,34,552.4567722959648
-89,34,694.4750287430334
-88,34,497.43502623182917
-89,34,667.4843092065184
-89,33,236.77163517041305
-89,32,412.9831380183809
-89,31,536.3462035858643
-89,30,842.8779025138422
-89,29,867.5080132168168
-88,29,414.35036154822285
-87,29,746.7419623592505
-87,28,858.0355311081482
-87,27,957.8543728437693
-87,26,847.6935901869036
-87,25,525.0949692893298
-86,25,631.5823780105193
-86,24,297.7030927922177
-86,25,581.8580548244698
-87,25,491.78521004926733
-87,24,414.35036154822285
-87,23,416.3488012917617
-86,23,403.33796946890055
-86,22,579.6686471805801
-86,21,600.7991461631693
-86,20,414.35036154822285
-86,19,516.7950041408583
-85,19,473.5432703408261
-85,20,223.39180861845531
-84,20,473.5432703408261
-85,20,444.39701466937663
-85,19,608.7852543162733
-85,18,376.45235082557025
-85,19,379.65670617032146
-85,20,390.6284767583487
-85,19,373.50725316127443
-85,18,251.30745271291948
-85,17,560.7413080792585
-85,16,414.35036154822285
-84,16,552.4567722959648
-84,17,622.1147131986002
-85,17,757.1052674473553
-84,17,429.09387893422627
-84,16,423.04945941306335
-84,15,589.0704345264954
-84,16,325.12321084711016
-84,15,536.9277378087385
-83,15,491.09942784840223
-83,14,307.55356912548007
-83,13,183.74191849017183
-83,12,277.9846767980959
-83,11,410.22244843759563
-83,12,741.0202392533536
-83,13,497.598286941971
-82,13,954.9135001805176
-82,12,799.8844432951227
-82,11,541.0589648849428
-82,10,759.0283804049848
-82,11,546.261750337981
-81,11,525.8051594994952
-81,10,547.2316376610579
-81,9,509.6012527602489
-81,8,324.16729097702466
-81,7,325.01934016473786
-81,8,364.4494861534606
-81,7,343.2262556334462
-81,6,335.6024343495948
-81,5,569.606789209083
-81,4,696.8501871517068
-81,5,499.29417674391925
-81,4,533.917749213515
-81,3,657.9281780527292
-80,3,414.35036154822285
-80,4,455.611743276177
-80,3,495.9987141554228
-80,2,332.24931950535444
-80,1,494.06823987476685
-80,0,611.9614258893205
-80,-1,412.32578790877255
-79,-1,716.2154518845109
-78,-1,650.1043967050396
-77,-1,260.08269181460173
-76,-1,509.074865093684
-75,-1,739.537222145475
-74,-1,472.6837034049536
-73,-1,614.4419972385906
-72,-1,473.53437625368406
-72,0,543.6762372314954
-71,0,508.45875085610146
-71,-1,679.350586449991
-70,-1,568.6861217207575
-69,-1,345.2681142200214
-68,-1,304.8317402147011
-68,-2,504.6867627241153
-69,-2,565.4136252137164
-68,-2,715.4980467922668
-67,-2,723.3695268414768
-67,-1,622.881348688894
-66,-1,450.6563243707112
-65,-1,446.4464750604267
-64,-1,953.3191100728206
-64,0,552.4567722959648
-64,1,508.4286094125977
-65,1,561.3223007632905
-64,1,372.62105392547846
-65,1,1029.1006423204983
-64,1,571.8347932657676
-63,1,821.4542738505655
-64,1,728.1798282087478
-64,2,511.22008253066974
-63,2,525.7461862651462
-62,2,330.16024414477073
-61,2,419.84405881945224
-60,2,345.51209583795304
-59,2,649.474059411583
-58,2,427.42569869247166
-58,3,732.890483044959
-59,3,478.6523120031145
-58,3,785.7984886049976
-58,4,488.9469268880484
-57,4,323.8930561552856
-56,4,492.51940273278075
-55,4,275.14423173697116
-55,3,406.02504037250975
-54,3,495.91152192202946
-53,3,560.2201042546582
-52,3,665.0174036954676
-51,3,423.8831304186541
-50,3,490.14382765467883
-49,3,473.53437625368406
-49,4,770.6091392007169
-48,4,940.5902642670818
-47,4,723.3623049302345
-47,5,705.1795248813281
-48,5,860.7369228200021
-47,5,565.0661001089305
-46,5,496.6741773996971
-45,5,602.4712531493515
-44,5,920.0943555262859
-43,5,779.0724600991139
-42,5,611.8502003635533
-41,5,482.3146542749961
-40,5,346.9952580776017
-39,5,448.5641227079205
-39,6,512.2110327682028
-38,6,600.427915716142
-39,6,587.6496764421743
-38,6,991.6124951140469
-37,6,395.95794159637256
-38,6,526.5486254375865
-37,6,171.66872562161686
-36,6,538.7800273732845
-35,6,621.3748277146417
-34,6,990.4260978303585
-33,6,624.292801543375
-34,6,658.4256529928402
-33,6,1003.616446408145
-32,6,472.5354589111151
-31,6,304.0192883863141
-30,6,489.59297807951265
-29,6,415.4443335597564
-28,6,377.4730239795105
-27,6,580.5732136151461
-26,6,324.18046566688815
-27,6,432.92112499744775
-26,6,318.7238281751886
-25,6,1098.3221773897656
-24,6,563.4317655110596
-25,6,722.1142154046686
-24,6,765.0988680047599
-23,6,424.10532280722305
-22,6,781.9160836948292
-21,6,612.5222795671519
-22,6,617.0647430014712
-21,6,623.3437334521274
-20,6,841.6278396588696
-19,6,881.6641808579752
-18,6,357.0818478279798
-17,6,868.4845300627692
-17,7,420.474335729235
-18,7,639.0117593074297
-18,8,391.38532164977704
-17,8,568.8074222451396
-17,9,834.1744456207535
-16,9,618.152489439542
-16,10,519.6974388552467
-15,10,248.83998294062553
-14,10,708.5470413100456
-13,10,575.186376280482
-13,9,764.5499331198766
-12,9,633.2970691158564
-11,9,811.9925754695519
-10,9,664.8736865152651
-9,9,780.6790699320111
-10,9,1039.015030007542
-9,9,1151.5443718171296
-8,9,1039.1497096061175
-7,9,450.3906607448334
-6,9,446.60859955014985
-5,9,805.0130285952289
-5,10,938.7310629746512
-4,10,798.8172849750729
-3,10,556.3118957509108
-2,10,882.8194110398849
-1,10,945.0930196313548
-1,11,527.5769294140729
0,11,632.1171290067496
-1,11,588.4972711302481
0,11,528.1601531705077
0,12,644.7442091534516
0,13,509.4819548133374
1,13,296.6188078320757
2,13,552.8757763576559
3,13,594.8284329847015
4,13,314.67732916126033
3,13,581.3054753666297
4,13,694.9939130833866
3,13,539.5871104175128
4,13,610.7744708139503
5,13,873.475405128117
5,14,521.6076668987397
6,14,324.83724592887813
7,14,573.8059063698762
7,15,204.89231995158747
8,15,345.62363501210416
9,15,957.5228114840638
10,15,950.0670143232066
11,15,542.1696205538598
12,15,448.3788300056945
13,15,636.9901075198043
12,15,473.23145268206537
13,15,516.3778371428292
14,15,593.4148603119603
13,15,390.53215749741616
14,15,639.906318161577
15,15,509.79684413720855
15,14,475.6437505791139
14,14,385.33459145885803
15,14,415.93874706476294
15,13,287.03100291268055
16,13,472.4257192389297
16,12,857.8225464174444
16,13,639.6652494233088
17,13,788.6537680694577
16,13,778.7404969566853
17,13,433.879027311191
18,13,144.77355923720944
19,13,216.04047593887742
20,13,381.85983673940217
21,13,221.34059031648474
22,13,594.6736563744596
23,13,368.085488538184
24,13,381.01974364797695
24,12,483.94150143755377
25,12,417.2910281072188
24,12,852.5759598604378
25,12,840.2353706795088
24,12,363.1220343919018
25,12,555.9887997730291
26,12,719.5808360926311
26,13,738.4127348965615
26,14,703.8882888943841
26,15,416.02475331751054
26,14,522.7860224102519
27,14,538.7456598713655
28,14,832.7937284881058
29,14,938.3515012523852
28,14,860.108128325641
27,14,677.3531320697457
28,14,861.7197136634408
28,15,507.00940162203676
29,15,996.3704859990116
30,15,638.6540811700276
31,15,321.6837985872977
31,14,481.3459318559721
32,14,440.6935525522073
32,15,745.4514929487776
32,16,500.875307288705
33,16,439.3299397550656
33,17,312.0647039946215
34,17,583.1721590075514
35,17,813.2488096399404
35,16,499.59519865988733
36,16,594.0279762913153
37,16,563.8353634704982
38,16,179.26348573476028
39,16,281.33464090286463
39,17,510.5842734444333
39,18,736.9768288988284
40,18,529.1215762806523
40,19,408.04096160766755
41,19,567.8261609342313
42,19,819.905463464973
43,19,546.652830048521
44,19,544.7540197586188
44,20,652.8852884676646
43,20,677.962689088399
44,20,762.4747807843436
43,20,841.8340740478801
43,21,554.3408747558808
44,21,448.68380612594507
45,21,435.2139878448186
46,21,413.71019667874
46,22,651.1564010012564
47,22,528.8701002869759
47,23,510.2371451610344
48,23,668.2625259925999
49,23,381.2210036471588
50,23,394.6119802114034
51,23,344.7366735308673
52,23,306.0469455417102
51,23,480.7062094754494
50,23,335.44939370082574
50,24,720.6708971649759
49,24,587.8708263421986
50,24,554.6211012731388
51,24,540.4501309385565
52,24,716.7677854936366
53,24,423.15509857601205
53,25,539.1250314389083
54,25,540.0392249129145
55,25,454.25763078209127
56,25,573.6518717781182
56,26,923.0413026584838
57,26,886.9559892770038
57,25,506.64779154941306
56,25,645.8814883567669
56,26,553.4763525795704
57,26,299.49269302392673
58,26,397.00658635158237
57,26,711.1791134128493
57,25,614.7000382950569
58,25,496.9579724951735
58,26,843.414357451814
58,27,450.42535444938005
58,28,501.6707575278573
59,28,952.8632678987397
59,29,638.6793929977209
59,30,552.4567722959648
60,30,757.7266149867321
59,30,538.2774533757517
60,30,221.51222309628906
61,30,638.7709966964482
62,30,341.64103599127174
61,30,394.6119802114034
61,31,456.7574597256354
61,32,110.68144576492801
62,32,713.482162598899
62,31,764.5859935487207
63,31,633.6569297196021
64,31,881.5919918609943
65,31,910.4639235417608
65,32,430.3177741093032
66,32,756.9408726899404
67,32,444.98321619912133
68,32,355.35459388026254
69,32,427.84264906645836
70,32,499.60944339266234
69,32,702.6559367180737
70,32,701.8122533410371
70,31,423.8982231695006
71,31,543.8474887293728
72,31,467.5821477791859
73,31,389.3334243658303
73,32,432.5283186480087
74,32,563.2141807691937
74,31,541.1392421827866
73,31,532.9863806058191
74,31,532.1710851028075
74,32,811.3236691309088
74,33,456.1257625590906
74,34,465.3823149417053
75,34,594.534794886957
75,35,640.7874572592693
76,35,437.513453634168
76,36,734.6059470238237
76,37,471.44557169611795
77,37,733.2111938747836
77,38,175.43450035476235
77,39,927.8311908377029
78,39,237.89424615665757
79,39,464.2636607144873
79,40,480.8773350477859
80,40,750.4472282233276
81,40,344.1132636947343
81,39,300.69773884751226
81,38,634.6720750066897
82,38,785.3756907950078
82,37,546.0793335355013
82,36,650.8478923358617
83,36,463.7917640678727
83,35,630.7846676678768
83,34,378.65196164959866
83,33,533.230524901231
82,33,677.8519372738348
82,32,750.9753238692712
82,33,522.2724071267288
83,33,436.48538601683924
82,33,648.3350045008291
83,33,447.24266958837774
83,32,414.65668627231577
83,31,383.1134480517468
83,30,264.67307631558873
83,31,797.8620834017679
83,30,484.37014719877243
84,30,343.5025098792155
85,30,528.401732346475
85,29,470.3507446691882
85,28,192.14655888913842
85,27,663.9653775891542
85,26,340.28438922354024
85,25,401.08432567124015
