59,-60,339.7341685068326
59,-61,236.77163517041305
60,-61,246.05490575685056
59,-61,436.0100124111445
59,-62,734.5440668778456
58,-62,564.4405882881505
58,-63,425.467033042451
57,-63,298.1304153433951
57,-64,295.9645439630163
56,-64,295.9645439630163
57,-64,466.6606770242841
56,-64,756.120842386563
56,-65,647.6505172446821
56,-66,490.7592902026465
56,-67,518.4239516873611
57,-67,414.35036154822285
57,-68,453.61484720755266
57,-67,745.5395216311281
56,-67,240.17409213562195
56,-68,262.4255682506386
56,-69,412.8638738931818
56,-70,372.75259444276577
55,-70,585.5719525494133
54,-70,445.24225647671216
54,-71,313.1523107685201
53,-71,530.7920398049166
53,-72,910.034634776334
53,-73,473.5432703408261
52,-73,634.5718240994065
51,-73,429.0578222810748
50,-73,355.1574527556196
49,-73,400.6855019963731
48,-73,688.3091021658042
48,-72,313.1344696546987
48,-73,456.46232631877024
47,-73,595.6121112354978
46,-73,432.96680123193516
45,-73,529.6012409070311
45,-72,303.7196072446968
45,-73,634.9818638524273
45,-72,559.2701785280484
45,-73,255.2562819133783
46,-73,414.35036154822285
46,-72,390.8486196221432
46,-73,424.66771063354076
46,-74,534.078995015697
45,-74,391.06173052706595
45,-75,393.81991993427386
44,-75,414.35036154822285
44,-76,671.9220322008797
44,-77,476.56446443765236
44,-76,110.47484854993675
43,-76,469.91027945465055
43,-75,273.81896198943576
42,-75,315.6895841691227
42,-74,436.03966518948647
42,-75,475.7758774868256
42,-76,393.1634786553186
43,-76,492.84533308839184
43,-77,566.9890658000558
43,-78,393.917124556589
43,-79,392.64453400088945
42,-79,549.9286238174061
41,-79,687.660383805071
41,-80,424.66771063354076
40,-80,751.748841138526
41,-80,480.806146667676
42,-80,461.3856710276792
43,-80,446.74728361421046
44,-80,604.0552880733303
45,-80,416.22525510277643
46,-80,882.3976727183888
47,-80,431.88899883756676
48,-80,616.1313137450538
49,-80,394.4248521057529
50,-80,642.7355686756941
51,-80,452.94899195207836
52,-80,763.3048242282159
53,-80,443.8299988168578
54,-80,1019.3789828146523
55,-80,567.3752903075967
56,-80,533.6141455655331
57,-80,356.373904383431
58,-80,975.3185483099488
59,-80,473.5432703408261
60,-80,162.1583601786979
59,-80,354.68723098606785
59,-79,196.01747429038753
59,-78,431.75370775866253
60,-78,414.35036154822285
60,-77,618.5257548296387
61,-77,620.4973783614316
60,-77,792.7552562055744
61,-77,236.77163517041305
60,-77,261.68816617805527
60,-78,420.7272544133417
60,-77,461.5937850233601
61,-77,552.4567722959648
62,-77,710.3728604915259
61,-77,693.4321840677691
61,-76,811.6070520919537
62,-76,713.6877045762994
61,-76,631.3791683382454
61,-75,706.9432757583286
62,-75,642.372275196611
61,-75,588.0446217235072
60,-75,295.9645439630163
61,-75,550.6177702917628
61,-74,482.97953339865796
60,-74,616.8714137589099
59,-74,197.68104934827858
59,-73,588.7450651900721
58,-73,387.00729012240924
57,-73,721.9803537543605
56,-73,594.534794886957
56,-72,235.31406121477204
55,-72,277.46166088600563
54,-72,584.8109772688681
54,-71,355.1574527556196
53,-71,626.0737071447999
52,-71,406.5550840630314
52,-70,236.77163517041305
53,-70,339.7341685068326
52,-70,315.6895841691227
51,-70,260.0543745029109
50,-70,600.8121025208568
49,-70,852.1832669357644
49,-71,414.35036154822285
48,-71,467.7058311419194
47,-71,586.4129307888883
48,-71,750.703622688635
47,-71,152.54987720346838
46,-71,638.7166365576777
46,-70,576.1079869843904
46,-69,483.11965328340995
45,-69,121.03642977604665
44,-69,141.07795946439396
43,-69,646.3188846134401
43,-68,171.9707412482256
43,-67,259.29894272095737
42,-67,1088.8054180250754
43,-67,512.3919339845827
43,-66,634.2547579146308
43,-65,519.1436682666074
42,-65,788.7116475276537
41,-65,642.2100935368653
41,-64,802.5984111311014
40,-64,684.9147904928617
40,-65,549.5609259408078
39,-65,532.8048683276631
39,-66,312.23738883841156
38,-66,345.4631057660567
38,-65,494.35945738129817
38,-64,574.3432766061698
38,-63,593.667482884235
37,-63,862.1310576350791
36,-63,712.4053913263531
35,-63,505.8321581320791
34,-63,573.2932520955914
33,-63,851.5568790716529
33,-62,818.5916032180737
32,-62,663.9696600203763
33,-62,552.4567722959648
33,-61,362.1990903494116
33,-60,696.6290689635209
33,-59,568.5125915591823
32,-59,94.69272732851722
32,-58,428.95745323264435
32,-57,577.4639471202781
32,-56,453.227874569581
31,-56,693.3020549964685
31,-55,853.1009300880137
30,-55,686.2151951010949
30,-54,467.2046097363594
30,-53,680.8474732217603
29,-53,832.1269928209488
28,-53,498.3801384823696
27,-53,430.92943248689306
26,-53,646.942480268791
26,-52,586.0037382581531
25,-52,420.04597386286144
26,-52,643.9483914165546
25,-52,424.66771063354076
25,-51,951.7797461387031
25,-50,980.2560280749694
26,-50,637.77411461209
26,-51,603.4370008183323
25,-51,863.2142433857173
24,-51,536.1626151645474
25,-51,827.3043056552717
24,-51,352.99832450611115
24,-52,546.2546684428047
23,-52,536.703557867667
23,-51,868.7679948200773
22,-51,780.5902788965357
22,-50,892.5983715249414
21,-50,486.1351185515236
20,-50,572.5431178919222
20,-49,536.1111812786489
19,-49,448.8147669017039
19,-48,467.4533194925689
18,-48,383.6994358362378
18,-47,636.1316955029018
18,-46,280.1904311630376
17,-46,573.625326624441
17,-47,657.9042767542783
18,-47,833.6566458264947
17,-47,488.37179453765765
17,-46,268.1502643446496
17,-45,393.27625169587196
17,-44,418.00582252216066
17,-43,411.4901847011425
17,-42,378.86204128047274
18,-42,584.3723410767936
18,-41,892.2756744324971
18,-40,458.7281758181219
18,-39,623.0938136860275
18,-38,691.4320255174177
18,-39,479.62398070784377
17,-39,731.1341870568933
18,-39,553.5407580511629
18,-38,469.27802011857875
18,-39,896.7454925738618
18,-38,405.0146382743302
17,-38,522.9613970274826
16,-38,453.16769530020093
15,-38,898.4078666714249
14,-38,905.2634143116738
13,-38,731.616378975597
12,-38,799.6605677324238
12,-37,285.9397164322494
11,-37,475.5237714307615
11,-36,252.90736631030234
11,-35,376.8084570813021
10,-35,625.1899079831912
9,-35,464.1336591838275
10,-35,475.78617730659835
9,-35,490.3948644458099
8,-35,295.9645439630163
9,-35,712.8993574406659
8,-35,1050.103327901013
8,-34,1076.608595721979
8,-33,846.6951705703863
7,-33,915.779221605102
6,-33,663.0143795815101
6,-32,263.3028431524603
5,-32,244.57942784523456
4,-32,539.5317104627583
3,-32,595.9565778127105
2,-32,368.26543896740554
1,-32,525.0972168891338
0,-32,834.6211111923094
1,-32,409.9586183723443
0,-32,1187.6071302352552
-1,-32,938.6649698314855
-1,-31,386.80974620824645
0,-31,584.9825343452114
1,-31,306.61195651226006
2,-31,461.368264459776
1,-31,371.17369916037023
1,-30,1011.8183201334662
1,-29,1166.3053507535574
1,-28,1014.191398562565
0,-28,811.1737898553264
0,-27,527.2709242982507
0,-26,500.4523380817868
-1,-26,406.41778683534505
-2,-26,302.05871409968415
-3,-26,567.0107803250086
-3,-25,357.31078972260843
-3,-24,568.836786862355
-4,-24,552.4567722959648
-4,-23,531.0266320135759
-5,-23,396.776810713096
-5,-22,330.4704906174562
-5,-21,869.2289816979048
-4,-21,771.4508836913976
-4,-20,392.80452197747263
-5,-20,772.8052059937237
-4,-20,649.8064401363105
-4,-19,625.3567024191868
-5,-19,873.4326838342536
-5,-18,976.5672533745629
-6,-18,1174.52812848781
-6,-17,918.5064773867713
-7,-17,710.3082163876845
-8,-17,470.88055687481835
-9,-17,434.0003498385926
-9,-16,695.7606709645937
-9,-15,366.00880117615907
-8,-15,525.0312694259163
-7,-15,557.0487599198846
-8,-15,900.3669658840997
-8,-16,539.7450462863472
-7,-16,523.0342294381733
-8,-16,430.50651711425644
-9,-16,430.55857609221573
-8,-16,407.18585959493976
-9,-16,511.3666989701459
-9,-15,437.6501724379172
-10,-15,340.9746440090914
-11,-15,358.6250991231393
-12,-15,706.2205030789537
-12,-14,668.8039586580994
-13,-14,456.84282045154055
-14,-14,1069.1299128033443
-15,-14,545.398539785805
-16,-14,1200.1748333523094
-16,-13,479.29194361300773
-16,-12,448.11848056767565
-17,-12,479.3979036764971
-18,-12,559.4309075306164
-18,-11,396.53790971745457
-18,-12,796.0724475358527
-19,-12,764.3616665680178
-20,-12,500.41140453147534
-19,-12,843.9874653193851
-19,-11,450.9893018770093
-20,-11,425.36131286503195
-20,-12,272.69603845654217
-21,-12,559.4243602769467
-22,-12,353.85337432131513
-23,-12,224.92923948705467
-24,-12,323.00847993981324
-24,-11,461.71521574559836
-25,-11,394.2659691395163
-25,-10,267.812182567499
-26,-10,304.5212654385095
-26,-11,565.4698896130069
-25,-11,473.6832447831233
-25,-10,723.1037718066336
-25,-9,456.64206990549906
-25,-8,716.128952563197
-26,-8,689.5683042220617
-26,-9,865.332353359165
-27,-9,300.98289948165154
-28,-9,408.70834794972455
-28,-8,581.6157604914579
-28,-7,405.327852392889
-28,-6,631.8196112679723
-29,-6,411.0638539440631
-29,-5,648.2868606085448
-30,-5,343.27958093324787
-30,-4,913.1150313967754
-31,-4,439.1067430666909
-32,-4,572.6211219407395
-33,-4,573.1480341169396
-33,-3,458.51706060676213
-32,-3,424.29291045288386
-32,-2,416.44652449032725
-32,-1,672.4311746017253
-32,0,642.9752452153037
-33,0,589.325546010772
-34,0,652.2675528917808
-35,0,1030.4468190415266
-36,0,1040.6293773013065
-36,-1,629.3941735078539
-37,-1,670.8916224777589
-38,-1,643.6775072104862
-39,-1,723.0842670456879
-40,-1,100.37395830578899
-39,-1,472.5639728057249
-38,-1,498.88512046170956
-39,-1,442.91019148857873
-38,-1,656.3341125451537
-39,-1,433.18091744239854
-40,-1,465.44312819796323
-40,0,438.07176669164227
-41,0,502.57327029463187
-42,0,604.867954062561
-43,0,337.17688264991807
-43,1,305.8720473216259
-42,1,385.8738106395546
-42,2,619.857661529058
-43,2,292.57542128429054
-44,2,458.61621625156204
-43,2,572.4756844004397
-43,3,801.9153311354014
-43,4,330.73983907331467
-44,4,476.1451659546027
-44,5,454.54152826901236
-45,5,724.8779087666246
-44,5,970.288607770597
-45,5,396.22633617066913
-44,5,527.1159720123869
-44,6,961.3262715746854
-44,7,524.9024912904994
-45,7,792.6718763699222
-46,7,322.891946791342
-47,7,771.9750732075652
-48,7,369.7148145567352
-49,7,486.3684406074826
-50,7,613.8714684200288
-50,8,868.3819385278617
-51,8,749.5885908642063
-50,8,787.1166968411023
-49,8,221.76089038780677
-49,9,466.47352736687776
-50,9,269.8718258761792
-51,9,275.59622305898506
-52,9,562.0925106127844
-53,9,649.054559176576
-54,9,845.9764544484972
-54,8,774.8948532791622
-54,9,979.3135294248332
-53,9,473.53437625368406
-53,10,448.7535157697472
-54,10,442.1387771644674
-54,9,454.48455644459517
-55,9,497.3783237827804
-55,10,729.3577782154216
-56,10,782.3126635273612
-56,11,1068.9109366980433
-57,11,478.8444343239091
-58,11,497.07869488238936
-59,11,375.0557855717853
-60,11,80.11669287665484
-61,11,478.19045508105853
-61,10,392.30629705939486
-61,11,597.2874492014664
-61,12,733.6050015167021
-62,12,375.1293024658672
-62,13,432.2464838844908
-63,13,768.0113899587861
-63,14,553.9566836911351
-64,14,498.70600918330865
-65,14,543.966292338801
-64,14,711.6614443764691
-65,14,315.6895841691227
-66,14,346.34575283822824
-67,14,502.7246282489939
-67,15,518.4712160307673
-68,15,356.4516305246122
-68,16,493.5021816204812
-69,16,560.8974199588549
-69,17,518.1709537785091
-70,17,414.35036154822285
-70,18,384.2648591967932
-71,18,965.4592971641528
-71,19,810.258317674713
-71,20,633.9489193399601
-70,20,430.6811613019943
-71,20,346.2703846078459
-72,20,641.2762301408535
-73,20,618.3936448425329
-74,20,857.6407009458503
-75,20,889.6239608277563
-74,20,552.4567722959648
-75,20,598.6427736749533
-74,20,799.0681964002007
-75,20,180.2359243359577
-74,20,651.0524175404645
-75,20,355.1574527556196
-76,20,347.8257896041829
-77,20,260.0589765051697
-78,20,569.0977763632598
-79,20,491.71508183765883
-80,20,827.3553513533504
-80,21,845.5677517719283
-79,21,797.8074966649665
-79,20,483.63117829951085
-79,19,821.4628985969896
-79,18,676.6951236787977
-79,17,661.4574389518903
-79,16,666.4941459258467
-79,17,861.1409056178184
-79,16,655.67926618327
-78,16,474.72473924735027
-78,15,284.4414227320122
-77,15,248.12131173841757
-77,16,650.3426920733096
-77,15,721.0864997194714
-77,14,377.22281970836474
-77,13,325.5975578915033
-77,14,513.0575789493915
-77,15,438.3958092076388
-77,14,690.3189282414764
-77,13,355.1574527556196
-77,14,472.202625947816
-76,14,435.0050503730599
-76,13,588.4360322223001
-75,13,457.2464418265201
-75,14,401.40890802473166
-75,13,479.49154437924517
-75,14,882.6418480223392
-75,13,769.3829028577967
-75,12,430.2263910234117
-75,11,784.9092506035703
-75,10,368.7993705754278
-75,9,769.0100132510953
-74,9,513.6951172188298
-74,8,721.2689136249041
-74,7,734.1233529752283
-74,6,401.23405254558514
-74,7,506.6807010618998
-74,6,539.7622004101064
-74,7,631.3791683382454
-75,7,491.0058918837298
-75,8,394.3067477405591
-75,7,455.57905157198354
