-79,40,83.31691679259944
-78,40,186.4946113482551
-78,39,165.16148880227163
-78,40,143.8380463046064
-78,39,170.53070282132546
-78,38,171.22772404526654
-78,37,188.02098081513586
-77,37,194.69661563689144
-76,37,186.9613241729305
-75,37,173.9873896804168
-75,36,132.61001450500078
-75,35,158.74516493750573
-76,35,194.06497863521676
-76,34,152.2381711613898
-76,33,181.83430273524624
-76,32,157.98240900626928
-76,31,217.4040242918811
-76,30,143.6468892614405
-76,29,124.55204710882653
-76,28,146.12101439574172
-75,28,249.0929563061529
-75,27,253.0695874133356
-75,28,221.28460675356678
-75,29,192.44849347325692
-75,28,279.39847145559384
-75,27,130.7054965755965
-75,26,206.07063541093123
-74,26,141.61502027933258
-73,26,142.92918430983087
-73,25,140.11102836674476
-73,26,230.70894243686269
-73,25,347.5335546423762
-73,24,217.1914719793355
-73,23,210.89834929551466
-73,22,299.17104088946405
-73,21,136.2540671031976
-73,20,130.22714458633348
-73,21,118.57031033036121
-73,20,83.31691679259944
-73,19,126.12126024619936
-73,18,163.3137681459334
-73,17,206.55920282760871
-74,17,130.37063607492667
-75,17,168.80431348000926
-75,16,183.52040571511338
-74,16,178.45574194596816
-73,16,149.50166596308352
-73,17,162.17290886151102
-72,17,148.50382103435686
-72,16,188.73070841792267
-72,15,202.37776359321862
-72,14,342.34375038709567
-71,14,363.87372315854657
-70,14,223.65398079980417
-70,13,194.5254705639267
-69,13,153.8204795592586
-69,12,244.71259493641625
-69,11,136.537810053729
-68,11,136.1552504411129
-68,12,197.1559008233839
-68,11,178.58093859527452
-68,10,184.93970967439452
-68,9,242.21480780454667
-68,8,174.38040771647073
-68,9,218.86434429885117
-68,8,136.78427969991213
-68,7,152.1811828716715
-68,6,169.25956252157619
-68,5,160.71873502518793
-68,4,186.8491521294202
-68,5,221.681556316227
-68,4,296.3003177533627
-68,3,167.7163735852906
-68,2,189.50171992911146
-69,2,249.7146929210644
-70,2,256.083348868393
-69,2,362.6544861972879
-68,2,145.89410292294502
-68,1,191.97613065035955
-68,0,221.5990897795474
-68,1,177.77271235610087
-68,0,207.62266192097252
-69,0,226.37902894918125
-69,-1,237.4974863173457
-69,0,459.37498998709003
-69,1,186.46753327919808
-69,0,146.20292259397766
-69,-1,186.37533035218237
-69,0,157.4933191176459
-69,-1,223.6142539699671
-69,-2,250.24334517920545
-69,-1,253.9401116242237
-69,-2,128.24247546434012
-69,-3,158.1973121044832
-69,-4,182.61574840292496
-69,-3,213.13343962594575
-69,-4,189.3352333832573
-69,-5,299.29011887092963
-68,-5,333.589008592163
-68,-6,145.80460438704904
-68,-7,217.3162563983487
-68,-8,186.03932235347693
-69,-8,170.20978674343584
-69,-9,340.75633230208905
-69,-10,272.3894699318498
-69,-11,188.24620971547063
-68,-11,133.10918392898915
-68,-12,110.42572941056392
-68,-13,129.23605438971543
-68,-14,128.6652199718581
-68,-15,174.64054606875527
-68,-16,182.13233403081185
-68,-17,192.99782995778716
-68,-16,200.96169568165269
-68,-17,130.8616662908089
-67,-17,229.71338289992946
-66,-17,205.11726507849392
-66,-16,188.72375389314945
-66,-15,377.43703771140315
-66,-16,171.05776308739368
-66,-17,192.49475732370337
-66,-16,156.75193335629976
-66,-17,186.44431829521434
-66,-18,192.99782995778716
-66,-19,145.89410292294502
-66,-20,170.8032681266631
-66,-21,128.73936154831298
-66,-22,129.62202994280614
-66,-23,150.09457175238913
-66,-24,138.78099626494046
-65,-24,209.25353667722274
-65,-25,257.20051946893517
-65,-26,197.10008145058478
-65,-27,227.16012713896035
-65,-28,188.2205162343321
-65,-27,211.20090837039356
-65,-28,193.22343683539108
-65,-29,185.9805608663394
-65,-30,202.80583363160548
-65,-29,179.0963883958584
-65,-30,308.4407089850455
-65,-29,261.85229496362575
-65,-30,184.6980667533785
-65,-31,201.88493290843525
-65,-32,163.54886835763534
-65,-33,153.7210603046296
-65,-34,188.92248612866615
-65,-35,134.83156162931078
-65,-34,160.18409998742268
-65,-33,162.3766186612606
-65,-34,282.57949283765777
-65,-35,167.87982789190843
-65,-34,169.12349526410978
-64,-34,171.33957639605444
-64,-35,188.6558101233485
-64,-36,202.320486307882
-64,-37,222.55448828037473
-64,-38,215.80821423996093
-64,-37,196.74634047948962
-64,-38,332.90655593874453
-64,-37,185.06687560187135
-64,-38,192.99782995778716
-64,-37,177.32576735290039
-64,-36,230.39643708384398
-64,-37,133.42806777580492
-64,-36,256.67289502786355
-64,-37,326.0047248952346
-63,-37,245.08348875242402
-62,-37,352.122994321792
-62,-38,330.8262810774476
-62,-39,118.0886374662594
-62,-38,126.11313259006437
-62,-37,148.54832545052233
-61,-37,206.220286503482
-61,-38,137.45184191257405
-60,-38,226.11654334060333
-60,-39,287.0383254953893
-60,-40,287.7692799400258
-60,-41,298.2646245540741
-60,-42,240.84182950564283
-60,-41,170.20978674343584
-60,-40,293.65375576282247
-60,-41,246.71621055447383
-60,-42,235.32416122389446
-60,-43,233.51300649759406
-60,-44,141.94642152882582
-60,-45,114.18408642245325
-60,-46,125.64998384561686
-60,-47,128.6652199718581
-60,-48,127.44388513668729
-60,-49,199.1370134238307
-60,-50,221.1296691205988
-60,-51,266.5150444562958
-60,-52,206.00578345200424
-60,-53,170.20978674343584
-60,-54,180.7657879562684
-60,-55,218.30135688856166
-60,-56,255.75066714997467
-60,-57,170.20978674343584
-60,-58,213.13343962594575
-60,-59,254.08178460914456
-60,-60,238.4708319264216
-59,-60,250.28574930525292
-58,-60,277.2413569921492
-57,-60,363.30179745208216
-56,-60,190.56408239764204
-55,-60,192.95441485237248
-54,-60,145.89410292294502
-53,-60,174.35047170808116
-52,-60,151.5645727983508
-51,-60,126.45446336549469
-50,-60,160.83152496482262
-49,-60,152.03098516808618
-48,-60,136.9348882105094
-47,-60,134.43361849529194
-46,-60,312.61071305817126
-45,-60,187.4011818407
-44,-60,210.5983092046282
-43,-60,278.453503044519
-42,-60,197.06735185688694
-41,-60,178.95167893740307
-40,-60,332.6293909712462
-41,-60,136.60727842964764
-40,-60,148.19977451681854
-39,-60,171.95165176997835
-38,-60,258.7634078922514
-37,-60,210.1087335026048
-36,-60,192.93522677571653
-35,-60,193.7542411485323
-36,-60,230.49665873565246
-35,-60,286.63255070240604
-36,-60,305.95273474682534
-35,-60,318.08409230163585
-34,-60,294.02034064051657
-33,-60,268.5520166604267
-32,-60,159.70622581444292
-31,-60,177.5893497978265
-30,-60,220.38940682869867
-31,-60,178.41560956891618
-30,-60,176.97671555535555
-29,-60,147.22299790096235
-28,-60,140.40008730913488
-27,-60,111.40950290637294
-28,-60,113.11713182029465
-27,-60,129.26648631944815
-26,-60,117.94114891355181
-25,-60,203.04047209820536
-24,-60,183.36877249018494
-23,-60,158.67051912558867
-22,-60,133.20971678182835
-21,-60,234.10923767584995
-22,-60,291.4206666779797
-21,-60,375.36606344826896
-20,-60,203.77886356983566
-19,-60,170.20978674343584
-18,-60,171.89342528590083
-17,-60,224.7841894745369
-18,-60,211.66833370779403
-19,-60,245.2615381282405
-18,-60,260.34817577377
-19,-60,170.77808358356344
-18,-60,189.81172118641103
-17,-60,254.23123852627978
-16,-60,256.56489499667384
-15,-60,147.69223532871504
-14,-60,168.77231132995257
-13,-60,303.1234237786917
-12,-60,233.25625999333045
-11,-60,274.87835601041905
-10,-60,255.2793192765287
-9,-60,153.81776529171134
-10,-60,144.07656814646418
-9,-60,207.96512735516097
-10,-60,316.99927658357757
-9,-60,173.86764892927897
-8,-60,149.77858505913792
-7,-60,173.07808656025972
-6,-60,125.81774978728913
-5,-60,171.25142465375086
-6,-60,259.66856493581093
-5,-60,254.5843484809091
-4,-60,255.2295553683829
-3,-60,500.99608723587846
-2,-60,267.17488765725034
-1,-60,290.09879872428087
0,-60,569.1003696754154
1,-60,276.48311975445785
2,-60,262.97942171451075
1,-60,222.62413826482515
2,-60,226.41455679583723
3,-60,266.2970150931662
2,-60,376.77187698787566
1,-60,263.43638802870964
2,-60,270.8961051754437
3,-60,254.84640151936816
4,-60,269.36039303492714
5,-60,217.1545552361859
6,-60,238.28325721204385
7,-60,203.94593461667304
8,-60,157.3008530153538
9,-60,206.7413420002116
10,-60,143.85798119209056
9,-60,212.1754224346037
10,-60,166.40759133742532
11,-60,302.70199111901945
12,-60,226.2051912387528
13,-60,191.6376102497976
14,-60,150.2358602086265
15,-60,196.73387794652282
16,-60,176.79650855730495
17,-60,282.2008223124593
18,-60,252.31455911355133
19,-60,215.5792317141913
20,-60,189.01666882608166
21,-60,384.67626686941946
22,-60,216.9192783077051
23,-60,202.89961796858339
24,-60,257.52859702674084
25,-60,386.2039914771704
26,-60,219.27073419337856
27,-60,223.24179185302256
28,-60,213.5299504419855
29,-60,301.25651947533595
28,-60,197.00616676772339
29,-60,270.5114614741444
30,-60,153.30728145822343
31,-60,128.14461056216382
32,-60,195.12341500546563
33,-60,149.32400568382326
34,-60,314.41803553502194
35,-60,207.0696198881712
36,-60,184.072681776095
37,-60,223.68393083075236
38,-60,199.7374931615944
39,-60,160.0646106192448
40,-60,151.53810353067408
41,-60,209.8386296026828
42,-60,132.3207881932401
43,-60,155.89665799369502
44,-60,224.8483079247759
45,-60,182.85637179430856
46,-60,202.40079395320151
47,-60,180.87986905261877
46,-60,198.1565841432909
47,-60,238.91645955128223
48,-60,192.99782995778716
49,-60,140.34739808033146
50,-60,199.92142255574296
51,-60,164.2862501062486
52,-60,181.42016043606543
53,-60,236.96394907431548
54,-60,212.9277693950594
55,-60,225.1641349507517
56,-60,195.35087869798696
57,-60,254.19435119737352
58,-60,262.6092117510051
59,-60,131.71353466570983
60,-60,171.34984088862637
61,-60,121.57841910245418
62,-60,140.80173998953666
63,-60,122.39843400806632
64,-60,160.83152496482262
65,-60,217.52314694459005
66,-60,133.52054362537078
67,-60,124.63854827652297
68,-60,244.46433241730267
69,-60,246.11182014480414
70,-60,257.3304399437162
71,-60,194.5254705639267
72,-60,194.5254705639267
73,-60,276.0145359637437
72,-60,315.49283785537705
73,-60,170.20978674343584
74,-60,170.20978674343584
75,-60,233.66255541142922
74,-60,262.5811923227877
73,-60,190.6109012099258
72,-60,273.2733573033071
73,-60,197.42676520880087
72,-60,170.20978674343584
73,-60,133.37247369482236
74,-60,178.401436998412
75,-60,146.83016597184306
76,-60,141.61847227310685
77,-60,104.1461459907493
78,-60,202.9273119009518
79,-60,166.6338335851989
78,-60,316.22783059933494
79,-60,350.12751119507357
80,-60,255.24243183674787
80,-59,289.8579768666003
80,-58,281.20986633534767
79,-58,170.20978674343584
79,-57,269.2871026448557
79,-56,158.33404640325313
78,-56,190.40092892891965
78,-55,109.77091282553938
78,-54,105.88228032441336
77,-54,129.2987800392203
77,-53,130.67220784931305
77,-54,121.57841910245418
77,-53,149.78394228197172
76,-53,139.38130284630267
76,-52,200.51768625659534
76,-51,130.11969435514078
76,-52,145.89410292294502
76,-51,159.3408210904746
75,-51,145.89410292294502
75,-50,163.56797643104616
75,-49,388.6290490610073
76,-49,247.73533988045023
76,-48,204.41141134990607
76,-47,184.81161560814627
76,-46,225.1641349507517
76,-45,247.69225450756
75,-45,121.99377062746966
75,-44,110.35610584978532
75,-43,83.31691679259944
75,-42,104.23963420983394
75,-41,132.77670307270253
75,-42,132.07104804631115
75,-41,162.04854195767834
76,-41,100.56801482181294
75,-41,170.97508460217702
75,-40,130.67765502776567
75,-39,234.96624992000508
75,-38,194.5254705639267
75,-37,203.80134262933248
74,-37,225.1116286927763
74,-36,265.52142018387923
74,-35,160.9945099880306
74,-34,264.1083779169839
74,-33,152.95062331898393
73,-33,329.79577587751845
72,-33,231.28770094516432
72,-32,146.33903419461436
72,-31,234.8898334041019
72,-30,171.03076995030267
72,-29,242.37652962920205
73,-29,190.10280277462226
73,-30,197.32632452825766
72,-30,204.11721642888193
72,-31,170.20978674343584
71,-31,294.0702569310905
72,-31,188.85544472218243
72,-30,142.92290159443
72,-29,179.99184105352577
73,-29,159.88813503917882
73,-28,121.02844063013126
73,-27,138.73136534602997
73,-26,319.7930256877255
72,-26,194.01068032220206
72,-25,176.37426150991993
72,-24,231.6349887317858
71,-24,258.97037471835677
70,-24,203.32189468518993
69,-24,228.73752347740424
69,-23,371.21239178681094
69,-22,170.24388078097115
70,-22,178.60707439539902
69,-22,203.82666127935593
68,-22,153.11496498274437
69,-22,128.6652199718581
70,-22,103.68613009339975
70,-21,147.97432845709068
70,-22,159.94937660755795
70,-21,167.46382708801778
70,-20,146.4899990530351
69,-20,208.39699223578532
68,-20,239.69469056777157
68,-19,222.33617275731152
68,-18,303.1872394590148
68,-17,204.14135605328096
68,-16,265.9370051030912
68,-15,209.5949342614342
69,-15,133.0744699030831
68,-15,273.24040473553634
68,-14,198.2573915747584
69,-14,152.2941092946576
69,-13,220.6782714592714
69,-14,241.53343292537332
69,-15,302.87314607244355
69,-14,288.1878678021235
69,-15,337.54576177714165
69,-14,241.67287880044935
69,-13,283.0034507254299
68,-13,304.7484540008689
68,-14,532.129256517357
68,-13,214.31045885617084
67,-13,478.911707387761
67,-12,128.6652199718581
67,-11,141.07152573558088
66,-11,105.67480554760112
65,-11,116.73677471114715
64,-11,122.27453623583237
64,-10,161.5432696732049
64,-11,184.7448621913669
64,-10,159.53987942541548
64,-9,124.64912674044889
64,-8,206.59255004922693
64,-9,268.6010410255243
64,-8,198.60290664819382
64,-7,215.55951620240438
64,-6,170.94046530261454
64,-5,174.75510234067474
64,-4,241.16007099740125
64,-3,357.026514947877
63,-3,257.3304399437162
62,-3,197.45221858360247
61,-3,263.1414566073276
61,-2,177.7999410999073
60,-2,162.83083279124372
60,-1,144.30623662727626
61,-1,198.7484446518137
60,-1,180.31960370194898
60,0,172.26426066293217
59,0,296.93782306974646
59,-1,216.75313280858825
58,-1,209.3362858047435
58,0,253.88119290822775
58,1,218.7553935806575
58,2,259.4687727349167
58,1,274.26586700557357
58,2,243.5810738582237
57,2,314.46546339775915
57,3,323.300973755984
57,4,245.87011061392616
57,5,173.98401535290108
56,5,231.25607246175625
56,6,170.20978674343584
56,7,226.40646572063486
55,7,181.98282438158367
54,7,149.43673871398903
54,8,164.32746047078908
54,7,148.29466121220983
54,8,153.01281813307097
54,7,156.2948635572933
54,8,230.42821909339412
55,8,274.9016229047193
55,7,166.42899466122577
55,8,266.6579309360177
55,9,242.74213473283547
55,10,226.68024651153036
55,11,245.83188421803473
54,11,231.06856260059098
54,12,136.0856696658006
53,12,117.93522494610067
53,11,142.71019344361775
54,11,171.17924525951221
54,12,186.85535142979822
54,13,224.73963348911792
54,14,334.05966631426213
54,15,269.75759430793573
54,16,331.76920519014345
54,17,209.0434604498039
54,18,145.01899783429494
53,18,133.37774089463463
53,17,207.03391747783292
53,16,173.19175380718647
53,17,139.64056439952233
52,17,295.4247424542204
52,18,276.7533115695364
52,19,320.1101700387521
52,20,234.61638423384602
52,21,292.4197956302302
52,22,368.9342863545547
52,23,392.19550736838903
52,24,289.5675177699581
52,25,206.3517731441018
52,26,249.29401840824806
52,27,182.54522319387115
52,28,192.2325102454799
52,29,178.34554185299237
51,29,243.56563650793308
51,28,222.25972736007125
51,29,189.08250856438565
50,29,191.06562584266499
49,29,285.14875191487386
49,30,162.5392130844398
48,30,145.89410292294502
48,31,334.91351790298563
48,32,200.18147932629046
47,32,211.0369580188133
47,31,242.70202825119426
48,31,182.95387415737434
48,32,196.39164852030046
47,32,192.57273072533425
47,33,143.0845436762274
46,33,154.75641787914813
46,34,157.44037772389632
45,34,216.07342158733712
45,35,183.7480806719214
44,35,115.81220958107123
43,35,171.0814842652479
42,35,160.83152496482262
43,35,125.73511705033084
43,36,181.86440784703223
42,36,144.0088309951332
42,35,165.6338505729024
42,36,135.1238610145608
42,37,121.57841910245418
42,38,160.61675473719146
42,39,136.92770257978276
42,40,253.46640128730894
42,41,275.6630274560057
42,40,289.89170876638036
41,40,186.26273525275838
42,40,207.46870995426218
42,41,258.913423972734
42,42,225.3078519197768
42,43,170.20978674343584
42,44,231.61156570037343
41,44,266.34954438724685
41,45,164.54644798281538
41,46,197.83001578399114
42,46,97.26273528196334
42,47,134.910553750514
42,48,118.44547127185363
42,47,159.59846706876098
42,48,101.33512494617193
41,48,143.48459714927145
41,49,178.08265687267948
40,49,134.98997526510493
39,49,171.6566023325312
38,49,210.4591224698343
37,49,199.53630871922317
37,48,283.57458216430183
37,49,361.2327402781198
37,48,178.5750498706455
37,49,227.04667292236294
37,50,224.22802591815832
37,51,172.05050873363214
37,52,212.11169114818767
37,53,230.02319013092279
37,54,203.21020521599084
37,55,195.06310598616045
37,56,145.89410292294502
37,57,212.5368847481829
38,57,168.19840098433252
38,58,257.53871665528726
38,59,173.53840835717975
38,60,249.0011142375492
38,61,152.2381711613898
38,62,118.6998192427778
38,63,144.97160913641144
38,62,94.20906582398412
38,63,184.50752214951524
37,63,179.52364020933967
36,63,132.97547558718344
35,63,109.06056071099738
35,64,175.74562521902902
35,63,110.21929328604648
36,63,130.7665568452724
36,64,97.26273528196334
36,65,97.26273528196334
35,65,344.80017014133927
35,64,206.288990783583
34,64,262.39939642056095
34,65,251.63425263824593
34,66,245.28765068878607
34,67,148.58976764222461
34,66,170.10924598819946
34,65,205.91370415019134
33,65,145.89410292294502
34,65,328.34216552297573
34,66,145.89410292294502
34,65,167.63491049204742
33,65,170.43045262602504
33,66,260.42626608396625
32,66,149.21864314912213
32,67,135.61996862980445
31,67,126.46602699608844
31,66,172.32773388156195
31,67,109.28138419569784
31,68,109.05358764797202
30,68,169.6326382802592
30,69,143.28457316511708
30,70,131.23652901663272
29,70,135.58691592542473
29,71,160.83152496482262
28,71,121.57841910245418
28,72,143.46786352193806
27,72,199.40596037686245
27,73,170.0405230736389
27,74,182.38284176426802
27,73,170.20978674343584
26,73,224.75477433344724
25,73,338.7758484964954
24,73,267.10780590304256
24,74,145.80460438704904
25,74,142.01212873595486
25,73,177.3212160892841
24,73,146.16380966126601
24,74,110.22390741930468
24,75,139.62025644822634
23,75,281.4577699050528
24,75,186.07967208978621
23,75,193.18845013795047
23,76,156.6619684685658
22,76,362.2375606050466
22,77,127.48062932579712
22,78,146.0067722103611
22,79,154.5121251033609
21,79,122.19384371363708
21,80,217.3117715091361
20,80,197.8229338883401
20,79,164.85801094454953
20,78,181.69658105346048
20,77,173.31005220860078
20,76,342.97995987797424
20,75,229.4279336746075
20,74,200.37435875506085
20,73,194.5254705639267
20,72,251.94217462467364
20,73,263.9307521214196
20,72,185.96181802354408
21,72,195.53527651094123
21,73,154.8890952087077
21,72,145.89410292294502
21,73,278.96825767083345
22,73,141.82061831672928
23,73,154.7808615645695
24,73,121.32909578748556
25,73,116.10815250232885
26,73,104.86738684425124
26,72,145.89410292294502
26,71,314.8195024326615
26,70,195.32759294986033
26,71,191.79890314056195
27,71,182.48469575296068
28,71,164.160807039043
29,71,130.3018316354365
30,71,132.7993822988418
30,70,176.163604063134
30,69,97.26273528196334
30,68,238.0377142396985
30,67,266.2270714406751
30,66,215.79058547181364
30,65,330.0754751274206
30,64,225.1641349507517
30,63,165.6115193166719
30,62,137.24418542639097
30,63,157.98377788388075
30,62,159.8568609531698
31,62,148.66784375514376
32,62,157.19221276778245
33,62,128.6652199718581
34,62,112.60350473287129
34,61,143.83604040831267
34,60,204.928816289963
35,60,238.02510022988838
36,60,186.9227597903509
37,60,267.9998653603436
37,59,400.5464492333046
38,59,205.8657561379481
38,58,159.793355064149
38,57,163.32769410002103
38,56,272.6144599852865
38,55,144.57071513663607
39,55,246.2177264572634
40,55,181.65190864841503
39,55,277.80753573560344
39,54,210.14055068163591
40,54,396.22993507736044
40,55,173.9800972181806
40,54,206.1996383850709
40,53,171.7721540349479
40,52,186.5377222079534
40,51,212.4585369126678
40,50,203.60569458703617
40,51,221.31605733316135
40,50,223.98056062544464
40,49,348.58067789593247
40,50,308.74727756033565
40,49,191.42897772007464
40,48,192.99782995778716
40,47,161.97019017084992
41,47,206.19997050654308
41,46,182.2064470726737
41,45,218.68168098145873
41,44,169.43751097297425
41,43,216.28685634387386
40,43,190.8758522294771
40,44,154.8161410553973
40,43,151.50808209350814
40,42,172.0453392478026
41,42,251.73410163506438
41,41,259.7211488194402
41,40,216.3333168126092
41,39,249.71639769689511
41,38,165.29296161215944
41,37,213.61764061655106
41,36,144.22838754889523
40,36,224.93334257636218
40,35,217.78008657044293
40,36,127.05729269757815
41,36,115.20813042612959
41,37,128.1802303101058
41,36,139.05116578812562
41,35,206.27763161422786
42,35,197.17032311666003
42,34,346.28068796967693
41,34,197.733686526556
41,33,210.51388967082923
41,32,263.6497223847104
41,31,365.16631629148714
41,32,306.14762837006816
41,31,422.4162903528727
41,30,267.5211313202769
41,29,266.9757405057454
41,28,178.43201030228857
42,28,183.77581262116757
42,27,221.82662087462296
42,26,171.51856408064086
42,25,325.53153190220814
42,24,238.31887531269808
42,23,161.83941330120882
42,22,201.15602851716574
42,21,120.49241186032481
43,21,191.61565165578386
42,21,289.7826971948032
42,20,400.3310289985024
43,20,248.0307179962261
43,19,329.1691670088075
43,18,367.70022423797406
43,17,192.60223804163115
43,16,139.84570188645986
43,15,184.33838381708202
43,14,283.1349177419242
43,13,256.84520427372644
43,14,139.71441509954244
43,13,107.6685977348441
43,12,128.25439972400207
43,11,142.21507746944917
44,11,144.4346498587808
45,11,242.43847275923088
46,11,214.59395948423474
46,10,308.4811728189857
47,10,308.5191104625329
47,9,127.7721209984457
47,8,251.65201094728425
47,7,185.1735285550125
47,6,176.68837157401015
47,5,339.06437402145747
47,4,161.03951814653703
47,3,288.88091111313423
48,3,232.26969571828164
49,3,170.20978674343584
49,2,212.12996312385974
50,2,200.05243408846272
50,1,214.49184400523205
50,0,242.01872832787487
50,-1,175.70369079578742
49,-1,239.13252506442223
50,-1,199.40355188325066
50,-2,114.18638923670275
50,-1,129.27287307123237
50,0,161.2120209903821
50,-1,166.18871618052208
51,-1,147.94911901590106
51,-2,201.90681930896804
51,-1,324.6817137909599
51,-2,153.3350112779031
51,-3,176.85471946382702
51,-4,184.4576430850833
51,-5,296.9696773183862
52,-5,170.52412902426028
52,-6,328.47680257043737
53,-6,216.5225557988674
54,-6,144.33381994580267
55,-6,365.15700618567695
55,-7,208.0748160552037
55,-8,228.29170053941112
56,-8,331.2103512766456
57,-8,229.35904263889225
57,-7,236.95821189223724
57,-8,267.47593567818694
57,-9,226.30732118316104
57,-10,228.5348218839216
57,-11,269.3773523603547
58,-11,151.21498643777778
58,-10,164.78888875921405
58,-11,172.04026603694498
58,-10,195.87932375686745
59,-10,165.77169651532574
59,-9,182.09666596489984
60,-9,205.934906427006
60,-10,243.54517308380883
60,-11,256.28930579891033
60,-12,203.96525241653123
60,-13,316.14991184355233
60,-12,226.4193271470658
60,-13,264.3015596454353
60,-14,254.0690336930264
60,-15,181.02651544016555
60,-16,220.38443143427438
60,-17,343.6636232384466
60,-18,220.5955127146439
60,-19,260.2034505511254
60,-20,327.4269261258521
60,-21,186.17104598300313
60,-22,184.9872828304118
60,-23,198.3702003883981
60,-24,297.7374273795084
60,-25,170.14217123064384
60,-26,154.60672759918418
60,-25,200.02881789100826
60,-24,190.1690710145038
60,-25,211.3298507012766
60,-26,188.06749411349148
60,-25,279.2923097842981
60,-26,287.98563732849493
60,-27,197.5132435283743
60,-28,266.93972997460617
60,-29,320.1202473255748
60,-28,350.3956190024061
60,-29,251.17207311230396
60,-30,284.0719489605217
60,-31,171.44158682877796
60,-32,255.65778038072855
60,-31,242.17029607668232
60,-32,211.50190842960214
60,-31,217.1298139927488
60,-32,283.0336662080723
60,-33,247.07887121142633
60,-34,216.77493653752836
60,-35,253.36272704915305
60,-36,212.1632859242078
60,-37,202.17305554901338
60,-38,289.44326410794275
60,-39,183.05525043897876
60,-38,204.79079863346823
60,-39,212.36370181640294
60,-40,185.53387900132117
60,-41,206.95626271711225
60,-42,137.56321929202556
60,-43,115.14363502531539
60,-44,98.62326370577608
60,-43,110.05120697363317
60,-44,124.00043081201909
60,-45,151.17574870485817
60,-46,180.93519665867387
60,-47,172.9545396852752
60,-48,145.89410292294502
60,-49,190.34774095462498
60,-50,152.85812815942577
60,-51,121.57841910245418
60,-52,141.39907886414787
60,-53,179.72701658370704
60,-54,180.5294793568225
60,-55,188.29210610600353
60,-56,206.94510472081524
60,-57,172.46201156898886
60,-58,124.97537518889916
60,-59,171.9965005856995
60,-60,145.89410292294502
60,-61,241.31844259634818
59,-61,217.52665317801865
60,-61,246.26149758527995
60,-60,183.44706823056993
60,-61,145.89410292294502
60,-60,181.8327755361383
60,-59,202.95130732769667
60,-58,166.37135281358542
60,-57,169.21836765447594
60,-56,348.24561079942913
60,-55,277.42674983618105
60,-54,348.61790676332475
60,-53,406.13347913983955
60,-52,305.64448028273273
60,-53,228.9544481853971
60,-52,203.33470473805826
60,-51,190.5304219706157
60,-52,183.5381760375017
60,-51,180.23223522423265
61,-51,170.33324441646974
61,-50,265.1754208730813
61,-49,179.04877441403937
61,-48,165.87532719810042
60,-48,203.54386985191633
60,-47,233.8794509338101
61,-47,203.03630516257385
61,-46,196.06517366882292
61,-47,248.17667500488477
61,-48,227.68355867065398
61,-47,160.83152496482262
61,-46,160.4377586853312
61,-45,151.26112624205638
61,-44,124.94639920248505
61,-43,147.04373020697528
61,-42,265.2497877451928
61,-41,272.338833227321
61,-42,233.5727776523861
61,-41,258.43959515361007
60,-41,267.417551121906
61,-41,83.45500703053224
62,-41,100.10290175777065
63,-41,122.03950395995
63,-40,120.48477270428351
63,-39,115.71172289553185
