-79,100,112.30496192852986
-80,100,184.0967392344937
-79,100,123.0707300013313
-78,100,98.48357099286285
-77,100,101.3326651063289
-76,100,170.20978674343584
-75,100,200.3976171044376
-76,100,170.20978674343584
-77,100,192.47991588213523
-76,100,289.1841396650593
-75,100,173.64987248561405
-74,100,134.5029881648632
-73,100,160.83152496482262
-74,100,159.4697611328583
-73,100,151.61364514503578
-72,100,149.05960505434075
-71,100,160.83152496482262
-70,100,143.31999165328864
-69,100,104.1461459907493
-68,100,129.31846224856588
-67,100,190.92240929381734
-66,100,189.27964370921936
-65,100,287.09983156309175
-64,100,177.22765177499045
-63,100,212.44101849461538
-62,100,137.10959562862598
-63,100,171.94107128994787
-62,100,127.82700336122531
-61,100,125.20861915148632
-60,100,150.08167222813958
-59,100,238.5493470825482
-58,100,213.13343962594575
-57,100,170.2775896218143
-56,100,195.35793068214042
-55,100,182.57355830854544
-54,100,104.17538996918647
-55,100,99.38815150886924
-54,100,116.2393682362736
-55,100,119.55921288697623
-54,100,104.37786682308595
-53,100,167.21217031122652
-52,100,164.56157565728353
-51,100,133.79029742568568
-50,100,150.16843125558006
-49,100,121.57841910245418
-48,100,153.21503499308523
-47,100,121.57841910245418
-46,100,134.18607734819173
-45,100,126.62647400458441
-46,100,121.57841910245418
-45,100,199.234568418001
-46,100,194.5254705639267
-47,100,195.52665168580208
-46,100,194.5254705639267
-45,100,212.81102720368273
-44,100,134.81272090542532
-43,100,181.80221892918868
-44,100,147.07979695795203
-43,100,196.8553629020101
-44,100,121.57841910245418
-45,100,169.8439258804865
-46,100,286.83278503103577
-45,100,192.99782995778716
-44,100,145.89410292294502
-43,100,197.00702057090902
-42,100,225.26068026532568
-41,100,153.59360717993013
-40,100,104.1461459907493
-39,100,133.05615530493318
-38,100,140.80384502221295
-37,100,153.41177730277613
-36,100,192.99782995778716
-37,100,184.80019076841126
-36,100,145.89410292294502
-35,100,124.97537518889916
-34,100,151.4007858076174
-33,100,168.6912478576901
-32,100,179.76865198221157
-31,100,124.97537518889916
-30,100,124.97537518889916
-29,100,222.55315018487468
-28,100,348.3280248277113
-27,100,190.52212812929378
-26,100,221.09423919838474
-25,100,149.367381312073
-24,100,152.2381711613898
-23,100,121.57841910245418
-22,100,160.83152496482262
-23,100,142.1759790528139
-22,100,142.8945552955879
-21,100,131.2709633692018
-22,100,142.77785604101706
-21,100,131.83061331501943
-20,100,104.1461459907493
-20,99,244.85440521966274
-20,98,225.1641349507517
-21,98,145.80460438704904
-21,97,170.20978674343584
-22,97,261.84457284427384
-22,96,217.6494532418372
-22,95,170.20978674343584
-22,94,170.20978674343584
-23,94,246.2634766844335
-23,93,236.27422195230994
-22,93,279.9596029682095
-22,92,166.92835922957735
-22,91,195.02320969529407
-23,91,125.18322744268076
-23,92,173.63990167297814
-23,91,99.69687441924343
-23,92,145.89410292294502
-23,91,153.7599473055717
-23,90,205.01093639713872
-23,89,164.24244083936895
-23,88,283.05783956304185
-23,87,223.2699154893103
-24,87,163.60063430436094
-24,86,198.0100456927907
-24,85,187.52549923346865
-24,84,140.84848435908486
-24,83,124.97537518889916
-24,82,146.74818463937117
-24,81,145.89410292294502
-24,80,227.54415134058888
-24,79,328.6860453663854
-24,78,132.56466304441443
-25,78,274.02111307578
-24,78,172.27400745358995
-24,77,122.80805369512008
-24,76,160.83152496482262
-24,75,213.560083269897
-24,74,215.00005989491774
-24,73,246.06722775662374
-25,73,250.44702695881773
-25,72,239.68939041410022
-25,71,225.4071563948828
-25,70,183.7064558364766
-26,70,157.47481173553462
-26,69,225.6408516509006
-25,69,169.49084042323312
-24,69,280.91782239835595
-24,68,163.2391932134527
-25,68,182.68580539366778
-25,67,251.6701593775021
-25,66,145.89410292294502
-26,66,208.30983321634397
-26,65,201.78613466447985
-26,64,215.50537476106575
-26,65,163.12882904732982
-27,65,178.23584540734964
-27,64,219.88829610093805
-27,63,192.99782995778716
-28,63,203.51923557308982
-28,62,326.78477338772166
-28,63,202.77991572904256
-28,62,282.76826963747675
-29,62,170.20978674343584
-29,63,182.57036189116604
-29,62,221.974462980464
-29,61,233.123671395787
-29,60,145.89410292294502
-29,59,124.97537518889916
-29,58,278.6700196609173
-29,57,169.05398098307415
-29,56,173.72928816763618
-30,56,259.67176372923836
-30,55,166.6338335851989
-30,54,206.73909291940117
-30,53,483.03247870581305
-30,52,251.38443448953143
-30,53,164.54424153058
-30,54,151.47150243118037
-31,54,202.53885667056062
-32,54,160.75609963256574
-32,53,86.63926590472354
-32,52,238.16335574389058
-32,51,244.21504773199774
-32,50,295.84392697567296
-32,51,178.37225348861074
-32,50,243.3149672962925
-33,50,313.6224570961317
-33,51,200.3641352722915
-32,51,236.11347350021225
-33,51,300.11370556553
-34,51,299.243800489946
-35,51,116.36951440672334
-35,50,157.06930825866792
-35,49,133.05505298158423
-35,48,138.38650992502184
-36,48,138.47446366323211
-36,47,329.94861815160766
-37,47,197.61456890198838
-37,46,294.06516194449927
-37,45,170.20978674343584
-37,44,218.59308157898923
-37,43,365.1287229401971
-37,42,220.2170471427884
-37,43,259.689759442947
-38,43,230.14584086373193
-38,44,180.57573604363904
-38,45,588.9094383505499
-38,44,265.8909654287037
-37,44,212.6471558902362
-37,43,305.5791062223361
-37,42,287.4291988485779
-37,41,214.03701747425475
-38,41,172.6805889527496
-37,41,201.15534552035032
-36,41,174.60012029095995
-37,41,185.4935560790908
-37,40,216.93613797311073
-37,39,183.64600335433187
-37,38,143.0218734577082
-37,37,152.4287671378214
-37,36,161.41227069267637
-36,36,230.7122738367381
-37,36,339.4672872257786
-37,35,337.3449543424774
-37,34,219.68702739018192
-37,35,298.08017784897635
-38,35,206.835261509311
-39,35,208.04362780182805
-39,34,186.13590309624857
-39,33,181.3278864791364
-39,34,247.10144984403115
-39,35,246.22261758519085
-39,34,312.715739578252
-40,34,206.3881525002334
-40,33,233.5969938795501
-40,32,187.9940271531106
-40,31,284.0456047339345
-40,30,256.77341626051754
-41,30,268.6626594198421
-41,31,166.6338335851989
-41,32,290.2670322941718
-41,31,182.68580539366778
-41,32,243.38710287223046
-41,31,214.74802224624977
-41,32,182.649990793205
-42,32,162.37352608822704
-43,32,147.61803243648419
-43,31,125.55800592171116
-42,31,191.49930719885583
-42,30,129.02736927026714
-42,29,248.00340923770898
-42,28,174.3110772165583
-43,28,145.59328569303102
-43,27,152.24479891189296
-43,26,164.63697138101685
-43,25,100.69741458653351
-42,25,212.65650261550235
-43,25,238.174722173841
-44,25,246.87687536369626
-44,24,249.2779835474553
-44,23,243.81802498528108
-44,22,188.57714102234402
-44,21,188.38163003265836
-44,20,170.93186314141275
-45,20,295.5690868437712
-46,20,220.50315058567742
-46,19,261.356224943287
-46,18,329.5071159337921
-46,17,192.6595436220176
-46,16,242.54232128323576
-46,15,200.54625177216423
-46,14,174.7694279307397
-46,13,172.1843507031426
-45,13,204.16551996309562
-46,13,182.82442346720666
-46,14,157.4783706246764
-46,13,197.90054002912314
-46,12,237.88297889180416
-46,11,241.37589684224008
-46,10,183.4734785623006
-46,9,174.03087901060346
-46,8,195.7104008312706
-46,7,166.7209897453149
-46,6,164.6691749195881
-47,6,135.1805747939631
-47,5,162.08962880581174
-47,4,272.68668580481176
-47,3,290.4266695601739
-47,4,300.9508365781531
-48,4,231.84667274440469
-47,4,261.65708803826317
-48,4,246.58531653270907
-49,4,301.2074820347706
-48,4,241.23814692223272
-49,4,274.2993572416025
-49,5,245.7772039328272
-49,4,256.10740592605356
-49,3,288.67781565412906
-49,4,298.67726913708657
-50,4,291.7868807011393
-51,4,281.74879941175516
-51,3,204.67784943764207
-52,3,379.9469376859505
-52,2,212.7589766891913
-52,1,221.61005139965124
-53,1,173.9953137156386
-53,0,234.80674957445962
-53,1,172.0830214798914
-53,0,171.08871751284005
-53,-1,153.38751693724674
-53,-2,229.26072971811453
-53,-3,167.12518406256743
-53,-4,158.79998587744876
-53,-5,188.97308640015575
-53,-6,158.9081563597038
-53,-7,245.9418474763298
-53,-8,219.16235617520482
-53,-9,233.05521237199173
-54,-9,215.78016172363976
-54,-8,329.9282228234174
-54,-9,209.27407697106753
-54,-10,303.3649636567656
-54,-11,243.77025189109708
-55,-11,213.35625671550477
-55,-10,231.3343379670631
-55,-11,228.62552250528114
-55,-12,232.13087089694932
-55,-13,341.1830375639253
-55,-14,196.81374576244622
-55,-15,244.37149453952114
-56,-15,206.54946025066755
-56,-16,157.72472098403608
-56,-17,179.5352818243552
-56,-18,169.40305669448034
-56,-19,195.79988810189775
-56,-20,208.51750764735914
-56,-21,238.56929164831283
-56,-22,183.41424705765345
-56,-23,237.56253558266215
-56,-24,173.3284493602336
-56,-25,175.62488088501118
-56,-26,224.46191166195462
-56,-27,182.9399698081104
-56,-28,168.85274847594619
-56,-29,121.57841910245418
-55,-29,172.47339332365624
-56,-29,184.97576353553876
-56,-30,203.96227827261228
-56,-31,240.61143090636088
-56,-32,314.75692970192654
-57,-32,346.48548368352283
-57,-33,176.0900119585026
-57,-34,256.9759250135223
-56,-34,181.6237352470894
-56,-35,167.70242893796177
-56,-36,167.8936074455512
-55,-36,205.39774078330555
-55,-37,209.17904469767615
-54,-37,211.18054198513744
-54,-36,359.1776548208
-54,-35,266.96358194914524
-55,-35,201.4135982528906
-56,-35,160.83152496482262
-57,-35,122.97573521905007
-57,-36,164.24754256421326
-56,-36,147.34703667894388
-57,-36,238.20157308602444
-57,-35,210.45569767893494
-57,-34,168.96471359424925
-57,-33,160.74281867221
-57,-34,160.113999150006
-58,-34,300.8621693199602
-58,-33,219.89999655778482
-58,-34,340.008098515252
-58,-33,194.5254705639267
-58,-34,258.16712607647014
-58,-35,260.82852506521755
-58,-36,229.22357284316485
-58,-37,278.54898969610605
-59,-37,189.43927204237082
-58,-37,404.9620389224532
-59,-37,182.92306960435965
-60,-37,223.08062081422065
-60,-38,218.20697231795174
-60,-39,288.14296065754957
-60,-40,287.29281139467747
-60,-41,209.33812854093492
-59,-41,169.64074540191558
-59,-42,217.30740159594748
-59,-43,179.87279591824543
-59,-44,123.5783704369686
-59,-45,207.29730830463737
-59,-46,292.87821387291785
-59,-47,230.13001224623352
-59,-48,194.5254705639267
-60,-48,233.5272024197347
-61,-48,170.20978674343584
-61,-49,219.83683723273185
-61,-50,291.2703254186787
-62,-50,224.23190932612715
-63,-50,382.0144726632992
-64,-50,115.93915793940393
-64,-49,122.11072612974073
-64,-48,187.92911144893085
-64,-49,103.76018643340478
-64,-48,185.33407928273903
-65,-48,120.3079728079955
-66,-48,165.8796479043483
-66,-49,236.6392223619096
-66,-50,200.03879898474923
-66,-51,145.3794777281944
-67,-51,202.1267969484753
-67,-52,172.66946971450085
-67,-53,199.31812857209613
-67,-54,174.5798058820004
-67,-55,236.45960100149148
-68,-55,213.13343962594575
-68,-56,170.20978674343584
-68,-57,290.24535200973196
-68,-58,267.55177938713086
-69,-58,270.5672348738909
-68,-58,108.2021010200115
-69,-58,121.79053692911185
-70,-58,101.70949817975352
-71,-58,130.9703084223237
-71,-57,123.49058246704907
-71,-58,194.47301157368992
-71,-59,108.54360248151177
-71,-60,123.49257123380171
-71,-61,97.26273528196334
-70,-61,111.42015420052842
-70,-62,194.5254705639267
-70,-63,302.36176058145566
-70,-64,224.7472323758817
-71,-64,250.74211946283506
-71,-65,194.5254705639267
-71,-66,175.0062781208954
-70,-66,192.99782995778716
-70,-67,254.33456823908904
-70,-68,181.02984808826727
-71,-68,145.89410292294502
-72,-68,301.4882497033302
-72,-69,382.9523076056323
-73,-69,280.1439255769913
-73,-70,185.06211701769112
-73,-71,177.84118534298958
-73,-72,145.80460438704904
-73,-73,170.20978674343584
-73,-74,170.20978674343584
-72,-74,179.69385009504444
-73,-74,170.20978674343584
-72,-74,100.00076194593466
-71,-74,110.54579841918631
-72,-74,107.24053768953291
-72,-75,97.26273528196334
-72,-76,120.62646355853866
-73,-76,207.512383901302
-74,-76,223.486145284129
-75,-76,170.20978674343584
-76,-76,213.13343962594575
-77,-76,170.20978674343584
-77,-75,145.89410292294502
-78,-75,189.20336942070205
-78,-76,191.76793352767473
-78,-77,256.7908135241867
-79,-77,167.21021038026956
-79,-78,129.04243459070406
-78,-78,97.26273528196334
-78,-79,112.54942816640914
-79,-79,101.17837346493228
-79,-80,87.94997037883687
-78,-80,121.57841910245418
-79,-80,121.57841910245418
-80,-80,160.83152496482262
-80,-79,124.01061265591851
-79,-79,124.81744175573456
-79,-78,204.2443899425201
-79,-79,179.75338221285398
-79,-78,199.29089060686636
-79,-77,181.3324880797502
-78,-77,226.4149426216369
-77,-77,132.9044460306226
-77,-76,152.2381711613898
-77,-75,147.99337105794004
-78,-75,129.87752598042124
-78,-74,130.50518948373448
-78,-73,194.5254705639267
-78,-72,200.60827198553844
-78,-71,264.5694957483958
-78,-70,274.68064425098873
-77,-70,291.2311517621942
-77,-71,271.9781872672269
-77,-72,243.71996703721592
-76,-72,260.11346490836814
-76,-71,209.89614455551612
-76,-70,194.5254705639267
-75,-70,99.90163493692468
-75,-69,149.35298420745707
-74,-69,117.96643476207858
-73,-69,97.73085645398262
-73,-68,97.26273528196334
-72,-68,121.57841910245418
-72,-67,140.8686813305302
-72,-68,121.57841910245418
-71,-68,138.63723376147271
-70,-68,165.01021189624373
-69,-68,142.5647571407179
-69,-67,199.0019031450605
-70,-67,131.0393515708987
-69,-67,141.59391965694232
-68,-67,122.99320779122692
-67,-67,357.66617877556985
-67,-68,211.94270233585
-67,-67,267.413418557898
-66,-67,210.54991870825643
-66,-66,215.03814627154478
-65,-66,121.57841910245418
-65,-65,104.1461459907493
-64,-65,151.61303570149033
-63,-65,188.39509443549989
-63,-64,133.21534602781165
-62,-64,290.8429113189055
-62,-63,188.09734960723983
-61,-63,179.73032877277709
-61,-64,170.24320837850416
-60,-64,198.6154190997417
-59,-64,237.12944923362423
-58,-64,221.71240408869772
-58,-63,225.43725984029084
-57,-63,194.5254705639267
-58,-63,281.9194155707275
-57,-63,210.18621269422908
-56,-63,170.20978674343584
-56,-62,263.8370431562072
-56,-61,225.83497826283835
-55,-61,243.00173000869543
-55,-60,121.57841910245418
-56,-60,156.385603407388
-56,-59,184.59593369162474
-56,-58,189.60102388141394
-57,-58,168.1572483842757
-57,-57,141.42286321322925
-56,-57,201.18883782769333
-57,-57,155.67641149944012
-56,-57,137.30971409814327
-55,-57,162.3326648552756
-55,-56,186.44751680362816
-55,-55,261.685433018626
-56,-55,187.38565699647035
-56,-54,170.20978674343584
-55,-54,298.5127002802503
-56,-54,106.21246300992415
-55,-54,97.26273528196334
-55,-53,147.50222192034124
-54,-53,165.4609540369418
-53,-53,122.42589099490704
-53,-52,182.68580539366778
-54,-52,148.67942535999944
-54,-53,186.0703982056894
-54,-52,200.19516508274899
-55,-52,177.9862417304514
-54,-52,156.8122875621948
-53,-52,132.34676939010487
-52,-52,188.51948143708566
-52,-51,183.45472803644483
-52,-50,164.4213007757331
-51,-50,214.66449655953522
-51,-49,298.12443178584994
-51,-48,210.0050293626386
-51,-47,274.07913874584796
-51,-46,267.608232949492
-50,-46,243.693225193872
-50,-47,263.0994403166487
-50,-46,364.08131568495986
-50,-47,251.05059906129054
-50,-46,239.0703499684138
-50,-45,198.62793986267263
-49,-45,205.14029946938405
-48,-45,164.33934552482148
-47,-45,210.85154442110675
-46,-45,162.69426483147356
-45,-45,206.83749880639886
-45,-44,279.50697810333827
-45,-43,247.38425878214736
-44,-43,184.99225323922977
-43,-43,319.99326663546196
-42,-43,210.9429260688902
-41,-43,218.36657961516303
-40,-43,321.30003050087794
-40,-42,228.87453233374376
-40,-41,201.55891865582072
-40,-42,141.93687984985215
-40,-41,215.76650939360513
-40,-40,200.3744848910424
-39,-40,125.871337646009
-38,-40,195.55868463444398
-37,-40,166.36394353630394
-36,-40,111.26642609178063
-36,-39,164.72344418688965
-35,-39,189.7608957827115
-36,-39,279.9326315040938
-36,-38,97.26273528196334
-35,-38,241.37782450303405
-35,-39,125.31760518492324
-35,-40,125.09843493047417
-34,-40,165.6300825734992
-35,-40,164.42034444138415
-35,-39,139.65946088336116
-34,-39,187.97544647495573
-34,-38,230.586602249753
-33,-38,238.0824627884417
-32,-38,171.7041768911123
-33,-38,194.24099846138304
-33,-37,290.2883734560547
-33,-36,180.88321013877592
-33,-35,162.01512937334866
-32,-35,259.7011989348602
-31,-35,300.52859609017565
-30,-35,259.1517660976738
-29,-35,264.2605568603933
-28,-35,218.4909810104688
-27,-35,133.05753830218094
-27,-34,141.5859507873164
-27,-33,143.15147390588865
-28,-33,110.5629533790665
-27,-33,122.01416568923229
-28,-33,191.39425483197462
-29,-33,133.09058825539054
-28,-33,148.27102115410995
-27,-33,172.18809131146878
-26,-33,87.34433268525585
-27,-33,274.20916245653143
-27,-32,199.19863380053454
-28,-32,239.0151354927676
-27,-32,193.2223500815593
-26,-32,247.24044097482013
-25,-32,267.8988065410245
-24,-32,231.58242249661816
-24,-31,214.2238019471429
-23,-31,320.6960829175224
-22,-31,272.8652501667251
-22,-30,241.04770465292557
-21,-30,397.3813400740669
-20,-30,221.71912216166766
-19,-30,176.99274232660264
-18,-30,213.17284901750395
-18,-29,176.80997084736333
-17,-29,172.7880878230491
-16,-29,290.77066793245893
-16,-28,159.49323777879013
-15,-28,179.68004774955324
-14,-28,116.09258256859822
-13,-28,126.06955975165474
-13,-27,185.41038087610383
-14,-27,129.59807451859686
-13,-27,145.09480979103532
-14,-27,239.93113605000576
-14,-28,290.5796925550396
-13,-28,198.70559946518108
-13,-27,127.99367826978266
-12,-27,143.40444063527028
-11,-27,266.12018235980184
-11,-26,322.22989773139375
-10,-26,300.33112060222163
-11,-26,411.80789839242027
-10,-26,418.53876138032587
-9,-26,258.8160206751913
-8,-26,240.01513606999907
-7,-26,214.02288748847218
-7,-25,214.4454982656277
-6,-25,290.6005440113893
-5,-25,195.90365922246585
-5,-26,379.1410898222105
-4,-26,286.19753228401214
-4,-25,244.8840156054827
-4,-24,164.62660791894822
-4,-23,159.95353748626243
-4,-22,172.45022602912138
-4,-21,125.93952436884828
-3,-21,271.3380303417847
-2,-21,144.80347831138943
-2,-22,187.42423751903885
-2,-23,191.36720544347315
-1,-23,199.33666303167968
0,-23,186.57783543089351
0,-22,191.13728989581077
0,-21,241.22848560954736
0,-20,252.33819656274773
0,-21,171.37826942916666
0,-20,171.96188196969769
0,-21,181.9465714990779
0,-22,338.8633884515376
0,-23,309.2473126852528
0,-24,222.6586370521135
0,-25,287.66944268862284
0,-24,289.93966111776604
0,-25,192.39572724548884
1,-25,391.97358464418596
0,-25,249.461417081477
0,-26,184.34975652624843
1,-26,303.49740868898203
0,-26,320.3736117346063
0,-25,203.05594696334154
1,-25,205.5139574344299
1,-26,324.49236902174994
1,-27,205.9638467336656
1,-28,215.50358999420155
2,-28,192.8239202890668
2,-29,208.09744752136848
2,-30,172.50101843744045
3,-30,163.41654808294223
3,-31,222.33422180806792
4,-31,276.01909013196877
5,-31,357.5856909600882
6,-31,321.9190309149597
7,-31,218.62408222066097
7,-32,357.04283083965646
8,-32,260.43310740210376
8,-33,266.3417625637837
8,-34,562.4730320846987
9,-34,254.44098320548756
8,-34,354.70189729120375
8,-35,324.3302474100397
8,-34,234.55480154134648
9,-34,189.24083552964873
9,-35,206.3812202568008
9,-36,123.16596012483072
9,-37,125.69730883870875
9,-38,167.4388313769998
10,-38,181.864773808263
10,-39,137.54453801843005
10,-40,163.7666119569065
10,-41,175.80135831799814
11,-41,324.3617821837142
12,-41,202.09048372122504
12,-42,234.23574534869175
12,-43,132.3999816471635
12,-44,124.92712266273566
13,-44,124.34377229975858
14,-44,126.3201862193124
14,-45,157.5411411275674
15,-45,274.55299519201503
15,-46,309.4495316750649
14,-46,211.22592548195976
15,-46,305.66376279259885
15,-47,233.49329603006905
15,-48,268.178992770906
15,-49,176.4523621066241
14,-49,150.85812000720784
14,-50,136.48611463428185
15,-50,169.24369537331387
15,-51,117.9227663414521
14,-51,145.59586306388334
15,-51,127.84321916098867
16,-51,115.1176363840437
16,-52,122.07956564702057
17,-52,200.1489421554088
18,-52,217.57770892949128
19,-52,326.24028108453496
19,-53,287.23418980198403
19,-54,197.29338308944864
19,-55,145.46506331255057
20,-55,209.66447784596525
20,-56,161.43223898962222
20,-57,206.0926210220474
21,-57,160.83152496482262
20,-57,304.5737323435052
20,-56,366.0407205939326
20,-57,213.13343962594575
21,-57,231.9777487568902
20,-57,258.0290813336039
21,-57,145.89410292294502
22,-57,189.226852808421
22,-58,181.79368225369058
23,-58,226.54201195040613
24,-58,237.38524016711563
25,-58,344.54361025925374
25,-59,195.57547116912377
24,-59,260.4945225222909
24,-58,214.95378353580523
25,-58,243.6802980185963
25,-57,206.03659851286437
25,-58,204.65306772207654
25,-59,234.42941335948646
25,-60,204.0392157773452
26,-60,269.887068069914
27,-60,170.79914022499267
28,-60,169.74541203696887
28,-61,169.28862633847476
29,-61,151.82304998492674
30,-61,271.3998501584258
30,-62,328.643288762845
31,-62,227.6701741794389
31,-63,198.62898245414107
31,-64,246.87488848459915
30,-64,240.9128643372722
30,-65,167.82463501545692
31,-65,155.286783307705
31,-64,177.85742122677775
31,-65,171.2406304737361
30,-65,149.95264203632001
31,-65,138.85892930208624
31,-66,182.4957295954579
31,-67,133.32876781559935
31,-68,134.00259941987235
30,-68,105.11003958170653
30,-69,253.9580619195219
30,-68,268.6899644506882
31,-68,173.43699827173998
31,-67,208.0600069703908
32,-67,345.7435760509527
32,-68,259.44950457107836
32,-69,257.4605207212577
31,-69,245.00495972145836
31,-70,378.2081899846212
32,-70,393.05866438348835
32,-69,232.75200312843407
32,-68,124.97537518889916
33,-68,156.3739280308715
34,-68,306.51882040428006
34,-67,193.17420797795194
35,-67,162.7359120403972
35,-66,117.78305884574206
36,-66,121.94418929387241
36,-67,142.8312174442711
36,-68,173.47600755550107
36,-69,318.6459897669605
36,-70,202.46853271526348
36,-71,327.2364087211581
36,-72,285.9580955139902
36,-73,249.41129180065303
36,-74,145.5293525513157
37,-74,149.41401071587256
38,-74,133.31842752860598
39,-74,138.76632738387292
39,-75,121.57841910245418
39,-74,134.78190830226944
39,-75,128.6652199718581
39,-74,112.5434936040011
39,-75,113.8166953954944
38,-75,184.89229877355515
39,-75,203.22954918734888
39,-76,145.89410292294502
39,-77,197.66389787822897
39,-78,145.89410292294502
40,-78,227.93359051949818
40,-77,218.5718144688632
40,-78,173.55551551675015
41,-78,189.59700440990255
41,-77,171.4174062755679
42,-77,333.77705818784625
43,-77,204.88735056237618
43,-76,198.44788315198983
43,-77,227.03727121552004
43,-78,229.03496923781466
43,-77,262.3946807334139
44,-77,170.20978674343584
45,-77,261.3595199260905
46,-77,267.562585304703
47,-77,193.09489069544742
48,-77,196.9955844836855
49,-77,113.94248069294835
50,-77,125.3256433295023
50,-78,97.26273528196334
50,-79,128.26188693392888
50,-78,124.53169505482084
50,-79,143.85535338267815
50,-80,180.80666093535302
50,-81,176.08312130570715
50,-82,121.57841910245418
51,-82,153.2553694106259
51,-83,153.70287023058577
51,-84,121.57841910245418
51,-85,172.60917584111226
51,-86,135.10625169226995
51,-87,162.3646120197045
51,-88,248.40622148833666
52,-88,145.80460438704904
52,-89,170.20978674343584
52,-90,214.77489941137458
52,-91,219.69381190755797
53,-91,257.3304399437162
53,-92,202.33088321905086
53,-93,345.85696523093145
54,-93,205.12592369046686
54,-94,236.12787096701294
54,-95,239.57731864100398
55,-95,139.56230856382885
56,-95,127.4865633704845
56,-96,104.1461459907493
56,-97,158.24100218882077
56,-98,240.73130628324083
57,-98,171.05373224702785
58,-98,192.99782995778716
59,-98,255.52719265462883
59,-99,145.89410292294502
60,-99,245.45761337402726
60,-100,205.12564743363217
60,-99,197.35209090650025
59,-99,192.8545611510017
60,-99,145.80460438704904
60,-100,213.69435382134168
60,-99,265.7171534053486
60,-100,214.3019994869953
60,-99,212.67981676645064
59,-99,186.48044563795793
58,-99,124.97537518889916
58,-98,145.89410292294502
57,-98,261.7984064010675
57,-97,192.60144918417723
57,-96,168.98132470043356
57,-95,126.8851122537164
57,-94,155.59137351598582
56,-94,245.092162957058
55,-94,242.0799188487726
55,-93,121.57841910245418
55,-92,194.5254705639267
55,-91,232.83204901335358
55,-90,297.6111113777145
55,-89,228.70804167344363
55,-88,194.5254705639267
55,-89,217.63538164424182
54,-89,170.20978674343584
55,-89,189.92789843663326
55,-88,170.4517153610269
55,-89,246.71132573214604
55,-88,170.20978674343584
54,-88,172.69626931467582
54,-87,214.9737401702158
53,-87,198.55301679267401
53,-88,205.86347947601996
53,-87,220.99180321775177
53,-86,264.98047717635916
53,-87,191.89520720060327
52,-87,145.80460438704904
52,-86,176.52551420120943
51,-86,195.72370338996356
51,-85,213.13343962594575
51,-84,221.23369706326963
51,-83,230.82137735060766
51,-82,186.28582299465688
52,-82,123.83817682823805
52,-81,111.29913165491955
52,-80,123.46481561549288
51,-80,127.52083560765399
51,-79,97.26273528196334
50,-79,152.0372751057516
50,-78,204.11780847124447
50,-77,162.93376827767085
49,-77,294.5205153359284
49,-76,165.57774466747196
48,-76,128.15973444156023
48,-75,223.72067657562414
48,-74,228.42998409769532
48,-73,193.5212184596207
48,-72,181.96875731422784
48,-71,185.64086058364373
48,-72,182.68580539366778
48,-71,145.89410292294502
48,-70,166.6070387986867
47,-70,269.4744991455344
46,-70,247.19064900802312
46,-69,160.76172836161015
45,-69,164.34570105826754
45,-68,259.2227850554185
45,-67,233.7606937728812
45,-66,171.53606865254005
45,-65,158.68222083066337
45,-64,274.91132384920365
46,-64,205.8057881646701
45,-64,185.83290109006975
44,-64,236.41516474254487
43,-64,270.10461442662603
42,-64,213.24308733765037
42,-63,248.89084638856278
41,-63,225.05647898173876
40,-63,233.61810609799218
39,-63,361.2002536834777
39,-62,243.10256035476772
39,-63,195.86241556311842
38,-63,203.55276973532426
38,-62,167.46751819594795
39,-62,167.73981268715778
38,-62,124.97537518889916
39,-62,195.55619941093653
39,-61,169.05475983107158
38,-61,180.46949922967534
38,-60,224.32936094063092
38,-59,231.93450173754132
38,-58,250.5494367177964
38,-59,183.46971408482233
38,-58,242.54929346069804
38,-57,170.97764940866853
38,-58,162.16720910871578
37,-58,142.24630170311514
36,-58,228.25567974850034
35,-58,375.504705951914
35,-59,243.50948423280664
35,-58,226.2716368683561
34,-58,229.0216908316184
33,-58,247.11812654418847
34,-58,190.9927071352838
34,-57,124.66517797625066
34,-56,141.5438944406612
34,-57,120.97097699601704
34,-56,221.48539574595637
