-40,-99,407.3330321919207
-41,-99,339.7341685068326
-41,-98,237.2580855863823
-40,-98,492.7893457384978
-41,-98,414.35036154822285
-40,-98,317.2379303469874
-40,-97,349.9214281394199
-40,-98,505.050314174204
-39,-98,424.66771063354076
-39,-97,288.0303283149043
-39,-96,645.4815933618286
-40,-96,492.2662739431554
-40,-95,445.1548014281425
-41,-95,295.9645439630163
-41,-94,465.10972120043846
-40,-94,552.4567722959648
-40,-93,751.0352191277133
-39,-93,674.2497412305822
-38,-93,236.77163517041305
-38,-92,372.62661900335166
-38,-91,305.23959503260454
-37,-91,295.9645439630163
-37,-90,574.7308013017125
-36,-90,309.4923540661975
-35,-90,288.06080580921696
-35,-89,729.3522581233499
-35,-88,613.9878932692914
-35,-89,728.7536527888116
-35,-88,626.9553357370818
-34,-88,326.76018870494255
-34,-87,616.6400382235232
-33,-87,355.1574527556196
-34,-87,393.4788890003988
-34,-86,394.6119802114034
-33,-86,327.9252251521473
-33,-85,417.86421887677994
-33,-84,509.6012527602489
-34,-84,473.53437625368406
-34,-83,440.9852684635335
-34,-82,625.6399652415876
-34,-81,499.10824800878106
-35,-81,414.35036154822285
-36,-81,710.7284629173607
-37,-81,295.9645439630163
-36,-81,573.289913507088
-36,-80,327.296023035307
-35,-80,295.9645439630163
-34,-80,347.6209972652556
-34,-81,258.38571353830076
-33,-81,619.511727078164
-33,-80,268.09775111492235
-33,-79,680.4801940345505
-32,-79,627.4877505484346
-31,-79,429.5504495367036
-31,-78,459.29434959444444
-32,-78,94.69272732851722
-32,-77,577.2646262985975
-33,-77,389.08769665286513
-33,-78,445.601011410389
-33,-77,611.1562865806444
-33,-76,736.9331356642026
-32,-76,412.11660757550845
-32,-77,369.85870183638815
-31,-77,193.4837440145438
-30,-77,295.9645439630163
-30,-78,650.1019723151375
-29,-78,782.6918933895661
-29,-77,451.3242148960153
-29,-76,412.16767622068136
-28,-76,785.6906677523781
-27,-76,496.4315386389219
-27,-75,462.14194087922897
-27,-74,537.0166536918279
-27,-75,473.53437625368406
-27,-74,588.9387507503043
-26,-74,555.91203614908
-26,-73,509.6012527602489
-25,-73,585.9863058944782
-24,-73,812.228150732109
-23,-73,519.5491751924134
-22,-73,450.04958163887625
-23,-73,403.7591469632593
-22,-73,374.20662495285876
-22,-72,488.7973643801391
-21,-72,126.2569697713563
-20,-72,63.12848488567815
-19,-72,382.9512624230784
-18,-72,333.44556442181056
-18,-71,552.4567722959648
-17,-71,610.9480373894992
-16,-71,681.8340274659816
-16,-70,491.2563579769213
-15,-70,529.0603727755494
-15,-69,360.0373548152181
-14,-69,361.55977592410585
-14,-68,734.2904573298861
-14,-67,804.3033668441176
-13,-67,356.4494843232148
-13,-66,572.5976772752462
-13,-65,788.2024303028918
-13,-66,501.0272936686784
-13,-67,878.7022072302657
-12,-67,385.01714981159256
-12,-66,417.5989537385487
-11,-66,446.2692887368888
-11,-65,630.5928243362449
-12,-65,379.1369380464641
-11,-65,344.6797132810352
-11,-64,911.2633248091963
-11,-63,257.3243272871984
-10,-63,389.8222598429915
-11,-63,396.53554405356033
-10,-63,473.53437625368406
-10,-62,503.9539082666298
-9,-62,755.1289071425649
-8,-62,843.2156968000621
-7,-62,888.6373733298394
-6,-62,902.1779380139088
-5,-62,699.2580100344048
-4,-62,355.1574527556196
-3,-62,536.2314983555748
-2,-62,414.7722932533299
-2,-63,267.92419861145913
-2,-62,462.5430090349446
-3,-62,358.50878977148204
-3,-61,531.3464935460385
-2,-61,843.3766359362417
-1,-61,552.4567722959648
-1,-60,477.10555791968164
-1,-59,510.1274025758559
-1,-58,806.0382171493475
0,-58,447.2297422504919
-1,-58,355.1574527556196
-2,-58,282.4928718999506
-2,-57,596.2097236793294
-1,-57,394.6119802114034
0,-57,376.5098083881532
1,-57,481.8083956986517
2,-57,295.9645439630163
2,-56,315.84426546101264
3,-56,885.0637083510067
3,-55,554.3906592100079
2,-55,731.5690645680912
3,-55,473.5432703408261
4,-55,473.5432703408261
4,-54,1024.5428214199208
5,-54,912.065996031042
6,-54,927.7622455103711
7,-54,432.2666845094739
8,-54,186.97999807790814
8,-53,601.1107819195872
9,-53,514.8736026456594
9,-54,544.9760506005249
9,-53,295.9645439630163
10,-53,369.9885711162706
11,-53,857.7104941621969
12,-53,492.2950650315496
12,-54,857.5024592756188
13,-54,552.4567722959648
13,-53,602.3262624665856
14,-53,642.1972314711742
15,-53,419.4026892566084
16,-53,510.49332590911695
16,-54,478.05791278381463
17,-54,484.632880665653
17,-53,654.4127304850928
17,-52,469.5176992359825
18,-52,554.1650522793461
19,-52,380.3464584081672
20,-52,316.3853946071009
21,-52,781.9560699318199
20,-52,734.2884207766932
20,-51,610.4946396980939
21,-51,636.7223579525379
20,-51,819.0078237273976
21,-51,727.1817461597401
22,-51,848.281776288846
23,-51,512.7819240007708
24,-51,640.3746131175108
24,-50,394.6119802114034
25,-50,596.3964851900697
25,-49,632.2337469335058
26,-49,572.2144003317546
26,-48,649.2714518169045
27,-48,833.3823593976024
28,-48,703.5962838865069
29,-48,866.1068437301944
30,-48,937.6304323322948
30,-47,414.35036154822285
30,-46,504.64605700200764
31,-46,724.0049694264108
32,-46,295.9645439630163
32,-45,670.1844600512221
32,-44,666.4623352960684
33,-44,527.6760337362376
33,-43,435.2072001993411
33,-42,482.96187151152515
34,-42,528.4371337667825
35,-42,484.6792013666338
35,-41,398.3842666686126
35,-40,641.923452143735
36,-40,591.7019899120291
37,-40,249.56986839231786
38,-40,611.9731064914806
38,-41,772.5285586618261
38,-40,998.1405845143954
39,-40,414.35036154822285
39,-39,1029.910932387093
39,-38,516.5999970382726
39,-37,291.5464158465174
40,-37,532.9897454600386
41,-37,315.6895841691227
42,-37,451.2453233697539
41,-37,631.3791683382454
42,-37,826.4927262597565
42,-36,707.5744175067848
42,-35,457.4534493085858
43,-35,147.64190687144614
44,-35,518.3862758679977
45,-35,766.4303711034887
46,-35,522.4404510441263
46,-36,433.8452405859168
46,-35,330.0029572867242
46,-34,282.9120800112128
46,-33,341.72662271299754
47,-33,696.727027953766
46,-33,696.5401301950568
47,-33,583.1467718094174
48,-33,438.95937347257825
48,-32,260.6417334317165
49,-32,283.4706920386179
49,-33,272.21533228625066
50,-33,399.35770515695447
50,-32,619.6936815987084
50,-31,325.94579674140044
51,-31,936.7319630008369
51,-32,609.7883543920996
52,-32,567.9410303499261
52,-31,553.8408084603379
52,-30,385.6117522349409
52,-31,567.5858459988473
52,-30,1058.7759778486882
53,-30,888.6676946320679
54,-30,845.9900259950897
54,-31,1057.3905917597942
55,-31,415.2762480951699
56,-31,315.6895841691227
56,-32,367.08119839834006
57,-32,433.8937605807356
57,-31,295.9645439630163
57,-30,773.8520616755918
58,-30,207.94528621352794
58,-29,623.1347674095166
58,-28,691.7285904489829
58,-27,556.7733036784045
59,-27,322.2680123550797
60,-27,526.7977582548972
60,-26,351.17566416531594
60,-27,426.13993046562524
60,-26,374.7925733096898
61,-26,473.5432703408261
61,-25,845.8936284139307
60,-25,572.0790019974756
61,-25,716.2850718183012
61,-24,968.4741736621074
60,-24,475.2339608578286
60,-23,455.1076501485504
61,-23,329.8283011066209
61,-22,159.69330170914046
62,-22,561.6263168376447
62,-21,414.35036154822285
63,-21,1018.70695714545
64,-21,492.8667413154133
64,-20,465.87038452767456
63,-20,422.1055221827204
63,-21,414.5444693501911
63,-20,355.1574527556196
64,-20,817.0813685577587
65,-20,543.0917934388965
65,-19,335.6531058693895
65,-18,510.1565829481678
65,-19,631.3791683382454
65,-18,877.9505814446081
64,-18,550.5372481836754
64,-17,828.4826434685357
64,-18,799.3743187110701
64,-17,509.1256719315508
65,-17,786.9543932198684
65,-16,503.4338763686536
66,-16,590.4304149961774
67,-16,783.8521070564246
67,-15,414.35036154822285
68,-15,842.2890268493758
69,-15,493.1550873500249
70,-15,432.17248201244854
70,-14,735.8402784014286
71,-14,394.6119802114034
71,-13,245.8671872509206
72,-13,353.710835688475
73,-13,449.85910127878776
74,-13,480.8250381203608
74,-12,456.52395305845204
74,-11,528.2172602650635
74,-10,473.53437625368406
74,-9,906.43903745492
75,-9,631.8905625911525
75,-8,521.5898484066718
75,-7,489.38319033070127
74,-7,324.51311444521457
75,-7,244.01142042335238
75,-6,237.83412179084678
74,-6,269.1379897484338
74,-5,665.5879744673498
74,-4,439.9097248072152
74,-5,661.1195089013219
74,-4,857.6427161849687
74,-3,398.5170371951326
73,-3,361.5787445670974
72,-3,441.0836891677085
73,-3,387.6278290266232
73,-2,656.1306384346319
72,-2,469.65031055802626
73,-2,388.895912101715
73,-1,427.88139091089283
74,-1,411.77095653492853
75,-1,236.77163517041305
76,-1,389.5657199585954
77,-1,391.5516947469352
77,-2,625.5267816469018
78,-2,702.8491441185791
78,-1,579.3238710007004
78,0,261.46998414236725
79,0,768.0418076868926
79,1,562.1758863240394
80,1,494.4474022482249
80,0,285.64053107261896
81,0,388.6848425692859
82,0,405.04757755839483
83,0,553.6933334943599
84,0,553.5965032060749
85,0,192.5125287935755
86,0,580.6813483815346
87,0,478.0366066451301
87,1,157.65593522371734
86,1,472.7898568393109
87,1,372.936562498419
87,2,525.4837958429231
87,3,344.27349205459444
87,4,615.3450625821011
87,5,627.6769370842821
87,6,295.9645439630163
87,7,538.601939941001
87,8,353.4362833710786
88,8,467.2352136317168
88,9,451.42743421443316
89,9,707.7079606435509
90,9,897.702803818389
90,10,978.6004441352779
91,10,607.3257540912697
90,10,705.0404157863819
90,11,293.53754298162505
91,11,241.88380273234696
91,10,307.81193262110304
92,10,664.9564572959264
93,10,170.67327558524377
94,10,319.0107370056974
94,9,274.18566535138365
94,10,365.9855253756728
95,10,552.4567722959648
96,10,552.4567722959648
97,10,300.77431973853777
97,11,78.91060610709769
98,11,545.8822257618222
98,12,478.5189508667191
98,13,390.94307167419873
99,13,415.8404888996149
99,14,444.3717145602025
99,15,654.1830058807703
99,16,301.1638293454847
99,17,363.0995613304987
100,17,754.5745226658561
100,18,633.685631084508
100,19,440.8698175217275
100,20,569.2503460279974
100,19,406.8639013327735
100,18,759.0867038022833
99,18,434.57149078599275
100,18,551.5659612337321
100,17,165.4734491629982
99,17,720.616818139782
99,16,346.94679673584244
100,16,464.85894351079907
99,16,298.48863035445
99,17,552.4567722959648
99,16,669.3845181058383
98,16,520.126423908446
97,16,296.2272105761411
96,16,231.15984415817707
96,15,330.88949783939114
96,14,396.7114401176275
95,14,672.2529325207382
95,13,659.9385726179664
94,13,552.4567722959648
94,12,933.9889873437453
93,12,631.3791683382454
92,12,537.0320813986414
91,12,213.77013540927567
92,12,620.5040122992322
91,12,262.12206931398975
91,11,297.7332181754826
92,11,631.3791683382454
91,11,802.9194104788911
90,11,474.15449065442016
89,11,388.56648551415344
88,11,424.66771063354076
88,10,458.17143007174747
88,9,398.984314128622
87,9,262.9391246411271
86,9,473.53437625368406
86,8,359.87065650470333
85,8,628.2201058730989
84,8,371.0290226486628
83,8,374.13790275552793
82,8,502.78755173865875
83,8,546.2166476161954
83,9,544.5719313288649
84,9,446.55753458581216
83,9,552.4567722959648
84,9,252.2354660665051
83,9,455.36924091289563
83,10,363.69168760711796
83,9,135.36238275280965
84,9,459.605723225435
84,8,394.6119802114034
84,7,360.72820421720655
85,7,552.4567722959648
84,7,744.8074444563929
84,6,773.6098931947448
83,6,444.1470456011025
83,5,569.2468849739803
83,4,366.32313697726295
82,4,456.34870085135475
81,4,414.96773779507134
81,3,680.4530341025902
81,2,383.7546649597879
80,2,462.38683849936285
80,1,811.1174285913582
81,1,502.995953964085
80,1,771.4066512321212
80,0,717.7101519386459
79,0,664.7699561429849
80,0,509.6012527602489
79,0,589.5877077292419
79,-1,360.70247056426786
78,-1,424.66771063354076
78,-2,496.7172171017812
78,-3,473.7983181602008
78,-4,694.8891524926571
79,-4,506.5002188300279
78,-4,844.483379090644
77,-4,417.9102192498683
76,-4,423.2526991349073
75,-4,507.75028818438693
74,-4,670.8827138180588
73,-4,883.8701577522962
73,-5,742.0531581288624
72,-5,712.2792786980715
72,-6,504.8766446334194
71,-6,274.48992110990224
70,-6,330.0421862229813
71,-6,386.8100493750293
70,-6,544.6442782649484
69,-6,474.8908715947563
68,-6,360.60168234642987
68,-7,536.6733509115265
67,-7,618.7172910576654
66,-7,557.1804528643663
66,-8,717.1666709800016
66,-9,418.2988548389162
65,-9,822.222676814892
65,-10,430.0578296676541
64,-10,569.0738553966256
64,-11,721.0285860893455
64,-10,762.3441858038386
63,-10,328.7810341420761
62,-10,661.8137887917201
62,-11,1045.4984625718316
61,-11,804.9919261454824
61,-12,397.37500356746307
60,-12,392.27201454821954
60,-13,778.7548713908342
59,-13,860.0280656842526
58,-13,473.3637340710394
57,-13,514.2753707304142
56,-13,358.7262579072884
56,-14,476.6805199941727
56,-15,473.5432703408261
55,-15,670.8151806908467
54,-15,455.72843819336777
54,-16,529.4421957366606
