-79,80,116.00074568298922
-78,80,97.26273528196334
-77,80,128.6652199718581
-76,80,112.29081969693688
-75,80,111.56321663966794
-74,80,369.283443693908
-73,80,185.70187805707704
-74,80,170.20978674343584
-73,80,225.1641349507517
-72,80,304.7088311797768
-71,80,248.2979002760448
-70,80,124.87872744339198
-69,80,140.1192598291626
-68,80,104.1461459907493
-67,80,180.09641395353418
-66,80,121.57841910245418
-65,80,104.1461459907493
-64,80,121.57841910245418
-63,80,121.57841910245418
-62,80,160.01171637527568
-61,80,258.2308362483617
-60,80,190.71806298095976
-59,80,244.7454227044691
-58,80,170.20978674343584
-57,80,170.20978674343584
-56,80,131.92283113083246
-55,80,239.91088030521297
-54,80,142.51821837156047
-53,80,136.40383552761926
-52,80,129.73550432843462
-51,80,170.20978674343584
-50,80,365.71628906545226
-49,80,145.80460438704904
-48,80,170.20978674343584
-47,80,215.24194654289164
-46,80,112.0642961947961
-45,80,194.37463049219164
-46,80,98.407238103464
-45,80,128.6652199718581
-46,80,100.05861813832365
-45,80,160.2011150466721
-46,80,152.2381711613898
-45,80,152.2381711613898
-44,80,178.41185263671218
-43,80,137.87461802999064
-42,80,238.02829490638322
-41,80,132.04545517049394
-40,80,123.57205537294512
-39,80,180.7934889879395
-38,80,121.57841910245418
-37,80,277.7724649423286
-36,80,194.5254705639267
-35,80,221.49572721971091
-34,80,194.5254705639267
-33,80,232.24882250450503
-32,80,174.28845086711857
-31,80,121.57841910245418
-30,80,207.04401083298222
-29,80,130.48035512577815
-28,80,148.034830981606
-27,80,145.89410292294502
-26,80,175.72551944011818
-25,80,167.59939746975925
-24,80,145.89410292294502
-25,80,194.9313853936169
-24,80,134.93306088813935
-23,80,133.86312369939304
-22,80,154.74676039669387
-21,80,140.1223067507877
-20,80,158.32911226051917
-19,80,145.89410292294502
-18,80,332.0883946808319
-17,80,189.01779111988333
-16,80,245.4029094412047
-15,80,283.43767996670476
-14,80,188.71677473505514
-13,80,234.79325117503703
-12,80,192.99782995778716
-13,80,197.25235643736485
-12,80,170.7806690395293
-11,80,396.4292478024825
-10,80,172.2648620214566
-9,80,145.80460438704904
-8,80,201.97729954564758
-9,80,369.3633482353972
-8,80,152.33595342703836
-7,80,104.1461459907493
-6,80,179.93726782679275
-5,80,130.296640324111
-4,80,162.87996297416493
-3,80,146.69027591412973
-2,80,215.46119627029057
-1,80,200.3765234064827
0,80,121.57841910245418
1,80,152.2503759347775
0,80,212.87296487307168
1,80,229.93067726283027
2,80,213.13343962594575
3,80,273.82139649240986
2,80,182.48623238403457
3,80,218.66976492807052
4,80,173.89332049710933
5,80,223.8512319327136
4,80,216.47942208277823
5,80,213.13343962594575
4,80,158.42954246057405
5,80,98.09885266136321
6,80,128.99586580512522
7,80,129.70078127728829
8,80,102.35612732930981
9,80,162.9803361497038
10,80,145.89410292294502
9,80,145.89410292294502
8,80,279.2250933100337
7,80,207.15557733235585
8,80,207.16828556172266
9,80,160.65396827592647
10,80,178.789465103865
11,80,148.80456208135695
12,80,145.89410292294502
13,80,162.93714609285988
14,80,199.21888044580388
15,80,156.80208729705456
14,80,182.68580539366778
13,80,188.54515331998343
14,80,147.06612774809525
15,80,144.80313987222763
16,80,121.57841910245418
17,80,174.05028744915228
18,80,151.8695100919515
19,80,175.03125491055803
20,80,351.37925864568706
20,79,190.9859806459942
19,79,206.27557490671498
18,79,170.20978674343584
17,79,183.2247348826716
16,79,264.2982817334409
15,79,171.91139480560852
14,79,179.16620822496265
15,79,162.76402376963097
15,78,166.75372917150048
15,79,161.65829281846192
15,78,151.48935041099162
14,78,194.7219783995768
13,78,161.96512527533676
13,77,168.14420973585317
14,77,182.20780727725577
14,76,221.75611351043787
14,75,271.5320156635278
13,75,184.1647768604547
13,76,188.9743875700019
12,76,194.13793731303448
12,75,158.87275156121478
12,74,166.1338240872431
11,74,240.68799038352452
11,73,254.35237016430972
11,74,285.0640705188626
11,75,170.20978674343584
11,74,306.65263018678377
11,73,204.39142188278674
10,73,188.06190373158148
10,72,182.68580539366778
9,72,155.49042144224026
9,73,168.42530789435642
9,74,213.601644302706
8,74,254.35948205085467
8,73,203.15803282677413
8,72,166.6338335851989
8,71,218.33119720556329
8,70,281.6834368456826
7,70,126.36752545874728
8,70,97.26273528196334
8,69,168.733734831529
8,68,160.97341671182608
8,69,163.49518894214333
7,69,252.52051931575704
6,69,254.23586378437147
6,68,195.66480157739295
5,68,170.20978674343584
5,67,348.1171518830757
5,66,282.38267248970095
6,66,183.38568037628153
6,65,228.72652795826218
6,64,222.3692140435477
6,63,271.3824008275146
6,62,169.81787764138227
6,61,144.26798352318275
6,60,106.55609628431246
6,61,107.54192972561817
6,60,137.4358599212272
6,59,206.48326717499867
5,59,361.17602973468405
4,59,263.5812882644269
3,59,264.1958240970599
3,58,201.5582260206582
3,57,234.81124790465086
3,56,187.21788432500645
4,56,354.06445454899705
4,55,202.5946203660338
4,54,227.97144128137307
3,54,222.046030528137
3,53,410.19533693631047
2,53,288.4329838812657
2,52,258.4847620088012
1,52,468.139693889813
1,51,303.2670798031892
1,50,200.74261672723497
2,50,279.9325169908993
1,50,198.8181211800362
1,49,235.4974465885814
1,48,261.50918988077655
1,47,148.62084871462662
0,47,188.46332447358003
0,46,169.27163012515106
-1,46,166.85151707275486
-1,45,219.8655298118971
-1,44,305.464756917796
-1,43,387.45733290115453
-1,42,171.08799646095449
-1,41,265.20880815644813
-1,42,261.5930205443828
-2,42,236.05629318705317
-2,41,164.28593140002786
-2,40,249.429539317629
-2,39,247.22390178279437
-3,39,260.06204456027416
-3,38,226.79001134343028
-4,38,277.9254928599001
-4,37,323.8893759519357
-4,36,219.98306949137626
-4,37,258.31161720399393
-4,36,288.40302416791053
-4,35,272.914280520034
-4,36,237.74158423450382
-4,35,285.8032319453437
-4,34,217.15408664080167
-4,33,199.64848523778755
-3,33,138.11538857526833
-3,32,217.9467236224184
-3,31,214.49779170593575
-4,31,140.29230919665648
-5,31,271.70478244019193
-5,30,223.87681546308193
-5,29,149.96694822234676
-5,28,180.36913485225227
-5,27,193.57337662885922
-5,28,192.20938162584005
-5,29,136.18780447138192
-5,28,311.19951298820183
-5,27,156.12763223653977
-6,27,243.30204813725305
-6,28,429.0240294994969
-6,27,207.40657934040414
-6,26,255.00550704105274
-6,25,302.24055898787367
-6,24,211.02386538917065
-7,24,195.01444101684731
-7,23,246.3825222125664
-7,22,202.59374081150332
-7,21,216.44020799323968
-7,22,230.695517251946
-7,23,232.64756124465896
-7,24,214.9273919985757
-6,24,252.5214578670811
-7,24,191.33975274529973
-8,24,211.96429146712958
-7,24,180.21528138383334
-7,25,207.21312329324104
-7,24,159.7936374649725
-7,23,216.11215846756204
-8,23,190.13703596429036
-8,22,176.19176882059082
-7,22,202.6520163373089
-6,22,186.83830149230826
-5,22,212.04153331145008
-6,22,269.16281397707775
-7,22,159.91741808092294
-8,22,211.18245867552935
-9,22,157.6790390888655
-9,21,272.81088686535315
-9,20,386.9414647686497
-9,19,357.0424185915356
-9,18,310.7580074206672
-9,17,373.01593074816157
-10,17,426.63027626709925
-11,17,272.56477011884795
-11,16,380.62923215061
-11,17,264.9294815001507
-11,16,560.8451416022294
-11,15,406.16446371905073
-12,15,289.34295735471625
-12,14,415.41921255499483
-12,15,391.1299772635004
-12,14,404.8653379329312
-13,14,406.288741038537
-13,15,319.1047831428232
-13,14,437.3613874526558
-13,13,213.2189172346154
-13,12,302.6352092624734
-13,13,233.24642407254612
-13,12,196.64575219782824
-13,11,207.88019383887672
-13,10,163.60082762559244
-13,9,263.17034675218594
-13,8,178.19223131003508
-14,8,194.7185755987697
-15,8,193.14379335680252
-15,7,222.6799332726626
-15,6,185.80444659291697
-16,6,238.57747652239448
-17,6,364.00059012428136
-17,5,273.69385583935514
-17,4,227.0347579508677
-17,3,268.3768584546634
-18,3,347.05551731626235
-19,3,237.5544782092932
-19,2,223.3929718915068
-19,1,259.85437638030396
-19,0,196.4568710977817
-19,-1,246.84553988336853
-20,-1,264.83974967315703
-20,-2,251.46363810146957
-20,-1,457.5899926176669
-20,0,393.31345381676226
-20,-1,236.2898672715865
-21,-1,292.59181729408226
-21,-2,173.07553156807145
-21,-1,159.38588214433395
-21,0,148.09303720480062
-21,-1,195.54306723732458
-22,-1,208.72125491212333
-23,-1,318.1139697479476
-23,0,216.82130262125946
-24,0,308.09835413469955
-23,0,400.11989921769157
-23,-1,186.9931133805089
-23,-2,267.4033163710516
-24,-2,244.3361621530056
-24,-3,199.30475350934188
-24,-4,165.5930012371691
-24,-3,298.3054096201494
-24,-4,199.1835377846109
-24,-5,223.61361509882715
-24,-6,313.57180736449254
-24,-5,213.56142708144742
-25,-5,265.56770660479987
-25,-6,223.91649876152604
-25,-7,220.2686880948725
-26,-7,196.26604955670723
-26,-8,395.8065187488481
-25,-8,253.11716696524576
-25,-9,206.70161513416667
-25,-10,464.5148480748463
-25,-11,352.0215626985903
-24,-11,240.69688424719533
-25,-11,243.03198271027017
-25,-10,205.90274934475553
-25,-11,168.42295666817975
-26,-11,201.01917046042772
-26,-10,231.02262258180804
-26,-11,133.37499524649988
-27,-11,225.2399569306001
-28,-11,195.39382438943
-27,-11,271.807723041273
-27,-12,177.25882980169627
-27,-11,455.1275329174774
-27,-12,303.960716136338
-28,-12,398.2729524808468
-27,-12,300.11484639581585
-27,-11,355.6023754030145
-26,-11,287.90666423663293
-26,-12,252.23758653553722
-26,-13,251.53288934139619
-25,-13,273.0281853040638
-25,-14,340.67810970135196
-25,-15,336.026851548845
-25,-14,254.4436582848807
-25,-13,361.4563808708335
-26,-13,268.28605722875045
-26,-14,247.07151333223234
-27,-14,222.7513426762074
-27,-15,237.4433316056199
-27,-16,230.02077885263952
-26,-16,207.82363203191036
-26,-17,158.13276994704597
-26,-18,334.357079195561
-26,-19,301.83635104869495
-26,-20,232.35000417425078
-26,-21,284.896441226185
-26,-22,268.2503753260407
-26,-23,239.9364448927867
-27,-23,254.70550755031573
-27,-24,334.59095200895285
-27,-25,265.2313349570683
-27,-26,308.41652370817854
-27,-25,127.66391698363282
-27,-26,125.3279134783942
-27,-27,185.4487503774924
-27,-28,102.84413036164102
-27,-29,175.2036980282015
-28,-29,163.10799884868555
-29,-29,256.6918401443376
-29,-30,172.37906238550988
-29,-31,220.51499363532483
-29,-32,191.69806604577656
-29,-33,179.0209090120765
-30,-33,187.75397573489013
-31,-33,251.9995592805273
-31,-34,220.62761035805875
-31,-35,427.0721298651126
-31,-36,339.110869052866
-31,-35,234.72763367618646
-32,-35,266.8774258147353
-32,-34,246.01045828240095
-32,-35,326.32966818232757
-33,-35,233.4675355104786
-33,-36,150.69469703127584
-34,-36,119.78021084143523
-35,-36,111.12111697621215
-35,-37,250.47537401749915
-35,-38,139.74267313784367
-35,-39,132.14348419497762
-35,-38,155.2072274927408
-36,-38,128.1619780877083
-35,-38,124.322849218428
-35,-39,228.24234364653387
-35,-40,221.7699878951375
-35,-41,335.91995048899116
-35,-42,307.41395353955016
-35,-43,253.5885117675506
-36,-43,208.81789160759763
-37,-43,321.462301871085
-37,-44,221.01361166888623
-37,-45,254.5600756742224
-37,-46,206.79630930945268
-37,-47,227.38089832790155
-37,-48,263.82320298119214
-38,-48,255.96775592354933
-38,-49,184.32162752550667
-37,-49,217.88606215921504
-38,-49,219.40634122835274
-39,-49,255.58352583622877
-40,-49,197.8977212590745
-40,-50,389.8635786808034
-40,-51,219.84640181928
-40,-52,134.0577217174444
-40,-53,163.97558124802916
-39,-53,181.23320286797136
-39,-52,133.63001280173037
-40,-52,131.67136610437728
-40,-53,221.80702967974094
-40,-54,184.29159290072755
-40,-55,326.3636162364339
-41,-55,219.50304100461508
-42,-55,328.2107563477576
-43,-55,189.37159139453723
-44,-55,189.7233855890151
-44,-56,199.09354291304362
-44,-57,197.8368764943212
-45,-57,224.22067428120965
-45,-58,127.86860547172876
-46,-58,97.26273528196334
-45,-58,156.2300275642813
-44,-58,131.01264410115792
-44,-59,137.8674836689803
-44,-58,189.96196794041128
-44,-57,152.11774982680996
-44,-58,140.9359415862547
-44,-59,210.74138881963813
-45,-59,134.81520079607114
-45,-60,254.68315413534975
-45,-61,173.6878628735821
-46,-61,243.82053856112987
-46,-62,204.5693291943819
-46,-63,200.6849812289384
-47,-63,168.00502567090797
-47,-62,127.0432705174274
-48,-62,218.9044996892556
-49,-62,152.2934541771535
-49,-61,139.6964152760874
-50,-61,283.3334047990343
-50,-62,396.7200037383694
-50,-63,170.63191295892253
-51,-63,246.45141685389274
-51,-64,324.212109797475
-52,-64,233.17212959068576
-52,-65,429.711338999285
-52,-66,269.40710098947886
-53,-66,282.9286727688862
-53,-67,271.0879117381687
-53,-68,119.1095295334766
-53,-69,156.32372755818875
-53,-70,154.35373605845962
-53,-71,156.81168341910353
-53,-70,108.71139956322561
-53,-69,121.57841910245418
-53,-70,121.57841910245418
-53,-69,164.3430755232999
-53,-68,133.1482512355168
-53,-67,151.90972968933767
-53,-68,121.57841910245418
-54,-68,131.47515089326163
-54,-69,184.20831928670933
-55,-69,137.09414008448726
-55,-70,126.89700211278405
-55,-71,215.82348743183945
-56,-71,198.59563095841287
-56,-72,406.1698387914506
-57,-72,280.1709842161873
-57,-73,232.90532009564723
-57,-74,121.57841910245418
-58,-74,151.62551400582092
-58,-75,129.1278978493281
-58,-76,170.45034854733467
-58,-77,201.63989518266948
-58,-78,124.97537518889916
-58,-79,145.89410292294502
-58,-80,145.89410292294502
-58,-81,172.3368805327657
-58,-82,152.54771559045918
-58,-83,205.7924562447154
-58,-82,248.99915961046318
-58,-81,194.5254705639267
-58,-82,241.34092633739493
-58,-83,194.5254705639267
-58,-84,193.76727480761522
-58,-85,271.40624204479366
-58,-86,257.76746956122537
-58,-85,266.4323279145135
-58,-86,178.47019872332532
-58,-87,131.0158234072257
-58,-88,179.19117607650838
-58,-89,104.1461459907493
-58,-88,218.1322550237561
-58,-89,128.3998487717523
-58,-90,130.8989212980802
-58,-91,212.20056831918254
-58,-90,125.0501025146305
-58,-91,121.57841910245418
-58,-92,180.96145394294308
-58,-93,170.20978674343584
-58,-92,242.24979263406698
-58,-93,242.73664852298973
-58,-94,172.6175452096073
-58,-95,145.80460438704904
-58,-94,97.26273528196334
-58,-95,97.26273528196334
-59,-95,116.75885411411912
-59,-96,83.31691679259944
-60,-96,167.97780735053277
-60,-97,267.6301355614901
-60,-98,168.41204606315654
-60,-99,124.97537518889916
-60,-100,161.14327165320307
-60,-99,192.99782995778716
-60,-98,121.57841910245418
-60,-97,160.83152496482262
-60,-96,177.94390174763845
-59,-96,136.88697099430237
-59,-95,147.67233689106038
-59,-94,242.17117469246577
-58,-94,194.5254705639267
-58,-95,227.59121828723514
-58,-94,194.5254705639267
-58,-95,311.61787660444014
-58,-94,257.3304399437162
-58,-93,222.78280393377315
-57,-93,209.53303657354377
-57,-92,286.63592531744536
-57,-91,194.5254705639267
-57,-92,216.7340251532816
-57,-91,158.1591180334758
-56,-91,161.2045286964996
-56,-90,145.89410292294502
-56,-89,170.0594066374975
-56,-88,250.23199506544825
-56,-87,192.64703572602215
-56,-86,152.65659074020354
-56,-85,153.33129420953094
-55,-85,182.68580539366778
-55,-84,184.1495716958963
-55,-83,170.23481323196046
-55,-82,183.5612930917646
-55,-81,145.80460438704904
-55,-80,205.50880484915317
-55,-79,200.05516431614973
-55,-80,122.9220645092373
-54,-80,143.82617719174718
-53,-80,155.4251293006197
-53,-81,142.69203088350977
-52,-81,169.34827403725095
-51,-81,192.65035344458167
-51,-80,166.12999585525824
-50,-80,134.03971420836277
-50,-81,134.27845399466517
-50,-82,142.83836746910214
-50,-81,103.51325767745527
-50,-80,110.94497375148565
-50,-79,121.79053692911185
-50,-78,128.12874140743764
-51,-78,125.86287374544139
-51,-77,197.96413969825983
-50,-77,178.94370437000242
-50,-76,136.1437627872966
-49,-76,207.56954576107427
-49,-75,193.9906920426784
-49,-74,145.89410292294502
-49,-73,221.4871432200397
-49,-72,183.4641562396519
-48,-72,152.5526717400498
-48,-71,173.66617601640377
-48,-70,204.14996555177953
-48,-71,225.1641349507517
-48,-70,254.2705586974733
-48,-69,217.3441313919474
-48,-68,129.91583769563195
-48,-67,97.26273528196334
-48,-66,112.66764984636151
-49,-66,134.06938106782124
-49,-65,83.31691679259944
-49,-64,98.99794415822834
-49,-63,111.51829617400101
-49,-62,142.36725343840766
-49,-61,169.03871778133316
-49,-60,97.26273528196334
-49,-59,200.56650076176032
-49,-58,305.7295812576927
-49,-57,179.76090351304524
-49,-56,232.1733796287237
-48,-56,171.392568146009
-48,-55,180.2323260595471
-48,-54,272.52504307773336
-48,-53,187.94739085112414
-48,-54,247.19923681177312
-48,-53,209.80845327427633
-48,-52,159.56895966153476
-48,-51,244.94757246525774
-48,-50,198.3335079381448
-48,-49,145.89410292294502
-49,-49,178.5133344559745
-49,-48,129.9750027505304
-49,-47,146.04760514909725
-49,-48,160.03238201794892
-49,-47,229.03905027295167
-49,-46,175.34370017611815
-48,-46,122.91765271966985
-48,-45,160.59787845038463
-48,-44,99.5256996600181
-47,-44,142.27007952634068
-47,-43,213.69569169181133
-47,-42,127.74895278297005
-47,-41,129.1886715873961
-47,-40,129.21603749565705
-47,-39,103.60113888758069
-47,-38,152.34543841115513
-46,-38,256.93820977585233
-45,-38,211.73701911207496
-45,-37,196.18264166726797
-45,-36,257.6821248631078
-45,-35,191.74075030753434
-45,-34,185.19364484093376
-44,-34,211.34001271391952
-44,-33,267.4293551242763
-44,-32,216.09408563110446
-44,-33,181.34604946072773
-44,-32,260.27002700456677
-44,-31,238.05551426389138
-44,-30,169.16282249386168
-43,-30,202.37673440466
-43,-29,147.84404048828776
-43,-30,143.46101308320988
-43,-29,133.0308946936222
-43,-28,152.10942668893222
-43,-27,150.62549924559843
-43,-26,232.44999486871964
-43,-25,229.95959087618857
-43,-26,170.13680614105866
-43,-25,175.6089647847529
-43,-24,157.26166727840715
-43,-23,194.24372295879516
-43,-24,247.69205618882526
-43,-23,177.19521313144276
-43,-22,165.5496411054038
-43,-21,181.2737737167825
-43,-22,167.90689768340263
-43,-21,258.3769284368477
-43,-20,350.2996396998668
-43,-19,332.22625315339366
-43,-18,223.6700967026365
-43,-19,349.3008452158675
-43,-18,144.2397531878895
-44,-18,150.13448717270398
-43,-18,145.43484687410964
-43,-17,126.77033516690298
-43,-16,151.9951805455748
-43,-15,209.4848134233
-43,-16,213.66597382737632
-43,-15,195.9299825192884
-43,-14,209.15972736550466
-43,-13,180.31804180434204
-43,-12,192.4016676584371
-43,-11,191.04059321367072
-42,-11,264.1462793976826
-42,-10,267.09724189811567
-42,-9,140.2536832738591
-42,-8,298.2031412178758
-42,-9,192.9922726285379
-42,-8,220.97205658247128
-42,-7,222.7256647626968
-43,-7,543.5964957742983
-43,-6,281.41125805425514
-43,-7,305.90504481449676
-42,-7,225.98064916117184
-42,-8,290.5726602186454
-42,-7,281.06466792563054
-42,-6,253.88842862718724
-42,-5,220.91883340784673
-42,-6,170.13350744693065
-42,-5,183.3983515209738
-42,-4,217.1466648865612
-42,-3,161.2130606116327
-42,-2,226.2313892283267
-42,-1,127.20776150987338
-42,0,121.02072833832466
-43,0,158.49881859255655
-43,1,198.13447661642766
-43,2,192.54754275872648
-43,3,217.7195760422103
-43,2,209.82120069338902
-43,3,188.87084217606463
-43,4,146.1594537094478
-43,5,135.78596560227962
-43,4,138.21310227188877
-44,4,148.2173525062912
-44,5,147.34570713990615
-44,6,291.6133212701804
-44,7,319.37602988050054
-44,8,401.4544634036905
-43,8,262.50707088959007
-43,9,288.38628635129135
-43,10,178.8341658330683
-42,10,131.8312756667041
-42,11,149.83075599573826
-42,12,179.51264290135694
-42,13,338.06744664721015
-42,14,203.1513806882656
-41,14,114.61241001229241
-40,14,113.45843705460027
-39,14,135.0764223702168
-39,13,132.31464423869505
-39,14,225.66223578000475
-39,15,381.6897303817965
-39,14,240.19287047799452
-38,14,279.3017270325513
-38,15,296.0361903872433
-38,16,142.4350033649933
-38,17,286.1597164508505
-38,18,166.97564368070812
-38,19,132.74363423070858
-38,20,213.16536821198906
-38,21,247.93658535675345
-39,21,345.1561235106736
-39,22,225.23920729638633
-39,23,207.3429691627977
-39,24,270.86026158749434
-39,25,203.39795771600484
-38,25,232.4209140976283
-38,26,256.48951146417363
-38,27,216.06275810915582
-38,28,203.0899083423234
-38,29,231.39469344376522
-38,30,354.57635810552426
-37,30,253.1968664134776
-37,29,213.75361592737306
-37,30,234.72265274212742
-37,31,169.39702326323646
-37,32,217.1363613749961
-37,33,224.7469882542177
-37,34,195.99244672529056
-37,33,317.1426833270787
-37,34,170.84141361976884
-36,34,166.2780372107358
-35,34,129.3868686087919
-36,34,201.1802045203185
-36,33,168.57081941659254
-36,34,229.3620295899501
-36,35,287.2433966401481
-36,36,180.96788342673284
-36,37,390.24648185313794
-36,38,230.9307029151315
-36,37,190.45538658821133
-36,38,191.15153290330466
-36,39,175.37643402642632
-36,40,122.28906229842988
-36,41,208.59719267718117
-37,41,125.74251562619664
-37,42,129.02216458866883
-36,42,143.82124652055256
-36,43,130.73110891504282
-36,44,149.7130832486681
-36,45,221.86430904131188
-36,46,391.12386861527773
-36,47,182.90030712141325
-36,48,329.64403348090315
-36,49,209.26176333741432
-35,49,326.7190961047006
-35,50,534.0403382780448
-35,51,334.81523027355746
-35,52,334.01059362301174
-35,53,212.16507760767965
-34,53,247.14302667958225
-34,54,192.60457433664152
-34,55,295.06461094378324
-34,56,235.8728366053462
-33,56,155.0921557255291
-33,57,112.90016184510654
-33,58,183.4583263046185
-33,59,124.68066715497835
-32,59,110.42687115217176
-31,59,180.25919458507215
-30,59,194.5254705639267
-30,60,300.90180172296124
-30,61,290.6647066196025
-29,61,238.10870234443044
-28,61,300.840363827292
-28,60,160.81257911924183
-29,60,163.46831984347264
-29,61,149.53299651554434
-29,60,159.08393847572316
-29,61,158.16727740581118
-28,61,260.9566935463858
-27,61,124.06189550838188
-26,61,174.13722308281535
-25,61,134.67711107585285
-25,62,132.52000178029047
-25,63,149.17826514985796
-24,63,187.86374951466127
-24,64,151.30485350762243
-25,64,145.89410292294502
-25,65,185.2590432408317
-25,66,158.08722566242105
-25,67,181.26323050760908
-25,68,179.49809328585863
-25,69,286.0386595084197
-25,70,216.6916328234977
-24,70,210.08640719828725
-23,70,262.6980754848945
-22,70,240.4753039190098
-22,71,249.89720727255553
-22,72,242.70003374858075
-22,73,241.81161627133275
-21,73,330.1036114934653
-21,74,227.076921022821
-21,73,219.14416652419482
-21,74,258.2595103420845
-21,73,140.08955439738833
-20,73,197.28035181870266
-20,72,143.80262139712087
-20,73,131.09087950182754
-20,74,183.6656132269861
-20,75,135.55012340033488
-20,76,254.40264570392594
-20,77,206.09807686554757
-20,76,158.40134268445834
-20,77,151.22200904193525
-20,76,211.8265895329186
-20,75,173.5429891984919
-20,76,142.52862653615057
-20,77,249.78623963981917
-20,78,245.51733172404025
-20,79,177.74931505755606
-20,78,272.5960854452794
-20,79,222.79023495394284
-20,78,222.72730638536694
-20,79,184.9710347030651
-20,80,210.14886646337828
-20,81,270.1493351834958
-20,80,211.42001470692423
-20,79,198.44611640166568
-21,79,208.16040554967074
-22,79,141.70555147593217
-23,79,170.44141899759495
-24,79,173.55531968460446
-24,78,157.84003873943064
-25,78,121.57841910245418
-26,78,191.66717734859768
-27,78,197.14284196013182
-26,78,251.4789428397752
-26,77,249.33913728122127
-26,76,296.0680683572965
-26,75,187.96436676797543
-27,75,213.2972717336485
-27,74,170.20978674343584
-27,73,223.90737032198547
-27,72,178.98506223178626
-27,71,228.15121082450656
-27,70,322.165881232896
-27,69,221.84373191751433
-28,69,297.16401812133824
-28,68,232.0581068920106
-29,68,258.95968753060174
-30,68,145.89410292294502
-29,68,224.84129927598696
-29,67,192.96876625325257
-29,66,319.83113557307377
-29,65,158.36338385781178
-29,64,160.28101258166944
-30,64,200.1584599071519
-30,63,224.51225511801724
-30,62,180.79275053573406
-31,62,234.33863335620256
-30,62,403.5448513064882
-30,61,311.3589443785123
-29,61,244.70627545000076
-29,60,243.5810738582237
-29,59,312.85466497053994
-30,59,208.4120526877374
-30,58,261.7427056931018
-30,57,277.5172525802828
-30,58,231.25737938692262
-30,57,222.08822808283577
-31,57,233.90333884551848
-32,57,180.93888864179445
-33,57,208.11610420054723
-34,57,302.4205525718046
-35,57,242.1625184228576
-36,57,248.86903596104656
-36,56,210.84114516880086
-37,56,357.21486711466156
-36,56,215.8204635007598
-36,55,184.1994073465134
-37,55,170.20978674343584
-36,55,288.12472564832
-36,54,348.18474479785004
-35,54,212.5290476941302
-36,54,110.64116538023097
-36,53,98.99288363130772
-36,52,128.6652199718581
-37,52,146.71700293520604
-37,51,110.53314787562788
-38,51,226.84866705310355
-38,50,325.26752526443835
-38,49,187.62537074815998
-39,49,181.66683865065028
-40,49,172.2870470167474
-40,50,173.19604307592545
-41,50,155.80631480683445
-41,49,137.64502590573787
-41,50,143.39860899494658
-41,49,142.15455627901906
-41,48,180.2620158569186
-41,47,154.92482805088372
-42,47,174.55428907375725
-43,47,219.97481407978702
-43,46,282.19718245677245
-44,46,174.13224506873024
-44,45,291.10072915954987
-44,46,208.27818474646006
-44,45,181.96714303152206
-44,44,249.5064312424089
-45,44,201.2567320068456
-45,43,179.81152174388745
-45,42,124.97537518889916
-46,42,190.13304892202942
-46,41,272.60069772387766
-46,40,207.23935695468944
-47,40,239.47444716593617
-48,40,251.0702894907955
-49,40,236.59771066322062
-49,41,306.37501036391313
-49,40,208.62859923188037
-49,39,368.57591748801497
-49,38,311.55744988661945
-49,37,181.0314936906144
-50,37,182.35861518321752
-50,36,173.0704885140638
-50,37,156.314652335659
-50,36,219.84249012999896
-51,36,173.58464762113846
-52,36,249.43420699194075
-53,36,201.23495341354695
-53,35,320.6515969968979
-52,35,208.38999085659748
-52,34,192.08286619819975
-52,33,295.77701481640673
-52,32,189.79339873823687
-53,32,205.33238010797788
-54,32,156.52131029046782
-54,33,143.02879442604439
-54,32,177.90698445431556
-54,31,386.87401514630056
-55,31,312.36572358237845
-55,30,232.43423260322794
-56,30,257.18265184524313
-57,30,352.3236436828871
-57,29,107.92570993111367
-58,29,123.36602229422816
-59,29,144.44747967316053
-60,29,112.13748649514886
-59,29,97.26273528196334
