-40,-1,159.48087884629047
-39,-1,138.41060306300085
-39,0,209.34181750713134
-39,-1,128.18547008826377
-39,0,149.90510153623882
-39,1,208.83880490191933
-39,2,191.44974516003506
-39,3,255.950308710719
-39,4,228.05170159392722
-39,5,230.12859013288883
-39,6,180.37317675750353
-39,7,187.45704429245353
-39,8,146.49685525831165
-39,7,244.55019229321505
-38,7,193.93051118004504
-38,8,243.86660675515378
-38,9,158.73760628492116
-38,10,242.66347831634215
-38,11,243.2580603989074
-37,11,168.7668634079601
-37,12,230.91776673545382
-37,13,287.72289831369244
-37,14,258.08257870227624
-37,15,219.31620632543888
-37,16,351.61869678699895
-37,15,393.9332472760853
-37,16,203.65783723173547
-37,17,272.451242619964
-37,18,151.27969660677562
-37,19,104.1461459907493
-37,18,306.1573228359995
-37,19,290.1150235863191
-37,18,221.12855729227059
-37,17,231.17615722490274
-37,18,442.943571102826
-37,19,128.20413255541766
-36,19,130.8139984657643
-36,20,128.9663358690162
-36,21,181.0455568215167
-36,20,150.28407506750312
-36,19,225.52637878424605
-36,20,144.78965707165588
-36,21,152.10878382138122
-36,22,177.96950938497895
-36,23,158.81594877564592
-36,24,193.6194830910485
-36,23,160.99312383522403
-36,24,247.2191240597304
-36,25,154.2179591454158
-36,26,269.70970365352076
-37,26,263.7580320943991
-37,27,371.53510174594425
-37,28,221.2542085349258
-37,27,332.2650511682905
-37,28,229.41330693125505
-37,29,181.19050951642498
-37,30,182.18636015653829
-38,30,179.33422042179268
-37,30,184.59276680725637
-36,30,193.18055887615824
-36,31,187.66962569556802
-35,31,253.62174046373948
-35,32,340.9912313150895
-34,32,196.96063571705565
-34,33,255.19568693036948
-34,34,204.36590558532043
-34,35,257.1879195783017
-34,36,170.0187360723761
-34,37,191.82965639913272
-34,38,144.66804233324558
-34,39,214.53811200033522
-34,40,244.15298717257463
-34,41,179.32489374119845
-34,42,219.8510488466676
-33,42,206.19871933718014
-33,43,163.67162468192294
-33,44,276.13320677243394
-33,45,190.78184290364896
-33,46,193.45799226643413
-33,47,165.1122879820881
-33,48,408.26970101409404
-33,49,226.08624284401452
-33,48,499.989333687397
-33,47,232.32579532891418
-33,48,178.7190588407453
-32,48,178.80730077377643
-32,49,151.29320775431165
-32,50,133.07535644843088
-32,51,146.46030738979601
-32,52,158.50306973111782
-32,53,153.32614676329734
-32,54,274.18027337131576
-32,55,129.28074343965645
-32,56,143.03948729135817
-32,57,144.7994924281294
-32,58,219.78006781513864
-32,57,214.21584878389444
-32,58,145.80460438704904
-33,58,284.4024907321706
-33,59,226.64449703655868
-33,60,199.42777271506463
-33,61,345.86882855859545
-32,61,212.32364370095843
-32,60,233.33036520370598
-31,60,182.36105642783338
-31,61,138.3706670913176
-30,61,155.3438829149167
-29,61,130.26744258772555
-29,62,122.9523416682304
-29,63,105.92065973051109
-29,64,197.92594087069585
-28,64,207.39656431915023
-28,65,192.4844115551987
-28,66,240.63097773176165
-28,67,190.0453383843086
-27,67,210.50919101058787
-27,68,151.1910641040198
-26,68,177.4040788739485
-26,69,145.89410292294502
-26,70,153.65101440167797
-26,71,147.58305668790487
-26,72,190.64400763347646
-26,73,178.4721995617022
-25,73,148.12478646081206
-24,73,145.89410292294502
-24,74,187.1187815648958
-23,74,199.0522677280559
-23,75,148.16964870313063
-23,76,160.83152496482262
-23,75,147.32459005411454
-23,74,184.2429780365194
-23,75,225.1641349507517
-23,76,373.78357617123055
-22,76,170.20978674343584
-22,75,319.9973781216632
-22,76,145.89410292294502
-22,77,284.137067445482
-22,78,158.14665089316395
-22,77,302.3741540703934
-22,76,239.89793651067436
-22,77,197.1745905994997
-22,78,150.44915195411102
-21,78,184.91490479574605
-21,79,161.60537217620345
-21,80,181.01462360640573
-21,81,224.01497238683444
-21,82,168.25602504412856
-21,83,278.190707523685
-21,84,251.92778122296886
-21,85,160.4923165266487
-21,86,190.1712509755404
-21,87,163.10910881437647
-21,88,177.81417399848183
-21,89,187.54690101229068
-21,90,154.97306271391508
-21,91,245.09829527617055
-21,92,268.4638037648438
-21,91,170.20978674343584
-21,90,172.80483446471297
-21,91,187.87605629877442
-21,92,219.7473357589998
-21,93,145.89410292294502
-21,94,187.4088701440769
-21,93,196.41908938181473
-21,94,124.97537518889916
-21,95,229.88832806269957
-21,94,334.0300538079251
-21,95,239.82273662204662
-21,94,194.5254705639267
-21,93,166.6338335851989
-21,92,128.6652199718581
-21,93,116.00431724694992
-20,93,131.85012610979848
-20,94,97.26273528196334
-20,95,134.19829965465982
-20,96,204.3395992812461
-20,97,145.80460438704904
-20,98,184.38789567145383
-20,97,185.40815222326046
-20,98,297.1468920372484
-20,97,170.20978674343584
-20,98,179.59358313370302
-20,99,183.56720896662404
-20,100,145.80460438704904
-20,99,170.20978674343584
-20,100,124.81611494360982
-20,99,128.09056807202856
-20,98,115.44663664385266
-20,97,144.72224219834357
-20,98,108.6827331255249
-20,97,189.75294611675798
-20,96,203.42213885942786
-20,95,170.20978674343584
-20,94,194.70486960661736
-20,93,379.8022591073465
-19,93,178.25795966848867
-19,92,180.3073772696626
-19,91,175.11366252373875
-19,90,201.10051530838206
-19,89,223.8337952807354
-18,89,171.84531866705387
-18,90,225.7832702515547
-18,89,213.53364194605638
-18,90,228.2367375168834
-18,89,325.6682575256368
-18,88,155.89712107451925
-18,87,289.1135402713756
-17,87,251.33778386357648
-17,86,166.08977886497237
-17,85,192.55809977732162
-16,85,221.8236895853663
-16,84,165.34753869386856
-16,83,121.57841910245418
-16,82,218.358757880745
-15,82,136.10327292413137
-15,81,207.553464674785
-15,80,221.66669306647492
-16,80,255.7710485918906
-16,79,200.6945626922468
-16,78,170.20978674343584
-16,77,224.44625951361928
-16,78,209.034222116729
-16,77,151.40167187093934
-16,76,159.35306029997423
-16,77,178.85745823584273
-16,76,186.6350421728191
-15,76,279.4214667329319
-15,75,288.31736737771035
-15,74,286.88534157488664
-14,74,383.2300161401414
-14,73,208.60488834178955
-14,72,198.7043483898442
-14,71,221.03231829136695
-14,70,262.66528383310634
-14,71,243.5810738582237
-14,70,146.97366817093703
-14,69,175.0953876270687
-14,70,273.9163672291618
-14,69,164.17761729896904
-14,68,182.563306178062
-14,67,184.94347489179447
-13,67,135.61759226882364
-13,66,121.06978480774126
-13,65,113.4405064101356
-13,64,134.82426267963672
-13,65,112.10671860646
-13,64,153.3804043789696
-13,63,139.9329511355124
-12,63,184.99372070965518
-12,62,171.11185208008277
-11,62,216.23141859120636
-11,61,334.1879874075842
-11,60,277.6254671409258
-10,60,237.20018462724204
-10,59,170.20978674343584
-10,58,207.42014291146597
-10,57,294.438266422883
-9,57,284.58764860124603
-9,56,195.79218419670912
-8,56,339.17823480916707
-8,57,221.15346546270592
-8,56,185.66539291673004
-8,55,167.33084003437224
-8,54,162.2167247304985
-7,54,165.5210359307121
-7,53,248.20199735275713
-7,54,206.46466823781833
-7,53,178.3824161041158
-7,54,146.41686347105917
-7,53,147.47715855915897
-7,54,167.35297510255242
-6,54,234.75936286080628
-6,55,173.750805301105
-6,54,324.2835709428441
-6,53,360.92746022922773
-6,52,158.74664143839237
-6,53,167.24744371430143
-6,52,157.46945703279198
-6,51,173.63840232661914
-6,50,171.23428656096465
-6,49,297.25213096541955
-6,48,210.3946753726281
-6,47,259.4751761602188
-6,46,226.77238518171052
-6,45,412.0666958805433
-6,44,335.0511932627922
-6,43,242.42973547497076
-7,43,276.3795268955086
-7,42,418.193150467587
-7,43,264.2818741240981
-6,43,261.72906807728407
-6,44,377.25774528373296
-6,45,314.2756048427301
-6,44,285.6392897072312
-5,44,386.35190834271316
-5,43,185.6048097445203
-5,42,198.61222385013247
-5,41,297.80947306083925
-4,41,180.2605548756331
-4,40,185.27587282626004
-4,39,157.40569354493078
-3,39,190.69024934390433
-2,39,235.605411382825
-2,38,219.61075974899987
-3,38,189.96676503610087
-3,39,164.95961135998397
-2,39,104.1461459907493
-2,38,181.01190451516658
-3,38,271.4333496459091
-2,38,180.3307223735859
-2,39,145.80460438704904
-2,38,293.56101368906195
-2,39,145.80460438704904
-2,40,222.66995050025218
-2,41,227.9461165810444
-2,40,468.970582832582
-2,39,318.7510085334843
-2,38,262.7387229048589
-2,37,217.66705850889105
-2,36,321.44359943191876
-2,35,198.5767631102438
-2,34,253.03940242919305
-2,33,231.1272099355453
-1,33,238.22377393707825
0,33,209.44048958482475
0,32,319.6382847023761
0,31,164.45241702209063
0,30,178.61921226875774
0,29,169.19476321547234
0,28,175.6837679492055
0,27,198.51908752495441
0,26,346.16740828700847
0,27,386.5190721409464
0,26,171.0380532706933
0,25,305.83898177794265
0,24,183.32232398004203
0,23,235.31380803135735
0,22,160.83152496482262
0,21,192.27953573046858
0,20,156.28307502870882
-1,20,201.14215420790447
-1,21,251.70724433714165
0,21,273.56085443400224
0,20,202.23930503515103
0,19,213.03108783971135
1,19,220.7206024528129
1,18,180.95274869932865
1,19,250.29545664911436
2,19,239.5076858410821
2,18,175.28603690744427
1,18,249.83347679385184
0,18,260.2210317539932
0,17,220.62534700785895
1,17,259.4412895602321
1,16,249.70870680197578
1,15,163.75207865573844
2,15,256.40659615052624
3,15,184.38938433117056
3,14,285.2236386165048
3,13,224.41411138667627
2,13,169.08418546124267
2,12,166.97588647732843
3,12,309.0728068608439
4,12,295.1556260884004
5,12,197.3015616813694
6,12,279.82211395425475
7,12,247.88413826275018
7,11,281.2109766612254
7,10,296.90897546430244
8,10,307.8638084251712
8,9,314.1394250177387
7,9,268.9133512156652
8,9,228.3739770886986
8,8,286.9462803558277
9,8,263.31234324565895
10,8,242.19961238531045
11,8,234.52308805502724
12,8,245.07826422723153
12,7,182.8047836478224
13,7,450.9081553625992
14,7,165.33836403466796
15,7,199.7502085093168
16,7,158.57405917458797
16,6,192.8597117009373
16,5,180.751660904391
17,5,231.15325685290424
17,4,265.1424031970475
18,4,326.33283900365416
18,3,328.6017696490243
19,3,282.5878192732857
19,2,393.3883911866427
20,2,249.1205810338975
20,1,319.0319575269643
20,0,294.34189785975155
21,0,263.3642162837525
21,-1,146.11084468303056
22,-1,181.64358074457397
23,-1,184.59498787082188
23,-2,163.7909564038425
23,-3,182.87054588326237
23,-2,189.13365956724977
23,-3,207.57429325485535
23,-4,218.61358345787198
23,-3,188.44934492740964
23,-2,224.6899184107119
23,-3,246.21287021228164
23,-2,223.09795450397735
24,-2,244.48586020184894
23,-2,232.98185576680578
23,-3,190.79211076737207
24,-3,279.7125019142193
25,-3,520.4204588543231
25,-4,294.3000422981883
24,-4,291.04008345865805
24,-5,370.89183033484585
25,-5,236.51481677551894
26,-5,169.59766322031234
27,-5,134.97585040400662
28,-5,196.680495458165
28,-6,121.65206883683216
29,-6,113.2352062758064
29,-7,207.68625204458613
30,-7,157.4868541332204
30,-8,99.40324833857127
31,-8,182.41498740159406
30,-8,301.8492663748611
30,-9,297.4599922772779
30,-8,428.6812317370863
31,-8,287.63168692558924
32,-8,451.6886397548054
32,-9,315.34337808099707
33,-9,296.18986453375555
34,-9,265.8643194926751
33,-9,184.19391355786277
33,-10,393.92782900932355
32,-10,224.76716673178464
32,-9,299.4693562458487
33,-9,216.94547075370332
33,-10,273.56664530942834
33,-11,265.7540294767631
33,-12,207.46930445593222
34,-12,238.5115230914957
34,-11,345.8626873047926
34,-12,265.8876162696857
35,-12,269.1945701994655
35,-13,143.28031718855584
35,-14,145.8309931912193
36,-14,148.6521252538867
36,-15,104.19092332511488
36,-16,183.26239606029873
36,-17,351.6745647976999
36,-18,268.33156594246634
36,-19,230.76477204770526
36,-20,294.4712229055908
36,-21,273.8964481757385
36,-22,215.41795276798388
36,-23,192.12432601885422
37,-23,187.9918935930097
37,-22,204.54988534182692
38,-22,203.82145890160353
38,-23,233.40209823831302
38,-24,136.90950135565595
38,-25,138.28735398402193
39,-25,150.05149594462156
40,-25,166.57879673107377
40,-26,161.1790052018566
40,-25,259.24038505492274
41,-25,179.8990088757908
42,-25,344.0481849903429
42,-26,177.33167549445346
42,-27,245.42487916996654
42,-28,201.38220235400297
43,-28,244.27965288277426
42,-28,208.7005821070347
42,-29,400.68201011950737
43,-29,165.9083565357737
44,-29,148.33346631023431
44,-30,235.2076565969511
45,-30,121.57841910245418
46,-30,195.95787863816008
46,-29,249.80356879078388
47,-29,271.66832487263844
47,-28,302.4630092794581
47,-27,304.0814806132598
47,-26,463.24738687736226
48,-26,280.1218843285342
48,-27,241.18491661361108
49,-27,370.7878624734324
49,-26,238.86828741284967
49,-27,281.0889392748881
49,-28,146.2854950624394
50,-28,195.84363079701768
50,-27,128.53574541889793
49,-27,114.5062367926895
50,-27,146.72586492414283
49,-27,176.6193675052257
50,-27,306.7419662527808
51,-27,148.51834374783405
52,-27,138.84228067075077
52,-28,169.665930332223
52,-29,172.85851997835098
53,-29,169.80688584354255
54,-29,128.6799196238797
55,-29,168.7289264694581
56,-29,170.52799967409084
56,-30,458.41081748467394
56,-29,256.14652467060944
56,-28,292.0290177293953
56,-29,486.65931852346205
56,-30,194.5254705639267
56,-31,222.89174923775073
56,-32,273.2708360476203
56,-33,139.54249646337212
57,-33,250.39018165051624
57,-32,154.95367080985372
57,-33,158.48222134990738
57,-34,192.56387377761382
57,-35,157.5865909273808
57,-36,210.9570350050155
56,-36,234.46875279916694
56,-37,240.34769481255412
56,-38,270.06590110072636
56,-37,384.63756959142984
55,-37,303.9004531815711
54,-37,333.5218021236098
55,-37,258.5129055147086
56,-37,223.62429554759265
56,-38,281.7428334632288
57,-38,325.6996793099722
57,-39,252.1801497648832
58,-39,141.345660912511
59,-39,123.52611644088866
60,-39,300.04157343261215
60,-38,157.39173483223948
60,-39,158.45514673200006
60,-40,138.35754717599795
60,-41,152.84277616128688
60,-40,186.16783617358908
60,-41,121.57841910245418
60,-42,194.25957490843248
60,-41,231.37183978838812
60,-42,365.90202504770104
60,-43,215.29432258308296
60,-44,170.20978674343584
60,-45,239.16615889681333
60,-46,124.10965782243753
60,-47,139.25820244373594
60,-48,149.1035307504283
60,-49,114.67795828341687
60,-50,126.75259255412846
60,-51,169.25592074525065
60,-52,148.29127316280244
60,-51,436.1473213533353
60,-52,284.10069158887677
60,-53,304.41717408800736
60,-54,197.7441506746377
60,-55,154.83236440999195
60,-54,178.2216358920548
60,-55,153.11605367697484
60,-56,303.8372411657207
60,-57,315.4149724302113
60,-58,243.43579744200224
60,-59,421.18157484592234
60,-60,214.00471120247022
60,-59,243.4431015015964
60,-58,194.5254705639267
60,-59,231.0192157370397
60,-58,274.8408551518833
60,-57,194.5254705639267
60,-58,227.459003493139
60,-59,161.12379420839568
60,-60,165.7303275926638
60,-61,245.17266731160078
60,-62,168.62083132035355
60,-63,206.56479969570853
60,-64,190.35154923039138
60,-65,176.4306813695627
60,-66,157.1970451437179
60,-67,145.89410292294502
60,-66,193.54267736714903
60,-67,170.20978674343584
60,-68,288.2476254581822
60,-69,177.20276247352024
60,-70,225.1641349507517
60,-71,240.16670055818423
60,-72,166.29971177720552
60,-71,128.34871457441506
60,-72,152.17418414010692
60,-73,121.57841910245418
60,-74,137.31278110273144
60,-75,124.51324185478455
60,-76,225.91674636763037
60,-77,124.17083678369664
60,-78,205.00325141672
60,-79,122.80572677915947
60,-80,119.13403848076207
60,-79,209.10651467713353
60,-80,97.26273528196334
60,-81,110.51878570102095
60,-82,173.72976192657728
60,-83,148.16909245147417
60,-82,121.57841910245418
60,-83,164.79643519546335
60,-84,128.72267539643138
60,-85,168.03215485978967
60,-84,145.89410292294502
60,-85,163.81115904990992
60,-86,173.84500762847506
60,-87,168.04637573016075
60,-88,195.37894281989688
60,-89,225.31634526311242
60,-90,206.75300078639347
60,-91,323.41106286713404
60,-92,203.53022889398886
60,-93,145.80460438704904
60,-94,137.06799830155146
60,-95,104.00648919100566
60,-96,192.54121864243768
60,-97,128.6652199718581
60,-98,165.7472062141892
60,-99,131.71500555116017
60,-100,97.26273528196334
60,-99,106.39909553109452
59,-99,128.6652199718581
59,-100,99.25397042353772
58,-100,182.56677114266228
57,-100,210.24719218662875
57,-99,171.43400150412145
57,-98,196.70551771825887
56,-98,185.85990799306666
56,-97,163.51867751375107
56,-96,271.29227781276956
55,-96,181.9913192516011
55,-95,172.81297412702878
54,-95,275.0341913625962
54,-94,163.98846934494867
54,-93,204.8175626099906
55,-93,171.46296498650983
55,-92,155.65087225188867
54,-92,172.07540076034917
54,-91,188.98114278282011
53,-91,160.83152496482262
53,-92,104.1461459907493
52,-92,210.24158396446896
52,-91,160.83152496482262
52,-90,143.3741759005874
52,-89,123.63925513811913
52,-88,107.3900255137056
52,-87,179.5415193434932
52,-86,83.31691679259944
52,-85,97.26273528196334
51,-85,97.26273528196334
52,-85,99.1326274585845
52,-84,97.26273528196334
52,-83,97.26273528196334
52,-82,170.4280487908479
52,-81,333.95497898091037
52,-80,238.6638629208465
53,-80,208.42335351211665
53,-79,221.13512270682983
53,-78,197.27680064157516
53,-77,145.89410292294502
53,-78,145.89410292294502
54,-78,145.89410292294502
53,-78,149.17430513020435
53,-77,195.32054322371965
53,-78,199.90806983610287
54,-78,158.40165231709864
54,-79,147.8245381268377
53,-79,156.40511759036178
53,-78,124.29189511514885
53,-77,199.43617638257726
53,-76,103.98885480797975
53,-75,118.51517698069819
52,-75,97.26273528196334
51,-75,165.2770964481618
51,-74,169.67453198170304
51,-73,153.50990395330774
51,-72,172.26462288972883
51,-71,161.7877871952155
51,-70,133.48820382119163
51,-69,208.5209548826725
52,-69,135.4914304391124
51,-69,141.33355250021947
51,-68,189.49050557200457
51,-67,185.02405615692342
51,-66,297.87399149599423
51,-67,202.5164933588425
51,-66,288.35845287819814
51,-67,253.03759053181204
51,-68,166.69117092982054
51,-67,169.943255029165
51,-66,140.01091976083183
50,-66,132.59714427917243
50,-65,133.7405309764262
50,-64,180.01238060223426
50,-63,201.08079905405924
50,-62,155.5780297108603
50,-61,248.75919695306146
50,-60,181.4891472577463
51,-60,149.56617202370495
51,-59,145.12433057638015
51,-58,133.99225137028066
50,-58,148.75961193475098
50,-57,165.15882394983782
50,-56,203.18693566186172
49,-56,309.9386013161483
48,-56,245.55775328687858
47,-56,260.6458597107253
47,-57,206.06702083652397
47,-56,364.8937300594085
47,-57,251.17963669316816
47,-56,228.60906548394732
47,-57,283.54409463027287
47,-56,241.40997639087928
46,-56,241.2515345147085
45,-56,238.22838932484441
44,-56,145.89410292294502
44,-55,191.31476288902002
44,-54,278.57135278064084
44,-53,144.84012282027925
43,-53,139.79170563196686
43,-52,126.11969851201621
43,-51,124.97147585143654
43,-50,138.28341950691328
42,-50,186.39568048203574
42,-49,213.3655486191223
42,-48,221.16471138167248
41,-48,159.80966529995464
41,-47,182.41833101617323
40,-47,124.48978004229807
40,-46,184.8584750180199
39,-46,146.2532317853598
38,-46,117.01888702855724
38,-45,108.65454779965748
38,-44,223.36690053660413
38,-43,422.5686010267766
38,-42,202.23758404155575
38,-41,288.5317086124344
38,-40,303.42178698742987
39,-40,217.89431264415714
39,-39,219.8958253130998
39,-38,185.98200160059196
38,-38,231.51249808369099
38,-37,170.02857254483325
38,-36,137.2470163731432
38,-35,133.2370723134666
38,-34,191.8399397745237
38,-33,168.6730013705773
37,-33,158.4276542498458
37,-32,242.78745375334992
37,-31,232.30193800707963
38,-31,256.6007372019292
38,-30,233.63583546510426
37,-30,359.40946329988515
37,-29,180.84194631172213
37,-28,195.4187841289556
37,-27,207.26097045167
36,-27,157.05278878499428
36,-26,168.2802104529553
36,-25,427.39191276160193
35,-25,228.68302630399808
35,-24,206.02030767298692
35,-25,407.94142457289246
35,-24,222.87335649682612
34,-24,212.45293984211162
34,-23,285.53827310675547
34,-22,196.71325818969768
34,-21,234.92412879051312
33,-21,241.07758120828592
33,-20,187.44311181057867
34,-20,213.13343962594575
34,-19,256.0098197186446
34,-20,258.2616732135181
34,-19,232.0179036884094
34,-18,410.8076401239313
33,-18,373.87231759402516
34,-18,173.7079349722398
34,-17,223.13150715850875
34,-16,304.03609894964114
34,-15,270.5250283913238
34,-14,270.4816782809201
34,-13,207.7731226172806
34,-14,161.50195328698643
34,-13,208.05572618864892
33,-13,381.21898053655383
33,-14,195.49491558082335
33,-13,254.13620033449578
33,-14,189.43129017032464
32,-14,311.1383866776994
32,-15,150.46549007524519
32,-16,200.39296157289482
32,-17,197.78123197538235
32,-16,186.7133794597554
31,-16,272.41450576547095
30,-16,110.83835712035707
30,-15,139.32122299367205
30,-14,176.96476665308384
30,-13,135.79569580453176
30,-12,155.98718982736818
30,-11,255.26795352391557
30,-10,271.6691891990959
31,-10,268.125043487504
31,-9,304.17866591181837
31,-10,245.53922648807784
31,-9,252.3421617263302
31,-8,255.18555171965534
31,-7,462.5872678304554
31,-6,307.4555395807941
32,-6,284.63394206259426
32,-5,205.59077014226904
32,-4,338.97935436836457
31,-4,218.60172011486904
31,-3,252.0059375156203
32,-3,191.22396247503167
32,-2,149.5368361869483
31,-2,170.66054385201394
31,-1,216.77938201045953
31,0,198.9718269388769
31,1,214.77624331982045
31,2,257.5689515382041
30,2,265.3269764487287
30,3,335.18689549404536
30,4,372.4003768417022
30,5,206.17339870327214
30,4,189.25409337794193
30,5,195.8358295893427
30,6,272.9645093357692
29,6,186.62893191779682
28,6,178.43274491939115
28,7,140.35332833206616
27,7,139.16662424341123
27,8,116.15878457758723
27,9,142.60016555056242
26,9,219.79389614036356
25,9,283.30484275961146
25,10,326.6143121217789
25,9,245.08202156437721
24,9,212.59183738462343
24,8,199.46608416351552
24,9,205.70877569304304
24,10,267.1308266795303
24,11,240.49048379002699
24,12,208.74351006534988
25,12,197.597181991865
24,12,436.36211736137705
24,13,241.69640588977882
23,13,267.3475563909737
23,14,279.45867825059725
22,14,255.58503744210748
22,13,383.8140166882501
21,13,365.50061214423664
21,14,294.28367825955405
21,13,284.995632163877
21,14,362.7010336569697
21,15,149.23116085028585
20,15,138.37894552678006
20,16,234.9219426559608
19,16,152.54791792630223
19,17,228.24559916467422
18,17,306.346432235873
18,18,199.03106854846817
18,19,173.5299159274793
18,20,156.4660083333781
18,21,207.2633738120214
19,21,240.78325382260846
19,22,244.25839384631118
18,22,247.32240312403292
17,22,166.5009880599531
16,22,169.39222927185818
15,22,314.72585119731144
16,22,245.6603353755858
16,23,334.0188721125073
15,23,191.9047611947991
15,24,273.50476239314725
15,23,274.2897036940801
15,24,381.2798579637744
15,25,407.2724364285357
14,25,268.25422257935713
14,26,336.67310678018305
14,27,167.1674620246397
14,28,159.9277705274803
14,27,195.79610630548214
13,27,137.3151121254615
13,28,185.6135789584005
12,28,173.14821720065845
12,27,394.8343484092935
12,26,186.73381296021006
12,27,289.07966672911016
11,27,156.34988420686358
11,28,252.0113912999091
11,29,239.6958338891205
11,30,400.10175547347296
10,30,228.18125189741323
10,31,325.4541882345035
9,31,187.4425416349833
8,31,209.70154546036335
7,31,249.09501294930345
7,32,215.6297266548674
7,33,394.0614138808235
7,34,244.80049391991986
6,34,215.4753160240747
6,35,162.02217797577742
6,36,171.8853248075585
6,35,194.10848375299906
5,35,166.72554612776733
5,36,180.73490262751648
4,36,186.83756947813575
4,37,163.7427432101366
4,38,189.75868264791373
4,39,515.8582523798357
4,38,401.73211689591625
4,39,325.85760431319295
4,40,291.3522300308827
4,41,194.5254705639267
4,42,356.834477616718
3,42,358.65228341846785
3,43,212.20556105026003
2,43,294.4856716679636
3,43,255.3255413472143
3,44,257.4978153789538
3,43,224.19540687442208
3,44,340.3493313231635
2,44,357.72738491411656
2,45,330.4870084908396
2,46,268.8054788184876
1,46,303.80515980392016
1,47,225.38268214957384
1,48,189.8006889984929
1,49,313.9836594979217
1,50,296.4814620018454
1,51,288.9631975911093
1,52,414.02118181615845
1,53,271.7224294056054
0,53,228.48748835644352
0,54,97.26273528196334
0,55,128.8287254252435
0,56,147.08392673722182
0,57,148.1306753632002
0,56,138.1761744348101
0,57,184.96002918452402
0,58,197.77566633964543
0,59,188.41018331032038
0,60,206.02856928830272
1,60,280.22146320590764
0,60,109.57968880228712
0,59,138.9934566038882
1,59,204.04481106457067
1,58,166.85030626127858
1,57,320.5187643445788
2,57,180.15245769377754
2,56,173.92403506103497
2,57,197.61534109102513
2,56,310.90360870008396
2,55,373.94395023141817
1,55,288.7597604104959
0,55,193.9795530449118
0,54,199.44302335573008
0,53,177.72908318725314
0,52,216.11088478961864
1,52,226.36961791328312
1,51,209.52346224197777
1,50,238.02187543518968
1,49,197.88419537834977
1,48,343.5126540100906
1,49,258.58954186807705
2,49,255.32087853730272
2,50,213.13343962594575
1,50,357.3838369886327
1,49,222.00967769295193
2,49,228.7287532384111
3,49,226.51741501303508
3,50,383.3582498858285
4,50,392.55349682446973
5,50,247.09408967348597
6,50,157.30795691316777
6,49,229.2236787269896
6,48,319.0231238572186
7,48,176.79596458483513
7,47,357.985963778698
7,48,264.4076851643403
8,48,145.80460438704904
8,49,251.2579867346411
8,48,190.67606210803137
8,47,241.51602318193642
9,47,181.4766058338772
9,46,271.3501486005741
10,46,221.44251436493482
11,46,165.9598248186451
12,46,211.77429653382575
12,45,423.2100670634753
13,45,220.93372082416556
13,44,315.8244300354347
13,43,249.76295545153877
13,44,214.48970641998795
13,43,128.05281550598903
13,44,137.53927348496552
14,44,113.0491236056263
14,43,116.25679162874742
15,43,186.99408817057034
