40,-99,250.0875319070126
40,-98,281.506059118819
40,-97,236.77163517041305
40,-96,446.00694610021986
40,-95,414.35036154822285
41,-95,457.68333269961784
41,-94,347.50795683862043
41,-93,584.1543155641286
41,-92,297.1788506383
41,-91,301.476684177468
41,-90,858.5929794567203
41,-89,657.1102848682673
41,-88,746.1675877511545
41,-89,423.0660115511892
41,-88,636.786056469745
42,-88,414.35036154822285
42,-87,498.9177855140923
42,-86,745.1085688240898
42,-87,185.62146252819792
42,-86,243.5205452222516
42,-85,78.91060610709769
43,-85,445.9163853152294
43,-84,304.1528338367636
43,-83,348.62563431077825
43,-82,295.9645439630163
44,-82,816.2423668036023
44,-81,473.5432703408261
44,-80,631.3791683382454
45,-80,329.6485434006845
46,-80,636.8388729668595
46,-79,370.00729093095975
46,-78,520.1434031762406
46,-77,667.4208983730945
46,-76,336.1084159848864
46,-75,468.1411747938794
46,-74,385.7694003235461
46,-73,355.1574527556196
46,-72,502.5839115619874
46,-71,389.8062514178216
46,-70,532.4673274549305
46,-69,496.5792776211144
46,-68,555.2526572645497
46,-67,552.4567722959648
46,-66,597.4478980857186
46,-65,313.9363738628292
46,-64,312.06066176662654
46,-65,563.1274065409907
46,-64,358.54157659764314
46,-63,871.2747386517428
46,-62,428.47981078992945
46,-61,761.6148823573402
46,-60,657.6591179113692
46,-59,917.7761216122934
46,-58,407.83581523550964
46,-57,305.7178151038089
46,-56,522.209871973288
46,-55,431.0304917743232
46,-54,747.3941611361633
46,-53,330.95294101270554
46,-54,355.1574527556196
46,-53,412.4668558448986
46,-52,662.5790385019727
46,-51,418.12181365411686
46,-50,295.9645439630163
46,-49,318.5899945718267
46,-50,609.2523611448737
46,-49,461.16750739731873
46,-48,637.4793499791405
45,-48,666.7217944211554
46,-48,355.1574527556196
46,-47,620.8418880393197
45,-47,658.1380738214848
45,-48,385.9626434501513
45,-47,629.6798375771606
45,-48,409.5181790276897
45,-47,454.4568667450908
45,-46,474.55560366320157
45,-45,613.7120812505223
45,-44,429.5970540058066
45,-43,687.6816302819983
46,-43,405.45345309237644
46,-42,547.738081351106
46,-41,370.76420751273287
46,-40,490.40789320214424
46,-39,762.0580051297737
46,-40,87.97905167658294
46,-41,566.7386291014687
46,-40,436.27147462151936
46,-39,708.819611415748
46,-40,463.4663846072014
46,-39,753.2085795355035
46,-38,798.6226990298944
46,-39,383.58613988552247
46,-38,448.0128368307479
46,-37,391.858197765649
46,-36,912.8730413993371
46,-35,763.627840142996
46,-34,825.1182704600886
46,-33,621.0343067234472
46,-32,753.8742046871747
46,-31,724.1787028927585
46,-30,909.6555685710939
47,-30,786.6249051201571
47,-29,479.03262845213465
47,-28,604.9109225857594
47,-27,376.8862715865507
47,-26,323.3734137816682
47,-25,369.2924327458198
47,-24,714.134512949787
47,-23,594.534794886957
47,-24,344.5897717737164
48,-24,392.28488943937265
48,-23,685.7512318399093
48,-22,851.4895798941438
48,-21,657.2863254326288
48,-20,679.4683370136652
48,-19,806.7222226922106
48,-18,632.2129552402218
48,-17,707.6898193281536
48,-16,380.3430482487006
48,-15,293.1467156263163
48,-14,269.49809880405223
48,-13,400.97097001781185
48,-12,521.4540075934544
48,-11,436.1435154704802
48,-10,533.245355664551
48,-9,559.607312356935
48,-8,781.741569370726
49,-8,661.1018609572219
49,-7,758.658464714711
49,-8,762.5741535906623
49,-9,670.8588161607436
49,-8,537.638359632055
49,-7,560.0363089500581
49,-6,83.29335300281237
49,-5,695.4610258418741
49,-6,437.4803001641585
49,-7,788.7791198588321
49,-6,395.3189954808896
49,-7,596.4926799658055
49,-6,447.0180685067563
50,-6,473.5432703408261
50,-5,901.560614374158
50,-4,1030.624211582106
50,-5,488.0402482846587
50,-4,503.93204834820125
50,-3,679.4683370136652
50,-4,545.7749577781598
50,-3,679.3111582780398
50,-2,369.40629818582454
50,-1,414.0809377478864
50,0,573.7390792523692
50,-1,350.7805064816052
50,0,210.6370175711618
50,1,587.7206221061947
50,2,505.252382128995
50,3,1136.1181549232565
50,4,777.4086507813123
50,3,524.8890722313246
50,2,534.0535024857983
51,2,848.9021303015267
51,3,504.80947184755075
51,4,919.1219594112788
51,5,335.191023387334
51,6,374.81663917367246
50,6,424.2743627418008
50,7,94.69272732851722
50,8,94.69272732851722
50,9,618.5723935603694
51,9,752.9377042893288
51,10,619.8299659301871
51,9,748.7861972021436
51,10,663.1855647386486
52,10,739.6502730378323
52,11,437.3487869823737
52,10,448.0248760046884
52,11,947.0617647638315
52,12,562.9939816382417
52,13,583.3622119149868
52,12,654.835253850342
52,13,404.58544568257025
52,14,396.1226198628368
52,15,625.6234008658116
52,14,571.8117988120815
52,13,1013.6101106986732
52,14,931.4831694163809
52,13,660.6597604030541
52,14,494.79571167644445
52,13,574.9759577776086
52,14,701.237215057012
52,15,597.1425211929387
52,16,401.3004991061217
52,17,496.62601495773674
52,18,933.9892706039835
52,17,479.8436083102597
52,18,909.4531349196143
53,18,414.35036154822285
53,19,899.2738486574614
53,20,368.83994089399613
53,21,389.83856140292875
54,21,327.9167630828433
54,22,665.7257979445328
54,23,360.6346332908044
54,24,813.8959206242604
54,25,538.72176430989
54,26,473.8870893087891
54,27,551.1868097299481
54,28,441.66942864119596
55,28,391.69056522489683
55,29,248.5386189738603
56,29,298.12318261726796
56,30,63.12848488567815
56,31,382.558954251515
56,32,491.66325280633964
56,33,532.4175539491741
56,34,761.8155370139125
56,35,637.5925534260788
56,36,640.7137230798095
56,37,873.1530149149427
56,38,540.7556918170314
56,39,513.3451682041132
56,38,466.63517438646977
56,39,511.0196341459724
56,40,287.9197935319277
56,41,236.77163517041305
56,42,473.5602757287759
56,43,679.7885908936757
57,43,682.6764698699732
57,44,722.1408903144946
57,45,538.1201153317386
57,46,125.9724212508342
57,47,167.97107897232317
57,48,402.5468307179295
57,49,411.8108566976531
57,50,523.2676424514528
57,51,503.0859408683418
57,52,604.5200274079289
58,52,681.0147407719409
59,52,504.1903890292661
59,53,445.1429828503735
59,54,780.2478509663114
59,53,637.8143386880681
59,52,863.3748528015708
59,51,204.2246081243669
60,51,876.2134313604718
60,52,339.7341685068326
60,53,398.8519771661464
60,54,308.9477303986716
60,55,648.9327674643329
60,56,415.3244231711099
60,55,394.6119802114034
60,56,477.06027081842046
60,57,534.3721736131473
60,58,832.9077341836615
60,59,798.4579163692925
60,60,562.6398449535226
60,61,343.695611686693
60,62,315.847700403553
60,63,599.0257540700148
60,62,388.62621486517605
60,63,628.9753671301071
60,64,678.5520697366148
60,65,576.0351747249354
60,66,1017.777266467632
60,67,512.8750431918027
60,68,278.90747182441805
60,67,355.4046464204307
60,68,309.9734808465528
60,69,328.870146072519
60,70,370.9761675983017
60,71,727.8390054814146
60,70,704.8270102843079
60,71,418.4481038879509
60,72,258.27615929779546
60,73,236.77163517041305
60,74,94.69272732851722
60,75,509.6012527602489
60,74,387.48607376025177
60,75,394.6119802114034
60,74,411.7716839972728
60,75,679.4683370136652
60,76,756.9993077653055
60,77,702.359122109348
60,78,826.0006742726911
60,79,183.968574686399
60,80,381.15634812606174
60,79,473.53437625368406
60,78,600.6849708521761
60,77,653.0004887835933
59,77,473.53437625368406
59,76,760.7532488901397
59,77,594.534794886957
59,76,584.870410250151
59,75,175.95745447535808
59,74,370.3407842577885
59,73,513.1826088764795
59,72,482.37157533615397
59,71,322.6565268875678
59,70,332.4048809674549
58,70,264.0068433747117
58,69,323.2858938730011
58,68,298.76081949504334
58,67,457.13481529953776
58,66,840.3348078952556
57,66,94.69272732851722
57,65,462.4060716400306
56,65,794.6952224440274
56,64,514.0947027080996
56,63,257.1499032992859
55,63,261.3941620650908
55,62,269.7504884597777
54,62,258.53139184066833
53,62,315.6895841691227
53,61,605.5758348271246
52,61,631.5015884587713
51,61,592.4794527218385
50,61,370.0228135916751
50,60,368.9200313643639
50,59,495.0287945696566
50,58,479.6163179933444
50,57,352.8323414726772
50,56,482.56264198793156
50,55,482.03119075736055
50,56,311.72222094781176
49,56,378.83409191514136
48,56,263.8480106153275
47,56,306.99840509717865
47,55,407.70779513310055
47,54,681.2630830180425
47,53,807.2450468113133
46,53,799.4276534545163
46,52,418.7880066631152
46,51,705.9817900161556
46,50,419.19367242555313
46,49,580.2249159122664
45,49,339.7341685068326
45,50,374.60458541452124
44,50,407.97379672074555
44,49,635.4413590335163
44,50,469.38670991625224
44,49,617.3628604767949
44,48,246.63255430530228
43,48,521.0371136994409
43,49,594.534794886957
43,48,436.96746604032217
43,49,621.005996756932
43,48,368.8139088577864
43,49,281.79516536554763
43,48,703.4240593398488
43,47,373.3163912602115
43,46,297.19131549828853
43,45,134.32749679603222
42,45,370.8315524697088
42,44,490.5709930576112
42,45,740.7978470203469
41,45,587.0585578746651
41,46,772.846932687823
41,47,530.0060372024618
40,47,788.5750154504522
40,46,694.265714553612
40,45,368.70892483869164
39,45,483.02779636020256
39,46,290.34317749013616
38,46,570.3114245976022
38,45,988.4300218521455
38,44,287.804514012253
37,44,90.99077737366116
37,43,302.9769443085407
36,43,837.4714567834158
37,43,552.4567722959648
37,42,537.8460761499905
37,41,394.7234835893352
37,40,508.81783469532354
37,39,431.3284197192135
36,39,322.0174256560682
36,40,618.2548111825361
36,41,680.8626593758169
36,40,656.5699814944863
36,39,526.7629755075259
36,38,622.2220156662601
35,38,552.4567722959648
35,37,855.6282862675707
34,37,767.5381899638901
34,36,769.9604738345226
34,35,461.1772156303299
34,34,504.6215050891228
34,35,577.5760603228352
33,35,491.1586695943618
33,34,540.8920828952606
32,34,750.8687798660793
32,33,392.3689734091814
31,33,445.06630422205376
31,32,596.385986450856
32,32,686.5310437305434
32,33,420.5327020541118
32,32,382.702073557162
31,32,553.6011275141066
31,33,259.54853274637173
31,32,290.83681098886706
31,31,517.0677134541072
30,31,464.49409681849716
30,32,502.46744781384484
29,32,625.4776950827342
29,31,817.5956688554934
30,31,600.7922370546617
29,31,320.76145747886414
29,30,715.9016540512641
30,30,521.1486419903928
30,31,292.5144126232794
29,31,484.81333450618865
28,31,565.2176487704421
27,31,631.3791683382454
27,30,588.2156874342248
27,29,395.57679436378527
27,28,588.8777803514423
28,28,455.0857512526717
28,29,359.9443761512606
27,29,453.8030999259051
27,30,672.4000690959447
26,30,421.799136411356
26,31,428.1735978977787
26,30,745.3934226117965
26,29,411.25262748523096
25,29,582.1568970998792
25,28,732.6518465552473
24,28,504.9747250613996
23,28,422.3257160386075
23,27,651.9980970119454
23,26,317.15071597889715
23,25,319.1016174536775
23,24,425.3516755258465
22,24,535.4336424790524
22,23,401.09701318745755
22,22,673.433040830362
22,23,378.30453371695774
21,23,503.32086609142294
21,24,762.8259292833285
21,23,811.9156718715657
21,22,869.3747022554962
20,22,892.655945982132
20,21,586.9219345319063
20,20,369.8148180437231
19,20,522.0861115444246
18,20,783.08064063405
18,19,511.956434066837
18,20,557.4130921299675
17,20,849.6033344749953
17,19,873.4227367807421
17,18,437.0258668262936
16,18,835.6391982288769
16,17,475.13602812045315
15,17,462.9076305058035
14,17,805.0601187867417
13,17,340.1043375006426
12,17,582.8680683296351
12,16,623.7544828018789
11,16,737.301887388816
11,17,515.6183492446983
10,17,527.5643816054059
10,16,838.9153972860576
10,15,654.0495420003778
10,14,752.1027726214451
9,14,510.63808132176297
9,15,925.998566565949
9,14,698.1923665265695
8,14,384.459049262656
8,13,620.2060830108262
8,12,862.1748713025063
8,11,481.25791756252625
7,11,466.60086073033364
7,10,712.4523157945334
6,10,770.9297962497207
6,9,857.944535253753
6,8,622.3195509406906
5,8,389.8194194997945
5,7,771.1460361835832
4,7,818.3923749804942
4,6,718.6743841457844
4,5,494.6384888569752
3,5,488.9254129260245
2,5,533.5461966663224
2,4,453.3763347918425
1,4,519.7512608356733
1,5,580.3666884406161
1,4,527.6243898673466
1,3,927.662288617938
0,3,581.5305646420998
1,3,558.3444461641877
1,2,473.54079683992995
0,2,841.4468530784509
-1,2,616.8145583039085
-1,1,1023.711571365263
-1,0,1065.3902670220498
-1,-1,366.48642828821943
-1,-2,687.2079842641613
-1,-1,560.3106063983457
-2,-1,1235.1210456771132
-1,-1,1148.3305724724848
-1,-2,660.973047307168
-2,-2,489.89456463629085
