60,-79,422.87706888281593
60,-80,315.6895841691227
60,-79,257.0096796318979
60,-78,414.35036154822285
60,-77,643.180344840775
60,-76,673.1939353298395
60,-77,413.55855812051107
60,-76,295.9645439630163
60,-77,479.97600274257775
60,-76,516.510553790822
60,-75,453.24776068480776
60,-74,414.35036154822285
60,-73,441.3115745382034
60,-74,592.0905339217368
60,-75,545.5653621249179
60,-74,700.0597475246881
60,-73,579.9670628727323
60,-74,122.05450779845364
60,-73,416.0670879124126
60,-74,265.37118027927363
60,-73,685.0413430207036
60,-72,528.7206083550475
60,-71,327.8842795434381
60,-70,394.6119802114034
60,-69,488.7152000157229
60,-70,690.314137559892
60,-69,556.9225182896525
60,-70,758.0865072095435
60,-69,608.3717581706129
60,-70,601.8907229337035
60,-69,430.2458376858548
60,-68,473.53437625368406
60,-69,524.5740509882605
60,-68,469.0264212961649
60,-67,295.9645439630163
60,-68,673.2425328582415
60,-67,499.03268216332435
60,-66,644.7725398520002
60,-65,509.6012527602489
60,-64,498.59715451474045
60,-63,472.99832953802826
60,-62,743.0184192280764
60,-61,247.35056963502925
60,-60,422.93537012606953
60,-59,181.76344576527313
60,-58,372.7951418149673
60,-57,516.6572291893841
60,-56,312.3450587852811
60,-55,815.7240867865788
60,-54,219.51892612551973
60,-53,154.72669976419962
60,-52,503.81729182640834
60,-51,594.534794886957
60,-50,236.77163517041305
60,-51,285.2518692563182
60,-52,866.7314927678406
60,-51,732.7289222515799
60,-50,580.3853273644561
60,-49,700.174946442464
60,-48,749.351952949166
60,-47,529.7930447741924
60,-46,568.1585677058714
60,-45,615.5097804349354
60,-44,477.6831503640489
60,-43,295.9645439630163
60,-42,514.6558439855443
60,-41,639.3738915381325
60,-40,481.1492688121795
60,-39,685.4230603717958
60,-38,355.1574527556196
60,-37,473.53437625368406
60,-36,669.1419037277986
60,-37,755.7085106733446
60,-36,604.2023061748731
60,-37,502.25113119073154
60,-36,472.65519265794927
60,-37,589.1224049299564
60,-36,612.6514207804915
60,-35,594.534794886957
60,-34,824.3824590219006
60,-33,611.2741903155627
60,-32,625.9061156675492
60,-31,741.9658179435148
60,-30,773.8694168041268
60,-29,537.1860701100098
60,-28,236.77163517041305
60,-29,466.5363343478144
60,-28,247.0128229977022
60,-27,611.7391240762321
60,-26,843.7926012279536
60,-27,510.1884634707589
60,-26,601.6801531789588
60,-25,198.8621158776598
60,-24,276.67933513039264
60,-23,444.4743238937527
60,-22,414.35036154822285
60,-21,110.47484854993675
60,-22,1001.6914800105587
60,-21,658.710101322612
60,-20,794.1877372833236
60,-19,1001.1215007393788
60,-18,836.8996570835795
60,-17,994.2010871309661
60,-16,432.5756099060569
60,-15,811.9642067529678
60,-14,302.4227827582252
60,-13,512.3947870761573
60,-14,488.0204158580077
60,-13,502.789385317598
60,-12,414.35036154822285
60,-11,682.591521042088
60,-10,765.4411256680276
60,-9,595.1459130486144
60,-8,481.50237402974506
60,-7,434.41902641319837
60,-6,646.6393890181077
60,-5,1074.728774309826
60,-4,610.429287006802
60,-5,380.122824054813
60,-4,715.5073338837537
60,-3,289.3797265789971
60,-2,470.14693899368524
60,-1,426.30482410383667
60,0,274.30919371647536
60,1,423.31849153230144
60,2,522.5139278953922
60,3,724.961627042328
60,4,454.46417893021396
60,3,603.9496301249842
60,4,785.9680818785544
60,5,531.060620214628
60,4,396.29962245781013
60,5,378.5094857116992
60,4,424.4805674624689
60,3,554.2462371014319
60,4,375.72714336127575
60,5,579.1278903282189
60,6,367.2280845222698
60,7,602.710203697338
60,6,500.27602395990004
60,7,577.7063390312155
60,8,750.7541352842235
60,9,626.785683712378
60,10,947.1330707083982
60,11,473.5432703408261
60,12,518.9706784293477
60,13,769.2643780107154
60,14,689.238696590671
60,15,485.40212106650165
60,16,405.6982394560748
60,17,295.9645439630163
60,18,166.23999684028476
60,19,414.3066087567321
60,20,366.282123709508
60,19,394.6119802114034
60,20,637.7419956815813
60,21,594.534794886957
60,22,583.3690188544671
60,23,832.2168040531548
60,22,818.8399826108259
60,23,414.35036154822285
60,22,469.4328584879937
60,21,694.7272134310001
60,22,629.6096784197921
60,23,376.8411169768057
60,24,473.53437625368406
60,25,473.53437625368406
60,26,706.1482509550261
60,27,624.4228176197958
60,28,574.3248391453968
60,29,887.919768421378
60,30,526.7556512008324
60,29,529.8061233867478
60,30,451.9022925455396
60,31,678.2273687697307
60,32,581.0106819797135
60,31,854.6897714759398
60,30,533.8892112675339
60,31,486.12999352411356
60,32,475.949215970875
60,33,157.37458622103472
60,34,424.66771063354076
60,35,206.35488812356692
60,36,724.0811696842879
60,35,403.6707278185231
60,36,732.9208146481044
60,37,527.830114178107
60,36,669.5151397754714
60,37,693.3365740230263
60,38,628.6143686899451
60,39,252.33371798839354
60,40,535.5924401021599
60,41,521.7357867398266
60,42,1005.4701710481291
60,43,572.6722972640506
60,44,469.0861865816213
60,45,750.1032914842855
60,46,800.5669274632194
60,47,301.98987815550873
60,48,315.6895841691227
60,49,390.2622730779299
60,48,553.841881830315
60,49,333.33326275280297
60,48,461.0436726601264
60,49,473.53437625368406
60,50,743.6740631188088
60,51,767.5211346232393
60,52,586.6773770214932
60,53,315.6895841691227
60,52,319.3707415651493
60,51,422.56757825010186
60,50,366.98750537234116
60,51,439.88222561366666
60,52,791.8038693479401
60,53,642.61890434291
60,54,543.7243354052669
60,55,509.6012527602489
60,56,602.0525446995609
60,55,799.18747348835
60,56,594.534794886957
60,55,648.4433968738301
60,56,392.68528394031136
60,57,482.4853233547585
60,58,524.7751679689492
60,57,380.0511279244341
60,58,932.7042632732393
60,57,281.39385770639547
60,58,642.3852850560871
60,59,633.3793225853019
60,60,629.5865059360206
60,59,266.4708956400237
60,58,518.7036086090244
59,58,452.71635767742583
59,57,394.6614831139584
58,57,333.97255983875533
57,57,170.13490760439316
57,56,532.069345590687
57,55,522.7745363675085
57,54,325.40960140803116
57,53,518.7233965248266
57,52,527.971898464012
56,52,620.7593984801013
56,53,568.5410437778422
55,53,817.4378525601323
55,52,635.8111919243814
54,52,315.6895841691227
53,52,449.29597359001485
53,51,306.40621131767875
53,50,368.5191347039358
53,49,343.4408669527005
53,48,108.75779824833882
53,47,394.6119802114034
53,48,481.55100023823815
52,48,642.4527723357714
51,48,568.8550390187281
50,48,566.3733122327347
49,48,295.9645439630163
48,48,576.379314951037
47,48,477.0788229949634
46,48,671.5206560301166
45,48,828.4776826845682
44,48,600.7929731452821
43,48,739.4037890225325
42,48,728.1984893040441
41,48,489.3191706590055
40,48,522.3568437858495
39,48,481.8818857587116
40,48,341.69147594742685
39,48,514.211843451408
39,47,653.1193925350077
38,47,513.8777597196558
37,47,727.787931043638
37,46,912.9806316299289
37,45,467.70296090570946
36,45,285.9750568720256
36,46,686.1593114556603
36,45,751.2987692238098
36,46,424.6885855219547
35,46,571.2016256558122
35,45,648.5861649179604
35,44,1048.0233121510455
34,44,613.1496797301729
33,44,554.7141767862893
33,43,863.8343729637892
34,43,827.4697531249416
35,43,571.8409111956515
34,43,738.3419825078256
33,43,406.0821324407491
33,42,661.4856514072496
33,41,436.6927004935319
34,41,504.3770690710475
33,41,787.0466816959149
33,40,397.63688947114406
32,40,521.1193248353151
32,39,391.0063308965548
32,38,387.5060272901749
32,37,321.6819885158474
32,36,503.85680498040585
32,37,251.86945079803644
32,38,378.95039198818085
32,37,460.5035757282736
33,37,663.3852275869292
32,37,734.2713425835332
32,38,559.5593209203454
31,38,378.32660905499
30,38,530.7321590995575
30,37,682.0399907573009
29,37,466.17922936822737
28,37,452.0867909071706
28,38,484.44505786614707
28,37,502.9846919444248
27,37,260.0573667060588
27,36,441.2768039900724
27,35,857.8430994537116
26,35,480.77585732553484
25,35,517.9987115653049
24,35,681.7664031012014
24,34,715.2271693124338
24,33,769.5577687720339
23,33,646.1463700130364
23,32,463.9418839059624
23,31,391.4921441017623
23,30,370.1331578450566
23,29,474.7853296824865
22,29,362.81397508264223
21,29,292.7995039323902
20,29,287.14487020785424
20,28,479.0941407309651
19,28,763.085652880543
19,27,889.9635223512319
19,28,819.9994527229369
18,28,467.60174720935913
17,28,623.0447401199798
17,27,689.6515032301056
17,26,646.6397483505351
17,25,303.0180268968447
17,24,354.70402314791204
18,24,292.87512383628587
18,23,600.5578825144942
17,23,635.5657204882712
16,23,491.9268934900696
15,23,353.15033447720725
16,23,604.1579087542353
15,23,528.1109832023651
15,22,686.1228804157532
15,21,428.03329997086894
15,20,474.37920361538596
15,19,440.3430563555469
15,18,526.2678109461148
15,17,785.1988044391666
14,17,458.5004482725551
13,17,390.51374037384596
13,16,404.04612273522844
13,15,477.81148379389856
12,15,502.5583719151392
12,14,662.8354702640646
11,14,996.6515323736733
10,14,652.090498565217
10,13,522.3138975265804
9,13,488.6452717737144
8,13,333.99113150202135
8,14,315.6895841691227
7,14,476.80866308344713
6,14,694.3222994681802
5,14,455.2266501299101
4,14,482.97144667042994
4,15,299.86932405182057
4,14,500.87890564321117
3,14,952.4321319603807
2,14,586.8162604027979
2,13,394.57360484531864
1,13,376.26850423732947
1,12,365.4061477157091
1,11,504.33130216338157
1,12,620.8325289035535
1,13,432.46527022777735
1,12,886.5204480660716
1,11,819.7715099118841
1,10,629.2790913518647
1,9,642.2313601387011
1,8,516.2021911286034
0,8,853.9882586777155
0,7,346.8079639254523
0,6,893.8524546667778
0,5,705.1935600348688
0,4,1035.7857959612593
0,5,480.7477204306173
0,4,902.0464223496537
0,3,901.3227709371381
0,2,602.7491617044797
0,1,756.882701892408
0,0,685.9569729992065
0,1,561.4343277904653
1,1,537.1147266006192
1,2,893.6052102595476
2,2,572.1371056487384
3,2,373.25779987242527
4,2,535.3703159401969
5,2,633.3938030643948
6,2,476.9630233055227
6,3,912.3502608153907
5,3,887.774470373308
6,3,748.8863236311312
7,3,939.4672939195544
8,3,1007.7372599705899
8,4,790.0740175412021
8,5,684.5201118369899
9,5,712.7475994473564
10,5,530.7467582026858
11,5,339.57398020034236
10,5,840.8720515856314
10,6,954.4347956538096
10,7,1053.1117240809233
10,8,710.7634591120946
10,9,488.3092666780132
10,10,594.8807191204328
10,11,548.567910355672
9,11,349.5844035498481
10,11,788.7440595220332
10,12,477.06109307474674
10,13,513.4501967110477
11,13,527.5241551404235
11,14,212.92373516708156
12,14,899.9975753473868
13,14,661.4843040746091
13,13,1152.280758971841
12,13,571.8361821594298
13,13,569.1716028855107
13,14,474.35280035531844
13,15,432.45041195836427
14,15,625.9638969859326
13,15,399.8929761417429
14,15,404.48622923796916
14,16,406.89011850615515
15,16,597.2937115167163
16,16,555.8172305141757
17,16,559.7875993405981
18,16,659.3696591612747
19,16,902.4162425784365
19,17,126.2569697713563
20,17,503.8983508824583
20,18,461.35419716696947
20,19,424.8375546739361
20,20,497.8439875145376
19,20,845.7559907348979
20,20,369.9745748769848
20,21,1039.2788307418862
21,21,939.5771226638537
22,21,491.7774616771222
23,21,769.9649154613772
23,22,441.0789698732624
24,22,518.2195499177029
25,22,874.1809098362769
26,22,528.5280213035829
26,21,392.30495991593716
27,21,592.4487549571163
27,20,787.1667631977223
27,21,1067.540058483835
27,22,853.3496603138964
27,21,567.593066040012
27,22,875.7247987609163
28,22,315.8459458315082
29,22,965.3312572742541
29,23,708.2634261451564
29,24,907.1543558697614
30,24,960.7716245165254
30,25,549.1721499776452
31,25,536.8672054968292
32,25,484.82302204001064
31,25,327.36342434639124
31,26,487.95361191650125
31,25,717.4153267487611
30,25,703.4127811055116
31,25,359.85568678672416
32,25,613.6496817034964
33,25,546.0858693250648
33,26,646.4544889809359
32,26,838.4411939155718
33,26,523.9872607692142
34,26,530.7074478755532
35,26,575.6147180058592
36,26,805.3787682239979
37,26,688.3047078867884
37,27,251.98315170864254
38,27,477.10222719973115
38,28,773.8067744798345
38,27,1176.9603922007293
39,27,508.854804650112
38,27,455.5517805113964
39,27,670.1027481466796
39,28,536.3443423989769
40,28,869.8788199081996
41,28,772.753498034517
41,27,230.38653678619147
41,26,764.742547625882
42,26,494.9726069053721
43,26,931.8640893859474
43,27,647.7040510801177
44,27,278.5823677186899
45,27,477.92273591234164
