-21,0,328.8060831107292
-21,-1,545.2193434806427
-20,-1,460.20514569503297
-19,-1,750.6959245046797
-19,-2,992.9621536797016
-18,-2,405.85054614650693
-17,-2,398.04532017089235
-16,-2,535.5068281726376
-15,-2,715.4220945367861
-16,-2,712.9389038262509
-16,-3,546.2006589637449
-15,-3,843.1242099877452
-14,-3,851.1886335226031
-14,-4,471.0824474827485
-13,-4,370.2371692240002
-14,-4,860.4990376278138
-13,-4,644.6516010097394
-13,-5,701.5901862338216
-13,-4,522.9336427808014
-13,-5,290.21480143663916
-13,-6,497.2727349074327
-13,-7,622.4836225904098
-13,-6,650.7531661060966
-13,-5,583.203233075288
-13,-6,428.01801291361215
-14,-6,568.9804176542602
-13,-6,737.3395808930657
-12,-6,719.4248570690692
-13,-6,397.21543380201837
-14,-6,620.8306251430007
-13,-6,834.7629228026458
-12,-6,592.5319601573431
-11,-6,707.4862433502649
-10,-6,383.05411963722037
-9,-6,361.11417767434256
-9,-7,624.6796301011935
-8,-7,557.1780021240929
-7,-7,806.3702057562255
-6,-7,791.4251986398529
-5,-7,831.4195744231097
-4,-7,674.0977383792529
-4,-8,543.8750628698111
-4,-7,833.9296157328863
-3,-7,373.02389600409197
-4,-7,705.5524674058963
-3,-7,415.4984789142366
-2,-7,426.6755663854037
-1,-7,373.99441955864836
0,-7,899.9901771234506
0,-8,570.5570606214139
-1,-8,1025.063895577173
0,-8,512.1035297828762
1,-8,1100.3519158703523
2,-8,526.4473127781175
3,-8,535.2057944296464
4,-8,651.1012749768086
5,-8,804.342352555494
5,-9,387.01659761469085
6,-9,1045.4291850150364
7,-9,622.5868533154762
8,-9,681.3998258942977
8,-8,576.6917666951027
8,-9,437.31943343365435
9,-9,382.1571106016313
10,-9,375.5177448502084
11,-9,492.77080083189435
12,-9,531.2008377382547
13,-9,940.1095645260305
12,-9,377.0669375778135
12,-10,369.11648452503215
13,-10,822.0095356980204
13,-11,705.0083000927273
14,-11,384.41151217595586
15,-11,460.5816187084706
16,-11,494.5909955365974
16,-12,502.83046395281025
17,-12,403.81628018638725
18,-12,602.9241915072139
19,-12,602.6911871425782
20,-12,903.4820245024175
20,-13,794.2185703781378
21,-13,672.5006776265359
22,-13,420.6559010794589
23,-13,644.8549605188545
24,-13,600.2835118334609
25,-13,299.05718814631376
26,-13,589.2233770564426
27,-13,422.4720407276052
27,-14,436.57550726591353
26,-14,537.5121736104963
27,-14,507.8611962351745
28,-14,569.7595129702138
29,-14,723.8366257420181
30,-14,344.49871530900873
31,-14,292.40559205202925
31,-15,472.8025560944148
30,-15,515.5457807833
30,-16,495.48008674102346
31,-16,498.97421796762546
32,-16,444.70163618756646
32,-15,1082.3168414379284
33,-15,913.812586987023
33,-14,914.617617291786
34,-14,414.5100959768863
34,-15,456.689482426749
34,-16,337.6642426707153
34,-17,629.6983812716446
35,-17,726.115234479159
35,-18,987.5305328417905
36,-18,856.6237619638398
36,-19,754.3140528291816
37,-19,769.7691496381424
37,-18,597.603891856558
37,-19,781.8712612263726
38,-19,563.6200200850815
37,-19,679.1324818237748
37,-18,984.1380819141414
37,-17,546.6831710335014
37,-18,613.578187723599
38,-18,776.5669959427755
38,-19,520.43382604067
39,-19,181.40729493554238
40,-19,126.2172161578877
41,-19,457.31860954894705
42,-19,274.3109177462511
43,-19,472.58877340880844
44,-19,479.2906991720572
44,-20,690.4777473448077
45,-20,439.6749149082517
46,-20,471.7308878204898
46,-21,355.9727960261847
47,-21,728.584561799953
47,-22,467.1154518689623
48,-22,479.23682677613454
48,-23,609.9649676128779
49,-23,375.52139775493004
50,-23,78.91060610709769
51,-23,326.12681022652805
51,-24,486.7385402161074
50,-24,425.9715525017933
51,-24,800.6837724169725
52,-24,880.0577668573952
53,-24,848.6174244270255
53,-25,751.4656036866754
54,-25,869.503140537456
54,-26,955.706966372353
54,-27,968.5089545876434
54,-28,995.5381372754559
55,-28,829.9422898232785
56,-28,705.225929765716
56,-29,346.4072106956272
55,-29,507.62694897106917
56,-29,495.5666050025699
57,-29,295.9645439630163
58,-29,710.4775109417631
59,-29,832.2569861574357
60,-29,414.35036154822285
60,-30,944.3548688112455
60,-31,972.0647052409397
61,-31,567.4746655746146
62,-31,776.2121148298213
63,-31,838.2344782508321
63,-32,465.8079167725688
64,-32,369.17535896987914
65,-32,556.8706440990215
66,-32,606.985630054793
67,-32,465.024709414018
67,-33,397.00257874223325
68,-33,526.7908459055352
68,-34,587.3172156686604
69,-34,733.8297714282216
68,-34,739.016135065892
68,-35,717.2427206185434
69,-35,610.9396923430277
68,-35,379.5207926051909
69,-35,649.008358853557
69,-34,999.0281148794102
69,-35,883.6797321319552
69,-36,297.8233391426296
69,-37,527.4208898018657
69,-38,431.25144643512624
69,-39,598.2042957863453
70,-39,569.8618424979583
70,-40,262.39984139655235
71,-40,886.733495556683
72,-40,428.92481765682936
73,-40,925.2730330803378
74,-40,754.1692403823705
74,-41,614.9384647621283
75,-41,645.1484488583103
76,-41,461.11160707876616
77,-41,98.37114337676654
78,-41,498.71233531615104
79,-41,473.5432703408261
80,-41,945.2306797428004
80,-40,414.35036154822285
81,-40,414.35036154822285
81,-41,515.7202240846905
81,-42,372.32576911453486
82,-42,236.77163517041305
82,-41,78.91060610709769
82,-42,406.02662250315433
82,-43,315.0702189019044
82,-42,759.7402784664012
83,-42,593.1942027225518
84,-42,684.3227546988344
85,-42,434.09459837936214
85,-43,447.9703943569895
86,-43,386.8691135656904
85,-43,317.2628929577628
86,-43,329.5289639070779
86,-44,337.1823969136649
87,-44,421.2211942933813
87,-45,506.2340363981462
87,-46,473.5432703408261
87,-47,134.84499023636556
87,-48,473.53437625368406
87,-49,601.7253250832047
87,-50,456.08915746007614
87,-51,594.534794886957
88,-51,435.58774325146004
88,-52,467.8318129364686
89,-52,700.2875894479853
90,-52,339.7341685068326
90,-53,315.6895841691227
91,-53,420.9263341882491
92,-53,594.534794886957
93,-53,776.4280079437239
94,-53,419.2319974250812
95,-53,595.7719451269708
95,-54,315.6895841691227
95,-55,403.3797994732573
95,-56,347.45947015196793
96,-56,499.11663801717447
95,-56,549.8792287328332
95,-57,621.5755465239463
96,-57,414.35036154822285
96,-58,664.2368131244356
97,-58,368.35620814323414
97,-59,424.66771063354076
98,-59,488.12439546833167
98,-60,504.6212381620342
97,-60,631.3791683382454
98,-60,631.3791683382454
99,-60,1111.1462788383694
100,-60,315.6895841691227
99,-60,315.6895841691227
98,-60,346.9669315142365
97,-60,314.2816885524478
96,-60,412.0017647827561
95,-60,301.3069826809928
95,-59,653.6533658821209
94,-59,394.6119802114034
93,-59,488.93081267176444
92,-59,923.7075464271853
91,-59,295.9645439630163
91,-58,620.7492165268529
90,-58,348.8710258170787
91,-58,172.75020947445645
90,-58,94.69272732851722
91,-58,902.1495354561195
91,-59,503.74901860658366
90,-59,714.1190000755302
89,-59,110.47484854993675
88,-59,635.1813880976225
87,-59,302.40473302415575
86,-59,184.0352291463903
85,-59,300.70831725005115
84,-59,438.4866091455118
83,-59,525.0260167622599
82,-59,638.0930724893768
83,-59,773.6361779301213
82,-59,430.2187304317449
81,-59,450.7097872720544
80,-59,355.65119989214327
81,-59,401.3849857849526
80,-59,509.9803954846193
79,-59,355.3347255932515
78,-59,462.01924671668627
77,-59,324.12232722269886
76,-59,743.1094871890343
75,-59,531.9610333945369
75,-58,685.3767643782437
74,-58,532.1059437991561
73,-58,631.3791683382454
72,-58,693.1467687395673
71,-58,501.36742875746836
70,-58,401.51645483946777
69,-58,743.7887358012684
68,-58,509.6012527602489
68,-57,507.56067475901443
67,-57,731.9035753320094
66,-57,499.7758893655368
65,-57,295.9645439630163
64,-57,625.7246284122112
63,-57,208.8650660686211
62,-57,295.9645439630163
61,-57,504.1295982715392
62,-57,418.1943988798749
61,-57,332.6698536552914
60,-57,295.9645439630163
59,-57,375.0448803453594
59,-56,347.3119110776639
58,-56,397.6839162221253
58,-55,383.7379400281934
59,-55,248.14539673414635
58,-55,449.8685918110661
59,-55,686.8639496141591
58,-55,537.521789718435
58,-54,253.54348213304226
57,-54,313.3756832437308
56,-54,271.8162560674073
55,-54,252.31237788226304
54,-54,785.3942843373
55,-54,728.2796173454968
54,-54,396.4501128466072
53,-54,390.5391277870509
52,-54,356.08337570253786
52,-53,421.28757660100996
53,-53,594.459297498364
52,-53,363.87885388149874
51,-53,250.49940520778398
50,-53,521.9985667645137
49,-53,265.31348488085183
48,-53,236.77163517041305
47,-53,380.5784336283828
46,-53,236.77163517041305
47,-53,440.1967510636772
48,-53,741.0649144588324
47,-53,675.2364343405108
46,-53,605.3172779375295
45,-53,606.2063324531841
44,-53,370.18547356477677
43,-53,794.7919824578535
42,-53,355.1574527556196
41,-53,289.46115394328706
41,-52,440.70824918845307
40,-52,392.41412427793307
39,-52,471.1013372832615
38,-52,536.1007781241819
38,-51,394.6119802114034
38,-50,573.5575423496269
38,-49,160.876367783467
37,-49,320.59304897323926
38,-49,505.015909564423
38,-48,440.3843505625531
38,-47,356.42249139871416
37,-47,637.789211719697
36,-47,541.2308788540361
36,-46,639.8402534648851
35,-46,319.75175963704754
34,-46,473.60755125932724
33,-46,526.6570013971209
34,-46,838.432433857506
33,-46,504.3227791786619
32,-46,500.70201358214604
31,-46,1078.2027143167597
30,-46,482.4771347965004
29,-46,638.9702958382541
30,-46,672.5385070772456
29,-46,257.53021380460467
28,-46,391.0829541874004
28,-45,521.0019551731838
28,-44,598.4025966634592
27,-44,406.748818885976
26,-44,537.069087479339
25,-44,391.8582573783378
24,-44,315.6512496080817
23,-44,840.3558643505429
22,-44,460.6411016563102
21,-44,387.6139934942073
20,-44,552.3506431108669
21,-44,382.37934562889313
20,-44,308.76055350036205
19,-44,460.40331119768905
20,-44,301.51944089130836
19,-44,725.9700156082109
18,-44,877.5012537359964
18,-43,544.9796393590491
17,-43,333.1452111477389
18,-43,803.2665357941614
17,-43,573.7981648291271
16,-43,1023.6243693828173
15,-43,689.9930499022869
14,-43,447.13842824195433
13,-43,936.6773401083082
12,-43,518.0791884923951
11,-43,673.1701409763571
10,-43,725.2094185064343
9,-43,495.3956886021486
8,-43,576.4165550779679
9,-43,463.4312532734796
8,-43,343.44685314934173
7,-43,498.79395568837816
6,-43,513.6551947083647
5,-43,426.4507865753859
6,-43,717.0610444113427
5,-43,652.8899392268213
4,-43,453.7116820297539
3,-43,286.7597506732119
2,-43,723.7694980841497
1,-43,811.0247814655679
0,-43,728.9363519586465
-1,-43,750.1328186563727
-2,-43,556.580928054986
-3,-43,706.0806044654888
-4,-43,444.4263630264347
-3,-43,486.3448838210044
-4,-43,428.5911739963596
-5,-43,438.8667075982982
-4,-43,509.3499206853976
-4,-42,901.2861815702836
-5,-42,976.5231496185978
-6,-42,238.96945183536914
-7,-42,475.219063188728
-8,-42,434.30387864254334
-7,-42,457.3056589374514
-6,-42,464.9120464553515
-7,-42,869.1494968196619
-8,-42,422.18578762378564
-9,-42,604.4610860003331
-10,-42,450.83701703019284
-11,-42,453.0659067399473
-12,-42,793.6396210134496
-13,-42,731.3564547756419
-14,-42,780.940646280877
-15,-42,652.4587370910178
-15,-41,553.0833862659978
-16,-41,405.5333451017973
-17,-41,611.3980936084286
-18,-41,322.95653441203854
-19,-41,317.60253961977514
-20,-41,536.4631519350282
-21,-41,582.9703294104497
-22,-41,548.1461977284615
-21,-41,542.6648828362922
-22,-41,764.543853062894
-23,-41,587.7682015185546
-22,-41,572.4007214267073
-21,-41,1010.597252711704
-22,-41,680.119084781677
-21,-41,585.3876650344512
-20,-41,312.30922112171356
-19,-41,605.4123638496137
-20,-41,611.6718758028974
-21,-41,583.5886259515656
-22,-41,854.8683675016354
-23,-41,353.9566083685259
-24,-41,254.345809132924
-25,-41,323.63955107974317
-26,-41,463.8898400661244
-27,-41,599.6340202691413
-28,-41,804.6022727391658
-29,-41,336.6943652404724
-30,-41,295.9645439630163
-31,-41,951.3527152609186
-32,-41,681.305811516976
-33,-41,1034.1696634455845
-34,-41,597.1844435036028
-35,-41,697.7888543619387
-36,-41,823.208671093401
-37,-41,488.58268631525
-36,-41,875.2380166474682
-37,-41,1171.3924518963763
-37,-40,414.35036154822285
-36,-40,737.4060642682373
-37,-40,783.207712661606
-38,-40,419.6932127602382
-39,-40,423.73105222732823
-38,-40,423.65180530533917
-39,-40,787.4326023285606
-40,-40,771.1445431497842
-40,-39,712.6739376155417
-40,-38,417.62565002833986
-41,-38,358.8982456707696
-42,-38,572.824796046846
-43,-38,292.30513038590317
-44,-38,639.390135515287
-44,-37,407.37542893149765
-44,-38,814.4968481441099
-44,-39,388.6782108932659
-45,-39,423.3546967459663
-45,-38,390.9158623750853
-45,-37,928.9815814246156
-45,-36,278.4073566212408
-46,-36,713.3268997312518
-47,-36,790.4080122260016
-48,-36,817.5988050265212
-49,-36,519.6599894925678
-50,-36,882.7388744984644
-50,-35,822.9500976913896
-50,-34,506.8441857563689
-50,-33,519.0892195791622
-50,-32,687.395830882263
-51,-32,307.3995624385878
-51,-33,746.6056631201126
-51,-32,558.2614388959429
-51,-31,1015.6990275571344
-51,-30,446.3490305536288
-51,-31,254.8935582786817
