3.00396
2.95153
2.98937
2.87077
2.89865
2.65278
2.81725
2.6827
2.67276
2.55539
2.4518
2.53733
2.60989
2.41115
2.56852
2.62935
2.58942
2.57126
2.6615
2.6921
2.67813
2.75747
2.78949
2.75283
2.88395
2.83021
2.80213
2.81423
2.85349
2.90881
2.9493
2.93441
3.0753
2.80615
2.95698
2.86172
2.92731
2.90058
2.91527
2.87287
2.91033
2.84226
2.71857
2.85409
2.75989
2.85114
2.85114
2.77238
2.87195
2.86291
2.86263
2.86867
2.86446
2.95107
2.94078
2.81036
2.84493
2.92135
2.90403
2.90735
2.81559
2.86207
2.78949
2.75232
2.72813
2.75192
2.73237
2.71211
2.71857
2.76302
2.66058
2.78476
2.86291
2.73459
2.8153
2.82434
2.77858
2.85703
2.82734
2.72178
