2.97725
2.84812
2.95629
2.93347
2.85382
2.80071
2.65259
2.78476
2.66277
2.49444
2.54096
2.64257
2.43603
2.47116
2.65278
2.45929
2.51562
2.5758
2.62935
2.64066
2.70247
2.75286
2.74867
2.86566
2.64769
2.86793
2.69729
2.80355
2.96568
2.86782
2.87709
2.80944
2.86519
3.01732
2.89946
2.82219
2.84257
2.77958
2.86383
2.93164
2.8529
2.79399
2.84226
2.85703
2.84818
2.78168
2.77548
2.84226
2.82434
2.94409
2.93362
2.94166
2.84186
2.90311
2.87178
2.95676
2.8672
3.11135
2.84003
2.80853
2.82803
2.9082
2.854
2.73653
2.79939
2.77937
2.71315
2.64257
2.68197
2.73459
2.60626
2.77548
2.69256
2.76614
2.76483
2.76614
2.84818
2.80011
2.75989
2.85409
