3.07532
2.90015
2.96057
2.83671
2.8608
2.85703
2.76302
2.74413
2.60135
2.55898
2.61176
2.44283
2.38454
2.64841
2.50737
2.51076
2.41375
2.67848
2.64587
2.66066
2.69637
2.7049
2.76896
2.67501
2.78357
2.81999
2.91867
2.79307
2.98441
2.84983
2.78714
3.03662
2.86138
2.83464
2.81064
2.86929
2.789
2.80254
2.88758
2.90902
2.84681
2.81832
2.80011
2.80316
2.8062
2.82434
2.88326
2.83033
2.80316
2.89478
2.97688
2.91076
2.94863
2.83386
2.97289
2.99436
2.99951
2.86628
2.83695
2.75466
2.79898
2.90994
2.80604
2.75557
2.73615
2.79848
2.7002
2.67276
2.66944
2.74033
2.66944
2.71857
2.76713
2.71211
2.70237
2.7536
2.76302
2.77858
2.85114
2.84818
