3.02833
2.93041
2.98674
2.85198
2.76046
2.75045
2.75675
2.62896
2.6083
2.61866
2.60135
2.51538
2.51603
2.44283
2.28577
2.59921
2.4739
2.53356
2.61696
2.67609
2.62509
2.65964
2.75516
2.76161
2.68161
2.85352
2.81559
2.81623
2.86591
2.95333
2.9591
2.98481
2.76155
2.89064
2.82236
2.86929
2.80256
2.87587
2.90922
2.90297
2.88186
2.81227
2.77548
2.8629
2.80316
2.85997
2.84522
2.86583
2.83671
2.89262
2.85473
2.85868
2.86325
2.93987
2.99684
2.9648
2.90929
2.97394
2.91764
2.79624
2.86381
2.75557
2.6046
2.76527
2.73287
2.79125
2.6439
2.67276
2.74684
2.69584
2.82434
2.79399
2.74096
2.80385
2.79092
2.77858
2.8062
2.73778
2.82434
2.83631
