2.93267
2.93713
2.87169
2.89741
2.89467
2.80385
2.71211
2.71857
2.70562
2.5518
2.63918
2.47621
2.49081
2.46886
2.45984
2.53472
2.58411
2.4694
2.69637
2.60633
2.61591
2.65405
2.68399
2.77216
2.73561
2.77753
2.9595
2.79997
2.89308
2.87324
3.06697
2.94589
2.99926
2.86118
2.89032
2.77947
2.86308
2.81193
2.89946
2.90241
2.86593
2.87795
2.85997
2.81227
2.84522
2.82434
2.8153
2.8153
2.78784
2.88987
2.93049
2.89147
2.88642
2.9367
3.01425
2.86691
2.90779
2.84061
2.93071
2.86051
2.84605
2.80619
2.83112
2.69301
2.84711
2.75617
2.70856
2.68599
2.6827
2.77548
2.67608
2.77548
2.75839
2.723
2.75989
2.80011
2.73459
2.77548
2.75675
2.81832
