2.94147
3.06245
2.92675
2.90342
2.87587
2.88484
2.76926
2.75989
2.65607
2.7263
2.53005
2.53005
2.61252
2.32782
2.59038
2.48754
2.52701
2.6424
2.63543
2.62935
2.60989
2.8134
2.71399
2.72427
2.88295
2.81368
2.74254
2.79131
2.88417
2.83574
3.01177
2.8965
2.78769
2.92766
2.87887
2.80213
2.92452
2.81285
2.87496
2.87496
2.89467
2.80924
2.84818
2.83928
2.88037
2.83631
2.85703
2.84522
2.87195
2.8917
2.87587
2.85443
2.87561
2.91672
2.98264
2.84826
3.05317
2.90126
2.90128
2.76644
2.79674
2.83206
2.72096
2.81064
2.7311
2.68535
2.91092
2.76161
2.69256
2.74096
2.72178
2.64596
2.72178
2.80924
2.83332
2.85997
2.79705
2.82734
2.80011
2.78784
