2.93556
2.92974
2.93447
2.91801
2.90536
2.78168
2.76614
2.74729
2.66611
2.62553
2.59087
2.50428
2.57579
2.36266
2.55086
2.65897
2.47188
2.67359
2.75607
2.72575
2.7347
2.74958
2.78492
2.74289
2.81688
2.75192
2.86657
2.83196
2.83132
2.93281
2.92605
2.94415
2.94665
2.83464
2.87233
2.751
2.69484
2.76666
2.90536
2.90353
2.87887
2.85703
2.82434
2.85409
2.8629
2.83928
2.8629
2.84226
2.83332
2.81725
2.87978
2.85473
2.94473
2.95107
2.92863
2.93593
2.92643
2.88018
2.82986
2.83204
2.8295
2.81779
2.81688
2.71158
2.67426
2.6523
2.67561
2.6921
2.66611
2.76622
2.70562
2.70237
2.78784
2.68928
2.69911
2.82127
2.75675
2.8153
2.82734
2.75045
