2.9703
2.94093
3.01835
2.92751
2.89865
2.81102
2.68928
2.71534
2.70887
2.58384
2.67939
2.56396
2.5196
2.46362
2.58571
2.55626
2.59472
2.40709
2.74463
2.51744
2.54129
2.66835
2.70641
2.86716
2.85546
2.74633
2.80659
2.86555
3.04952
2.91257
2.87113
2.82733
2.92807
2.84205
2.81555
2.81468
2.92374
2.92767
2.93347
2.91801
2.84818
2.79399
2.8153
2.83332
2.81832
2.8629
2.83928
2.78476
2.84375
2.8869
2.97514
2.91296
2.91509
2.91307
2.97916
2.9479
2.87114
2.86138
2.92057
2.7781
2.91516
2.76527
2.7119
2.77753
2.78492
2.72721
2.74791
2.70887
2.69256
2.72392
2.82437
2.6827
2.77034
2.71211
2.73778
2.75675
2.79092
2.82434
2.81832
2.8062
