4.56509
4.67111
4.59552
4.63957
4.54947
4.66224
4.20075
4.30198
4.22916
4.29265
4.56361
4.32381
4.50876
4.64814
4.5856
4.30295
4.59431
4.31743
4.54975
4.3746
4.23299
4.65077
4.26466
4.3296
4.50969
4.63587
4.52875
4.61687
4.58519
4.67706
4.26173
4.36505
3.94292
4.03145
3.95946
4.06397
3.61887
3.68795
3.99683
4.31495
4.22327
4.02313
3.9014
4.03678
3.98344
4.06746
4.30198
4.35633
4.54865
4.33718
4.28221
4.35615
4.57818
4.67278
4.27163
4.67952
4.58159
4.65322
4.58002
4.35723
4.60487
4.68104
4.53896
4.65274
4.53877
4.30577
4.52052
4.33553
4.58267
4.33278
4.52172
4.67256
4.31165
4.64169
4.20196
4.27826
3.94307
4.05774
3.83384
4.01053
4.18765
4.31367
4.22467
4.30103
4.18093
4.02663
3.60013
4.06156
4.23404
4.35179
4.19064
4.00749
3.89512
4.32526
4.30885
4.05263
3.96376
4.01977
4.23832
