1.79065
1.89876
1.86627
1.92469
1.79085
2.45419
1.82904
1.89506
1.67978
1.88694
1.73176
1.81493
1.6637
1.8582
1.7268
2.25062
2.16012
2.41868
2.16647
2.26817
1.76393
2.2942
2.06072
1.91821
2.15423
2.42444
2.21082
1.90144
2.29824
2.42018
2.1783
1.95525
1.80326
1.91077
1.74634
1.89783
1.77294
1.96026
1.7533
1.90572
1.78609
1.91171
1.76772
1.95382
2.18488
2.28934
1.95574
1.93431
1.8125
1.95696
2.15922
2.04189
1.8693
1.94943
1.37042
1.8363
1.85502
1.94589
1.86597
1.94297
1.79766
1.9151
1.78533
1.86538
1.67084
2.45292
1.8538
1.85606
1.76975
2.44384
1.81173
1.82779
1.72072
2.12895
1.74162
2.43242
2.01442
1.92333
2.07679
2.22535
1.74982
2.14289
2.36144
2.33225
2.18624
1.90226
1.74388
1.87282
1.83358
2.17951
2.4371
2.8298
3.11918
3.01068
2.82588
3.2716
2.93062
2.71838
2.27995
