4.58819
4.67688
4.59799
4.64752
4.56003
4.6366
4.20825
4.33688
4.23002
4.33413
4.58714
4.33727
4.5391
4.62979
4.54727
4.3073
4.53245
4.34256
4.50605
4.28578
4.21837
4.63116
4.24384
4.31307
4.56429
4.5909
4.55358
4.63522
4.54144
4.6242
4.17701
4.34489
3.96028
4.06579
3.98036
4.037
3.62089
3.69425
3.97863
4.35208
4.26951
4.06393
3.94323
4.04506
3.98667
4.05581
4.26194
4.36692
4.59525
4.38004
4.23238
4.3827
4.60719
4.67612
4.26621
4.67858
4.55461
4.67934
4.58391
4.3906
4.55899
4.66882
4.58127
4.58888
4.59073
4.32786
4.54472
4.32212
4.5153
4.31168
4.54975
4.61627
4.1933
4.64913
4.2261
4.28293
3.90054
4.05806
3.92535
3.98422
4.17072
4.30317
4.16863
4.30405
4.24596
3.99848
3.59605
4.01245
4.26096
4.33261
4.21454
4.00821
3.8912
4.31203
4.21078
3.98669
3.92214
4.07878
4.19066
