1.69075
1.89953
1.81169
1.9587
1.69719
1.94799
1.80144
1.8796
1.74949
1.87851
1.74952
1.90591
2.36625
1.86369
1.73982
2.21441
2.16053
1.95959
2.14248
2.21547
2.38912
2.27925
2.2054
1.87041
2.12691
1.91305
2.14179
1.90223
1.68772
1.92238
2.17519
1.86864
1.79668
1.95426
1.79766
1.95167
1.79466
1.8823
1.76496
1.90239
1.83778
1.88744
1.84747
1.95764
2.2123
2.24662
1.84929
1.93431
1.81999
1.95382
2.2179
1.9104
1.84055
1.96026
2.19664
1.9561
1.86991
1.87452
1.80978
1.93236
1.78313
1.94632
1.86861
1.89524
2.33646
1.88734
1.74338
1.87293
1.68055
1.9374
1.76368
1.92708
1.74697
2.24962
2.31787
1.87364
2.1776
1.86144
2.19452
2.20193
2.29802
2.75268
2.37331
2.28142
2.16559
1.96051
1.76287
1.94799
1.74949
2.17709
2.3517
2.90663
3.12225
3.01214
2.85467
3.25701
2.85479
2.70324
2.22545
