4.5558
4.65933
4.53188
4.63786
4.55523
4.56921
4.26185
4.33582
4.24926
4.30165
4.52511
4.27517
4.50406
4.64233
4.52664
4.33318
4.56117
4.31625
4.53957
4.35083
4.22517
4.61287
4.27547
4.37465
4.47927
4.62644
4.53252
4.64752
4.5635
4.65169
4.17829
4.36394
3.94202
4.04399
3.86286
4.04459
3.58373
3.71057
3.95442
4.36125
4.25776
4.0491
3.93302
4.031
3.95659
4.06002
4.2959
4.38314
4.59602
4.37707
4.30172
4.35137
4.58112
4.67857
4.2968
4.64677
4.60207
4.6694
4.60641
4.3338
4.60888
4.63506
4.49632
4.67917
4.58035
4.33382
4.50848
4.38042
4.59363
4.31767
4.5465
4.64507
4.22348
4.6199
4.19799
4.3466
3.91601
3.99122
3.80481
3.98647
4.17536
4.29873
4.21836
4.3007
4.28283
3.99212
3.51022
3.97502
4.25861
4.32813
4.29101
4.00598
3.93938
4.33509
4.2522
4.01752
3.96107
4.0411
4.24566
