1.82586
1.91912
1.82534
1.92735
1.73916
1.94537
1.71196
1.8767
1.80156
1.85438
1.76818
1.82159
1.72305
1.85944
1.80204
2.22856
2.12645
1.91076
2.20334
2.2824
1.77107
2.29675
2.11381
1.90779
2.23564
1.90755
2.1522
1.92973
1.70415
2.44636
2.07356
2.52901
1.71062
1.90161
1.79702
1.9082
1.79886
1.87418
1.84238
1.91342
1.85507
1.95025
1.77217
1.90109
2.13347
2.31697
1.90352
1.90546
1.8136
1.95382
2.11898
2.04705
1.81248
1.95139
1.27524
2.45024
1.84567
1.94853
1.76768
1.90143
1.85514
1.96026
1.69505
1.88042
1.83564
1.85336
1.75005
1.86329
1.81474
1.91002
1.63752
1.94943
1.70724
2.17578
1.90749
1.90141
2.01688
1.99435
1.9834
2.28211
1.73346
2.18262
2.3742
2.31364
2.16463
1.95167
1.63848
1.93
1.69175
2.18757
2.42068
2.82986
3.00034
3.0369
2.88437
3.28339
2.90015
2.68374
2.28415
