4.59733
4.65655
4.58082
4.62861
4.5693
4.62816
4.20899
4.33267
4.21735
4.33024
4.55813
4.32853
4.5543
4.63523
4.52473
4.3563
4.48635
4.3307
4.56437
4.31717
4.24064
4.64506
4.22874
4.31581
4.51317
4.60795
4.52327
4.64661
4.59305
4.63601
4.23089
4.34842
3.93671
4.01735
3.94676
3.97937
3.62534
3.74627
3.93049
4.35945
4.25579
4.02057
3.99816
4.05884
3.93777
4.07786
4.25875
4.37052
4.60563
4.34675
4.30806
4.34986
4.60871
4.67687
4.29018
4.64924
4.55831
4.65474
4.58391
4.34261
4.57413
4.65
4.5617
4.63186
4.57181
4.3359
4.52315
4.25605
4.52931
4.32825
4.55601
4.62654
4.1949
4.58859
4.24811
4.30068
3.92358
4.04405
3.91085
3.94401
4.20907
4.27334
4.21414
4.27651
4.2362
3.98939
3.5203
3.97414
4.24706
4.30559
4.22522
3.98456
3.93249
4.3419
4.20638
4.05247
3.8991
4.06317
4.20706
