4.50539
4.60888
4.60503
4.64848
4.51463
4.64145
4.20263
4.33179
4.2109
4.34567
4.55911
4.32456
4.55698
4.59821
4.55248
4.29592
4.55652
4.37378
4.49097
4.31458
4.28419
4.6801
4.22783
4.36249
4.57298
4.61171
4.56054
4.63428
4.5657
4.64601
4.21375
4.35358
3.908
4.05648
3.98021
4.04547
3.59623
3.67078
3.92485
4.34281
4.20448
4.05747
3.96277
4.02775
3.92975
4.03869
4.27766
4.37816
4.60252
4.36379
4.28626
4.37296
4.59727
4.67857
4.30057
4.66001
4.55052
4.68332
4.6047
4.32596
4.60063
4.66958
4.59758
4.65092
4.58033
4.35356
4.58136
4.35079
4.54149
4.30335
4.55928
4.6065
4.21504
4.58495
4.24391
4.36393
3.90835
4.01011
3.89148
4.01028
4.224
4.36397
4.20097
4.32376
4.18262
4.01118
3.54385
4.02073
4.20172
4.31891
4.24372
4.05434
3.9454
4.28871
4.27302
4.0022
3.86581
4.01041
4.19576
