3.66667
3.66667
3.75
3.66667
3.58333
3.58333
3.58129
3.54626
3.58333
3.58333
3.58333
3.5
3.41667
3.5
3.41667
3.41667
3.41667
3.5
3.58333
3.5
3.58333
3.5
3.58333
3.66667
3.36695
3.33333
3.54656
3.58333
3.58333
3.62959
3.58333
3.65533
3.66667
3.66667
3.66667
3.58333
3.5
3.58333
3.5
3.5
3.5
3.5
3.5
3.5
3.58333
3.5
3.5
3.52272
3.58333
3.58333
3.58333
3.58333
3.58333
3.66667
3.75
3.66667
3.66667
3.66667
3.66667
3.66667
3.66667
3.66667
3.64225
3.58333
3.5
3.5
3.58333
3.5
3.58333
3.62959
3.66667
3.66667
3.66667
3.58333
3.58333
3.5
3.5
3.5
3.5
3.5
3.5
3.5
3.5
3.5
3.58333
3.5
3.5
3.5
3.58333
3.58333
3.58333
3.66667
3.41667
3.41667
3.75
3.41667
3.66145
3.66667
3.75
