11,-12,234.41461894431706
11,-12,100.0
11,-11,100.0
11,-11,167.66211945219135
11,-11,100.0
11,-12,100.0
11,-12,102.27373260507991
11,-12,100.0
11,-11,100.0
11,-11,184.7995507273377
11,-11,100.0
10,-11,100.0
10,-11,100.0
10,-11,170.28827533892797
10,-12,100.0
10,-12,100.0
10,-12,110.68975413449098
10,-11,229.36709229173908
10,-11,100.0
10,-11,149.4149029745924
11,-11,120.87765387719107
11,-11,147.4018123031019
11,-11,100.0
11,-10,158.35477631664332
11,-10,100.0
11,-10,100.0
10,-10,100.0
10,-10,100.0
10,-10,100.0
10,-9,100.0
10,-9,100.0
10,-9,183.30203415015464
10,-10,100.0
10,-10,100.0
10,-10,100.0
10,-9,100.0
10,-9,108.57991581816248
10,-9,122.0375224937532
9,-9,100.0
9,-9,108.65021667368782
9,-9,100.0
8,-9,100.0
8,-9,100.0
8,-9,100.0
7,-9,163.51830857413742
7,-9,144.07316021767468
7,-9,138.400860960814
7,-8,100.0
7,-8,156.4214312313727
7,-8,100.0
7,-7,100.0
7,-7,142.81331623356164
7,-7,182.5189851317807
6,-7,100.0
6,-7,100.0
6,-7,232.91871356052775
6,-8,169.0312719988283
6,-8,261.34097517830594
6,-8,100.0
6,-7,126.30314442991559
6,-7,100.0
6,-7,100.0
6,-6,100.0
6,-6,100.0
6,-6,235.94185857644464
6,-5,100.0
6,-5,222.3096745837636
6,-5,182.32892514565123
6,-4,234.6501856902077
6,-4,194.426310591941
6,-4,162.6202395461305
5,-4,238.5091356249892
5,-4,100.0
5,-4,100.0
4,-4,100.0
4,-4,100.0
4,-4,100.0
5,-4,228.82475175745608
5,-4,126.99353067396389
5,-4,104.04793429791121
5,-3,100.0
5,-3,164.77699499843192
5,-3,165.4032774128276
5,-2,158.32003060678855
5,-2,100.0
5,-2,129.31679933246238
5,-1,177.68258509672646
5,-1,119.35812133128664
5,-1,188.2113672206943
4,-1,242.17169411050122
4,-1,321.9581488411154
4,-1,210.74077631580863
4,0,129.4088396937746
4,0,100.0
4,0,199.77224408461925
5,0,100.0
5,0,217.61150844328984
5,0,158.2466925385611
6,0,149.66281032128296
6,0,214.97302990149126
6,0,100.0
6,1,114.40748988932441
6,1,100.0
6,1,209.28562451462642
6,2,115.30229429339397
6,2,100.0
6,2,100.0
6,3,209.8647059049606
6,3,186.61773987394716
6,3,182.85634658268262
7,3,100.0
7,3,128.11910595247008
7,3,158.22740562427788
7,2,100.0
7,2,100.0
7,2,123.64790870648196
7,3,164.77550625699556
7,3,121.168041989751
7,3,100.0
7,4,179.8271485893124
7,4,101.67769430333526
7,4,100.0
6,4,199.05470181885067
6,4,169.51718144795024
6,4,100.0
7,4,100.0
7,4,267.34221267465216
7,4,100.0
8,4,100.0
8,4,100.0
8,4,100.0
7,4,100.0
7,4,100.0
7,4,114.75038338905237
8,4,100.0
8,4,100.0
8,4,100.0
7,4,185.76827521850674
7,4,100.0
7,4,100.0
7,3,100.0
7,3,184.8938550378711
7,3,100.0
7,2,130.90334268907154
7,2,122.64293890202512
7,2,187.5336897777076
6,2,136.51721685733384
6,2,183.77280101026426
6,2,100.0
6,3,248.97783436623234
6,3,120.23528539717014
6,3,100.0
5,3,100.0
5,3,189.12473429115968
5,3,130.83798238239697
4,3,165.07705934607938
4,3,100.0
4,3,183.91660385602916
3,3,137.70263520869813
3,3,143.75134205704794
3,3,100.0
3,2,262.8003930063913
3,2,232.44097861455975
3,2,100.0
2,2,131.4191025860307
2,2,242.2343586715942
2,2,161.17399640014725
1,2,228.01967207023364
1,2,138.36713005458137
1,2,393.38183274747564
0,2,146.39496380936365
0,2,301.5572580398536
0,2,103.42476820272597
-1,2,144.85026793858384
-1,2,122.21072091740574
-1,2,100.96366906753886
-2,2,175.42514633037806
-2,2,157.3929077598822
-2,2,259.3198421626779
-3,2,103.95497103581145
-3,2,156.61408234191987
-3,2,160.54471126562316
-4,2,235.6462137302104
-4,2,112.23062226983927
-4,2,161.96648863110892
-4,1,184.8702779841605
-4,1,139.43500682975974
-4,1,205.65011930300753
-5,1,185.27152907167024
-5,1,202.60559886867998
-5,1,232.8801241293301
-5,0,100.0
-5,0,152.15203786147785
-5,0,143.4588010894791
-4,0,100.0
-4,0,191.00640404715017
-4,0,155.80708668823664
-5,0,184.75715191968285
-5,0,100.0
-5,0,106.40488162953838
-5,-1,192.65391289510603
-5,-1,195.54701389703007
-5,-1,257.6330523403275
-6,-1,145.24694848786334
-6,-1,105.57307014169412
-6,-1,149.46681118970446
-7,-1,161.80633946561295
-7,-1,100.0
-7,-1,100.0
-8,-1,159.1987982545532
-8,-1,136.6628526819101
-8,-1,147.86199533493198
-9,-1,128.66043950663249
-9,-1,100.0
-9,-1,100.0
-10,-1,144.1406075543216
-10,-1,190.3868438068274
-10,-1,112.6418187020209
-11,-1,122.87132111499805
-11,-1,118.30604327947252
-11,-1,100.0
-11,-2,183.79783630331372
-11,-2,100.0
-11,-2,163.68892218371707
-11,-3,100.0
-11,-3,100.0
-11,-3,100.0
-12,-3,101.32000761768616
-12,-3,114.33000007921922
-12,-3,100.0
-12,-4,100.0
-12,-4,121.91766753241032
-12,-4,100.0
-11,-4,100.0
-11,-4,124.71601436836093
-11,-4,102.15652503818745
-11,-5,195.75074847804194
-11,-5,134.4084663502299
-11,-5,117.1389900545025
-12,-5,154.65619485587266
-12,-5,100.0
-12,-5,100.0
-13,-5,100.0
-13,-5,100.0
-13,-5,100.0
-13,-6,110.5106461146674
-13,-6,144.85308335522268
-13,-6,208.35861495617482
-13,-7,100.0
-13,-7,151.1394394194513
-13,-7,100.0
-14,-7,100.0
-14,-7,100.0
-14,-7,100.0
-15,-7,100.0
-15,-7,100.0
-15,-7,100.0
-15,-6,100.0
-15,-6,100.0
-15,-6,202.32518178823204
-15,-7,100.0
-15,-7,100.0
-15,-7,100.0
-15,-8,255.3435776693874
-15,-8,100.0
-15,-8,100.0
-16,-8,100.0
-16,-8,100.0
-16,-8,100.0
-15,-8,100.0
-15,-8,100.0
-15,-8,100.0
-14,-8,100.0
-14,-8,100.0
-14,-8,100.0
-14,-9,100.0
-14,-9,100.0
-14,-9,100.0
-15,-9,122.15926081728512
-15,-9,100.0
-15,-9,100.0
-16,-9,100.0
-16,-9,112.05900356861628
-16,-9,100.0
-16,-10,100.0
-16,-10,150.37403233560246
-16,-10,100.0
-15,-10,100.0
-15,-10,100.0
-15,-10,100.0
-14,-10,100.0
-14,-10,100.0
-14,-10,100.0
-14,-9,100.0
-14,-9,100.0
-14,-9,100.0
-14,-8,129.2317256203214
-14,-8,100.0
-14,-8,100.0
-13,-8,100.0
-13,-8,100.0
-13,-8,100.0
-13,-9,220.99126500499816
-13,-9,137.4765774527352
-13,-9,100.0
-13,-8,100.0
-13,-8,100.0
-13,-8,120.7462103391518
-12,-8,100.0
-12,-8,100.0
-12,-8,163.06030459502932
-11,-8,100.0
-11,-8,167.3237563054102
-11,-8,100.0
-10,-8,114.90342595972042
-10,-8,100.0
-10,-8,100.0
-9,-8,130.69144646529043
-9,-8,100.0
-9,-8,174.6741421656751
-9,-7,100.0
-9,-7,100.0
-9,-7,100.0
-9,-8,151.9045179655423
-9,-8,100.0
-9,-8,100.0
-8,-8,100.0
-8,-8,180.53571443302914
-8,-8,100.0
-7,-8,143.02157443085306
-7,-8,100.0
-7,-8,233.35105833710662
-7,-7,184.37180572137208
-7,-7,100.0
-7,-7,100.0
-7,-8,141.33071517804623
-7,-8,289.2679477555475
-7,-8,113.4342972268762
-7,-7,134.39140384010915
-7,-7,163.53630645970088
-7,-7,100.0
-7,-6,100.0
-7,-6,170.66629796539863
-7,-6,173.18199810829634
-7,-5,120.66556949071897
-7,-5,100.0
-7,-5,145.0639278225181
-6,-5,117.44920872292795
-6,-5,100.0
-6,-5,158.05908865871726
-5,-5,100.0
-5,-5,100.0
-5,-5,245.47550304101202
-4,-5,122.79750076701296
-4,-5,100.0
-4,-5,213.26944461340275
-4,-4,240.73316352583004
-4,-4,176.20229679952098
-4,-4,178.86918224827565
-3,-4,100.0
-3,-4,100.0
-3,-4,197.11106011455843
-3,-3,119.02880837546645
-3,-3,108.65073676437129
-3,-3,162.30130545628018
-3,-4,163.1841533926577
-3,-4,142.1972208231877
-3,-4,101.67347609032757
-3,-3,341.4891764705105
-3,-3,100.0
-3,-3,126.49045235990752
-3,-2,120.86519298964286
-3,-2,193.63000465972206
-3,-2,207.87075824448868
-4,-2,187.05216772506034
-4,-2,210.46701468313736
-4,-2,221.63676168992282
-4,-1,223.230478673194
-4,-1,111.29822574376652
-4,-1,114.92558553780766
-3,-1,136.379814904122
-3,-1,100.0
-3,-1,100.0
-3,0,115.55763067968329
-3,0,100.0
-3,0,100.0
-2,0,100.0
-2,0,100.0
-2,0,257.7948774409569
-1,0,125.47994948868656
-1,0,146.97024525437652
-1,0,195.33744581589934
-2,0,119.78930978402637
-2,0,130.5270559970982
-2,0,160.68019077184087
-3,0,214.93192525125744
-3,0,171.8024369272899
-3,0,101.07682689324587
-2,0,200.59405863010213
-2,0,210.39033632290815
-2,0,137.77164921987227
-1,0,223.5068767807993
-1,0,147.2025557695975
-1,0,289.3816899051578
0,0,180.3088707965676
0,0,174.39800486363822
0,0,227.63005709296166
0,-1,162.7028349854972
0,-1,149.95381077319288
0,-1,230.98978000085975
1,-1,224.94346704641055
1,-1,177.16584172324423
1,-1,117.33010039714429
2,-1,252.9811997230704
2,-1,126.39157019992729
2,-1,129.8373458279927
3,-1,100.0
3,-1,100.0
3,-1,100.0
4,-1,192.8902354335015
4,-1,205.6449423334317
4,-1,182.25535723700128
5,-1,100.0
5,-1,175.56302714668624
5,-1,158.29342268448295
5,-2,217.26812743895152
5,-2,189.98115337253557
5,-2,100.0
6,-2,100.0
6,-2,164.06606661919076
6,-2,168.05243113682326
6,-3,117.92489187254958
6,-3,100.0
6,-3,124.43604279906234
6,-4,148.72687053408006
6,-4,100.0
6,-4,254.71265171200466
7,-4,100.0
7,-4,100.0
7,-4,194.35978663517852
6,-4,100.0
6,-4,160.8701184140697
6,-4,255.29795412288064
6,-5,110.78030536608861
6,-5,112.12496152525944
6,-5,100.0
7,-5,147.36443894633112
7,-5,100.0
7,-5,100.0
8,-5,256.31237533612256
8,-5,127.53036952172934
8,-5,227.00092245673895
7,-5,154.80572544308535
7,-5,100.0
7,-5,100.0
8,-5,140.38278827915056
8,-5,100.0
8,-5,100.0
9,-5,100.0
9,-5,100.0
9,-5,100.0
10,-5,100.0
10,-5,139.37975273699283
10,-5,205.00074755299534
9,-5,119.73005786433038
9,-5,100.0
9,-5,100.0
8,-5,100.0
8,-5,180.10513292330288
8,-5,124.14408658904802
7,-5,190.11950993787707
7,-5,100.0
7,-5,100.0
8,-5,123.05093805364635
8,-5,100.0
8,-5,169.07441486801417
9,-5,133.94171677290603
9,-5,100.0
9,-5,116.35729525640667
9,-4,100.0
9,-4,100.0
9,-4,100.0
10,-4,100.0
10,-4,134.411816026383
10,-4,100.0
11,-4,143.14346468520583
11,-4,100.0
11,-4,113.08538571512977
10,-4,141.61697862199028
10,-4,100.0
10,-4,100.0
11,-4,100.0
11,-4,100.0
11,-4,100.0
11,-3,202.07121266276386
11,-3,100.0
11,-3,250.93155921647087
11,-4,100.0
11,-4,244.49877132354064
11,-4,132.7840323912048
