11,-12,100.0
11,-12,100.0
11,-11,202.51626980161822
11,-11,100.0
11,-11,100.0
11,-12,114.86048429930186
11,-12,234.353244630295
11,-12,174.6739801084281
11,-11,170.3090570586183
11,-11,134.98888371677583
11,-11,100.0
10,-11,115.93620524348633
10,-11,100.0
10,-11,100.0
10,-12,100.0
10,-12,100.0
10,-12,100.0
10,-11,100.0
10,-11,100.0
10,-11,132.5164134870883
11,-11,100.0
11,-11,111.83724926689312
11,-11,100.0
11,-10,100.0
11,-10,100.0
11,-10,100.0
10,-10,100.0
10,-10,100.0
10,-10,135.89607947726523
10,-9,253.85220475312326
10,-9,100.0
10,-9,100.0
10,-10,116.48096001157276
10,-10,198.71961052132684
10,-10,100.0
10,-9,106.95554159100075
10,-9,100.0
10,-9,100.0
9,-9,100.0
9,-9,148.3992441988201
9,-9,100.0
8,-9,125.78184991401585
8,-9,100.0
8,-9,163.76660768353312
7,-9,100.0
7,-9,162.73453216025257
7,-9,147.53412160060734
7,-8,100.0
7,-8,100.0
7,-8,254.56528362221928
7,-7,140.5042871219232
7,-7,125.34429958058091
7,-7,100.0
6,-7,100.0
6,-7,129.10796418379385
6,-7,100.0
6,-8,100.0
6,-8,188.9408838952536
6,-8,109.65555187828329
6,-7,144.92035255672138
6,-7,127.91158595663688
6,-7,100.0
6,-6,100.0
6,-6,100.0
6,-6,100.0
6,-5,100.0
6,-5,142.79586883865323
6,-5,111.98418845681398
6,-4,163.35482308957404
6,-4,216.8717127499824
6,-4,100.0
5,-4,178.4271506351992
5,-4,123.69480539952222
5,-4,100.0
4,-4,153.37122925542155
4,-4,100.0
4,-4,149.5460689010883
5,-4,281.39085153945314
5,-4,100.0
5,-4,100.0
5,-3,100.0
5,-3,187.99716848564134
5,-3,176.90972494733754
5,-2,132.03167538694592
5,-2,230.28520419490428
5,-2,100.0
5,-1,100.0
5,-1,222.17963389647053
5,-1,100.0
4,-1,100.0
4,-1,182.42880134151636
4,-1,159.46045039405334
4,0,168.50828524443585
4,0,193.48495397720583
4,0,238.5843598523665
5,0,158.61909510572565
5,0,242.63326702492571
5,0,118.74404657393896
6,0,188.00211026409045
6,0,149.60785304835193
6,0,194.07353130355818
6,1,192.9753413002046
6,1,106.6879046975364
6,1,189.17525981129208
6,2,193.452095060629
6,2,100.0
6,2,100.0
6,3,162.51465378274295
6,3,100.0
6,3,100.0
7,3,103.37162747545513
7,3,100.0
7,3,119.27245070561679
7,2,202.8013540030181
7,2,100.0
7,2,100.0
7,3,100.0
7,3,100.0
7,3,100.0
7,4,334.5461264260705
7,4,100.0
7,4,107.82093230708172
6,4,100.0
6,4,100.0
6,4,100.0
7,4,209.44862849054746
7,4,100.33600183658186
7,4,110.08526872305094
8,4,100.0
8,4,134.6364593676709
8,4,100.0
7,4,137.87319594026934
7,4,100.0
7,4,100.0
8,4,150.84988711652738
8,4,100.0
8,4,100.0
7,4,166.42336678328996
7,4,146.57339125750875
7,4,100.0
7,3,100.0
7,3,213.05679507022725
7,3,148.92092089968563
7,2,100.0
7,2,100.0
7,2,100.0
6,2,210.7517668880006
6,2,100.0
6,2,121.49803678272394
6,3,100.0
6,3,125.55825841702874
6,3,172.17997492507862
5,3,217.71100081482427
5,3,100.0
5,3,105.103325769796
4,3,100.0
4,3,111.02788562985721
4,3,108.53257010216687
3,3,100.0
3,3,173.61452825915148
3,3,215.79947939401336
3,2,219.8257709346467
3,2,105.91317956689454
3,2,118.69258517305394
2,2,114.33558352326754
2,2,135.68861718885125
2,2,213.81692950434967
1,2,149.90719926516334
1,2,171.435283099946
1,2,100.0
0,2,100.3173037283354
0,2,291.20223254038956
0,2,137.87278495483562
-1,2,134.9081379947369
-1,2,100.0
-1,2,177.26809175349482
-2,2,159.09657566211297
-2,2,190.27767107087487
-2,2,156.72657249288392
-3,2,148.1468575738121
-3,2,158.87334409140678
-3,2,232.67991367742857
-4,2,132.95857574048648
-4,2,100.0
-4,2,131.43220841334582
-4,1,100.0
-4,1,258.39378006455235
-4,1,170.41313296335184
-5,1,100.0
-5,1,106.9942225090472
-5,1,188.62589416949572
-5,0,189.62538571291344
-5,0,240.10178781064337
-5,0,100.0
-4,0,170.30459599703818
-4,0,106.37542590142337
-4,0,113.07973941368104
-5,0,103.48281543230831
-5,0,100.0
-5,0,191.46697184924582
-5,-1,165.97344028300208
-5,-1,211.95149923266558
-5,-1,100.0
-6,-1,111.1975985901085
-6,-1,100.0
-6,-1,161.37932730448492
-7,-1,100.0
-7,-1,100.0
-7,-1,207.79029775341303
-8,-1,100.0
-8,-1,100.0
-8,-1,100.0
-9,-1,100.0
-9,-1,100.0
-9,-1,100.0
-10,-1,121.18474671218215
-10,-1,100.0
-10,-1,105.8426163926557
-11,-1,100.0
-11,-1,100.0
-11,-1,100.0
-11,-2,100.0
-11,-2,100.0
-11,-2,100.0
-11,-3,100.0
-11,-3,187.09823428679255
-11,-3,100.0
-12,-3,100.67258529583724
-12,-3,100.0
-12,-3,100.0
-12,-4,100.0
-12,-4,153.00080684004917
-12,-4,147.53531526660527
-11,-4,178.44101916486318
-11,-4,170.18196044805185
-11,-4,133.58573903074029
-11,-5,100.0
-11,-5,215.2682942680036
-11,-5,100.0
-12,-5,100.0
-12,-5,100.0
-12,-5,159.36078321893558
-13,-5,100.0
-13,-5,123.69089698984698
-13,-5,100.0
-13,-6,100.0
-13,-6,157.35035386040266
-13,-6,120.58828644066737
-13,-7,100.0
-13,-7,100.0
-13,-7,100.0
-14,-7,100.0
-14,-7,100.0
-14,-7,108.26592254378787
-15,-7,100.79824577625129
-15,-7,100.0
-15,-7,100.0
-15,-6,100.0
-15,-6,100.0
-15,-6,128.79876086389268
-15,-7,100.0
-15,-7,160.49572451662968
-15,-7,100.0
-15,-8,100.0
-15,-8,100.0
-15,-8,100.0
-16,-8,100.0
-16,-8,100.0
-16,-8,100.0
-15,-8,100.0
-15,-8,100.0
-15,-8,100.0
-14,-8,100.0
-14,-8,100.0
-14,-8,100.0
-14,-9,100.0
-14,-9,100.0
-14,-9,100.0
-15,-9,217.32758499979997
-15,-9,100.0
-15,-9,100.0
-16,-9,100.0
-16,-9,100.0
-16,-9,202.86179467437836
-16,-10,100.0
-16,-10,100.0
-16,-10,100.0
-15,-10,100.0
-15,-10,100.0
-15,-10,114.70404837204327
-14,-10,100.0
-14,-10,163.9565126594319
-14,-10,149.81450015011245
-14,-9,109.75779155369838
-14,-9,100.0
-14,-9,100.0
-14,-8,100.0
-14,-8,100.0
-14,-8,136.93981911791974
-13,-8,100.0
-13,-8,100.0
-13,-8,100.0
-13,-9,100.0
-13,-9,100.0
-13,-9,125.2235589126633
-13,-8,100.0
-13,-8,100.0
-13,-8,100.0
-12,-8,161.5090489905154
-12,-8,154.06492990916007
-12,-8,146.62088584708405
-11,-8,100.0
-11,-8,100.0
-11,-8,100.0
-10,-8,154.5936115449551
-10,-8,100.0
-10,-8,100.0
-9,-8,106.57376939342033
-9,-8,148.3604110691965
-9,-8,100.0
-9,-7,100.0
-9,-7,115.45133757553442
-9,-7,165.34170994905605
-9,-8,100.0
-9,-8,100.0
-9,-8,245.3007066233285
-8,-8,131.34889195398105
-8,-8,100.0
-8,-8,100.0
-7,-8,161.89927751403167
-7,-8,100.0
-7,-8,100.0
-7,-7,100.0
-7,-7,175.6578490617626
-7,-7,174.61177386153457
-7,-8,100.0
-7,-8,100.0
-7,-8,120.72079582946637
-7,-7,209.00071964423728
-7,-7,100.0
-7,-7,199.31733483420464
-7,-6,175.17924933841178
-7,-6,100.0
-7,-6,136.98209994298526
-7,-5,164.8312378885291
-7,-5,100.0
-7,-5,140.2686351193676
-6,-5,116.6539255770784
-6,-5,100.0
-6,-5,144.8700566466903
-5,-5,100.0
-5,-5,100.0
-5,-5,133.13002014265714
-4,-5,180.96724496156574
-4,-5,225.94051169555138
-4,-5,235.83608987276006
-4,-4,154.60496578319248
-4,-4,149.2691155711708
-4,-4,100.0
-3,-4,100.0
-3,-4,115.12087413732367
-3,-4,247.64603000051073
-3,-3,210.49097556752358
-3,-3,297.7186473393068
-3,-3,187.5861943214418
-3,-4,193.48045652846025
-3,-4,110.72437588840772
-3,-4,150.41656206432793
-3,-3,102.83221491111134
-3,-3,216.90236935742422
-3,-3,225.76084063618828
-3,-2,194.57634448329478
-3,-2,171.9429170964328
-3,-2,132.92220430157127
-4,-2,209.2777354158559
-4,-2,100.0
-4,-2,197.28318347781368
-4,-1,188.2170247518445
-4,-1,162.60672206844498
-4,-1,100.0
-3,-1,157.55973940212158
-3,-1,163.48399126002326
-3,-1,100.0
-3,0,100.0
-3,0,131.67985440187263
-3,0,132.70454825935383
-2,0,281.473889987952
-2,0,100.0
-2,0,221.47511039982916
-1,0,182.1627194724206
-1,0,182.95787363190425
-1,0,132.76704454844983
-2,0,166.96001008006013
-2,0,273.94315545826834
-2,0,100.0
-3,0,108.28583581933816
-3,0,114.4007105335855
-3,0,188.54850908650835
-2,0,111.24603704674557
-2,0,107.28603261957188
-2,0,155.3299046380572
-1,0,207.26875300539996
-1,0,187.60721963633713
-1,0,219.3563879163383
0,0,100.0
0,0,198.90163023567953
0,0,143.2897985700435
0,-1,100.0
0,-1,299.84870968739085
0,-1,162.31536021184996
1,-1,210.09551914062322
1,-1,178.92918291142647
1,-1,119.38003943842102
2,-1,132.10813030779994
2,-1,100.0
2,-1,267.970560090313
3,-1,229.05126894422168
3,-1,229.99959221783675
3,-1,224.96625902730068
4,-1,232.46476691365854
4,-1,171.1735705455109
4,-1,164.81947636470744
5,-1,146.3743300717344
5,-1,136.18075775717716
5,-1,127.8790475244015
5,-2,308.92268807271665
5,-2,119.17226801003375
5,-2,181.35396224890448
6,-2,156.96605508830635
6,-2,167.43505144369468
6,-2,100.0
6,-3,100.0
6,-3,204.00661091975508
6,-3,121.1801443460112
6,-4,100.0
6,-4,100.0
6,-4,147.94842059506308
7,-4,100.0
7,-4,139.12508105678288
7,-4,123.06981536963713
6,-4,202.47607519966104
6,-4,160.10635006274384
6,-4,100.0
6,-5,203.14864662999156
6,-5,155.46867749482334
6,-5,122.77128254989267
7,-5,180.3287944935567
7,-5,290.4553072149831
7,-5,109.96956014074223
8,-5,105.14268178623087
8,-5,100.0
8,-5,100.0
7,-5,110.84157303584651
7,-5,100.0
7,-5,212.02644772200256
8,-5,113.32271567311018
8,-5,226.72798204665753
8,-5,100.0
9,-5,170.1533691550058
9,-5,116.62861031978518
9,-5,100.0
10,-5,100.0
10,-5,115.12172604197141
10,-5,100.0
9,-5,100.0
9,-5,261.91982771565307
9,-5,100.0
8,-5,197.9003336397056
8,-5,100.0
8,-5,100.0
7,-5,100.0
7,-5,119.64982076194394
7,-5,241.78210303244654
8,-5,183.47262350354507
8,-5,131.7969678508003
8,-5,116.13867154844428
9,-5,100.0
9,-5,173.88894139016347
9,-5,134.99162737802305
9,-4,142.1989140848053
9,-4,171.4975821123969
9,-4,196.20095163847907
10,-4,182.17750650270364
10,-4,100.0
10,-4,100.0
11,-4,110.87751525930747
11,-4,138.2909509138284
11,-4,123.17180156582319
10,-4,184.93379815766173
10,-4,101.0383626402766
10,-4,100.0
11,-4,149.16187758437601
11,-4,100.0
11,-4,134.6333655170455
11,-3,100.0
11,-3,100.0
11,-3,100.0
11,-4,100.0
11,-4,100.0
11,-4,102.60527033743283
