11,-12,100.0
11,-12,100.0
11,-11,100.0
11,-11,100.0
11,-11,100.0
11,-12,100.0
11,-12,101.81352390324335
11,-12,192.30157515610503
11,-11,100.0
11,-11,100.0
11,-11,100.0
10,-11,100.0
10,-11,131.44549748135648
10,-11,100.0
10,-12,100.0
10,-12,117.05224056334097
10,-12,100.0
10,-11,100.0
10,-11,163.35140639011195
10,-11,100.0
11,-11,100.0
11,-11,137.37918937993132
11,-11,100.0
11,-10,100.0
11,-10,100.0
11,-10,100.0
10,-10,100.0
10,-10,100.0
10,-10,112.64208502252353
10,-9,100.0
10,-9,100.0
10,-9,203.16025043708106
10,-10,133.59579499407522
10,-10,100.0
10,-10,100.0
10,-9,100.0
10,-9,100.0
10,-9,100.0
9,-9,100.0
9,-9,112.21197888578176
9,-9,107.77567961959073
8,-9,100.0
8,-9,209.2258583990141
8,-9,100.0
7,-9,100.0
7,-9,103.5285403019537
7,-9,121.86104332157778
7,-8,100.0
7,-8,100.0
7,-8,255.2163594439375
7,-7,100.0
7,-7,172.8455630021278
7,-7,126.27605304882123
6,-7,100.0
6,-7,139.184203089962
6,-7,105.98675516177842
6,-8,100.0
6,-8,100.0
6,-8,118.89802079917735
6,-7,111.0834654079726
6,-7,134.23338586027467
6,-7,173.79763259713224
6,-6,159.76006766352742
6,-6,122.80004310413574
6,-6,100.0
6,-5,265.4190350207457
6,-5,127.76185617863415
6,-5,113.31609483205862
6,-4,100.0
6,-4,100.0
6,-4,100.0
5,-4,104.8424186232571
5,-4,100.0
5,-4,100.0
4,-4,172.8450154666784
4,-4,218.77347778783044
4,-4,100.0
5,-4,168.49503206118072
5,-4,100.15773504467226
5,-4,170.242979420876
5,-3,100.0
5,-3,125.95965295890117
5,-3,100.0
5,-2,201.78953277924015
5,-2,100.0
5,-2,190.71775686831182
5,-1,163.33969945070066
5,-1,193.67555228529426
5,-1,144.6521256130201
4,-1,238.14023253619467
4,-1,100.0
4,-1,190.40229034434964
4,0,100.0
4,0,198.93191439017096
4,0,100.0
5,0,236.30522382443615
5,0,130.75590137566405
5,0,222.58728816649224
6,0,119.36789632783365
6,0,147.71726218578723
6,0,100.0
6,1,150.59673274609682
6,1,142.34008585168303
6,1,150.10217781252658
6,2,155.44145483141023
6,2,232.63189212739104
6,2,250.21447976764256
6,3,100.0
6,3,172.47729462250788
6,3,121.48116666918287
7,3,165.67228136724842
7,3,203.65134791258694
7,3,229.74906852420582
7,2,230.11574723621095
7,2,161.85753023078576
7,2,282.8101304943775
7,3,100.0
7,3,197.73231467622657
7,3,100.0
7,4,193.07125410598962
7,4,127.01520541238511
7,4,100.0
6,4,123.35429983035344
6,4,100.0
6,4,224.91120690907707
7,4,107.88771449169026
7,4,100.0
7,4,117.90249400002588
8,4,100.0
8,4,160.29023697770742
8,4,137.7123530097935
7,4,100.0
7,4,108.30315024610975
7,4,123.06737798377648
8,4,212.519139062163
8,4,100.0
8,4,100.0
7,4,124.76124632550204
7,4,100.0
7,4,130.63877795514986
7,3,100.0
7,3,174.44537284918545
7,3,148.92103583974585
7,2,208.83833273991098
7,2,100.0
7,2,100.0
6,2,120.61466243362403
6,2,187.30080106188635
6,2,100.0
6,3,175.68125603502367
6,3,100.0
6,3,100.0
5,3,100.0
5,3,148.68507463961376
5,3,189.25421320716544
4,3,100.0
4,3,115.82903916420352
4,3,101.0851157986923
3,3,100.0
3,3,223.48896012021754
3,3,100.0
3,2,123.68494384902934
3,2,111.65962433786214
3,2,207.61654369473277
2,2,201.91037504102138
2,2,313.16639627840004
2,2,233.00505269676174
1,2,161.9311704189109
1,2,248.34040088772826
1,2,198.2458429085134
0,2,192.14566702971348
0,2,219.26451450302952
0,2,146.7156997892889
-1,2,156.38877422994494
-1,2,202.16214007475926
-1,2,100.0
-2,2,195.97167983746692
-2,2,231.81529577375215
-2,2,129.60612796798554
-3,2,100.0
-3,2,121.4859549980756
-3,2,100.14643549733847
-4,2,166.65837134039248
-4,2,129.55472758321824
-4,2,136.26992316676575
-4,1,217.4770007656868
-4,1,130.11697998192514
-4,1,128.31337557400735
-5,1,229.2907796045945
-5,1,100.0
-5,1,146.20331233523493
-5,0,109.0809556752345
-5,0,126.51304700513595
-5,0,137.04811996086104
-4,0,151.29065713033776
-4,0,148.89786437437255
-4,0,125.82348068754757
-5,0,163.67031426602708
-5,0,152.61845917470617
-5,0,145.19959751692858
-5,-1,100.0
-5,-1,208.59306600881715
-5,-1,100.0
-6,-1,100.0
-6,-1,100.0
-6,-1,100.0
-7,-1,100.0
-7,-1,232.67986514134805
-7,-1,130.62045781642502
-8,-1,100.0
-8,-1,103.79509809602988
-8,-1,232.99692043883118
-9,-1,100.0
-9,-1,100.0
-9,-1,145.99883562752407
-10,-1,100.0
-10,-1,100.0
-10,-1,267.44683143737564
-11,-1,100.0
-11,-1,143.73847588323554
-11,-1,167.55916241544125
-11,-2,100.0
-11,-2,100.0
-11,-2,116.57966802985206
-11,-3,100.0
-11,-3,141.4154359956101
-11,-3,100.0
-12,-3,224.38359529114882
-12,-3,147.5031371063481
-12,-3,143.87999977938065
-12,-4,100.0
-12,-4,135.58451584896977
-12,-4,100.0
-11,-4,159.6804391890672
-11,-4,130.28297995080703
-11,-4,152.8723595538904
-11,-5,100.0
-11,-5,103.33939617697754
-11,-5,100.0
-12,-5,100.0
-12,-5,100.0
-12,-5,100.0
-13,-5,117.45576339190308
-13,-5,100.0
-13,-5,201.55314135044136
-13,-6,100.0
-13,-6,136.1533362109118
-13,-6,120.53529752064372
-13,-7,100.0
-13,-7,100.0
-13,-7,100.0
-14,-7,100.0
-14,-7,151.33811767291942
-14,-7,100.0
-15,-7,100.0
-15,-7,100.0
-15,-7,100.0
-15,-6,100.0
-15,-6,100.0
-15,-6,100.0
-15,-7,100.0
-15,-7,100.0
-15,-7,100.0
-15,-8,100.65683997953096
-15,-8,100.0
-15,-8,100.0
-16,-8,100.0
-16,-8,100.0
-16,-8,100.0
-15,-8,100.0
-15,-8,100.0
-15,-8,119.9400029764626
-14,-8,100.0
-14,-8,100.0
-14,-8,185.55276888218407
-14,-9,100.0
-14,-9,100.0
-14,-9,100.0
-15,-9,100.0
-15,-9,100.0
-15,-9,100.0
-16,-9,100.0
-16,-9,100.0
-16,-9,100.0
-16,-10,100.0
-16,-10,100.0
-16,-10,100.0
-15,-10,100.0
-15,-10,175.39852547628465
-15,-10,135.18329875236168
-14,-10,100.0
-14,-10,100.0
-14,-10,117.77384570333717
-14,-9,100.0
-14,-9,113.8984976103365
-14,-9,100.0
-14,-8,137.70299726496341
-14,-8,100.0
-14,-8,100.0
-13,-8,109.10653117719542
-13,-8,100.0
-13,-8,100.0
-13,-9,100.0
-13,-9,100.0
-13,-9,100.0
-13,-8,100.0
-13,-8,100.0
-13,-8,100.0
-12,-8,100.0
-12,-8,100.0
-12,-8,100.0
-11,-8,100.0
-11,-8,135.56941148328258
-11,-8,100.0
-10,-8,103.81790264259942
-10,-8,100.0
-10,-8,100.0
-9,-8,100.0
-9,-8,105.78445789950649
-9,-8,120.84093989831842
-9,-7,170.1399919802226
-9,-7,227.43539998902526
-9,-7,100.0
-9,-8,100.0
-9,-8,179.3241755052395
-9,-8,100.0
-8,-8,121.85144047453869
-8,-8,100.0
-8,-8,109.71081517703028
-7,-8,100.0
-7,-8,100.0
-7,-8,100.0
-7,-7,100.0
-7,-7,171.93240784436443
-7,-7,100.0
-7,-8,198.8952866282301
-7,-8,100.0
-7,-8,157.77870181000128
-7,-7,100.0
-7,-7,161.5111012165862
-7,-7,223.72196539251286
-7,-6,100.0
-7,-6,130.93657332279443
-7,-6,226.19844887111188
-7,-5,100.0
-7,-5,168.4788159099026
-7,-5,100.0
-6,-5,118.89492080904974
-6,-5,251.08350427575704
-6,-5,149.27286678663376
-5,-5,265.1606539834178
-5,-5,195.6765294424017
-5,-5,100.0
-4,-5,139.9710641868115
-4,-5,128.49632905870652
-4,-5,100.0
-4,-4,100.0
-4,-4,100.0
-4,-4,193.73292057061718
-3,-4,100.0
-3,-4,100.0
-3,-4,124.82335059256326
-3,-3,100.0
-3,-3,100.0
-3,-3,143.76775522775108
-3,-4,145.53107159882268
-3,-4,111.94820980795927
-3,-4,232.72962310807975
-3,-3,216.23587125545293
-3,-3,199.66332527993706
-3,-3,188.6320315499556
-3,-2,126.96318829878814
-3,-2,143.07652803230826
-3,-2,124.7647266040367
-4,-2,162.66268492376778
-4,-2,122.94958116082593
-4,-2,209.5955800487363
-4,-1,100.0
-4,-1,140.94671115658457
-4,-1,150.71798434994335
-3,-1,100.0
-3,-1,161.99502365584473
-3,-1,220.073221481096
-3,0,157.7774065267003
-3,0,190.45595351055687
-3,0,130.21881830064177
-2,0,172.11203502171296
-2,0,162.55309644689623
-2,0,154.70958577733347
-1,0,171.81757390065818
-1,0,234.2714014907648
-1,0,205.0711334898024
-2,0,191.18581279892942
-2,0,107.2718456372898
-2,0,175.14074817291356
-3,0,100.0
-3,0,161.7876568880477
-3,0,125.00127652355118
-2,0,170.99097752064912
-2,0,100.0
-2,0,100.0
-1,0,178.1050862659991
-1,0,100.0
-1,0,120.22598281283229
0,0,200.83936699429188
0,0,411.188170894646
0,0,217.7758816602818
0,-1,152.4581488625961
0,-1,269.1604958963515
0,-1,211.1009632760876
1,-1,217.25811523396357
1,-1,239.41020267142596
1,-1,157.3700336016925
2,-1,200.6975374625249
2,-1,172.1081279617446
2,-1,209.81288208756413
3,-1,157.4712181423917
3,-1,215.26537085537657
3,-1,100.0
4,-1,100.0
4,-1,183.24824843840082
4,-1,187.01044343734657
5,-1,136.97505493304763
5,-1,100.0
5,-1,143.31288318064827
5,-2,100.0
5,-2,224.51973621514202
5,-2,129.21425822409867
6,-2,132.5446055269732
6,-2,100.0
6,-2,177.05622027833664
6,-3,234.3503432788538
6,-3,119.71081449159233
6,-3,188.85481200409876
6,-4,100.0
6,-4,100.0
6,-4,154.4632948619535
7,-4,103.4758901344004
7,-4,137.40570588188052
7,-4,100.0
6,-4,100.0
6,-4,187.88277272356535
6,-4,268.43484502614876
6,-5,100.0
6,-5,100.0
6,-5,100.0
7,-5,208.50805023245562
7,-5,136.34721174194016
7,-5,100.0
8,-5,100.0
8,-5,108.75997661784098
8,-5,156.47395164633315
7,-5,106.04749568292021
7,-5,102.7014389554713
7,-5,100.0
8,-5,100.0
8,-5,100.0
8,-5,100.0
9,-5,170.65763045951164
9,-5,100.0
9,-5,100.0
10,-5,105.21879014879526
10,-5,125.6765096971855
10,-5,100.0
9,-5,127.5180925984037
9,-5,114.51628803418606
9,-5,100.0
8,-5,168.34321013808764
8,-5,100.0
8,-5,169.55114948176805
7,-5,131.4765592822688
7,-5,179.77187273279043
7,-5,181.67218127833695
8,-5,100.0
8,-5,100.0
8,-5,100.0
9,-5,230.29637126914923
9,-5,147.86584124643747
9,-5,151.99562331385823
9,-4,100.0
9,-4,100.0
9,-4,109.76393695982708
10,-4,100.0
10,-4,100.0
10,-4,100.0
11,-4,133.3865646421335
11,-4,192.35680032055836
11,-4,110.03748776218576
10,-4,100.0
10,-4,100.0
10,-4,163.96554497861226
11,-4,217.4936454506726
11,-4,131.9684440994289
11,-4,100.0
11,-3,100.0
11,-3,191.84139194003922
11,-3,102.62225172746746
11,-4,100.0
11,-4,119.49648935541536
11,-4,117.16903582396968
