11,-12,307.68280020770067
11,-11,200.0
11,-11,215.1180810197415
11,-12,387.95586859436696
11,-12,200.0
11,-11,200.0
11,-11,200.0
10,-11,200.0
10,-11,240.77795490813958
10,-12,200.0
10,-12,200.0
10,-11,200.0
10,-11,200.0
11,-11,200.0
11,-11,415.8940883377999
11,-10,214.64140650436838
11,-10,200.0
10,-10,225.26684767585357
10,-10,494.77576150287064
10,-9,531.6497409565188
10,-9,374.9871332969385
10,-10,200.0
10,-10,333.9273268474778
10,-9,200.0
10,-9,439.3194947219122
9,-9,200.0
9,-9,747.0322092394686
8,-9,200.0
8,-9,258.0743718112315
7,-9,352.5439318170802
7,-9,252.4935444499489
7,-8,491.8533173458884
7,-8,449.71075695519335
7,-7,200.0
7,-7,514.8949494986256
6,-7,580.9781071853982
6,-7,200.0
6,-8,458.4817083872565
6,-8,455.6311740157067
6,-7,200.0
6,-7,228.86634125617127
6,-6,378.60756605634833
6,-6,658.2956080696501
6,-5,328.8740843161436
6,-5,524.035187914044
6,-4,627.4776657602979
6,-4,342.3083129573597
5,-4,426.73173540367213
5,-4,579.336086289727
4,-4,496.5816031114686
4,-4,200.0
5,-4,451.3529435180542
5,-4,902.4755479957571
5,-3,200.0
5,-3,269.7252944966365
5,-2,248.11946389355717
5,-2,391.1659905424945
5,-1,803.0203511944244
5,-1,437.5444006091329
4,-1,477.8704559885431
4,-1,719.0778798265499
4,0,773.8068081085901
4,0,434.4423514380415
5,0,310.44552899462116
5,0,301.9954550799424
6,0,564.2908709749327
6,0,200.0
6,1,635.8162088033729
6,1,453.4232611029968
6,2,302.67435800756107
6,2,200.0
6,3,448.59058488628426
6,3,251.23734173989877
7,3,200.0
7,3,329.8657671200553
7,2,717.3615958954957
7,2,542.724273681038
7,3,634.8096707648946
7,3,291.12200438667384
7,4,200.0
7,4,306.8490975639149
6,4,441.49036113059634
6,4,812.6478932306374
7,4,336.5839624965031
7,4,860.994763988552
8,4,475.5940094079088
8,4,304.2588239704239
7,4,248.18195585675926
7,4,263.16837473004074
8,4,451.15239407576985
8,4,200.0
7,4,661.0247148416311
7,4,487.57881395655784
7,3,769.3565987962805
7,3,265.40662856897757
7,2,769.6923568655885
7,2,200.0
6,2,508.3149875618129
6,2,660.5183515657837
6,3,461.1749795460202
6,3,200.0
5,3,586.0887616335115
5,3,483.9894111668954
4,3,249.38654659382695
4,3,578.9310735967886
3,3,471.3748648220825
3,3,333.7079149325916
3,2,746.7480940747705
3,2,335.2675424607955
2,2,503.0715850819919
2,2,238.61749232781779
1,2,1330.8138238120105
1,2,704.7040162047914
0,2,277.66300102276966
0,2,739.8190854219822
-1,2,537.1488611067862
-1,2,1055.131629076213
-2,2,1028.3917408051802
-2,2,200.0
-3,2,929.0580364172214
-3,2,658.8245387604987
-4,2,442.1082259672469
-4,2,451.04596857373497
-4,1,553.7129027277747
-4,1,200.0
-5,1,623.2958251324936
-5,1,714.4274816573387
-5,0,639.6929957188331
-5,0,543.2168076277175
-4,0,332.6080157567646
-4,0,322.99130864457544
-5,0,1003.4834660534165
-5,0,399.71976313620485
-5,-1,570.6611168838949
-5,-1,878.1828895132603
-6,-1,314.20153898545965
-6,-1,363.5828261646847
-7,-1,399.1637956637867
-7,-1,673.0984416345209
-8,-1,689.3293494501486
-8,-1,217.27133313093142
-9,-1,200.0
-9,-1,351.746421683369
-10,-1,746.4900336257823
-10,-1,220.62006413205597
-11,-1,200.0
-11,-1,200.0
-11,-2,409.1017997584618
-11,-2,407.42632659546916
-11,-3,262.4275649970851
-11,-3,200.0
-12,-3,328.1020809518273
-12,-3,270.9534690280768
-12,-4,451.29322529005003
-12,-4,200.0
-11,-4,744.5243096118165
-11,-4,363.4635691374578
-11,-5,200.0
-11,-5,200.0
-12,-5,200.0
-12,-5,251.66865399757796
-13,-5,200.0
-13,-5,200.0
-13,-6,200.0
-13,-6,450.40253906980575
-13,-7,515.1247991761891
-13,-7,200.0
-14,-7,200.0
-14,-7,200.0
-15,-7,200.0
-15,-7,200.0
-15,-6,200.0
-15,-6,200.0
-15,-7,327.67256770535334
-15,-7,200.0
-15,-8,200.0
-15,-8,200.0
-16,-8,200.0
-16,-8,200.0
-15,-8,200.0
-15,-8,200.0
-14,-8,364.1139852496153
-14,-8,588.9521668617846
-14,-9,301.13722160871714
-14,-9,200.0
-15,-9,200.0
-15,-9,200.0
-16,-9,449.89573335353964
-16,-9,200.0
-16,-10,200.0
-16,-10,200.0
-15,-10,200.0
-15,-10,200.0
-14,-10,200.0
-14,-10,200.0
-14,-9,200.0
-14,-9,427.68077227087315
-14,-8,200.0
-14,-8,200.0
-13,-8,200.0
-13,-8,233.21595054128568
-13,-9,200.0
-13,-9,200.0
-13,-8,384.07440418545116
-13,-8,200.0
-12,-8,200.0
-12,-8,200.0
-11,-8,245.22446262568877
-11,-8,362.52974844527364
-10,-8,200.0
-10,-8,407.0686939493756
-9,-8,200.0
-9,-8,200.0
-9,-7,200.0
-9,-7,258.6248279068696
-9,-8,200.0
-9,-8,200.0
-8,-8,200.0
-8,-8,411.20091030737126
-7,-8,200.0
-7,-8,412.1999256276
-7,-7,677.5016385439424
-7,-7,628.5155245022587
-7,-8,200.0
-7,-8,266.65076113946213
-7,-7,200.0
-7,-7,581.111853714201
-7,-6,539.7663621369675
-7,-6,308.1860946170969
-7,-5,447.9885708959054
-7,-5,305.5626649047249
-6,-5,554.63109540948
-6,-5,1021.1742302509997
-5,-5,305.001754274639
-5,-5,200.0
-4,-5,329.8698157235542
-4,-5,261.8562021486102
-4,-4,200.0
-4,-4,607.3647834537608
-3,-4,416.28998944840873
-3,-4,469.4187196542083
-3,-3,753.3949964752966
-3,-3,376.02960770577323
-3,-4,477.3157789012927
-3,-4,366.22677345555246
-3,-3,590.0044887206559
-3,-3,212.2373949230768
-3,-2,396.96160226953185
-3,-2,309.23738760391245
-4,-2,429.5603973738704
