11,-12,211.33287659279563
11,-11,200.0
11,-11,200.0
11,-12,200.0
11,-12,248.61816264167928
11,-11,200.0
11,-11,580.7270799169089
10,-11,200.0
10,-11,200.0
10,-12,283.5476583589114
10,-12,200.0
10,-11,791.114499050769
10,-11,540.6742824422818
11,-11,200.0
11,-11,200.0
11,-10,296.43692628610336
11,-10,200.0
10,-10,200.0
10,-10,243.19653820218664
10,-9,200.0
10,-9,527.5371650005991
10,-10,200.0
10,-10,431.4447270281232
10,-9,200.0
10,-9,200.0
9,-9,649.2557990276632
9,-9,454.40968374065596
8,-9,603.2790950042802
8,-9,200.0
7,-9,354.0087950446994
7,-9,795.3579379863903
7,-8,652.8147582845907
7,-8,468.1812339572093
7,-7,358.48749060670855
7,-7,200.0
6,-7,840.3381547261944
6,-7,544.6454105921625
6,-8,200.0
6,-8,796.9013177814484
6,-7,933.3401364992767
6,-7,261.8228361515928
6,-6,200.0
6,-6,401.5806179187937
6,-5,266.4899892238738
6,-5,200.0
6,-4,610.6507437299847
6,-4,496.21296355548526
5,-4,750.6471951642458
5,-4,664.9364998705033
4,-4,820.4741699116189
4,-4,647.2705628873775
5,-4,705.5643759436316
5,-4,578.3225140610347
5,-3,348.77820921970994
5,-3,346.26035300877334
5,-2,802.3223127795471
5,-2,271.89072874083763
5,-1,770.2108958628605
5,-1,343.4589618418156
4,-1,674.4362376816173
4,-1,717.5933125697278
4,0,616.8170433279122
4,0,1121.1816255261522
5,0,986.6693412261434
5,0,914.3603731531637
6,0,907.503926282358
6,0,315.3248240392586
6,1,300.4260385411727
6,1,318.02667737342244
6,2,401.4538125077286
6,2,200.0
6,3,691.21957457552
6,3,340.03580952224445
7,3,223.01117653919468
7,3,783.9414932647342
7,2,427.59152853372467
7,2,364.7654145401329
7,3,217.70959155712134
7,3,666.2589519015572
7,4,591.8463231019048
7,4,389.2881587930991
6,4,890.020651112451
6,4,521.0308410231212
7,4,402.6173266775184
7,4,1062.6067264386302
8,4,392.28544318987446
8,4,560.5441005777775
7,4,315.9126091573279
7,4,200.0
8,4,751.7944310805307
8,4,591.7168621620594
7,4,737.3550874977816
7,4,598.0314000949868
7,3,200.0
7,3,624.0159158395329
7,2,493.75273753457304
7,2,200.0
6,2,379.08324312904756
6,2,397.15000414631334
6,3,565.959792653647
6,3,537.0090908713568
5,3,564.898953199563
5,3,616.57481162864
4,3,200.0
4,3,1039.288131780448
3,3,244.64879976701414
3,3,618.8491164899401
3,2,362.3588868240963
3,2,1387.643055058632
2,2,1131.2858047117961
2,2,1184.7111638385204
1,2,824.4779739419109
1,2,309.3570108605172
0,2,665.2585516093287
0,2,437.1271426484954
-1,2,1035.3112409617918
-1,2,521.6282563121363
-2,2,416.758326469233
-2,2,874.077649722906
-3,2,617.8069286229435
-3,2,802.0085844289242
-4,2,1092.6662463228463
-4,2,981.0740513821264
-4,1,985.1612509164618
-4,1,200.0
-5,1,226.79383340110508
-5,1,337.52718105357724
-5,0,248.55882051817417
-5,0,200.0
-4,0,327.4544580860786
-4,0,332.7550404896229
-5,0,523.8134987187926
-5,0,729.855431229866
-5,-1,200.0
-5,-1,567.3059406675648
-6,-1,809.0013851966019
-6,-1,200.0
-7,-1,288.0257646996503
-7,-1,212.46369632668973
-8,-1,456.96714121153946
-8,-1,331.8564932555523
-9,-1,249.1308433560377
-9,-1,263.03298989700033
-10,-1,793.8625326350859
-10,-1,331.9192532991222
-11,-1,356.6857468068631
-11,-1,463.63715541094155
-11,-2,347.71061608035717
-11,-2,200.0
-11,-3,354.49460070961237
-11,-3,200.0
-12,-3,200.0
-12,-3,200.0
-12,-4,492.156738449826
-12,-4,234.96944111717673
-11,-4,202.6932766143583
-11,-4,439.23598045531276
-11,-5,323.01679234746433
-11,-5,200.0
-12,-5,200.0
-12,-5,323.71562482255297
-13,-5,469.3837222872866
-13,-5,215.8427098921936
-13,-6,375.74695993683997
-13,-6,200.0
-13,-7,200.0
-13,-7,510.74188837085086
-14,-7,200.0
-14,-7,213.8827311851863
-15,-7,200.0
-15,-7,826.2949052641309
-15,-6,200.0
-15,-6,200.0
-15,-7,200.0
-15,-7,245.4134861473333
-15,-8,200.0
-15,-8,209.5337915354908
-16,-8,200.0
-16,-8,200.0
-15,-8,200.0
-15,-8,200.0
-14,-8,200.0
-14,-8,429.515527194699
-14,-9,516.3251628434978
-14,-9,335.29717367061835
-15,-9,200.0
-15,-9,200.0
-16,-9,219.06213793971529
-16,-9,290.44624554819563
-16,-10,200.0
-16,-10,200.0
-15,-10,233.34588131435976
-15,-10,200.0
-14,-10,200.0
-14,-10,200.0
-14,-9,200.0
-14,-9,582.0087935462511
-14,-8,471.7051571495526
-14,-8,200.0
-13,-8,503.04406322325246
-13,-8,262.1039273485527
-13,-9,200.0
-13,-9,200.0
-13,-8,473.2202959982388
-13,-8,313.35415450294613
-12,-8,330.76470120603005
-12,-8,469.23907546262814
-11,-8,349.65756078274944
-11,-8,340.0609008407758
-10,-8,200.0
-10,-8,291.8493837164797
-9,-8,200.0
-9,-8,349.6874512369746
-9,-7,200.0
-9,-7,675.2068431809998
-9,-8,468.07139624609283
-9,-8,200.0
-8,-8,358.91914922486865
-8,-8,374.5759189821248
-7,-8,200.0
-7,-8,331.06877474274404
-7,-7,390.4569205906295
-7,-7,521.3925424738961
-7,-8,200.0
-7,-8,412.21777998972277
-7,-7,267.90638340949835
-7,-7,203.02212528844694
-7,-6,379.3532165412872
-7,-6,630.645441654074
-7,-5,577.8079820916635
-7,-5,604.094972819749
-6,-5,200.0
-6,-5,408.57410151538096
-5,-5,222.1190155112477
-5,-5,549.9712564362783
-4,-5,284.97381089812586
-4,-5,558.2838476197489
-4,-4,768.8404531624993
-4,-4,437.3097149825148
-3,-4,260.8223984432959
-3,-4,827.089134253848
-3,-3,239.4920635788397
-3,-3,617.3518544794518
-3,-4,200.0
-3,-4,745.8717952519116
-3,-3,782.5495820762569
-3,-3,575.0001221945199
-3,-2,494.4866849340144
-3,-2,749.1833401364107
-4,-2,666.1205604957902
