11,-12,200.0
11,-11,200.0
11,-11,244.02611731929866
11,-12,200.0
11,-12,200.0
11,-11,200.0
11,-11,458.0856431448699
10,-11,200.0
10,-11,200.0
10,-12,200.0
10,-12,435.2130209776169
10,-11,200.0
10,-11,216.10625139027397
11,-11,200.0
11,-11,200.0
11,-10,471.22796492057586
11,-10,200.0
10,-10,226.28772107984486
10,-10,359.5191262595271
10,-9,291.1928955029354
10,-9,371.95196366352957
10,-10,200.0
10,-10,200.0
10,-9,287.4152051164289
10,-9,237.94486435405534
9,-9,590.8776121086826
9,-9,437.8391419785403
8,-9,214.26606235254863
8,-9,200.0
7,-9,293.38624184379785
7,-9,200.0
7,-8,294.6629284926099
7,-8,403.5142669468281
7,-7,270.5052308037527
7,-7,467.5953426900164
6,-7,1162.4524656295616
6,-7,660.5470564155653
6,-8,200.0
6,-8,200.0
6,-7,293.01680686757675
6,-7,274.93529819922566
6,-6,495.7050724183963
6,-6,687.983023059134
6,-5,200.0
6,-5,316.9430567816942
6,-4,200.0
6,-4,704.3468641095009
5,-4,263.2897465898802
5,-4,392.7218855291544
4,-4,346.4288041198687
4,-4,1023.9533309889847
5,-4,287.55076122065674
5,-4,304.06340669696044
5,-3,1187.6420506816808
5,-3,284.77512718841297
5,-2,834.4303320585011
5,-2,278.2093718086777
5,-1,269.7015859607009
5,-1,754.3774864502985
4,-1,584.3051448262319
4,-1,452.02480606957033
4,0,539.3391244766751
4,0,621.1368532006477
5,0,423.7378114074742
5,0,825.7736920838338
6,0,572.9261233198702
6,0,200.0
6,1,200.0
6,1,854.7513411000361
6,2,714.285691954455
6,2,684.1002798563327
6,3,453.51088042626446
6,3,308.1056922457326
7,3,463.26573694285594
7,3,288.5235693454
7,2,914.3787062675513
7,2,427.14610226637177
7,3,320.3427570839958
7,3,246.24689085790772
7,4,402.7616882325457
7,4,515.2893356911402
6,4,777.204505027524
6,4,249.76220485854918
7,4,255.632209186011
7,4,407.3703994192207
8,4,537.9759255468877
8,4,896.0464479172374
7,4,375.81652708564616
7,4,659.2130700778544
8,4,209.78255885681736
8,4,200.0
7,4,476.9479262868721
7,4,314.6145767254173
7,3,319.3781562038667
7,3,546.9154716008244
7,2,417.60490611965423
7,2,602.6636074551961
6,2,501.1923917611289
6,2,265.6908095658357
6,3,604.8381425758458
6,3,757.4604421410152
5,3,200.0
5,3,306.10807699813864
4,3,532.5675778188917
4,3,565.5342403237447
3,3,415.4886098616708
3,3,279.49830618657626
3,2,785.1387024620336
3,2,672.5981775382554
2,2,888.8282494221562
2,2,1208.23586001388
1,2,735.2916651499329
1,2,419.19091843007334
0,2,1030.724776514985
0,2,578.4323283793082
-1,2,562.2677517611922
-1,2,1465.04561136743
-2,2,423.93692719291107
-2,2,763.9946911412942
-3,2,200.0
-3,2,486.3375559918959
-4,2,1156.6818408478428
-4,2,641.86217398346
-4,1,567.968392550823
-4,1,482.8762579827398
-5,1,365.10018873185
-5,1,201.43243135716654
-5,0,1159.3165375695876
-5,0,497.121142461886
-4,0,518.2191717837737
-4,0,424.8573823073785
-5,0,200.0
-5,0,939.5838417031608
-5,-1,384.3189408997988
-5,-1,744.8552867568974
-6,-1,587.5345685663667
-6,-1,442.7061149895667
-7,-1,447.8356673233561
-7,-1,574.8588936146946
-8,-1,751.8739896093778
-8,-1,266.9260268932865
-9,-1,584.2796885181601
-9,-1,200.0
-10,-1,317.70001196340144
-10,-1,385.501049442457
-11,-1,395.1690349970009
-11,-1,304.38244575839013
-11,-2,524.249436080723
-11,-2,230.88896827781704
-11,-3,200.0
-11,-3,200.0
-12,-3,200.0
-12,-3,200.0
-12,-4,673.5294350539947
-12,-4,355.0152062800273
-11,-4,306.90893759654114
-11,-4,211.83728313589518
-11,-5,231.1491132317812
-11,-5,318.15101345557355
-12,-5,766.7391142997202
-12,-5,200.0
-13,-5,200.0
-13,-5,200.0
-13,-6,488.75440934597407
-13,-6,200.0
-13,-7,326.2345569515569
-13,-7,200.0
-14,-7,200.0
-14,-7,224.63834019509042
-15,-7,342.60334763332366
-15,-7,200.0
-15,-6,200.0
-15,-6,200.0
-15,-7,206.86642808290253
-15,-7,358.1488266326312
-15,-8,557.2807600551935
-15,-8,200.0
-16,-8,200.0
-16,-8,200.0
-15,-8,200.0
-15,-8,200.0
-14,-8,286.17618840160156
-14,-8,279.3504265998327
-14,-9,542.7246795547628
-14,-9,200.0
-15,-9,200.0
-15,-9,306.8134822902589
-16,-9,200.0
-16,-9,200.0
-16,-10,200.0
-16,-10,200.0
-15,-10,314.20482526414816
-15,-10,323.61789557174194
-14,-10,200.0
-14,-10,200.0
-14,-9,200.0
-14,-9,200.0
-14,-8,340.258751165774
-14,-8,200.0
-13,-8,207.0749500951167
-13,-8,200.0
-13,-9,200.0
-13,-9,200.0
-13,-8,200.0
-13,-8,200.0
-12,-8,220.63635517347697
-12,-8,200.0
-11,-8,217.22123760574954
-11,-8,336.2848917238709
-10,-8,209.63624520060995
-10,-8,290.30532327314364
-9,-8,200.0
-9,-8,200.0
-9,-7,428.1820176823418
-9,-7,200.0
-9,-8,200.0
-9,-8,207.65840222013668
-8,-8,200.0
-8,-8,418.046565555128
-7,-8,725.6165572623757
-7,-8,200.0
-7,-7,372.3685325706582
-7,-7,212.4113829738099
-7,-8,501.65972700442336
-7,-8,551.6083306153635
-7,-7,200.0
-7,-7,720.5018581047427
-7,-6,212.77563931819884
-7,-6,200.0
-7,-5,200.0
-7,-5,778.4689589854457
-6,-5,405.1075243748355
-6,-5,258.6050495255424
-5,-5,280.9196614943245
-5,-5,322.96824039581253
-4,-5,631.2582843763671
-4,-5,1002.9609504206102
-4,-4,364.6380899039783
-4,-4,200.0
-3,-4,549.7612883250464
-3,-4,200.0
-3,-3,884.4605648941333
-3,-3,1080.2959808793776
-3,-4,450.29195219251125
-3,-4,831.7457437868966
-3,-3,901.4030014916333
-3,-3,321.82223285694033
-3,-2,361.2588918909788
-3,-2,382.03967121168523
-4,-2,277.7314163591078
