11,-12,100.0
11,-12,134.02953390019496
11,-11,100.0
11,-11,100.0
11,-11,110.69223324035056
11,-12,100.0
11,-12,200.2324828228019
11,-12,100.0
11,-11,271.39208602890005
11,-11,100.0
11,-11,100.0
10,-11,100.0
10,-11,100.0
10,-11,104.15618592702623
10,-12,100.0
10,-12,100.0
10,-12,173.5488996002631
10,-11,100.0
10,-11,100.0
10,-11,154.97800174493239
11,-11,100.0
11,-11,112.73012347768457
11,-11,100.0
11,-10,100.0
11,-10,100.0
11,-10,100.0
10,-10,138.1106080026329
10,-10,119.30356934339551
10,-10,171.7555313489186
10,-9,100.0
10,-9,189.10449354806906
10,-9,100.0
10,-10,100.0
10,-10,100.0
10,-10,100.0
10,-9,100.0
10,-9,286.708843949497
10,-9,100.0
9,-9,153.05333776022323
9,-9,146.5914800845941
9,-9,100.0
8,-9,159.31855655087082
8,-9,100.0
8,-9,100.0
7,-9,127.5038065567781
7,-9,128.56212709690342
7,-9,157.75076330827696
7,-8,100.0
7,-8,100.0
7,-8,100.0
7,-7,100.0
7,-7,100.0
7,-7,230.82732461408415
6,-7,100.0
6,-7,153.63834048911002
6,-7,112.16220021907752
6,-8,102.88719856648657
6,-8,167.34458937736852
6,-8,174.8134808577809
6,-7,100.0
6,-7,100.0
6,-7,209.83918346652416
6,-6,100.0
6,-6,220.75673650619996
6,-6,213.41868396487826
6,-5,125.17458728587461
6,-5,102.71610801761463
6,-5,259.514525445142
6,-4,156.37926406376175
6,-4,119.88757045413067
6,-4,100.0
5,-4,209.381789692702
5,-4,107.34847809915337
5,-4,100.0
4,-4,167.6304971152
4,-4,176.87477049414937
4,-4,100.0
5,-4,100.0
5,-4,220.3536130246442
5,-4,100.0
5,-3,100.0
5,-3,126.84659407232684
5,-3,228.79601066545695
5,-2,162.54427588618188
5,-2,100.0
5,-2,100.0
5,-1,100.0
5,-1,100.0
5,-1,119.97759082659226
4,-1,234.5245390685468
4,-1,100.0
4,-1,100.0
4,0,100.0
4,0,180.43480200762312
4,0,185.8610325221942
5,0,100.0
5,0,103.26445760204868
5,0,100.0
6,0,141.57150953692891
6,0,329.5413413248084
6,0,145.5072274407331
6,1,161.24575871740623
6,1,152.28149578059876
6,1,158.10167202692352
6,2,243.9206020338555
6,2,169.98617636004795
6,2,273.78784612569086
6,3,100.0
6,3,105.96249441842478
6,3,163.96386187708413
7,3,100.0
7,3,100.0
7,3,187.94862009786803
7,2,100.0
7,2,100.0
7,2,100.0
7,3,142.5647468710509
7,3,198.25514140795326
7,3,212.19822573241814
7,4,307.170524508724
7,4,100.0
7,4,100.0
6,4,100.0
6,4,166.6078389960102
6,4,135.07432847503506
7,4,144.49764956025817
7,4,100.0
7,4,100.0
8,4,100.0
8,4,219.7099481671542
8,4,100.0
7,4,100.0
7,4,100.0
7,4,100.0
8,4,101.22401512120852
8,4,248.8156705487863
8,4,100.8969922790494
7,4,207.32194465356332
7,4,143.4591289471808
7,4,100.0
7,3,100.0
7,3,107.91269177308462
7,3,183.09750909985598
7,2,107.47795932236856
7,2,100.0
7,2,120.79476115279786
6,2,173.72426593796564
6,2,208.43199879543306
6,2,100.0
6,3,226.44769685775606
6,3,100.0
6,3,100.0
5,3,100.0
5,3,123.9164122633616
5,3,195.44234208003698
4,3,250.28955984544362
4,3,100.0
4,3,100.0
3,3,193.2753357759026
3,3,100.0
3,3,100.0
3,2,189.25079117666274
3,2,100.0
3,2,228.98868991337432
2,2,211.16159496925664
2,2,111.54861402747599
2,2,177.20064924726893
1,2,183.32774055197194
1,2,100.0
1,2,117.1112218138958
0,2,100.0
0,2,148.09488739096247
0,2,100.0
-1,2,179.98929570688787
-1,2,191.80847326830695
-1,2,109.44946961807636
-2,2,194.6354911774484
-2,2,183.00628726585686
-2,2,210.09401088649471
-3,2,123.87237140765079
-3,2,245.06896942501294
-3,2,175.75037369484238
-4,2,100.0
-4,2,225.08490355174615
-4,2,100.0
-4,1,100.0
-4,1,125.73328364984576
-4,1,136.73586573221695
-5,1,100.0
-5,1,163.98743989382584
-5,1,138.36252865242352
-5,0,176.97006456523664
-5,0,137.94683385721763
-5,0,108.44400792375262
-4,0,109.1768669640166
-4,0,159.42286985724192
-4,0,214.0989012681097
-5,0,192.63601163180806
-5,0,202.73969994630136
-5,0,129.28377883823157
-5,-1,198.13935766176022
-5,-1,100.0
-5,-1,100.0
-6,-1,193.48124993535936
-6,-1,100.0
-6,-1,100.0
-7,-1,100.0
-7,-1,157.79418411420968
-7,-1,100.25750911334585
-8,-1,197.83332231045284
-8,-1,100.0
-8,-1,133.72177511944236
-9,-1,157.76067979895396
-9,-1,100.0
-9,-1,100.0
-10,-1,100.0
-10,-1,100.0
-10,-1,100.0
-11,-1,168.1263959414394
-11,-1,100.0
-11,-1,166.93571105741555
-11,-2,100.0
-11,-2,100.0
-11,-2,100.0
-11,-3,100.0
-11,-3,121.2809421854187
-11,-3,134.6664919773072
-12,-3,100.0
-12,-3,217.67903671965075
-12,-3,100.0
-12,-4,189.11710572346846
-12,-4,100.0
-12,-4,100.0
-11,-4,213.23529485573675
-11,-4,100.0
-11,-4,100.0
-11,-5,100.0
-11,-5,100.0
-11,-5,100.0
-12,-5,133.1592586308168
-12,-5,100.0
-12,-5,119.81027371683439
-13,-5,142.105421455197
-13,-5,153.98355386023545
-13,-5,100.0
-13,-6,112.6013833507692
-13,-6,110.67158742217475
-13,-6,117.26967456805785
-13,-7,100.0
-13,-7,206.70840155199602
-13,-7,100.0
-14,-7,100.0
-14,-7,100.0
-14,-7,100.0
-15,-7,100.0
-15,-7,100.0
-15,-7,100.0
-15,-6,100.0
-15,-6,100.0
-15,-6,100.0
-15,-7,100.0
-15,-7,100.0
-15,-7,100.0
-15,-8,100.0
-15,-8,144.63380165894824
-15,-8,100.0
-16,-8,100.0
-16,-8,100.0
-16,-8,100.0
-15,-8,100.0
-15,-8,100.0
-15,-8,141.908132202733
-14,-8,185.1778691779313
-14,-8,100.0
-14,-8,129.62569075619422
-14,-9,100.0
-14,-9,100.0
-14,-9,100.0
-15,-9,102.61132575624289
-15,-9,100.0
-15,-9,116.18093211953995
-16,-9,100.0
-16,-9,100.0
-16,-9,105.52470966223724
-16,-10,119.71647199288519
-16,-10,100.0
-16,-10,100.0
-15,-10,100.0
-15,-10,100.0
-15,-10,139.3504036810048
-14,-10,100.0
-14,-10,100.0
-14,-10,100.0
-14,-9,171.61305491540898
-14,-9,100.0
-14,-9,100.0
-14,-8,100.0
-14,-8,163.47147458845
-14,-8,100.0
-13,-8,100.0
-13,-8,100.0
-13,-8,100.0
-13,-9,145.73944122062352
-13,-9,102.08057402806085
-13,-9,100.0
-13,-8,100.0
-13,-8,100.0
-13,-8,100.0
-12,-8,100.0
-12,-8,100.0
-12,-8,109.9889554059754
-11,-8,100.0
-11,-8,100.0
-11,-8,100.0
-10,-8,100.0
-10,-8,100.0
-10,-8,100.0
-9,-8,115.66478344046727
-9,-8,100.0
-9,-8,202.66666077425526
-9,-7,184.86921697988296
-9,-7,100.0
-9,-7,100.0
-9,-8,113.74759252060159
-9,-8,100.0
-9,-8,323.91232020363634
-8,-8,385.201498873134
-8,-8,100.0
-8,-8,135.65662476308137
-7,-8,108.74831079169289
-7,-8,173.01040477840002
-7,-8,158.89481724939535
-7,-7,100.0
-7,-7,100.0
-7,-7,100.0
-7,-8,100.0
-7,-8,174.60595226960214
-7,-8,100.0
-7,-7,100.0
-7,-7,154.04964585008744
-7,-7,100.0
-7,-6,139.61805192608696
-7,-6,110.99190000833406
-7,-6,138.8119448779159
-7,-5,100.0
-7,-5,100.0
-7,-5,100.0
-6,-5,120.84551451556386
-6,-5,100.0
-6,-5,143.2776767519713
-5,-5,210.3817337728151
-5,-5,158.51244629865022
-5,-5,167.84859097205927
-4,-5,116.74889535005155
-4,-5,100.0
-4,-5,354.0053220091452
-4,-4,100.0
-4,-4,100.0
-4,-4,116.1587526853078
-3,-4,127.1974372960137
-3,-4,115.4293831636596
-3,-4,141.8485648017178
-3,-3,219.3710505535732
-3,-3,100.0
-3,-3,289.25236469454876
-3,-4,131.44650266155324
-3,-4,121.43121836821823
-3,-4,143.16707976087926
-3,-3,111.30795099905875
-3,-3,185.98553559386218
-3,-3,261.2640977591409
-3,-2,191.6619004292587
-3,-2,168.69641860185487
-3,-2,160.0323193377151
-4,-2,238.66369958344242
-4,-2,100.0
-4,-2,123.35100380654727
-4,-1,121.52079298580091
-4,-1,132.19046377687093
-4,-1,100.0
-3,-1,132.27209865267795
-3,-1,151.63326030036123
-3,-1,183.2188462335813
-3,0,102.00714968753779
-3,0,139.1421826670216
-3,0,157.46537702843824
-2,0,269.18786174251903
-2,0,232.19017526051294
-2,0,236.25292403063818
-1,0,223.31239555154914
-1,0,235.03478162639715
-1,0,241.37680310116824
-2,0,176.64038813723656
-2,0,100.0
-2,0,231.67262655449287
-3,0,100.72253625117139
-3,0,139.00573065031327
-3,0,225.9135836490021
-2,0,228.83791097014884
-2,0,164.3198169794506
-2,0,113.05125141565254
-1,0,203.29408095932303
-1,0,263.4906241785238
-1,0,268.86456003626984
0,0,195.89693385888035
0,0,164.23342326925047
0,0,167.6623279073788
0,-1,196.97745005338288
0,-1,253.5937101564573
0,-1,222.67269468205498
1,-1,239.27554727776925
1,-1,306.7445454304001
1,-1,251.67285594795777
2,-1,166.48925637951066
2,-1,155.61474094282795
2,-1,121.39902652043057
3,-1,211.28520084454712
3,-1,100.0
3,-1,184.17089072951066
4,-1,114.24968063294216
4,-1,217.6649342219731
4,-1,140.88001010567456
5,-1,205.86112774502715
5,-1,208.92886792807488
5,-1,137.31282469048705
5,-2,125.08910071840661
5,-2,175.40508592882452
5,-2,246.6140274986169
6,-2,100.0
6,-2,100.0
6,-2,172.0252755749021
6,-3,105.88416222073198
6,-3,100.0
6,-3,100.0
6,-4,132.2250010997302
6,-4,100.0
6,-4,196.45264025240232
7,-4,131.45706603935807
7,-4,100.0
7,-4,221.1468881534458
6,-4,153.4530867728679
6,-4,151.9739753877449
6,-4,112.62751295063279
6,-5,100.0
6,-5,153.2040155099225
6,-5,106.97717893117924
7,-5,166.15668230276847
7,-5,146.83267927990028
7,-5,133.76846795372057
8,-5,118.25667399419666
8,-5,163.5598815711805
8,-5,100.0
7,-5,208.78857241558137
7,-5,157.51703698798764
7,-5,140.18031804629203
8,-5,170.32505632722945
8,-5,100.0
8,-5,100.0
9,-5,104.85904750895219
9,-5,148.32726461384402
9,-5,100.0
10,-5,136.29058739892804
10,-5,109.25602199880375
10,-5,104.96332481588031
9,-5,156.31245887408602
9,-5,100.0
9,-5,100.0
8,-5,123.53085061858647
8,-5,191.50227093954948
8,-5,100.0
7,-5,155.26337626008905
7,-5,118.84564108096
7,-5,184.63479015593373
8,-5,110.65494052156855
8,-5,100.0
8,-5,134.66053289021892
9,-5,100.26235005370461
9,-5,100.0
9,-5,100.0
9,-4,139.3585991758833
9,-4,146.65540844919389
9,-4,129.41104814096835
10,-4,200.91593240448282
10,-4,100.0
10,-4,158.67253331614086
11,-4,124.99160274784909
11,-4,100.0
11,-4,100.0
10,-4,100.0
10,-4,100.0
10,-4,284.8691820955954
11,-4,100.0
11,-4,190.79097923607003
11,-4,100.0
11,-3,153.29073532331552
11,-3,173.30084631302276
11,-3,100.0
11,-4,100.0
11,-4,100.0
11,-4,100.0
