11,-12,138.0942486986948
11,-12,154.60217556485017
11,-11,115.21712317989825
11,-11,100.0
11,-11,100.0
11,-12,108.49329747332598
11,-12,120.00667288082833
11,-12,110.31505697772579
11,-11,136.77519070798945
11,-11,155.45057779151045
11,-11,100.0
10,-11,122.80530155013332
10,-11,100.0
10,-11,100.0
10,-12,100.0
10,-12,100.0
10,-12,100.0
10,-11,100.0
10,-11,123.13763109588282
10,-11,153.7579554522324
11,-11,112.22324596512192
11,-11,111.49077196997584
11,-11,100.0
11,-10,100.0
11,-10,100.0
11,-10,100.0
10,-10,100.0
10,-10,100.0
10,-10,100.0
10,-9,152.38413541628722
10,-9,100.0
10,-9,113.23468219969511
10,-10,100.0
10,-10,146.48545087721965
10,-10,100.0
10,-9,100.0
10,-9,100.0
10,-9,100.0
9,-9,100.0
9,-9,100.0
9,-9,124.97778138491987
8,-9,100.0
8,-9,100.0
8,-9,125.76171796555387
7,-9,100.0
7,-9,168.3377106840597
7,-9,100.0
7,-8,100.0
7,-8,100.0
7,-8,100.0
7,-7,100.0
7,-7,120.23216798336534
7,-7,100.0
6,-7,147.33612528169118
6,-7,100.0
6,-7,100.0
6,-8,100.0
6,-8,189.65218596512585
6,-8,100.0
6,-7,114.97866841624146
6,-7,225.09717582150694
6,-7,105.34653379818724
6,-6,100.0
6,-6,100.0
6,-6,241.01101650688452
6,-5,157.22594612689295
6,-5,121.24008776193992
6,-5,159.30679134261192
6,-4,241.15344852709288
6,-4,210.94799362392817
6,-4,201.2934934013246
5,-4,100.0
5,-4,144.44027254515365
5,-4,100.0
4,-4,100.0
4,-4,139.51965794559737
4,-4,119.06531983421048
5,-4,197.71445384357168
5,-4,155.25835323516276
5,-4,237.78491690838905
5,-3,100.0
5,-3,100.0
5,-3,100.0
5,-2,140.60057340424424
5,-2,239.4050858680974
5,-2,174.8717698972209
5,-1,126.60500732141752
5,-1,265.80238944602655
5,-1,181.49506426858238
4,-1,130.44387494665145
4,-1,100.0
4,-1,243.29829273521727
4,0,100.0
4,0,144.56421547934087
4,0,160.44933614788434
5,0,131.03498568841258
5,0,100.0
5,0,100.0
6,0,135.5892968272758
6,0,126.2466590681526
6,0,152.35218741578979
6,1,182.37497679601557
6,1,231.20601829145733
6,1,148.04082970138953
6,2,100.0
6,2,100.0
6,2,157.16785309566706
6,3,100.0
6,3,137.12868271605245
6,3,227.08206375858484
7,3,100.0
7,3,100.0
7,3,150.43309106102421
7,2,135.75227882691195
7,2,142.38443939246272
7,2,191.12755552918208
7,3,150.59870220562044
7,3,181.59401999689536
7,3,100.0
7,4,205.72525634372641
7,4,100.0
7,4,118.34429923960674
6,4,100.0
6,4,100.0
6,4,115.78577166042024
7,4,162.02762073822578
7,4,105.78529752003465
7,4,100.0
8,4,100.0
8,4,108.06539981970627
8,4,226.70234641644018
7,4,197.0799860322182
7,4,149.10039383764658
7,4,100.0
8,4,100.0
8,4,100.0
8,4,152.98621478755013
7,4,101.0446357117502
7,4,119.0322921746826
7,4,283.3400584727635
7,3,100.0
7,3,127.08023089599641
7,3,128.59082197539092
7,2,168.9106976428685
7,2,100.0
7,2,133.45843460201291
6,2,100.0
6,2,100.0
6,2,223.04520269467088
6,3,327.6023071420625
6,3,114.62801614075546
6,3,152.45620292742007
5,3,287.1250330005271
5,3,153.3588700553194
5,3,194.58703325882664
4,3,100.0
4,3,175.0924562944835
4,3,111.33725086988815
3,3,142.45321875497538
3,3,100.0
3,3,100.0
3,2,100.0
3,2,185.54489049783885
3,2,186.56875307083087
2,2,207.1043943983169
2,2,185.7006264497358
2,2,107.06843882261914
1,2,100.0
1,2,128.4228545010756
1,2,100.0
0,2,143.05875176682787
0,2,100.0
0,2,198.20635883688135
-1,2,100.0
-1,2,212.8293662844296
-1,2,215.344207389303
-2,2,271.37839883818066
-2,2,289.9402695287167
-2,2,100.0
-3,2,169.48269252562744
-3,2,106.2194388568333
-3,2,100.0
-4,2,114.48142721275539
-4,2,136.51954347853672
-4,2,198.4223666113118
-4,1,130.0923034545483
-4,1,107.70939726628275
-4,1,184.22888228452763
-5,1,154.5332422493581
-5,1,176.7297007737986
-5,1,100.0
-5,0,100.0
-5,0,224.46238487850485
-5,0,133.40352535495114
-4,0,242.6295950585924
-4,0,148.16462958971218
-4,0,138.61226556085617
-5,0,100.0
-5,0,111.39938236344646
-5,0,147.00744651224795
-5,-1,197.82071127731132
-5,-1,165.95111295331384
-5,-1,157.47462847481185
-6,-1,100.0
-6,-1,104.83396254183486
-6,-1,172.4336915741906
-7,-1,100.0
-7,-1,141.25193115723445
-7,-1,240.2144848122096
-8,-1,100.0
-8,-1,112.40271986933271
-8,-1,100.0
-9,-1,120.29983688009855
-9,-1,100.0
-9,-1,100.0
-10,-1,154.69825990866252
-10,-1,100.0
-10,-1,100.0
-11,-1,100.0
-11,-1,274.94752152307007
-11,-1,100.0
-11,-2,126.7433225174726
-11,-2,167.70479434712627
-11,-2,100.0
-11,-3,100.0
-11,-3,108.2318551510219
-11,-3,108.37149061183122
-12,-3,100.0
-12,-3,100.0
-12,-3,100.0
-12,-4,216.33959349803308
-12,-4,106.34501554312348
-12,-4,100.0
-11,-4,100.0
-11,-4,115.00897642848716
-11,-4,173.89229879976068
-11,-5,100.0
-11,-5,100.0
-11,-5,100.0
-12,-5,202.96102447428623
-12,-5,100.0
-12,-5,100.0
-13,-5,100.0
-13,-5,100.0
-13,-5,170.25507261034792
-13,-6,100.0
-13,-6,117.87891865249603
-13,-6,100.0
-13,-7,117.56570365579773
-13,-7,100.0
-13,-7,206.84535095345925
-14,-7,115.79889564771689
-14,-7,100.0
-14,-7,100.0
-15,-7,118.69642109954887
-15,-7,100.0
-15,-7,207.6658703632885
-15,-6,100.0
-15,-6,100.0
-15,-6,100.0
-15,-7,100.0
-15,-7,146.14392721015616
-15,-7,100.0
-15,-8,100.0
-15,-8,100.0
-15,-8,100.0
-16,-8,100.0
-16,-8,100.0
-16,-8,100.0
-15,-8,143.03855869723785
-15,-8,100.0
-15,-8,164.49176939477738
-14,-8,100.0
-14,-8,132.82159634207858
-14,-8,100.0
-14,-9,100.0
-14,-9,200.07380896767046
-14,-9,111.89690859179825
-15,-9,100.0
-15,-9,100.0
-15,-9,100.0
-16,-9,162.31211467183581
-16,-9,100.0
-16,-9,100.0
-16,-10,211.69569692276744
-16,-10,100.0
-16,-10,100.0
-15,-10,100.0
-15,-10,100.0
-15,-10,100.0
-14,-10,100.0
-14,-10,100.0
-14,-10,100.0
-14,-9,122.87095830902852
-14,-9,100.0
-14,-9,100.0
-14,-8,100.0
-14,-8,100.0
-14,-8,100.0
-13,-8,100.0
-13,-8,100.0
-13,-8,100.0
-13,-9,112.60052448500703
-13,-9,100.0
-13,-9,125.45537262125063
-13,-8,100.0
-13,-8,100.0
-13,-8,100.0
-12,-8,164.6203681910895
-12,-8,120.87283964460164
-12,-8,152.8248899224214
-11,-8,117.34731825694394
-11,-8,100.0
-11,-8,110.84889086155493
-10,-8,139.80292741672093
-10,-8,212.66075858398693
-10,-8,208.72889261377503
-9,-8,100.0
-9,-8,100.0
-9,-8,100.0
-9,-7,199.1060414530868
-9,-7,100.0
-9,-7,112.0682978200905
-9,-8,120.76001063513466
-9,-8,120.14078976254225
-9,-8,100.0
-8,-8,136.32919960512902
-8,-8,175.21024985952732
-8,-8,100.0
-7,-8,171.88057434504304
-7,-8,117.35104396548795
-7,-8,146.58639023103333
-7,-7,115.02196455853826
-7,-7,120.45131498825786
-7,-7,176.92630708815895
-7,-8,100.0
-7,-8,100.0
-7,-8,141.38613776326548
-7,-7,216.28877039031346
-7,-7,186.47312647266358
-7,-7,112.92759162068339
-7,-6,116.0365034923986
-7,-6,100.0
-7,-6,100.0
-7,-5,105.55951704159429
-7,-5,100.0
-7,-5,100.0
-6,-5,100.0
-6,-5,129.06256845644018
-6,-5,100.0
-5,-5,234.21370812729327
-5,-5,146.45832760728055
-5,-5,100.0
-4,-5,211.1419712607189
-4,-5,100.0
-4,-5,225.49866893914492
-4,-4,296.22200769519407
-4,-4,158.1259109357652
-4,-4,148.95417578233537
-3,-4,172.96815453380003
-3,-4,228.18639935052784
-3,-4,100.0
-3,-3,229.87212109007277
-3,-3,130.4869193866393
-3,-3,298.8596241970352
-3,-4,118.87004080682424
-3,-4,100.0
-3,-4,109.51182067229482
-3,-3,168.22538898162284
-3,-3,118.40300391156121
-3,-3,151.2316960179368
-3,-2,100.0
-3,-2,126.07004215684803
-3,-2,119.61885455542087
-4,-2,183.2676519987087
-4,-2,207.59040011571767
-4,-2,100.0
-4,-1,289.9167747070341
-4,-1,113.24875361837614
-4,-1,109.11381071871693
-3,-1,216.49640840638497
-3,-1,128.61141374482065
-3,-1,224.13296969048446
-3,0,116.21301996250398
-3,0,193.22523621241547
-3,0,140.2728950893307
-2,0,100.0
-2,0,126.32233025501648
-2,0,229.3406595519081
-1,0,195.61734884584163
-1,0,137.52956408116717
-1,0,166.4080005310026
-2,0,100.0
-2,0,221.44840857450848
-2,0,192.662682375968
-3,0,167.0350578979962
-3,0,148.09265431339833
-3,0,180.5297047959683
-2,0,204.74150047457388
-2,0,186.10015440279778
-2,0,102.59035868624288
-1,0,199.19823822229142
-1,0,148.4459979243338
-1,0,134.0594317852494
0,0,209.26537360939295
0,0,221.0992125036166
0,0,293.5425847699506
0,-1,112.15665770838461
0,-1,171.68591520422387
0,-1,169.33694565125057
1,-1,319.17120956379915
1,-1,201.14489587945823
1,-1,239.4709574039923
2,-1,183.06312103552258
2,-1,166.3675211490557
2,-1,199.0624455925741
3,-1,279.30938988654094
3,-1,136.25917358936456
3,-1,135.65112718734778
4,-1,100.0
4,-1,190.63388413098298
4,-1,146.43360471465388
5,-1,159.29629292700997
5,-1,222.04941237634534
5,-1,168.97017902245557
5,-2,155.02923170819534
5,-2,128.48405581123183
5,-2,193.70098518357202
6,-2,224.86887688891773
6,-2,100.0
6,-2,100.0
6,-3,139.40361429893431
6,-3,213.2538369862013
6,-3,100.0
6,-4,106.64946474756938
6,-4,100.0
6,-4,278.669110778148
7,-4,174.94149951400885
7,-4,100.0
7,-4,173.88697509607624
6,-4,126.74392601138076
6,-4,100.0
6,-4,100.0
6,-5,190.17542584927142
6,-5,114.1095814731635
6,-5,260.30324850677255
7,-5,100.0
7,-5,158.776574530199
7,-5,167.6294753440876
8,-5,109.82853859289573
8,-5,100.0
8,-5,188.55617019803472
7,-5,100.0
7,-5,164.26317188396737
7,-5,132.73160680166936
8,-5,165.03147991027163
8,-5,206.170654753626
8,-5,123.22482022422585
9,-5,100.0
9,-5,100.0
9,-5,143.0500522417747
10,-5,100.0
10,-5,124.17377697471616
10,-5,100.0
9,-5,100.0
9,-5,100.0
9,-5,100.0
8,-5,100.0
8,-5,100.0
8,-5,100.0
7,-5,198.48204603108314
7,-5,147.08824099426997
7,-5,125.09112200032109
8,-5,100.0
8,-5,122.81796450989857
8,-5,100.0
9,-5,188.472039065686
9,-5,128.55778361326466
9,-5,132.3128293125548
9,-4,132.01109467236193
9,-4,100.0
9,-4,127.14121748098117
10,-4,138.07689481207962
10,-4,100.0
10,-4,109.4836803834811
11,-4,100.0
11,-4,100.0
11,-4,251.07920411502283
10,-4,138.03485755301585
10,-4,163.52594775411046
10,-4,120.28836466833555
11,-4,100.0
11,-4,100.0
11,-4,100.0
11,-3,100.0
11,-3,100.0
11,-3,100.0
11,-4,100.0
11,-4,139.11229124002807
11,-4,126.15330646950993
