11,-12,100.0
11,-12,134.36666918220067
11,-11,117.56334410854987
11,-11,130.66819654210443
11,-11,150.4106288574846
11,-12,100.0
11,-12,129.78528837515742
11,-12,100.0
11,-11,168.67299423328504
11,-11,143.9851416299615
11,-11,100.0
10,-11,100.0
10,-11,149.27027776841135
10,-11,131.6755990054513
10,-12,100.0
10,-12,100.0
10,-12,100.0
10,-11,100.0
10,-11,198.6045427486986
10,-11,103.7678941784013
11,-11,100.0
11,-11,100.0
11,-11,153.85569863249762
11,-10,160.55722689600196
11,-10,100.0
11,-10,133.75427213204296
10,-10,168.9899257993937
10,-10,100.0
10,-10,100.0
10,-9,100.0
10,-9,100.0
10,-9,100.0
10,-10,100.0
10,-10,152.19643161086077
10,-10,100.0
10,-9,112.93016288316699
10,-9,100.0
10,-9,100.0
9,-9,100.0
9,-9,131.41327524842063
9,-9,146.34681198337887
8,-9,100.0
8,-9,104.86662402367172
8,-9,100.0
7,-9,100.0
7,-9,119.69728895091292
7,-9,100.04521602448384
7,-8,100.0
7,-8,100.0
7,-8,178.87622213721625
7,-7,100.0
7,-7,100.0
7,-7,158.08989896291965
6,-7,203.71188430492708
6,-7,100.0
6,-7,100.0
6,-8,240.26423254118697
6,-8,100.0
6,-8,100.0
6,-7,194.20913179624768
6,-7,100.0
6,-7,100.0
6,-6,100.0
6,-6,100.0
6,-6,142.6194633939774
6,-5,154.82085323776067
6,-5,172.90927387987517
6,-5,137.59922283088565
6,-4,224.45524834806744
6,-4,106.75196501443239
6,-4,100.0
5,-4,237.68359628599922
5,-4,155.48275759752184
5,-4,100.0
4,-4,100.0
4,-4,158.33483195425856
4,-4,204.25261509264558
5,-4,160.15568018649662
5,-4,143.91185551401625
5,-4,212.73571014925568
5,-3,177.18108621666786
5,-3,166.13828706711556
5,-3,200.8240816360815
5,-2,201.24006933243993
5,-2,100.0
5,-2,179.9163271311188
5,-1,100.0
5,-1,123.31883249331837
5,-1,162.477367968884
4,-1,100.0
4,-1,100.0
4,-1,101.80092727473334
4,0,140.82581545786485
4,0,100.0
4,0,100.0
5,0,100.0
5,0,158.1182282190724
5,0,100.0
6,0,110.95181415570062
6,0,149.91134791293703
6,0,217.72625553211427
6,1,100.0
6,1,152.08474687006998
6,1,228.6335528993768
6,2,174.5614782957208
6,2,115.94820374736261
6,2,173.1529295018919
6,3,100.0
6,3,153.04188815957906
6,3,100.0
7,3,148.41686717174298
7,3,100.0
7,3,263.05511054295664
7,2,132.69114606755855
7,2,277.81106565580467
7,2,133.048516355205
7,3,100.0
7,3,147.61594608447658
7,3,143.05401839407813
7,4,201.7737927253775
7,4,109.7732895660213
7,4,164.85767695759145
6,4,109.23138589131392
6,4,100.0
6,4,150.981925249305
7,4,168.25335091010373
7,4,183.4124437256815
7,4,165.77167479646116
8,4,100.0
8,4,100.0
8,4,204.64612814886405
7,4,100.0
7,4,100.0
7,4,101.76728594534923
8,4,100.0
8,4,300.6367819844005
8,4,100.0
7,4,100.0
7,4,210.40364353070248
7,4,171.58562237669923
7,3,100.0
7,3,112.44813437226205
7,3,320.6144690662777
7,2,194.12574604077247
7,2,192.37281462343333
7,2,100.0
6,2,100.0
6,2,100.0
6,2,187.24352216332915
6,3,182.05046937914975
6,3,218.93665498493232
6,3,100.0
5,3,129.91460400294932
5,3,100.0
5,3,101.75160569422859
4,3,100.0
4,3,137.43617964258246
4,3,100.0
3,3,229.35295319115988
3,3,151.9594379186362
3,3,218.47551118066514
3,2,212.8112605687802
3,2,166.91180663149376
3,2,108.30092027405726
2,2,194.83967162261
2,2,155.26428944050906
2,2,144.07226181689853
1,2,114.60224438215914
1,2,166.82196672903956
1,2,231.86615715500017
0,2,160.36307081630744
0,2,113.03164679232219
0,2,111.56313856603542
-1,2,133.53026924985843
-1,2,185.63151727337373
-1,2,261.3311137556094
-2,2,244.99574435585748
-2,2,208.1141229839544
-2,2,120.36355470669714
-3,2,305.69087724216314
-3,2,250.8420812647872
-3,2,232.8254250751541
-4,2,183.30594207564658
-4,2,139.67376424959252
-4,2,179.534077782275
-4,1,224.94695371900906
-4,1,100.0
-4,1,100.0
-5,1,100.0
-5,1,172.52249874711714
-5,1,198.53707932502206
-5,0,205.45981067309083
-5,0,171.0265718613336
-5,0,116.38497958186065
-4,0,175.6978366354703
-4,0,100.534313858263
-4,0,107.31480489826657
-5,0,275.3591434316204
-5,0,211.45017579294893
-5,0,103.46568863905081
-5,-1,187.12334070529658
-5,-1,171.1600386715638
-5,-1,100.0
-6,-1,161.6563545697532
-6,-1,100.0
-6,-1,281.15886317767604
-7,-1,100.0
-7,-1,187.21399222699824
-7,-1,100.0
-8,-1,100.0
-8,-1,100.0
-8,-1,100.0
-9,-1,189.65837025907155
-9,-1,100.0
-9,-1,100.0
-10,-1,100.0
-10,-1,100.0
-10,-1,100.0
-11,-1,100.0
-11,-1,100.0
-11,-1,136.00564620618428
-11,-2,100.0
-11,-2,113.15949784316587
-11,-2,100.0
-11,-3,202.1543711816978
-11,-3,166.62930549363472
-11,-3,152.04463213779127
-12,-3,100.0
-12,-3,100.0
-12,-3,100.0
-12,-4,100.0
-12,-4,100.0
-12,-4,100.0
-11,-4,139.33855462300718
-11,-4,120.14423563964434
-11,-4,100.0
-11,-5,100.0
-11,-5,100.0
-11,-5,100.0
-12,-5,100.0
-12,-5,100.0
-12,-5,100.0
-13,-5,100.0
-13,-5,105.87266168983146
-13,-5,155.46630254008454
-13,-6,143.07867293891547
-13,-6,108.80862958873846
-13,-6,100.0
-13,-7,100.0
-13,-7,145.26217939662104
-13,-7,100.0
-14,-7,102.88460922032223
-14,-7,127.79628088482673
-14,-7,100.0
-15,-7,100.0
-15,-7,100.0
-15,-7,100.0
-15,-6,100.0
-15,-6,109.9203925031819
-15,-6,100.0
-15,-7,100.0
-15,-7,100.0
-15,-7,100.0
-15,-8,100.0
-15,-8,100.0
-15,-8,100.0
-16,-8,100.0
-16,-8,100.0
-16,-8,100.0
-15,-8,100.0
-15,-8,100.0
-15,-8,100.0
-14,-8,100.0
-14,-8,100.0
-14,-8,100.0
-14,-9,100.0
-14,-9,121.27953260792061
-14,-9,100.0
-15,-9,101.87629779251031
-15,-9,106.2630746857675
-15,-9,100.0
-16,-9,100.0
-16,-9,100.0
-16,-9,100.0
-16,-10,100.0
-16,-10,100.0
-16,-10,100.0
-15,-10,100.0
-15,-10,100.0
-15,-10,100.83617002077489
-14,-10,100.0
-14,-10,100.0
-14,-10,100.0
-14,-9,100.0
-14,-9,187.54713810553326
-14,-9,144.07257979747445
-14,-8,100.0
-14,-8,140.7187262647265
-14,-8,100.0
-13,-8,100.0
-13,-8,100.0
-13,-8,137.4124631063358
-13,-9,100.0
-13,-9,100.0
-13,-9,100.0
-13,-8,126.77220295846467
-13,-8,117.13412904701975
-13,-8,100.0
-12,-8,100.0
-12,-8,100.0
-12,-8,100.0
-11,-8,100.0
-11,-8,120.48278358662259
-11,-8,100.0
-10,-8,165.17724775145825
-10,-8,245.2769374384818
-10,-8,100.0
-9,-8,195.23692321793234
-9,-8,151.35665634736074
-9,-8,100.0
-9,-7,100.0
-9,-7,187.46867481198842
-9,-7,191.92639109027945
-9,-8,100.0
-9,-8,198.15769259022738
-9,-8,116.81509889527493
-8,-8,100.0
-8,-8,203.0092520779792
-8,-8,100.0
-7,-8,152.90416195816175
-7,-8,100.0
-7,-8,100.0
-7,-7,107.85890047549347
-7,-7,100.0
-7,-7,100.0
-7,-8,100.0
-7,-8,100.0
-7,-8,134.56597840932113
-7,-7,100.0
-7,-7,129.45816315622892
-7,-7,216.82295076915705
-7,-6,100.0
-7,-6,192.81088717788174
-7,-6,100.0
-7,-5,100.0
-7,-5,215.86918703519495
-7,-5,100.0
-6,-5,133.89437225124678
-6,-5,144.37528573202832
-6,-5,199.9514435696495
-5,-5,100.0
-5,-5,228.2078373234175
-5,-5,139.57327316857302
-4,-5,210.3583054236248
-4,-5,188.9137713208982
-4,-5,180.26916358076897
-4,-4,217.4040004337782
-4,-4,157.15699590688894
-4,-4,123.54457912094044
-3,-4,172.0138436090716
-3,-4,114.19571934640385
-3,-4,208.92692984401683
-3,-3,297.376440423659
-3,-3,100.0
-3,-3,100.0
-3,-4,100.0
-3,-4,307.2394483544067
-3,-4,101.18573469998735
-3,-3,261.7753010816899
-3,-3,100.0
-3,-3,160.98397701385397
-3,-2,321.53703338231446
-3,-2,107.32721931016252
-3,-2,140.05164521950655
-4,-2,117.64409809842418
-4,-2,251.4147254271436
-4,-2,108.52926665569666
-4,-1,100.0
-4,-1,202.8193266042632
-4,-1,123.4024639929965
-3,-1,246.9640195708978
-3,-1,173.98070550440093
-3,-1,153.38519068158428
-3,0,175.92873343024837
-3,0,210.71034754311927
-3,0,171.73153615649304
-2,0,222.1867990017239
-2,0,261.2774358981336
-2,0,124.25335928156926
-1,0,107.62971530561182
-1,0,125.73557464670697
-1,0,220.92623134346564
-2,0,100.0
-2,0,233.1321173685971
-2,0,328.14799611743126
-3,0,123.59427783684708
-3,0,171.73699110358436
-3,0,135.53891387822608
-2,0,140.93481273125852
-2,0,135.39288432650307
-2,0,142.29443098317807
-1,0,109.90011206401986
-1,0,240.8148064382981
-1,0,174.5323368467024
0,0,138.67646549377284
0,0,290.6364180671346
0,0,218.30912030206588
0,-1,242.581037055263
0,-1,260.593714003408
0,-1,100.0
1,-1,227.8301649852436
1,-1,238.22472512674426
1,-1,210.29350135684115
2,-1,130.20651245303372
2,-1,119.58727112598262
2,-1,264.564243130824
3,-1,166.41597351925057
3,-1,206.13333248782132
3,-1,169.34121017766876
4,-1,246.78563836590507
4,-1,146.20535529889779
4,-1,173.466969595545
5,-1,188.95986146231513
5,-1,222.1642775367513
5,-1,100.0
5,-2,115.5801765161013
5,-2,140.9565315221832
5,-2,191.4317751106219
6,-2,100.0
6,-2,167.16117467249526
6,-2,100.0
6,-3,100.0
6,-3,107.12570496178598
6,-3,156.39839184851925
6,-4,264.71334273499576
6,-4,100.0
6,-4,189.57817331750505
7,-4,158.9331525252531
7,-4,180.26061344326155
7,-4,165.3409309656829
6,-4,100.0
6,-4,100.0
6,-4,191.43159083209446
6,-5,179.34068869437215
6,-5,100.0
6,-5,122.6746564479325
7,-5,100.0
7,-5,100.0
7,-5,100.0
8,-5,187.18371521007674
8,-5,192.47812611636027
8,-5,100.0
7,-5,100.0
7,-5,100.0
7,-5,108.50644548999941
8,-5,100.0
8,-5,167.6105880246313
8,-5,141.81648636741045
9,-5,213.44105264765665
9,-5,105.97562992785573
9,-5,100.0
10,-5,100.0
10,-5,100.0
10,-5,127.8017013804207
9,-5,100.0
9,-5,100.0
9,-5,100.0
8,-5,120.45549051252424
8,-5,158.7297059254543
8,-5,100.0
7,-5,125.29669337578774
7,-5,172.77406884005964
7,-5,108.16458665339451
8,-5,100.0
8,-5,150.59719050857018
8,-5,147.08116152273874
9,-5,100.0
9,-5,167.24918610559152
9,-5,100.0
9,-4,100.0
9,-4,100.0
9,-4,100.0
10,-4,189.0072657923113
10,-4,150.92723419094125
10,-4,157.86866030959015
11,-4,150.24392087068355
11,-4,103.5938643309093
11,-4,129.56715108114162
10,-4,107.7495297489754
10,-4,100.0
10,-4,100.0
11,-4,100.0
11,-4,100.0
11,-4,100.0
11,-3,147.30979801046334
11,-3,138.91548621379496
11,-3,100.0
11,-4,100.0
11,-4,105.37220162426514
11,-4,145.79661777402225
