11,-12,100.0
11,-12,100.0
11,-11,100.0
11,-11,174.27040637121462
11,-11,109.03300935120185
11,-12,157.98863297529752
11,-12,100.0
11,-12,100.0
11,-11,100.0
11,-11,126.45550783496445
11,-11,100.0
10,-11,100.0
10,-11,100.0
10,-11,100.0
10,-12,100.0
10,-12,122.33061117778607
10,-12,100.0
10,-11,100.0
10,-11,100.0
10,-11,106.52256718088327
11,-11,100.0
11,-11,100.0
11,-11,100.0
11,-10,100.0
11,-10,174.9904678963029
11,-10,100.0
10,-10,121.47065817356446
10,-10,100.0
10,-10,100.0
10,-9,167.24321636513338
10,-9,100.0
10,-9,100.0
10,-10,100.0
10,-10,122.12346780267453
10,-10,100.0
10,-9,100.0
10,-9,100.0
10,-9,177.90969972535612
9,-9,100.0
9,-9,105.77060271461292
9,-9,100.0
8,-9,100.0
8,-9,100.0
8,-9,114.74665699803961
7,-9,100.0
7,-9,255.18746104909957
7,-9,142.22762387412132
7,-8,100.0
7,-8,108.83889603581011
7,-8,190.3753084216298
7,-7,100.0
7,-7,179.81065801546754
7,-7,100.0
6,-7,138.49828210935885
6,-7,100.0
6,-7,100.0
6,-8,100.0
6,-8,100.0
6,-8,278.02062044814124
6,-7,105.69578612065577
6,-7,100.0
6,-7,123.27175158088767
6,-6,100.0
6,-6,100.0
6,-6,135.9537218677997
6,-5,180.74207361876415
6,-5,156.97505107239903
6,-5,154.64522168010785
6,-4,100.0
6,-4,110.92821449558346
6,-4,217.31496427346997
5,-4,174.50473688994916
5,-4,100.0
5,-4,156.92538057012854
4,-4,193.26940664485008
4,-4,112.66165320835401
4,-4,100.0
5,-4,210.9870633913195
5,-4,100.0
5,-4,175.59167105957724
5,-3,100.0
5,-3,164.33860762901955
5,-3,100.0
5,-2,263.77144356414004
5,-2,159.4186686129214
5,-2,259.9312998927323
5,-1,112.00576225480862
5,-1,146.94565179131754
5,-1,100.0
4,-1,102.49202009384855
4,-1,252.3021750145894
4,-1,122.17155297710013
4,0,148.71741582051416
4,0,104.65660303994768
4,0,167.4598269405028
5,0,105.06227585178218
5,0,167.9438417531595
5,0,218.96281487136247
6,0,289.923361944346
6,0,105.72951406703535
6,0,100.0
6,1,100.0
6,1,100.0
6,1,143.7983455416766
6,2,127.44370646725822
6,2,114.33857094113309
6,2,100.0
6,3,100.0
6,3,118.79912050145339
6,3,100.0
7,3,149.90730209874178
7,3,159.16414437743467
7,3,100.0
7,2,100.0
7,2,147.62931759457942
7,2,100.0
7,3,140.48149012523112
7,3,100.0
7,3,301.660966033215
7,4,153.8965382628316
7,4,139.03960801177223
7,4,100.0
6,4,100.0
6,4,103.96419511386128
6,4,102.39944009308184
7,4,190.50779966149116
7,4,100.0
7,4,254.13385941480578
8,4,143.3281549878151
8,4,115.21105729071253
8,4,110.49640453505079
7,4,100.0
7,4,100.0
7,4,155.5337245733894
8,4,100.0
8,4,100.0
8,4,100.0
7,4,125.34891087895741
7,4,120.02630340713262
7,4,100.0
7,3,153.19807385948377
7,3,100.0
7,3,100.0
7,2,152.49722391633406
7,2,116.87518601989784
7,2,100.0
6,2,117.08059468872882
6,2,152.26279944971327
6,2,187.26116787720207
6,3,167.37789585042043
6,3,275.3351901465169
6,3,100.0
5,3,151.04842677437205
5,3,176.96836037799682
5,3,144.50551134461193
4,3,268.2846223927471
4,3,188.51092791737977
4,3,135.79365573892568
3,3,155.00927015129176
3,3,169.21100829428937
3,3,157.04696902173538
3,2,256.45247560871195
3,2,100.0
3,2,100.0
2,2,114.27100988910718
2,2,120.06934973527508
2,2,144.84109566336164
1,2,114.53073192926028
1,2,100.0
1,2,187.56743064298777
0,2,151.18037955910972
0,2,100.0
0,2,100.0
-1,2,251.23340406690676
-1,2,226.73555995296857
-1,2,225.51832378236418
-2,2,150.05021150913342
-2,2,106.1841712455496
-2,2,160.47265512188358
-3,2,181.23461628169252
-3,2,127.09590598648464
-3,2,181.7348348237601
-4,2,151.51586355244663
-4,2,166.75466705088127
-4,2,172.91029748395698
-4,1,100.0
-4,1,208.63001449756553
-4,1,181.07577841037738
-5,1,276.01907596463263
-5,1,107.24806511489055
-5,1,111.05354192692992
-5,0,125.02044836372525
-5,0,124.59767890935967
-5,0,114.28341946241324
-4,0,100.0
-4,0,293.14452368180355
-4,0,185.30896291908633
-5,0,212.0109786942465
-5,0,137.53248147502492
-5,0,188.23529264010654
-5,-1,189.88343590415116
-5,-1,100.0
-5,-1,100.0
-6,-1,144.07282655168595
-6,-1,180.00256085915547
-6,-1,100.0
-7,-1,210.4717780584162
-7,-1,138.35939155412075
-7,-1,100.0
-8,-1,112.29664125746454
-8,-1,132.82161514034087
-8,-1,100.0
-9,-1,100.0
-9,-1,100.0
-9,-1,100.0
-10,-1,163.48646375338978
-10,-1,187.01982988639926
-10,-1,100.0
-11,-1,178.98458261059676
-11,-1,100.0
-11,-1,100.0
-11,-2,161.94697000292484
-11,-2,100.0
-11,-2,100.0
-11,-3,100.0
-11,-3,115.63102745279028
-11,-3,198.0499936051963
-12,-3,130.27490784216434
-12,-3,100.0
-12,-3,100.0
-12,-4,159.51630312187217
-12,-4,122.67462125389777
-12,-4,100.0
-11,-4,117.70031362524841
-11,-4,100.0
-11,-4,136.2473987875096
-11,-5,165.16890489016237
-11,-5,100.0
-11,-5,100.0
-12,-5,100.0
-12,-5,100.0
-12,-5,100.0
-13,-5,100.0
-13,-5,100.0
-13,-5,100.0
-13,-6,120.0267528400792
-13,-6,195.88580555063527
-13,-6,107.2504068070968
-13,-7,144.1853616451055
-13,-7,173.74499434323536
-13,-7,103.10064399950178
-14,-7,100.0
-14,-7,100.0
-14,-7,100.0
-15,-7,100.0
-15,-7,132.25069332469877
-15,-7,100.0
-15,-6,100.0
-15,-6,100.0
-15,-6,100.0
-15,-7,100.0
-15,-7,100.0
-15,-7,100.0
-15,-8,100.0
-15,-8,100.0
-15,-8,100.0
-16,-8,100.0
-16,-8,100.0
-16,-8,100.0
-15,-8,100.0
-15,-8,100.0
-15,-8,100.0
-14,-8,100.0
-14,-8,100.0
-14,-8,100.0
-14,-9,100.51569645175998
-14,-9,100.0
-14,-9,100.0
-15,-9,100.0
-15,-9,100.0
-15,-9,145.10448134466685
-16,-9,100.0
-16,-9,100.0
-16,-9,106.92425066356901
-16,-10,100.0
-16,-10,139.69633100704948
-16,-10,100.0
-15,-10,105.4655149084131
-15,-10,100.0
-15,-10,117.70889758531624
-14,-10,100.0
-14,-10,100.0
-14,-10,100.0
-14,-9,181.28999688748758
-14,-9,117.81254870193521
-14,-9,100.0
-14,-8,100.0
-14,-8,100.0
-14,-8,100.0
-13,-8,100.0
-13,-8,104.38351453172793
-13,-8,100.0
-13,-9,100.0
-13,-9,122.99795197454796
-13,-9,100.0
-13,-8,100.0
-13,-8,100.0
-13,-8,102.54820841605166
-12,-8,100.0
-12,-8,100.0
-12,-8,100.0
-11,-8,109.85436791583288
-11,-8,100.0
-11,-8,100.0
-10,-8,100.0
-10,-8,131.40060327571337
-10,-8,159.16599940281267
-9,-8,157.3577754651858
-9,-8,123.73333343288328
-9,-8,100.0
-9,-7,115.94846806799366
-9,-7,151.02143222555384
-9,-7,100.0
-9,-8,118.42321876239673
-9,-8,210.22751202077615
-9,-8,118.63934283794285
-8,-8,155.82042822505463
-8,-8,103.84558607182377
-8,-8,144.1358973990359
-7,-8,100.0
-7,-8,100.0
-7,-8,142.47777552006949
-7,-7,119.84672978480606
-7,-7,100.0
-7,-7,100.0
-7,-8,100.0
-7,-8,148.94074142143387
-7,-8,100.0
-7,-7,100.0
-7,-7,139.3771210352962
-7,-7,132.01634620195887
-7,-6,106.77337986253566
-7,-6,162.15108497088377
-7,-6,100.0
-7,-5,233.36905237898546
-7,-5,100.0
-7,-5,123.58226071639402
-6,-5,169.96664895699763
-6,-5,167.64634354985373
-6,-5,100.0
-5,-5,234.09320453451141
-5,-5,118.96932221816341
-5,-5,270.52776704417545
-4,-5,263.2239049564854
-4,-5,230.92052999972668
-4,-5,100.0
-4,-4,172.3741309980108
-4,-4,136.10415543875592
-4,-4,141.52871360753133
-3,-4,108.8247447358835
-3,-4,126.72462870681738
-3,-4,100.0
-3,-3,110.61880223762833
-3,-3,100.0
-3,-3,129.3259777436538
-3,-4,125.6334687872296
-3,-4,136.55343606205
-3,-4,100.0
-3,-3,195.15599705787886
-3,-3,131.68551135015673
-3,-3,234.63295039376908
-3,-2,227.6321248518024
-3,-2,149.96363741268996
-3,-2,150.97393836144494
-4,-2,170.68362889902525
-4,-2,167.8222031794202
-4,-2,341.536361415796
-4,-1,294.18368455435956
-4,-1,197.75156347530822
-4,-1,100.0
-3,-1,202.70254280543372
-3,-1,184.55480372739248
-3,-1,205.89777558032674
-3,0,100.0
-3,0,158.00540146102566
-3,0,220.17083310698942
-2,0,197.53295001615405
-2,0,100.66582025398215
-2,0,207.42775790039298
-1,0,194.19844977163856
-1,0,100.0
-1,0,206.1046634394982
-2,0,124.16061477862513
-2,0,159.2504989994518
-2,0,187.05963295315968
-3,0,204.70822963363588
-3,0,144.95378902964083
-3,0,221.58928506770127
-2,0,248.6923094944447
-2,0,171.4381912700069
-2,0,311.05762178276154
-1,0,149.2725850138442
-1,0,102.54264136176134
-1,0,145.15558079215197
0,0,261.47488661675885
0,0,184.5093240919676
0,0,154.42578435381537
0,-1,120.88369427816917
0,-1,235.27090430860875
0,-1,178.88770618830637
1,-1,131.0765168467567
1,-1,287.673261989036
1,-1,308.25236384316395
2,-1,210.85354071250103
2,-1,295.34924203812835
2,-1,173.58657104236582
3,-1,100.0
3,-1,165.52204914946927
3,-1,142.8361417059253
4,-1,135.47359323228625
4,-1,141.767679440581
4,-1,100.0
5,-1,228.77207097521645
5,-1,120.80042777479446
5,-1,100.0
5,-2,100.0
5,-2,100.0
5,-2,100.0
6,-2,100.0
6,-2,154.72260185829174
6,-2,146.96315300376972
6,-3,100.0
6,-3,187.80639421984995
6,-3,153.56214020772126
6,-4,288.6219092591583
6,-4,217.93899859127944
6,-4,148.01576932990392
7,-4,100.0
7,-4,100.0
7,-4,100.0
6,-4,100.0
6,-4,195.7813116502318
6,-4,122.35404646228173
6,-5,141.55830652896105
6,-5,100.0
6,-5,204.13693507937217
7,-5,100.0
7,-5,100.0
7,-5,100.0
8,-5,100.0
8,-5,122.11449481919013
8,-5,100.0
7,-5,122.07516551731393
7,-5,177.33153065360534
7,-5,141.05603485630476
8,-5,100.0
8,-5,181.2034072434932
8,-5,119.29981469985609
9,-5,138.09118517012553
9,-5,326.26905472993616
9,-5,100.0
10,-5,100.0
10,-5,185.9974640883329
10,-5,222.12021790639892
9,-5,206.15367155389876
9,-5,100.0
9,-5,100.0
8,-5,100.0
8,-5,100.0
8,-5,100.0
7,-5,100.0
7,-5,223.5634098985572
7,-5,100.0
8,-5,100.0
8,-5,162.44631056689423
8,-5,123.80142442464307
9,-5,100.0
9,-5,141.0723597685258
9,-5,107.16891892469019
9,-4,164.72856458024432
9,-4,100.0
9,-4,202.53576148980773
10,-4,100.0
10,-4,154.5963947426587
10,-4,139.0032964755577
11,-4,123.4930895963509
11,-4,100.0
11,-4,106.28801387184038
10,-4,246.26148432617418
10,-4,100.0
10,-4,101.51728413576066
11,-4,186.69732677195572
11,-4,100.0
11,-4,274.6111507113929
11,-3,156.2003692653938
11,-3,186.47097909943523
11,-3,130.1498342153489
11,-4,100.0
11,-4,242.3387449197366
11,-4,100.0
