11,-12,376.51754159127495
11,-11,822.1649532574074
11,-11,200.0
11,-12,200.0
11,-12,200.0
11,-11,200.0
11,-11,200.0
10,-11,444.222333801697
10,-11,382.27737176519435
10,-12,241.07780048763632
10,-12,200.0
10,-11,258.8403492142579
10,-11,553.9182707294972
11,-11,200.0
11,-11,200.0
11,-10,200.0
11,-10,463.459151189336
10,-10,200.0
10,-10,653.0656344673222
10,-9,200.0
10,-9,200.0
10,-10,200.0
10,-10,200.0
10,-9,200.0
10,-9,200.0
9,-9,200.0
9,-9,252.45618422097544
8,-9,200.0
8,-9,200.0
7,-9,322.3504136191506
7,-9,356.14416172436904
7,-8,200.0
7,-8,200.0
7,-7,200.0
7,-7,200.0
6,-7,276.78872358425576
6,-7,412.95878019314114
6,-8,291.98581503042385
6,-8,230.412072728689
6,-7,200.0
6,-7,493.1737203022252
6,-6,703.0487372690452
6,-6,284.47288826523595
6,-5,403.84369212826476
6,-5,427.96140375458566
6,-4,472.55179304548244
6,-4,405.8277734411194
5,-4,352.60752358839693
5,-4,361.80333278175846
4,-4,574.5738306424562
4,-4,263.0347073054073
5,-4,496.6307371072758
5,-4,348.0309246496574
5,-3,200.0
5,-3,1212.053118804752
5,-2,406.7866892850318
5,-2,580.3527108026591
5,-1,366.28580067602337
5,-1,510.48029381556347
4,-1,862.8035155127384
4,-1,706.3660795299013
4,0,200.0
4,0,742.7469251572466
5,0,463.71335887429024
5,0,394.3060102099433
6,0,463.01904562596764
6,0,200.0
6,1,730.2664194579731
6,1,532.354101464768
6,2,1084.8341554135968
6,2,835.699137746755
6,3,200.0
6,3,432.5530723670276
7,3,731.7470327938381
7,3,321.7172905071456
7,2,812.6752860386844
7,2,436.70167908786914
7,3,200.0
7,3,500.3228758742373
7,4,231.8398663539976
7,4,433.3528247995055
6,4,252.13837682784768
6,4,485.8038152919645
7,4,287.96200130245546
7,4,304.13021843165143
8,4,286.81129659492564
8,4,200.0
7,4,200.0
7,4,689.9678511820787
8,4,200.0
8,4,200.0
7,4,200.0
7,4,200.0
7,3,634.3546740148606
7,3,784.2883868581666
7,2,410.95004900191304
7,2,484.3467010104963
6,2,264.3237309840174
6,2,535.8309095573054
6,3,243.2589861833261
6,3,608.7522690687649
5,3,200.0
5,3,736.6345146135677
4,3,284.6106288448507
4,3,1043.5044367543837
3,3,504.80860694142825
3,3,682.0732120844384
3,2,463.35082193508083
3,2,236.28667568337187
2,2,351.06225078300065
2,2,200.0
1,2,368.48915745339656
1,2,462.72267566171627
0,2,672.328719142576
0,2,635.9198269989374
-1,2,822.0610681284454
-1,2,553.2841732948418
-2,2,583.4336113034876
-2,2,522.1078408444038
-3,2,712.0836422880932
-3,2,838.9794840247748
-4,2,353.41547371764057
-4,2,465.094665899424
-4,1,200.0
-4,1,676.1217803568636
-5,1,587.7270124600641
-5,1,271.239981268042
-5,0,304.55620314009764
-5,0,969.3705453963523
-4,0,1134.7771285494823
-4,0,598.6167126326649
-5,0,497.7899716121141
-5,0,554.9478280578874
-5,-1,449.0093039975786
-5,-1,413.51832908608907
-6,-1,781.4059261943337
-6,-1,515.30768049399
-7,-1,296.528846406981
-7,-1,200.0
-8,-1,529.2468880570216
-8,-1,494.70295846442673
-9,-1,336.7308412496643
-9,-1,638.295459188935
-10,-1,244.26426593189373
-10,-1,690.4015182437679
-11,-1,232.30993822295312
-11,-1,200.0
-11,-2,200.0
-11,-2,200.0
-11,-3,266.7141410095461
-11,-3,396.09907185399766
-12,-3,490.55978301753595
-12,-3,296.301014522229
-12,-4,200.0
-12,-4,416.19609822485427
-11,-4,200.0
-11,-4,296.08226493249515
-11,-5,530.6872226932
-11,-5,373.3781865417702
-12,-5,468.29870057529433
-12,-5,200.0
-13,-5,200.0
-13,-5,200.0
-13,-6,200.0
-13,-6,200.0
-13,-7,200.0
-13,-7,200.0
-14,-7,200.0
-14,-7,521.4489134818702
-15,-7,354.05060520026973
-15,-7,235.40636241516853
-15,-6,200.0
-15,-6,484.33462378913987
-15,-7,200.0
-15,-7,200.0
-15,-8,200.0
-15,-8,200.0
-16,-8,200.0
-16,-8,200.0
-15,-8,200.0
-15,-8,200.0
-14,-8,200.0
-14,-8,200.0
-14,-9,200.0
-14,-9,200.0
-15,-9,200.0
-15,-9,542.1917298028578
-16,-9,328.8415032933934
-16,-9,200.0
-16,-10,200.0
-16,-10,200.0
-15,-10,200.0
-15,-10,200.0
-14,-10,200.0
-14,-10,401.3881837915548
-14,-9,200.0
-14,-9,200.0
-14,-8,200.0
-14,-8,200.0
-13,-8,200.0
-13,-8,489.2288619924326
-13,-9,261.56350522198335
-13,-9,229.54997708191704
-13,-8,200.0
-13,-8,200.0
-12,-8,200.0
-12,-8,233.51845844287794
-11,-8,200.0
-11,-8,292.61254231814894
-10,-8,287.32672721353816
-10,-8,200.0
-9,-8,200.0
-9,-8,431.8135052575625
-9,-7,200.0
-9,-7,242.9665295082479
-9,-8,241.1240491785925
-9,-8,200.0
-8,-8,399.7741735956517
-8,-8,536.395457044534
-7,-8,224.79859537510248
-7,-8,297.2440669315214
-7,-7,557.8520094011712
-7,-7,249.8008235065355
-7,-8,200.0
-7,-8,200.0
-7,-7,200.0
-7,-7,232.05028229494297
-7,-6,358.0064569133227
-7,-6,678.746862402448
-7,-5,200.0
-7,-5,302.1333400728861
-6,-5,200.0
-6,-5,506.0231766072195
-5,-5,405.19086769744695
-5,-5,423.1867363408594
-4,-5,417.1115351828132
-4,-5,200.0
-4,-4,575.380842265978
-4,-4,542.9349886136171
-3,-4,200.0
-3,-4,792.8742031724046
-3,-3,766.5035583165252
-3,-3,200.0
-3,-4,396.6420255051514
-3,-4,320.36829445519794
-3,-3,629.7317394078565
-3,-3,637.3096520615136
-3,-2,857.4022063157372
-3,-2,634.2312158501236
-4,-2,743.4045675098181
