11,-12,225.76629742050972
11,-11,344.1711109601912
11,-11,340.7887834358411
11,-12,200.0
11,-12,268.2902294927751
11,-11,494.93431889878184
11,-11,327.8755842723551
10,-11,200.0
10,-11,200.0
10,-12,200.0
10,-12,305.5826291379633
10,-11,200.0
10,-11,200.0
11,-11,200.0
11,-11,424.5985715127719
11,-10,200.0
11,-10,246.9638349687618
10,-10,1111.6568284112093
10,-10,200.0
10,-9,623.1167648505964
10,-9,379.9150900984272
10,-10,625.9988588096132
10,-10,200.0
10,-9,381.96608721359365
10,-9,265.7402622626874
9,-9,200.0
9,-9,443.44632243570106
8,-9,200.0
8,-9,200.0
7,-9,501.11932459986076
7,-9,385.8539743720852
7,-8,200.0
7,-8,200.0
7,-7,200.0
7,-7,281.4337532013344
6,-7,291.0097010055955
6,-7,215.93497547148385
6,-8,200.0
6,-8,614.6924521084466
6,-7,596.4738834990287
6,-7,528.904673997231
6,-6,626.1037506912535
6,-6,459.6103162544122
6,-5,559.6110138033794
6,-5,200.0
6,-4,577.2101680665213
6,-4,465.5534643047097
5,-4,312.0161148152458
5,-4,939.3772975178424
4,-4,557.1297495075947
4,-4,400.88609747925983
5,-4,200.0
5,-4,849.316124989405
5,-3,510.2334647261421
5,-3,794.5469395283269
5,-2,640.4929562092739
5,-2,789.1712476005482
5,-1,342.0996287226103
5,-1,685.5515690816391
4,-1,917.0569689091858
4,-1,547.3605499861844
4,0,448.0552201625701
4,0,535.0372447936086
5,0,649.2083398507348
5,0,270.53818875253137
6,0,788.3109183035199
6,0,285.8414766727474
6,1,530.6081245058764
6,1,601.5901207735404
6,2,200.0
6,2,205.17231254598616
6,3,279.67560730917637
6,3,830.7802652434418
7,3,971.269858130969
7,3,200.0
7,2,348.44060642793653
7,2,427.1157292947819
7,3,261.1197503216001
7,3,344.3444364614843
7,4,200.0
7,4,200.0
6,4,386.795073772821
6,4,781.7073376962968
7,4,375.41869795723073
7,4,379.9684262762272
8,4,200.0
8,4,261.5179721418645
7,4,646.3417742534923
7,4,201.7365885140178
8,4,200.0
8,4,660.1303168945326
7,4,361.6891939851781
7,4,200.0
7,3,952.6016483190884
7,3,400.62537341011375
7,2,290.0265226154439
7,2,200.0
6,2,453.10363639155867
6,2,200.0
6,3,200.0
6,3,1016.4779298588775
5,3,643.0136790939638
5,3,308.90679987900836
4,3,643.974483493409
4,3,431.92365219305236
3,3,540.6746091370492
3,3,681.8652882388706
3,2,944.7294146027205
3,2,370.4800738571999
2,2,524.8937122232014
2,2,200.0
1,2,688.7549301872434
1,2,481.73266959654484
0,2,518.2146820424377
0,2,318.50283941973635
-1,2,813.9229483337654
-1,2,938.7527111388167
-2,2,485.4951417875731
-2,2,820.0157376437566
-3,2,903.1677839195536
-3,2,497.3315088025936
-4,2,320.31543079093376
-4,2,937.8069889830024
-4,1,534.9003048797954
-4,1,912.2071237296304
-5,1,332.06311225004623
-5,1,673.424351068599
-5,0,291.03395511324163
-5,0,411.32207637059116
-4,0,752.6168563605944
-4,0,470.7890458248116
-5,0,829.5109882498223
-5,0,588.3242009544949
-5,-1,746.9543931578814
-5,-1,200.0
-6,-1,464.4450043894136
-6,-1,390.0325494881061
-7,-1,200.0
-7,-1,642.4820167738885
-8,-1,614.3957900291309
-8,-1,241.86954635688932
-9,-1,200.0
-9,-1,605.9775348942907
-10,-1,200.0
-10,-1,237.82509633605784
-11,-1,459.18530146991793
-11,-1,223.72220924819882
-11,-2,211.505967033959
-11,-2,200.0
-11,-3,200.0
-11,-3,200.0
-12,-3,200.0
-12,-3,456.4779635062402
-12,-4,370.2485197759506
-12,-4,200.0
-11,-4,290.7473858722759
-11,-4,542.8196501940172
-11,-5,695.770752337191
-11,-5,606.2926040415668
-12,-5,214.93446654392545
-12,-5,200.0
-13,-5,200.0
-13,-5,200.0
-13,-6,200.0
-13,-6,490.0262856744182
-13,-7,357.7540899886463
-13,-7,200.0
-14,-7,200.0
-14,-7,200.0
-15,-7,200.0
-15,-7,515.261695516192
-15,-6,277.52783285373897
-15,-6,200.0
-15,-7,306.40297053796974
-15,-7,200.0
-15,-8,200.0
-15,-8,200.0
-16,-8,502.5883779112359
-16,-8,249.92502719571837
-15,-8,200.0
-15,-8,200.0
-14,-8,200.0
-14,-8,200.0
-14,-9,452.89993175673465
-14,-9,200.0
-15,-9,200.0
-15,-9,640.4091972498727
-16,-9,200.0
-16,-9,200.0
-16,-10,200.0
-16,-10,221.41287023886207
-15,-10,276.63943909239464
-15,-10,200.0
-14,-10,200.0
-14,-10,281.4392408697506
-14,-9,200.0
-14,-9,200.0
-14,-8,579.7429780079322
-14,-8,200.0
-13,-8,200.0
-13,-8,329.66552764802645
-13,-9,200.0
-13,-9,200.0
-13,-8,200.0
-13,-8,200.0
-12,-8,323.33616948680765
-12,-8,200.0
-11,-8,200.0
-11,-8,200.0
-10,-8,460.4645787723431
-10,-8,398.963508069556
-9,-8,261.406965484011
-9,-8,562.6115365471842
-9,-7,310.98873151312085
-9,-7,305.2446096833091
-9,-8,367.6134692502152
-9,-8,200.0
-8,-8,642.456164034516
-8,-8,280.7558090900053
-7,-8,271.1023965331587
-7,-8,200.0
-7,-7,329.35071543430865
-7,-7,471.6961202160668
-7,-8,200.0
-7,-8,461.91540757208844
-7,-7,215.59818086674804
-7,-7,385.156068089363
-7,-6,200.0
-7,-6,200.0
-7,-5,419.15550555356793
-7,-5,200.0
-6,-5,640.5594121393581
-6,-5,668.8502519908672
-5,-5,302.49921161087013
-5,-5,200.0
-4,-5,456.47260755229047
-4,-5,824.3726266679678
-4,-4,1287.4180267166764
-4,-4,520.6650613614779
-3,-4,356.4236982428115
-3,-4,266.1779308432574
-3,-3,554.4901854482841
-3,-3,613.7854330598358
-3,-4,700.1493208752579
-3,-4,331.6341591911462
-3,-3,407.1998528744893
-3,-3,516.3038532475952
-3,-2,1334.8179929872626
-3,-2,497.6086130308386
-4,-2,596.7451637378564
