11,-12,200.0
11,-11,200.0
11,-11,306.3985380645497
11,-12,266.62292255915435
11,-12,200.0
11,-11,200.0
11,-11,288.2508493331642
10,-11,200.0
10,-11,200.0
10,-12,315.9296592940228
10,-12,200.0
10,-11,504.7171850882027
10,-11,200.0
11,-11,318.765662971
11,-11,212.0414949169344
11,-10,587.3575934484778
11,-10,200.0
10,-10,350.5820801896375
10,-10,200.0
10,-9,200.0
10,-9,200.0
10,-10,371.935991466784
10,-10,200.0
10,-9,200.0
10,-9,608.0768450269495
9,-9,200.0
9,-9,200.0
8,-9,257.84878847033485
8,-9,200.0
7,-9,913.8393915620187
7,-9,512.7459685422751
7,-8,200.0
7,-8,200.0
7,-7,414.63620430061013
7,-7,230.76984004749994
6,-7,554.8783360069202
6,-7,627.0603952422732
6,-8,281.8697223731695
6,-8,452.1410848966266
6,-7,321.745765852239
6,-7,345.45312480596465
6,-6,601.7852455309738
6,-6,777.0617845893757
6,-5,510.13332288947606
6,-5,327.7223544387232
6,-4,276.43549149845234
6,-4,200.0
5,-4,662.0713785613567
5,-4,409.47320399471215
4,-4,353.9141560556047
4,-4,575.0857279789609
5,-4,200.0
5,-4,270.5046031160059
5,-3,507.9853768411664
5,-3,715.0043554515349
5,-2,276.97196145808056
5,-2,793.1305301968805
5,-1,673.5221091318807
5,-1,1006.7586451923589
4,-1,458.0980039638995
4,-1,200.0
4,0,593.0991225118361
4,0,426.65079276137124
5,0,827.4477166494198
5,0,471.1047403959383
6,0,915.106520345257
6,0,555.6983993938333
6,1,228.61511344935258
6,1,444.6986959666543
6,2,643.7031605268411
6,2,410.1921953658856
6,3,200.0
6,3,557.1134031097657
7,3,437.30625037918793
7,3,288.4108980400547
7,2,200.0
7,2,480.98101558837413
7,3,397.36644793389297
7,3,410.3590587862936
7,4,226.43170793040179
7,4,379.44566008568796
6,4,825.1517685837991
6,4,638.705143555415
7,4,538.9947833597062
7,4,251.55641979704913
8,4,439.88965221929436
8,4,454.0525139614617
7,4,654.2830882708846
7,4,497.4416681167326
8,4,200.0
8,4,231.7411479035255
7,4,884.3284313510493
7,4,403.80913438133365
7,3,200.0
7,3,338.1712881182241
7,2,200.0
7,2,322.32799619273396
6,2,225.36298944137008
6,2,366.2248832542288
6,3,904.2470868703384
6,3,200.0
5,3,593.6036916428573
5,3,742.0411333712736
4,3,480.0102674757986
4,3,200.0
3,3,200.0
3,3,200.0
3,2,876.4695419161802
3,2,446.2156444786894
2,2,200.0
2,2,606.5737350306351
1,2,713.7039369564691
1,2,200.0
0,2,813.6602023770715
0,2,939.5863429915835
-1,2,1171.6506660669415
-1,2,235.0668139906847
-2,2,644.2072618067986
-2,2,429.59897681857814
-3,2,410.37585771929696
-3,2,892.2252046749039
-4,2,779.0212704555495
-4,2,338.01936074687956
-4,1,1318.979076022773
-4,1,200.0
-5,1,339.9457777794937
-5,1,454.884401473514
-5,0,532.0440072520964
-5,0,373.1140735559394
-4,0,571.2622316959248
-4,0,590.4993859944002
-5,0,221.6766451720777
-5,0,200.0
-5,-1,1006.0172454837148
-5,-1,761.0037070276369
-6,-1,714.9371789048066
-6,-1,493.8740492257109
-7,-1,667.2330903344963
-7,-1,647.2965623923517
-8,-1,549.1875947362255
-8,-1,485.6258667346796
-9,-1,200.0
-9,-1,611.5096962833336
-10,-1,200.0
-10,-1,681.1871199234376
-11,-1,200.0
-11,-1,553.2524876644159
-11,-2,208.31295800845103
-11,-2,455.74255896532014
-11,-3,315.4669982481605
-11,-3,705.4600730905901
-12,-3,200.0
-12,-3,385.2307163993071
-12,-4,320.78756518326713
-12,-4,200.0
-11,-4,302.5170693571991
-11,-4,481.83511941408085
-11,-5,269.5919178179782
-11,-5,200.0
-12,-5,200.0
-12,-5,458.52434972305866
-13,-5,445.84242813009917
-13,-5,221.90633700692104
-13,-6,200.0
-13,-6,200.0
-13,-7,386.95639755642765
-13,-7,276.91701488861725
-14,-7,200.0
-14,-7,466.33390356727034
-15,-7,588.2650784023717
-15,-7,455.71570091624903
-15,-6,520.7820299683526
-15,-6,200.0
-15,-7,200.0
-15,-7,200.0
-15,-8,200.0
-15,-8,200.0
-16,-8,200.0
-16,-8,200.0
-15,-8,496.4561164522866
-15,-8,200.0
-14,-8,200.0
-14,-8,200.0
-14,-9,200.0
-14,-9,200.0
-15,-9,200.0
-15,-9,200.0
-16,-9,200.0
-16,-9,200.0
-16,-10,200.0
-16,-10,200.0
-15,-10,200.0
-15,-10,200.0
-14,-10,200.0
-14,-10,200.0
-14,-9,200.0
-14,-9,200.0
-14,-8,296.27518444004625
-14,-8,210.96997849218545
-13,-8,200.0
-13,-8,200.0
-13,-9,200.0
-13,-9,472.4067895739661
-13,-8,200.0
-13,-8,200.0
-12,-8,599.1973096611747
-12,-8,200.0
-11,-8,200.0
-11,-8,653.2903524055617
-10,-8,375.4778028679402
-10,-8,200.0
-9,-8,200.0
-9,-8,200.0
-9,-7,515.4747639034987
-9,-7,266.222916277817
-9,-8,317.635587368316
-9,-8,200.0
-8,-8,200.0
-8,-8,200.0
-7,-8,439.35013886972126
-7,-8,200.0
-7,-7,903.7318974488742
-7,-7,982.2408028599131
-7,-8,901.5559454216352
-7,-8,607.0419141071795
-7,-7,200.0
-7,-7,593.29965899744
-7,-6,609.969138545712
-7,-6,200.0
-7,-5,265.42590649702936
-7,-5,268.49491759766795
-6,-5,529.3959271810636
-6,-5,360.16905810748284
-5,-5,644.617632523512
-5,-5,1000.8901835413733
-4,-5,200.0
-4,-5,280.3197643783594
-4,-4,570.8438706829326
-4,-4,368.23614947196575
-3,-4,677.0457762163546
-3,-4,947.1864231935116
-3,-3,705.501121650762
-3,-3,774.528598264021
-3,-4,511.4458677096438
-3,-4,629.3308671781496
-3,-3,481.97095860505607
-3,-3,800.8098310462289
-3,-2,326.1909578307982
-3,-2,753.1676636559412
-4,-2,310.65920205774444
