11,-12,123.18026596055363
11,-12,100.0
11,-11,100.0
11,-11,100.0
11,-11,100.0
11,-12,108.99026065124976
11,-12,100.0
11,-12,128.00062328424497
11,-11,100.0
11,-11,113.5135982729295
11,-11,100.0
10,-11,100.0
10,-11,141.02314399611845
10,-11,100.0
10,-12,100.0
10,-12,100.0
10,-12,100.0
10,-11,100.0
10,-11,100.0
10,-11,150.32497678007036
11,-11,100.0
11,-11,100.0
11,-11,100.0
11,-10,100.0
11,-10,100.0
11,-10,100.0
10,-10,145.15030657003808
10,-10,203.84840207608352
10,-10,123.14834484531508
10,-9,175.16195335028596
10,-9,100.0
10,-9,100.0
10,-10,130.60100519000912
10,-10,100.0
10,-10,100.0
10,-9,100.0
10,-9,150.30264162876426
10,-9,237.97726229234692
9,-9,100.0
9,-9,117.38120375606141
9,-9,100.0
8,-9,100.0
8,-9,100.0
8,-9,126.1327197751691
7,-9,100.0
7,-9,157.0388690569168
7,-9,100.0
7,-8,177.29880215104657
7,-8,100.0
7,-8,100.0
7,-7,125.39721515744728
7,-7,125.08359183444838
7,-7,195.685240525532
6,-7,113.88815304618034
6,-7,167.4503149934364
6,-7,140.99314324737446
6,-8,228.6275385565644
6,-8,154.94263815824007
6,-8,116.93000191556686
6,-7,226.7450151691889
6,-7,113.43687058742256
6,-7,100.0
6,-6,103.73706642751158
6,-6,231.58650161947187
6,-6,100.0
6,-5,100.0
6,-5,216.35270052142684
6,-5,121.85129029264004
6,-4,224.99151565083775
6,-4,136.6547792380743
6,-4,137.40089785601856
5,-4,204.66587966355112
5,-4,120.96585646831672
5,-4,116.59560275972912
4,-4,217.67806949088146
4,-4,145.9813516018572
4,-4,245.03463170542508
5,-4,152.514280665456
5,-4,210.85201371263526
5,-4,206.9225078249073
5,-3,159.8062012896397
5,-3,134.92644932537448
5,-3,222.15221075860399
5,-2,207.77825043775448
5,-2,240.43851532128872
5,-2,100.0
5,-1,196.14461570301916
5,-1,188.95779413307517
5,-1,100.0
4,-1,100.0
4,-1,134.23511276552097
4,-1,227.03350007385487
4,0,139.4404307473027
4,0,137.04746574633364
4,0,100.0
5,0,195.08026390084714
5,0,197.92226467118613
5,0,130.8298215217415
6,0,258.0905684069261
6,0,100.0
6,0,100.0
6,1,126.47678303428557
6,1,153.2046580070524
6,1,100.0
6,2,164.55725273281408
6,2,100.0
6,2,128.31755645092613
6,3,144.84009897634073
6,3,155.0880240302734
6,3,100.0
7,3,100.0
7,3,100.0
7,3,100.0
7,2,100.0
7,2,100.0
7,2,162.2946600937006
7,3,308.6709481735462
7,3,100.0
7,3,145.09651444783123
7,4,100.0
7,4,100.0
7,4,111.94454668254741
6,4,100.0
6,4,125.77713007199243
6,4,100.0
7,4,103.83646846085139
7,4,100.0
7,4,100.0
8,4,100.0
8,4,184.03850123645404
8,4,100.0
7,4,100.0
7,4,218.50437929084706
7,4,100.0
8,4,180.2927845518605
8,4,109.64264628068582
8,4,108.108952046924
7,4,114.98160768455732
7,4,100.0
7,4,100.0
7,3,243.18437751899455
7,3,142.47429798494858
7,3,100.0
7,2,100.0
7,2,159.7419538722285
7,2,106.11479027572969
6,2,100.0
6,2,100.59750004028038
6,2,192.95570779516686
6,3,177.2009057359836
6,3,167.55780600830315
6,3,108.10991430137742
5,3,100.0
5,3,101.2781496136171
5,3,244.87642086059526
4,3,121.44600383323214
4,3,245.32307696230234
4,3,207.60864136519336
3,3,439.9527271107532
3,3,153.3937271806348
3,3,197.26840570814664
3,2,132.13905347016498
3,2,100.0
3,2,194.73210119999177
2,2,212.81191801085848
2,2,151.21233137037956
2,2,148.3167410384648
1,2,132.82791774700544
1,2,197.97971526473722
1,2,100.0
0,2,169.9801147418765
0,2,147.2190759545877
0,2,194.20955346225486
-1,2,140.55015505838406
-1,2,353.3073466434339
-1,2,176.30924829788364
-2,2,241.31840068279558
-2,2,167.97360371665098
-2,2,150.19015751153253
-3,2,100.0
-3,2,325.41931116240266
-3,2,127.34030665074113
-4,2,111.99855019105593
-4,2,100.0
-4,2,100.0
-4,1,100.0
-4,1,150.38433648675655
-4,1,234.2496526576882
-5,1,138.38131053659157
-5,1,100.0
-5,1,106.1568687162858
-5,0,118.74783327885402
-5,0,153.6063127940867
-5,0,187.85876659004552
-4,0,178.93016354301812
-4,0,127.58856183729317
-4,0,207.88729080032562
-5,0,164.5088822690124
-5,0,124.77395457950848
-5,0,163.00885221581393
-5,-1,124.46577520790177
-5,-1,265.61511444843563
-5,-1,288.003955323538
-6,-1,239.6779132147267
-6,-1,166.29106673159663
-6,-1,100.0
-7,-1,118.00033208153857
-7,-1,112.86295711242067
-7,-1,283.901852828608
-8,-1,152.3648243066264
-8,-1,147.0324228431358
-8,-1,100.0
-9,-1,178.9244432183468
-9,-1,117.73705935450249
-9,-1,156.85069845048938
-10,-1,100.0
-10,-1,201.8110678870105
-10,-1,100.0
-11,-1,109.87282582543575
-11,-1,100.0
-11,-1,165.50705153379707
-11,-2,100.0
-11,-2,100.0
-11,-2,100.0
-11,-3,100.0
-11,-3,215.7476677114845
-11,-3,100.0
-12,-3,100.0
-12,-3,100.0
-12,-3,100.0
-12,-4,135.49782248588372
-12,-4,100.0
-12,-4,100.0
-11,-4,100.0
-11,-4,100.0
-11,-4,100.0
-11,-5,142.98559563666348
-11,-5,100.0
-11,-5,144.15972019834396
-12,-5,100.0
-12,-5,100.0
-12,-5,100.0
-13,-5,100.0
-13,-5,122.98888875053895
-13,-5,100.0
-13,-6,100.0
-13,-6,100.0
-13,-6,100.46821531678188
-13,-7,104.64688456050042
-13,-7,212.877941111655
-13,-7,100.0
-14,-7,118.93400949835497
-14,-7,100.0
-14,-7,100.0
-15,-7,100.0
-15,-7,100.0
-15,-7,100.0
-15,-6,136.32294545399355
-15,-6,100.0
-15,-6,132.6325262409305
-15,-7,100.0
-15,-7,100.0
-15,-7,100.0
-15,-8,100.0
-15,-8,100.0
-15,-8,100.0
-16,-8,100.0
-16,-8,100.0
-16,-8,100.0
-15,-8,100.0
-15,-8,100.0
-15,-8,100.0
-14,-8,188.06058211686897
-14,-8,100.0
-14,-8,100.0
-14,-9,100.0
-14,-9,100.0
-14,-9,100.0
-15,-9,100.0
-15,-9,100.0
-15,-9,100.0
-16,-9,100.0
-16,-9,100.0
-16,-9,100.0
-16,-10,100.0
-16,-10,100.0
-16,-10,113.72936142760531
-15,-10,100.0
-15,-10,100.0
-15,-10,100.0
-14,-10,100.0
-14,-10,149.12468236318244
-14,-10,101.82739665506934
-14,-9,100.0
-14,-9,100.0
-14,-9,100.0
-14,-8,100.0
-14,-8,100.0
-14,-8,100.0
-13,-8,100.0
-13,-8,113.92193777004283
-13,-8,100.0
-13,-9,165.25041957228132
-13,-9,100.0
-13,-9,104.47350956944274
-13,-8,100.0
-13,-8,102.35192609222156
-13,-8,174.12663841597387
-12,-8,151.17951315422954
-12,-8,100.0
-12,-8,187.25381486152736
-11,-8,100.0
-11,-8,100.0
-11,-8,100.0
-10,-8,100.0
-10,-8,100.0
-10,-8,115.44743904920557
-9,-8,109.18653929013871
-9,-8,155.1532054448347
-9,-8,140.14867665743205
-9,-7,100.0
-9,-7,100.0
-9,-7,223.33532040057645
-9,-8,100.0
-9,-8,100.0
-9,-8,100.0
-8,-8,185.3225814392601
-8,-8,129.70947596014028
-8,-8,100.0
-7,-8,128.94321193099188
-7,-8,100.0
-7,-8,144.63303274591175
-7,-7,172.82452786797154
-7,-7,100.0
-7,-7,100.0
-7,-8,100.0
-7,-8,100.0
-7,-8,113.16420856833082
-7,-7,100.0
-7,-7,174.88993528114065
-7,-7,162.24609079999294
-7,-6,100.0
-7,-6,100.0
-7,-6,100.0
-7,-5,130.85781615498686
-7,-5,100.0
-7,-5,100.0
-6,-5,100.0
-6,-5,138.88669329088435
-6,-5,100.0
-5,-5,100.0
-5,-5,229.83267735311995
-5,-5,140.10094097138443
-4,-5,106.9463248115752
-4,-5,141.85362347250037
-4,-5,237.0036062640413
-4,-4,205.56164842584792
-4,-4,114.04414384327342
-4,-4,101.90774836826044
-3,-4,228.3188317504723
-3,-4,227.12630516337146
-3,-4,100.0
-3,-3,224.84081635522801
-3,-3,153.47164893892253
-3,-3,165.40279953072948
-3,-4,135.77300958028752
-3,-4,206.62744460190137
-3,-4,117.69290708992634
-3,-3,104.2513675070048
-3,-3,178.65106179238418
-3,-3,214.34435777162534
-3,-2,220.28968801021034
-3,-2,252.0029397693346
-3,-2,100.0
-4,-2,149.4858602415935
-4,-2,159.38960795488367
-4,-2,166.40739938156196
-4,-1,278.1061344626171
-4,-1,100.0
-4,-1,164.42882875316158
-3,-1,150.72725363986345
-3,-1,187.24374651817405
-3,-1,302.83750872255155
-3,0,213.84747154727046
-3,0,208.22669772138852
-3,0,195.3663370022314
-2,0,100.0
-2,0,148.72063643890277
-2,0,138.4313815219473
-1,0,310.6007186886844
-1,0,227.55687618765626
-1,0,255.58078724692103
-2,0,100.0
-2,0,120.39194813984672
-2,0,250.156204556188
-3,0,200.19337998421247
-3,0,159.40439652322982
-3,0,317.9192332936862
-2,0,243.84201797653117
-2,0,190.4578022601521
-2,0,188.46546410361267
-1,0,224.32799836344242
-1,0,100.0
-1,0,149.99175846721587
0,0,272.1042403688698
0,0,234.5423305643967
0,0,163.171187093365
0,-1,100.0
0,-1,206.65674321764854
0,-1,191.92036127396946
1,-1,145.35550972555166
1,-1,229.0345438071029
1,-1,141.3969909412971
2,-1,132.77257708034676
2,-1,334.1243055545176
2,-1,167.9325119309624
3,-1,128.3238344222979
3,-1,240.0542038008668
3,-1,157.7683522979986
4,-1,124.71653935997804
4,-1,130.21940088844798
4,-1,144.60948789006608
5,-1,100.0
5,-1,146.49066728877543
5,-1,123.63171463725688
5,-2,267.5240427280131
5,-2,183.10736337494154
5,-2,168.45958577169748
6,-2,248.4152427961365
6,-2,100.0
6,-2,100.0
6,-3,100.0
6,-3,126.08450139387435
6,-3,153.87357813204076
6,-4,156.18157146654664
6,-4,100.0
6,-4,212.04897507509799
7,-4,100.030496914316
7,-4,100.0
7,-4,100.0
6,-4,150.063535089524
6,-4,124.62447543393884
6,-4,206.77854386362674
6,-5,137.78011457664306
6,-5,100.0
6,-5,102.58774671031345
7,-5,121.89679415069988
7,-5,100.0
7,-5,100.0
8,-5,243.80867487108696
8,-5,100.0
8,-5,109.74707599394581
7,-5,100.0
7,-5,180.60676425507245
7,-5,100.0
8,-5,260.27238655165434
8,-5,138.83080746929733
8,-5,100.0
9,-5,102.0906058186806
9,-5,104.76986832711869
9,-5,182.35927456769932
10,-5,149.34107823954577
10,-5,100.0
10,-5,128.94636365134744
9,-5,100.0
9,-5,194.6685326266492
9,-5,100.0
8,-5,295.01488916959823
8,-5,100.0
8,-5,113.42404594575999
7,-5,141.64154508359584
7,-5,100.0
7,-5,189.12419554838237
8,-5,100.0
8,-5,100.0
8,-5,100.0
9,-5,177.10659590387945
9,-5,100.0
9,-5,112.00161937565863
9,-4,168.69690030212104
9,-4,100.0
9,-4,100.0
10,-4,110.43590703348086
10,-4,211.64390719372818
10,-4,250.0712269778777
11,-4,147.87308770575743
11,-4,299.2869085274071
11,-4,131.8199214287468
10,-4,100.0
10,-4,122.57379064254442
10,-4,136.67662198239023
11,-4,112.10605646374847
11,-4,140.44308853239949
11,-4,180.37830658920853
11,-3,284.38994617117174
11,-3,148.08287183786769
11,-3,100.0
11,-4,140.3612950283874
11,-4,100.0
11,-4,191.44945098225827
