11,-12,200.0
11,-11,200.0
11,-11,200.0
11,-12,200.0
11,-12,200.0
11,-11,200.0
11,-11,212.54347567257625
10,-11,416.65120919859294
10,-11,200.0
10,-12,594.4415511473908
10,-12,452.14578608226765
10,-11,200.0
10,-11,380.64838208689065
11,-11,200.0
11,-11,303.10214195341723
11,-10,328.2139871333895
11,-10,200.0
10,-10,200.0
10,-10,296.6576030264899
10,-9,200.0
10,-9,427.20004861710413
10,-10,349.82735659503373
10,-10,200.0
10,-9,322.2397629765647
10,-9,200.0
9,-9,200.0
9,-9,288.7882207922666
8,-9,786.9150573192318
8,-9,200.0
7,-9,200.0
7,-9,504.14249166120135
7,-8,200.0
7,-8,200.0
7,-7,626.9207436273568
7,-7,609.096538431299
6,-7,217.1731251719222
6,-7,200.0
6,-8,252.63780906506662
6,-8,480.32001582270084
6,-7,317.29164244161416
6,-7,461.3214206306351
6,-6,347.8199570861598
6,-6,446.3284189171965
6,-5,731.7719762547752
6,-5,766.7927085235551
6,-4,200.0
6,-4,923.5701295646546
5,-4,325.20745348447724
5,-4,475.50678061959235
4,-4,879.5552031147902
4,-4,200.0
5,-4,200.0
5,-4,494.9615192332873
5,-3,351.79281512437694
5,-3,419.3014697278312
5,-2,200.0
5,-2,433.22623817441615
5,-1,900.6597277198456
5,-1,200.69219181000167
4,-1,302.1349829345991
4,-1,584.3744103746275
4,0,200.0
4,0,314.4797982652682
5,0,200.0
5,0,604.7042826495524
6,0,214.54526437458728
6,0,370.03370767548853
6,1,200.0
6,1,787.9237138528813
6,2,200.0
6,2,765.4487426229517
6,3,672.9669688581412
6,3,655.9515759020003
7,3,427.9039667412967
7,3,397.4433510891435
7,2,221.36653781475601
7,2,756.868674212305
7,3,228.86462224625458
7,3,370.7063220453092
7,4,394.59576542347145
7,4,373.16572234830187
6,4,629.4572403865784
6,4,337.03110961969287
7,4,200.0
7,4,491.03810400732584
8,4,200.0
8,4,257.2397449761647
7,4,788.9708454061296
7,4,523.6491468857901
8,4,325.5716021623255
8,4,200.0
7,4,341.72968551551025
7,4,356.2292765623889
7,3,250.90928107808355
7,3,680.6618759606006
7,2,702.8699848536718
7,2,497.69072995580495
6,2,620.0432881204559
6,2,577.565491451374
6,3,578.9637696026176
6,3,200.0
5,3,200.0
5,3,200.0
4,3,389.72203708016417
4,3,514.1924871695302
3,3,414.95169203781995
3,3,253.8895769611433
3,2,601.7991780987732
3,2,554.2227346763675
2,2,1056.684045267031
2,2,414.22397340297925
1,2,437.3696788950018
1,2,1155.3043009879143
0,2,200.0
0,2,989.9935306343015
-1,2,200.0
-1,2,584.4757735766729
-2,2,692.202393992407
-2,2,682.9029963474313
-3,2,456.69975030387565
-3,2,601.1631248778604
-4,2,530.0197382546571
-4,2,381.6412907911335
-4,1,1083.2760251759464
-4,1,847.3851211123596
-5,1,812.9016542671488
-5,1,200.0
-5,0,1197.9325184230888
-5,0,779.0184370594752
-4,0,527.1869156472408
-4,0,985.6759753752481
-5,0,637.0532058734941
-5,0,1268.5310335603017
-5,-1,722.1255370352864
-5,-1,732.000049585076
-6,-1,761.0799986267984
-6,-1,203.2194412772226
-7,-1,367.73407902069357
-7,-1,200.0
-8,-1,258.0462607338136
-8,-1,200.0
-9,-1,200.0
-9,-1,531.6561195262102
-10,-1,282.283607794975
-10,-1,224.42053990658445
-11,-1,420.2208164363558
-11,-1,291.7899305649139
-11,-2,205.39124323123
-11,-2,200.0
-11,-3,200.0
-11,-3,872.8753140451867
-12,-3,263.76351933300793
-12,-3,249.27073050295618
-12,-4,200.0
-12,-4,200.0
-11,-4,200.0
-11,-4,692.1390609571708
-11,-5,267.06540032726195
-11,-5,456.44073979420523
-12,-5,273.89707331157047
-12,-5,200.0
-13,-5,245.56739383363413
-13,-5,296.73946172762624
-13,-6,338.77497046911753
-13,-6,339.3456929490686
-13,-7,200.0
-13,-7,200.0
-14,-7,200.0
-14,-7,383.1012025600413
-15,-7,200.0
-15,-7,200.0
-15,-6,251.73682094735128
-15,-6,591.1931695472542
-15,-7,255.84263203362622
-15,-7,361.7336735403387
-15,-8,216.3037705012042
-15,-8,200.0
-16,-8,200.0
-16,-8,200.0
-15,-8,200.0
-15,-8,261.85763541614847
-14,-8,200.0
-14,-8,200.0
-14,-9,200.0
-14,-9,335.0798194691014
-15,-9,472.2174180106712
-15,-9,200.0
-16,-9,313.7108910505867
-16,-9,200.0
-16,-10,200.0
-16,-10,200.0
-15,-10,200.0
-15,-10,290.60423698628847
-14,-10,200.0
-14,-10,200.0
-14,-9,200.0
-14,-9,283.4891936965259
-14,-8,422.69087974309855
-14,-8,200.0
-13,-8,330.202260041526
-13,-8,200.0
-13,-9,200.0
-13,-9,200.0
-13,-8,448.47593582441965
-13,-8,200.0
-12,-8,200.0
-12,-8,254.5640602488666
-11,-8,200.0
-11,-8,530.2576955170064
-10,-8,521.0655607183752
-10,-8,604.3920266082491
-9,-8,390.6091065017778
-9,-8,529.0111324475542
-9,-7,331.71676538567857
-9,-7,200.0
-9,-8,200.0
-9,-8,200.0
-8,-8,200.0
-8,-8,226.60674758146473
-7,-8,523.744321643331
-7,-8,200.0
-7,-7,373.558757038593
-7,-7,200.0
-7,-8,200.0
-7,-8,510.43820445873047
-7,-7,202.98638177249478
-7,-7,565.6593682663361
-7,-6,492.95926410120217
-7,-6,618.8988547299027
-7,-5,515.7647889830088
-7,-5,200.0
-6,-5,467.72225063489185
-6,-5,237.44895126381581
-5,-5,569.0908518473645
-5,-5,593.6568601680879
-4,-5,200.0
-4,-5,561.9709811555505
-4,-4,574.6100993510969
-4,-4,200.0
-3,-4,666.9638817739434
-3,-4,516.5988055962783
-3,-3,425.8296268809548
-3,-3,680.4869187508095
-3,-4,702.2091031046059
-3,-4,845.1721984038215
-3,-3,489.39744869285596
-3,-3,610.672009006203
-3,-2,200.0
-3,-2,971.0421508756768
-4,-2,1153.9151895030586
