11,-12,550.0775330334324
11,-11,355.49467956340607
11,-11,200.0
11,-12,200.0
11,-12,200.0
11,-11,486.848139471415
11,-11,363.12197503383254
10,-11,200.0
10,-11,247.5289181467286
10,-12,200.0
10,-12,200.0
10,-11,200.0
10,-11,263.1836199429006
11,-11,200.0
11,-11,200.0
11,-10,230.83215901474205
11,-10,200.0
10,-10,418.04289378431093
10,-10,200.0
10,-9,339.3015713416126
10,-9,307.2769731058588
10,-10,390.52909252572664
10,-10,200.0
10,-9,422.2874258682233
10,-9,200.0
9,-9,200.0
9,-9,200.0
8,-9,200.0
8,-9,722.6141715737458
7,-9,631.4543559116173
7,-9,200.0
7,-8,200.0
7,-8,287.1500138345839
7,-7,564.6671461666683
7,-7,200.0
6,-7,326.53497718177044
6,-7,340.67253336252907
6,-8,367.71733979848796
6,-8,540.187646633407
6,-7,200.0
6,-7,418.4056524384648
6,-6,283.9535368395238
6,-6,254.16340674203127
6,-5,289.6945307909563
6,-5,394.2851897136687
6,-4,316.0612165071307
6,-4,487.5846213646535
5,-4,200.0
5,-4,653.5139363267534
4,-4,416.6735248374407
4,-4,200.0
5,-4,671.4063728573927
5,-4,533.407881526838
5,-3,632.208852321648
5,-3,715.9904168757648
5,-2,926.3511905162568
5,-2,943.513923484395
5,-1,376.98404677459916
5,-1,396.80965090298923
4,-1,200.0
4,-1,231.97667577457207
4,0,815.8426600606799
4,0,384.290287604994
5,0,1060.1907708074566
5,0,995.5544949179409
6,0,200.0
6,0,359.404219455811
6,1,475.3924486779935
6,1,200.0
6,2,305.4323705056379
6,2,737.7974698827135
6,3,1201.731513279271
6,3,552.4945302611991
7,3,200.0
7,3,424.69476984662055
7,2,275.87327327434224
7,2,200.0
7,3,200.0
7,3,397.30177492770525
7,4,591.162649618194
7,4,317.2982938090553
6,4,234.5084345832695
6,4,353.0535201653061
7,4,516.3781729735753
7,4,423.2195655009498
8,4,393.64256770751837
8,4,200.0
7,4,202.65204448475396
7,4,288.0254428135022
8,4,200.0
8,4,334.0461132775997
7,4,477.3980617112053
7,4,536.105873217914
7,3,575.7195552860358
7,3,210.8636191854867
7,2,200.0
7,2,456.3103324211053
6,2,200.0
6,2,411.34713509143705
6,3,448.1695525255765
6,3,200.0
5,3,375.6965137649876
5,3,510.5159163291401
4,3,443.35826849003746
4,3,809.7775057903114
3,3,584.9369315107507
3,3,200.0
3,2,685.3276057894707
3,2,370.46252365313865
2,2,478.5302875858747
2,2,626.7033063281305
1,2,501.59582162346504
1,2,549.1423449218422
0,2,293.54183163351166
0,2,1214.2955349836564
-1,2,642.2975399176314
-1,2,563.1116093982687
-2,2,1049.5686394597442
-2,2,499.9816061749542
-3,2,275.88181472232867
-3,2,872.0192545907269
-4,2,635.340105145988
-4,2,545.6162498778953
-4,1,200.0
-4,1,550.4144968755942
-5,1,536.0072765227228
-5,1,442.4842931814948
-5,0,372.4312443175462
-5,0,306.6198817376629
-4,0,888.9248356140117
-4,0,477.31648239568267
-5,0,603.8288129629577
-5,0,544.1959984697943
-5,-1,727.6573466072294
-5,-1,200.0
-6,-1,238.7420783938569
-6,-1,1051.487599080017
-7,-1,557.0662341646688
-7,-1,200.0
-8,-1,400.61299347128147
-8,-1,370.38855312807783
-9,-1,293.06937359604416
-9,-1,492.76951980092224
-10,-1,666.5021047818717
-10,-1,200.0
-11,-1,563.6435009969923
-11,-1,200.0
-11,-2,235.29526750034182
-11,-2,236.45061246464988
-11,-3,312.61975999356315
-11,-3,626.5119051973877
-12,-3,200.0
-12,-3,347.8063969095169
-12,-4,218.48094671180337
-12,-4,200.0
-11,-4,200.0
-11,-4,200.0
-11,-5,603.3821429781482
-11,-5,511.1484014863936
-12,-5,200.0
-12,-5,298.0747302466902
-13,-5,200.0
-13,-5,274.683326153322
-13,-6,277.71100920870686
-13,-6,200.0
-13,-7,200.0
-13,-7,247.18499361477177
-14,-7,347.5189621891428
-14,-7,634.1583488759352
-15,-7,200.0
-15,-7,200.0
-15,-6,251.6008419350573
-15,-6,200.0
-15,-7,200.0
-15,-7,299.9216095168472
-15,-8,376.67112376516013
-15,-8,200.0
-16,-8,484.4900532761392
-16,-8,200.0
-15,-8,625.9691852397104
-15,-8,200.0
-14,-8,464.3711946535871
-14,-8,309.5797639056898
-14,-9,485.51037477488205
-14,-9,218.06384870160366
-15,-9,200.0
-15,-9,200.0
-16,-9,200.0
-16,-9,200.0
-16,-10,200.0
-16,-10,200.0
-15,-10,308.394191714802
-15,-10,200.0
-14,-10,200.0
-14,-10,200.0
-14,-9,228.9624450245248
-14,-9,200.0
-14,-8,389.6880537699623
-14,-8,200.0
-13,-8,200.0
-13,-8,242.8552598063059
-13,-9,200.0
-13,-9,433.82547955076467
-13,-8,539.6633466027841
-13,-8,200.0
-12,-8,200.0
-12,-8,200.0
-11,-8,392.9359697003544
-11,-8,200.0
-10,-8,200.0
-10,-8,200.0
-9,-8,564.8540068277673
-9,-8,200.0
-9,-7,219.5075772049206
-9,-7,200.0
-9,-8,200.0
-9,-8,498.13571842011413
-8,-8,200.0
-8,-8,533.3197784708686
-7,-8,482.70001347540335
-7,-8,287.0204500131995
-7,-7,494.4132639738085
-7,-7,214.78938943450328
-7,-8,200.0
-7,-8,200.0
-7,-7,557.0472906787599
-7,-7,275.8290572501684
-7,-6,384.31851653006345
-7,-6,300.7070378334904
-7,-5,542.0568827478136
-7,-5,200.0
-6,-5,305.27725770801703
-6,-5,443.92500878955576
-5,-5,200.0
-5,-5,428.78534088246295
-4,-5,200.0
-4,-5,489.0606632835321
-4,-4,462.17514512578896
-4,-4,342.06286198455405
-3,-4,421.16122825987105
-3,-4,462.4231064741343
-3,-3,790.9310864438728
-3,-3,266.0921755814767
-3,-4,682.1372158648892
-3,-4,200.0
-3,-3,417.287632944508
-3,-3,317.6672169088016
-3,-2,516.0483159582803
-3,-2,364.0381815069705
-4,-2,668.0754712499044
